2 0.508667 0.000000 0.501333 0.042000 0.512667 0.044000 0.520000 0.002000
2 0.393333 0.493333 0.426667 0.390667 0.411333 0.386000 0.376667 0.489333
18 0.300000 0.528000 0.289333 0.556000 0.296000 0.558667 0.306000 0.531333
22 0.340000 0.648667 0.320667 0.694667 0.338000 0.701333 0.356667 0.656000
23 0.338000 0.698000 0.320000 0.751333 0.329333 0.754000 0.347333 0.701333
24 0.332000 0.750000 0.362667 0.756000 0.364000 0.747333 0.333333 0.741333
2 0.336667 0.758667 0.370000 0.766000 0.371333 0.758667 0.338000 0.751333
2 0.335333 0.758667 0.333333 0.766000 0.364000 0.772000 0.365333 0.764667
24 0.447333 0.731333 0.438000 0.757333 0.446000 0.760000 0.454667 0.734667
2 0.486667 0.790667 0.498667 0.760667 0.490667 0.757333 0.478000 0.787333
2 0.514000 0.810000 0.534000 0.748000 0.512667 0.740667 0.493333 0.804000
2 0.688000 0.784667 0.867333 0.848000 0.878000 0.820667 0.698667 0.757333
2 0.686667 0.814667 0.864000 0.877333 0.874000 0.852667 0.696000 0.789333
2 0.493333 0.794000 0.506000 0.760667 0.498667 0.758667 0.486667 0.792000
24 0.355333 0.665333 0.361333 0.658000 0.359333 0.656000 0.353333 0.663333
2 0.502000 0.997333 0.544667 0.866000 0.518667 0.857333 0.476000 0.988667
