9 0.423000 0.265000 0.359000 0.266000 0.359000 0.216000 0.422000 0.214000
9 0.587000 0.809000 0.586000 0.847000 0.515000 0.843000 0.517000 0.806000
6 0.655000 0.844000 0.632000 0.844000 0.632000 0.837000 0.655000 0.837000
6 0.510000 0.022000 0.499000 0.022000 0.499000 0.015000 0.510000 0.015000
4 0.531000 0.045000 0.510000 0.048000 0.509000 0.041000 0.531000 0.039000
4 0.232000 0.201000 0.231000 0.217000 0.221000 0.217000 0.222000 0.201000
6 0.246000 0.216000 0.237000 0.216000 0.237000 0.202000 0.246000 0.202000
6 0.481000 0.187000 0.460000 0.187000 0.460000 0.180000 0.481000 0.180000
4 0.311000 0.318000 0.290000 0.318000 0.290000 0.311000 0.311000 0.311000
6 0.190000 0.511000 0.165000 0.512000 0.164000 0.506000 0.189000 0.505000
4 0.572000 0.215000 0.571000 0.232000 0.560000 0.231000 0.562000 0.215000
4 0.583000 0.230000 0.575000 0.230000 0.575000 0.215000 0.583000 0.215000
5 0.607000 0.278000 0.599000 0.284000 0.584000 0.264000 0.593000 0.259000
4 0.589000 0.275000 0.581000 0.282000 0.568000 0.266000 0.575000 0.259000
6 0.121000 0.022000 0.101000 0.024000 0.100000 0.017000 0.121000 0.016000
6 0.273000 0.022000 0.257000 0.022000 0.257000 0.016000 0.273000 0.016000
6 0.348000 0.984000 0.325000 0.984000 0.325000 0.978000 0.348000 0.978000
5 0.377000 1.000000 0.366000 1.000000 0.366000 0.982000 0.377000 0.982000
4 0.245000 0.929000 0.236000 0.929000 0.236000 0.913000 0.245000 0.913000
4 0.159000 0.861000 0.150000 0.864000 0.144000 0.847000 0.153000 0.844000
6 0.442000 0.920000 0.412000 0.920000 0.412000 0.911000 0.442000 0.911000
6 0.459000 0.930000 0.449000 0.930000 0.449000 0.914000 0.459000 0.914000
6 0.475000 0.936000 0.465000 0.936000 0.465000 0.918000 0.475000 0.918000
4 0.462000 0.955000 0.452000 0.955000 0.452000 0.936000 0.462000 0.936000
4 0.512000 0.992000 0.492000 0.992000 0.492000 0.985000 0.512000 0.985000
4 0.576000 0.964000 0.567000 0.964000 0.565000 0.945000 0.575000 0.944000
4 0.507000 0.819000 0.487000 0.819000 0.487000 0.811000 0.507000 0.811000
5 0.763000 0.909000 0.736000 0.910000 0.735000 0.903000 0.763000 0.901000
6 0.934000 0.887000 0.920000 0.888000 0.919000 0.862000 0.933000 0.861000
4 0.982000 0.852000 0.970000 0.852000 0.969000 0.837000 0.980000 0.836000
4 0.995000 0.855000 0.982000 0.855000 0.982000 0.837000 0.995000 0.837000
6 0.688000 0.317000 0.679000 0.332000 0.670000 0.328000 0.680000 0.312000
6 0.876000 0.024000 0.855000 0.024000 0.855000 0.016000 0.876000 0.016000
