9 0.694000 0.057000 0.670886 0.061403 0.666886 0.040403 0.690000 0.036000
9 0.893121 0.181872 0.849000 0.188000 0.844000 0.152000 0.888121 0.145872
8 0.900000 0.196000 0.891179 0.134117 1.000000 0.118605 1.008821 0.180488
9 0.449000 0.675000 0.389940 0.683591 0.381940 0.628591 0.441000 0.620000
4 0.061403 0.007040 0.046403 0.008040 0.046000 0.002000 0.061000 0.001000
4 0.066000 0.016000 0.046923 0.018385 0.045923 0.010385 0.065000 0.008000
4 0.077000 0.012000 0.069000 0.012000 0.069000 0.000000 0.077000 0.000000
4 0.070420 0.026978 0.051000 0.028000 0.050580 0.020022 0.070000 0.019000
11 0.117541 0.021951 0.106000 0.023000 0.105459 0.017049 0.117000 0.016000
6 0.115000 0.014000 0.102000 0.014000 0.102000 0.009000 0.115000 0.009000
6 0.080765 0.079059 0.060765 0.084059 0.059000 0.077000 0.079000 0.072000
11 0.075000 0.109000 0.068000 0.111000 0.064000 0.097000 0.071000 0.095000
5 0.149000 0.273000 0.128703 0.275030 0.128000 0.268000 0.148297 0.265970
4 0.187000 0.278000 0.165670 0.280031 0.165000 0.273000 0.186330 0.270969
6 0.189000 0.245000 0.172877 0.247015 0.172000 0.240000 0.188123 0.237985
6 0.146360 0.068046 0.132360 0.069046 0.132000 0.064000 0.146000 0.063000
11 0.173127 0.065138 0.154127 0.068138 0.153000 0.061000 0.172000 0.058000
6 0.305000 0.025000 0.290000 0.026000 0.289597 0.019960 0.304597 0.018960
6 0.327388 0.075978 0.309000 0.077000 0.308612 0.070022 0.327000 0.069000
6 0.369000 0.068000 0.351000 0.071000 0.350000 0.065000 0.368000 0.062000
4 0.372000 0.076000 0.353780 0.078024 0.353000 0.071000 0.371220 0.068976
4 0.375000 0.085000 0.354000 0.088000 0.353000 0.081000 0.374000 0.078000
6 0.373000 0.092000 0.358000 0.094000 0.357328 0.088956 0.372328 0.086956
6 0.380000 0.109000 0.360923 0.111385 0.359923 0.103385 0.379000 0.101000
5 0.331000 0.109000 0.316000 0.109000 0.316000 0.103000 0.331000 0.103000
6 0.342000 0.140000 0.325000 0.143000 0.323943 0.137010 0.340943 0.134010
4 0.351000 0.173000 0.331740 0.175027 0.331000 0.168000 0.350260 0.165973
4 0.355000 0.190000 0.335923 0.192385 0.334923 0.184385 0.354000 0.182000
4 0.360000 0.213000 0.340000 0.215000 0.339297 0.207970 0.359297 0.205970
6 0.406196 0.213971 0.386000 0.217000 0.384804 0.209029 0.405000 0.206000
11 0.405049 0.205993 0.385000 0.209000 0.383951 0.202007 0.404000 0.199000
4 0.401162 0.190973 0.383162 0.193973 0.382000 0.187000 0.400000 0.184000
11 0.395000 0.166000 0.376000 0.169000 0.374922 0.162170 0.393922 0.159170
11 0.390000 0.158000 0.373754 0.160031 0.373000 0.154000 0.389246 0.151969
4 0.388755 0.134928 0.367755 0.136928 0.367000 0.129000 0.388000 0.127000
11 0.306077 0.043385 0.298000 0.045000 0.294923 0.029615 0.303000 0.028000
4 0.111000 0.113000 0.091865 0.116189 0.090865 0.110189 0.110000 0.107000
6 0.084000 0.165000 0.076869 0.166258 0.073869 0.149258 0.081000 0.148000
6 0.072000 0.206000 0.055000 0.206000 0.055000 0.200000 0.072000 0.200000
6 0.745000 0.231000 0.724802 0.233020 0.724000 0.225000 0.744198 0.222980
6 0.612078 0.094830 0.593078 0.097830 0.592000 0.091000 0.611000 0.088000
4 0.580000 0.087000 0.572875 0.088336 0.569875 0.072336 0.577000 0.071000
5 0.570000 0.088000 0.562146 0.089683 0.559000 0.075000 0.566854 0.073317
4 0.517140 0.157980 0.510000 0.159000 0.507860 0.144020 0.515000 0.143000
6 0.536012 0.154075 0.530000 0.155000 0.527988 0.141925 0.534000 0.141000
11 0.537000 0.192000 0.530000 0.193000 0.527580 0.176060 0.534580 0.175060
11 0.571094 0.186424 0.564000 0.188000 0.562000 0.179000 0.569094 0.177424
6 0.248000 0.203000 0.231000 0.205000 0.230290 0.198966 0.247290 0.196966
6 0.208000 0.197000 0.188740 0.199027 0.188000 0.192000 0.207260 0.189973
11 0.759040 0.028396 0.753000 0.029000 0.751960 0.018604 0.758000 0.018000
6 0.710000 0.072000 0.691781 0.074024 0.691000 0.067000 0.709219 0.064976
6 0.712162 0.079973 0.694162 0.082973 0.693000 0.076000 0.711000 0.073000
6 0.715000 0.090000 0.697826 0.092020 0.697000 0.085000 0.714174 0.082980
6 0.717000 0.099000 0.698890 0.101012 0.698000 0.093000 0.716110 0.090988
11 0.724140 0.124980 0.703000 0.128000 0.701860 0.120020 0.723000 0.117000
3 0.872000 0.765000 0.860889 0.767509 0.853889 0.736509 0.865000 0.734000
6 0.909604 0.726040 0.889604 0.728040 0.889000 0.722000 0.909000 0.720000
6 0.909000 0.718000 0.888703 0.720030 0.888000 0.713000 0.908297 0.710970
6 0.886880 0.720160 0.867000 0.723000 0.866000 0.716000 0.885880 0.713160
6 0.905349 0.708983 0.885000 0.710000 0.884651 0.703017 0.905000 0.702000
6 0.884000 0.712000 0.863939 0.714508 0.862939 0.706508 0.883000 0.704000
6 0.902703 0.701030 0.882703 0.703030 0.882000 0.696000 0.902000 0.694000
6 0.903000 0.692000 0.882703 0.694030 0.882000 0.687000 0.902297 0.684970
6 0.880000 0.703000 0.860636 0.705038 0.860000 0.699000 0.879364 0.696962
6 0.900049 0.675993 0.880000 0.679000 0.878951 0.672007 0.899000 0.669000
6 0.898670 0.668031 0.877670 0.670031 0.877000 0.663000 0.898000 0.661000
6 0.873103 0.669984 0.854000 0.673000 0.852897 0.666016 0.872000 0.663000
6 0.857000 0.552000 0.839000 0.553000 0.838665 0.546963 0.856665 0.545963
6 0.854000 0.543000 0.836000 0.545000 0.835329 0.538963 0.853329 0.536963
6 0.855594 0.532941 0.835000 0.535000 0.834406 0.529060 0.855000 0.527000
6 0.850443 0.526975 0.832000 0.528000 0.831557 0.520025 0.850000 0.519000
6 0.851000 0.515000 0.832781 0.517024 0.832000 0.510000 0.850219 0.507976
6 0.844000 0.463000 0.823703 0.465030 0.823000 0.458000 0.843297 0.455970
6 0.835000 0.385000 0.816781 0.387024 0.816000 0.380000 0.834219 0.377976
6 0.831949 0.372008 0.812949 0.375008 0.812000 0.369000 0.831000 0.366000
4 0.825370 0.337033 0.806370 0.338033 0.806000 0.331000 0.825000 0.330000
6 0.791000 0.339000 0.771740 0.341027 0.771000 0.334000 0.790260 0.331973
6 0.793352 0.348979 0.776000 0.350000 0.775648 0.344021 0.793000 0.343000
4 0.798000 0.359000 0.778000 0.361000 0.777297 0.353970 0.797297 0.351970
11 0.800000 0.368000 0.779000 0.371000 0.778000 0.364000 0.799000 0.361000
11 0.800000 0.379000 0.784000 0.380000 0.783623 0.373961 0.799623 0.372961
3 0.484584 0.830865 0.470416 0.834135 0.462831 0.801270 0.477000 0.798000
6 0.421000 0.558000 0.413000 0.560000 0.409000 0.544000 0.417000 0.542000
4 0.188000 0.545000 0.180091 0.546483 0.177000 0.530000 0.184909 0.528517
4 0.192000 0.569000 0.184070 0.570399 0.181000 0.553000 0.188930 0.551601
4 0.020000 0.614000 0.011112 0.615616 0.007112 0.593616 0.016000 0.592000
6 0.678000 0.011000 0.671959 0.011549 0.670959 0.000549 0.677000 -0.000000
