2 0.044667 0.354000 0.034000 0.512000 0.064000 0.513333 0.072667 0.356000
2 0.310667 0.307333 0.299333 0.472667 0.328667 0.474667 0.340000 0.309333
2 0.328667 0.273333 0.333333 0.191333 0.318667 0.190000 0.314667 0.272000
2 0.381333 0.219333 0.484667 0.266000 0.493333 0.246667 0.390000 0.200000
2 0.584000 0.333333 0.597333 0.507333 0.628000 0.505333 0.614667 0.331333
2 0.604667 0.547333 0.614000 0.702667 0.640667 0.701333 0.631333 0.546000
2 0.925333 0.763333 0.908667 0.516000 0.861333 0.518000 0.878000 0.766667
28 0.306667 0.616000 0.379333 0.588667 0.373333 0.572667 0.300667 0.600000
28 0.196000 0.508667 0.192000 0.566667 0.202000 0.566667 0.206000 0.510000
28 0.222667 0.466667 0.253333 0.477333 0.256000 0.470667 0.225333 0.458667
28 0.220000 0.476667 0.264000 0.492000 0.266667 0.483333 0.224000 0.468000
28 0.222667 0.487333 0.256000 0.499333 0.258667 0.490667 0.225333 0.478667
28 0.271333 0.488667 0.266000 0.564667 0.279333 0.564667 0.284000 0.489333
28 0.204667 0.452667 0.204667 0.493333 0.211333 0.493333 0.212667 0.452667
28 0.194667 0.451333 0.194667 0.493333 0.203333 0.493333 0.204667 0.451333
28 0.188000 0.451333 0.186667 0.493333 0.193333 0.493333 0.194667 0.451333
28 0.184000 0.493333 0.178000 0.570667 0.190667 0.570667 0.196000 0.495333
28 0.348667 0.830000 0.417333 0.868000 0.425333 0.854000 0.357333 0.816000
28 0.206000 0.516667 0.202000 0.572667 0.212667 0.572667 0.217333 0.518000
28 0.267333 0.570667 0.262667 0.630000 0.275333 0.630000 0.279333 0.572667
7 0.650667 0.819333 0.632000 0.813333 0.629333 0.822000 0.648667 0.827333
24 0.585333 0.351333 0.570000 0.346667 0.567333 0.358667 0.582000 0.362000
24 0.476667 0.506000 0.484000 0.522667 0.492000 0.518000 0.484000 0.502667
24 0.594667 0.704000 0.592000 0.682667 0.580667 0.683333 0.584000 0.706000
28 0.335333 0.474000 0.338000 0.433333 0.329333 0.432667 0.326667 0.472667
24 0.044667 0.198000 0.043333 0.170667 0.032000 0.170667 0.034000 0.198000
2 0.006000 0.238000 0.064667 0.224667 0.058667 0.198000 0.000000 0.211333
