6 0.562000 0.639000 0.544000 0.639000 0.544000 0.632000 0.562000 0.632000
5 0.428291 0.589012 0.428000 0.596000 0.403709 0.594988 0.404000 0.588000
6 0.457000 0.596000 0.435000 0.596000 0.435000 0.589000 0.457000 0.589000
5 0.485285 0.591014 0.485000 0.597000 0.463715 0.595986 0.464000 0.590000
4 0.560000 0.473000 0.552000 0.473000 0.552000 0.456000 0.560000 0.456000
3 0.775017 0.568611 0.761000 0.569000 0.759983 0.532389 0.774000 0.532000
3 0.759010 0.567176 0.745000 0.568000 0.743000 0.534000 0.757010 0.533176
6 0.715000 0.564000 0.706000 0.564000 0.706000 0.549000 0.715000 0.549000
3 0.736076 0.570994 0.723000 0.572000 0.721000 0.546000 0.734076 0.544994
3 0.732000 0.545000 0.719000 0.545000 0.719000 0.518000 0.732000 0.518000
4 0.595165 0.461259 0.591165 0.479259 0.581000 0.477000 0.585000 0.459000
4 0.615653 0.444641 0.595653 0.455641 0.592000 0.449000 0.612000 0.438000
4 0.593000 0.431000 0.582000 0.431000 0.582000 0.414000 0.593000 0.414000
6 0.604000 0.431000 0.594000 0.431000 0.594000 0.414000 0.604000 0.414000
6 0.508333 0.436986 0.484000 0.438000 0.483667 0.430014 0.508000 0.429000
6 0.508279 0.426989 0.483000 0.428000 0.482720 0.421011 0.508000 0.420000
6 0.505000 0.419000 0.484000 0.419000 0.484000 0.411000 0.505000 0.411000
4 0.258000 0.537000 0.249000 0.537000 0.249000 0.518000 0.258000 0.518000
4 0.226000 0.534000 0.217000 0.534000 0.217000 0.518000 0.226000 0.518000
6 0.247000 0.535000 0.238000 0.535000 0.238000 0.519000 0.247000 0.519000
4 0.247000 0.506000 0.226000 0.506000 0.226000 0.498000 0.247000 0.498000
6 0.251000 0.492000 0.226000 0.492000 0.226000 0.485000 0.251000 0.485000
6 0.277000 0.442000 0.276709 0.448988 0.252709 0.447988 0.253000 0.441000
6 0.274000 0.439000 0.252000 0.439000 0.252000 0.433000 0.274000 0.433000
6 0.274000 0.431000 0.254000 0.431000 0.254000 0.424000 0.274000 0.424000
6 0.249000 0.448000 0.225000 0.448000 0.225000 0.440000 0.249000 0.440000
6 0.194000 0.463000 0.173000 0.463000 0.173000 0.456000 0.194000 0.456000
6 0.200000 0.454000 0.177000 0.454000 0.177000 0.447000 0.200000 0.447000
4 0.173000 0.445000 0.152000 0.445000 0.152000 0.437000 0.173000 0.437000
4 0.172000 0.486000 0.152000 0.486000 0.152000 0.480000 0.172000 0.480000
4 0.172380 0.471018 0.172000 0.479000 0.150620 0.477982 0.151000 0.470000
4 0.910196 0.009971 0.890000 0.013000 0.888805 0.005029 0.909000 0.002000
4 0.957000 0.021000 0.948000 0.021000 0.948000 0.003000 0.957000 0.003000
5 0.493296 0.562989 0.466000 0.564000 0.465704 0.556011 0.493000 0.555000
4 0.352000 0.559000 0.333000 0.559000 0.333000 0.552000 0.352000 0.552000
4 0.299000 0.558000 0.277000 0.558000 0.277000 0.551000 0.299000 0.551000
4 0.269000 0.558000 0.246000 0.558000 0.246000 0.550000 0.269000 0.550000
4 0.337000 0.581000 0.313000 0.581000 0.313000 0.574000 0.337000 0.574000
4 0.383000 0.595000 0.363000 0.595000 0.363000 0.588000 0.383000 0.588000
6 0.357299 0.588015 0.357000 0.594000 0.336701 0.592985 0.337000 0.587000
5 0.328000 0.594000 0.303000 0.594000 0.303000 0.586000 0.328000 0.586000
6 0.287000 0.592000 0.266000 0.592000 0.266000 0.585000 0.287000 0.585000
4 0.262000 0.592000 0.242000 0.592000 0.242000 0.584000 0.262000 0.584000
4 0.214000 0.590000 0.195000 0.590000 0.195000 0.584000 0.214000 0.584000
6 0.191000 0.589000 0.173000 0.589000 0.173000 0.583000 0.191000 0.583000
6 0.170000 0.589000 0.153000 0.589000 0.153000 0.582000 0.170000 0.582000
6 0.063000 0.586000 0.042000 0.586000 0.042000 0.579000 0.063000 0.579000
4 0.034000 0.586000 0.014000 0.586000 0.014000 0.578000 0.034000 0.578000
6 0.089000 0.551000 0.069000 0.551000 0.069000 0.545000 0.089000 0.545000
4 0.059000 0.551000 0.039000 0.551000 0.039000 0.544000 0.059000 0.544000
6 0.604000 0.640000 0.586000 0.640000 0.586000 0.631000 0.604000 0.631000
6 0.665000 0.685000 0.664602 0.690974 0.649602 0.689974 0.650000 0.684000
4 0.665000 0.715000 0.645000 0.715000 0.645000 0.708000 0.665000 0.708000
4 0.669000 0.748000 0.648000 0.748000 0.648000 0.741000 0.669000 0.741000
6 0.505000 0.737000 0.483000 0.737000 0.483000 0.730000 0.505000 0.730000
5 0.678000 0.109000 0.655000 0.109000 0.655000 0.102000 0.678000 0.102000
6 0.797000 0.435000 0.796618 0.443029 0.775618 0.442029 0.776000 0.434000
6 0.836408 0.442981 0.814000 0.444000 0.813592 0.435019 0.836000 0.434000
4 0.808000 0.414000 0.807000 0.430000 0.794984 0.429249 0.795984 0.413249
6 0.858000 0.386000 0.838000 0.387000 0.837698 0.380965 0.857698 0.379965
6 0.906000 0.375000 0.890000 0.375000 0.890000 0.368000 0.906000 0.368000
6 0.903000 0.383000 0.890000 0.383000 0.890000 0.377000 0.903000 0.377000
6 0.912000 0.439000 0.893000 0.439000 0.893000 0.431000 0.912000 0.431000
6 0.975000 0.405000 0.967000 0.405000 0.967000 0.393000 0.975000 0.393000
4 0.972000 0.474000 0.963000 0.474000 0.963000 0.454000 0.972000 0.454000
4 0.887000 0.139000 0.878000 0.139000 0.878000 0.123000 0.887000 0.123000
6 0.853021 0.141477 0.841000 0.142000 0.839979 0.118523 0.852000 0.118000
4 0.831000 0.140000 0.822000 0.140000 0.822000 0.129000 0.831000 0.129000
6 0.795027 0.139398 0.786000 0.140000 0.784974 0.124602 0.794000 0.124000
4 0.799000 0.181000 0.789000 0.181000 0.789000 0.164000 0.799000 0.164000
6 0.810000 0.180000 0.800000 0.180000 0.800000 0.163000 0.810000 0.163000
4 0.753000 0.180000 0.745000 0.180000 0.745000 0.166000 0.753000 0.166000
6 0.765000 0.180000 0.756000 0.180000 0.756000 0.164000 0.765000 0.164000
6 0.909000 0.172000 0.891000 0.172000 0.891000 0.165000 0.909000 0.165000
4 0.906000 0.189000 0.890403 0.190040 0.890000 0.184000 0.905597 0.182960
6 0.913000 0.227000 0.892000 0.227000 0.892000 0.220000 0.913000 0.220000
6 0.912000 0.255000 0.888392 0.256026 0.888000 0.247000 0.911608 0.245974
4 0.860089 0.234988 0.838000 0.238000 0.836911 0.230012 0.859000 0.227000
4 0.860000 0.246000 0.838000 0.246000 0.838000 0.238000 0.860000 0.238000
4 0.861320 0.263031 0.839320 0.264031 0.839000 0.257000 0.861000 0.256000
6 0.856500 0.311500 0.841500 0.326500 0.835000 0.320000 0.850000 0.305000
6 0.860500 0.320500 0.846000 0.335000 0.839000 0.328000 0.853500 0.313500
6 0.864000 0.331000 0.850000 0.343000 0.844000 0.336000 0.858000 0.324000
4 0.866165 0.339859 0.859000 0.346000 0.854835 0.341141 0.862000 0.335000
6 0.983000 0.191000 0.972000 0.191000 0.972000 0.176000 0.983000 0.176000
4 0.977000 0.325000 0.968000 0.325000 0.968000 0.313000 0.977000 0.313000
21 0.271000 0.690000 0.269537 0.906017 0.000000 0.904192 -0.000000 0.688165
6 0.555000 0.372000 0.534000 0.372000 0.534000 0.364000 0.555000 0.364000
4 0.908000 0.393000 0.890000 0.393000 0.890000 0.386000 0.908000 0.386000
