19 0.138000 0.449000 0.178000 0.423000 0.156000 0.390000 0.116000 0.416000
13 0.003000 0.360000 0.032000 0.404000 0.068000 0.379000 0.039000 0.336000
19 0.052000 0.333000 0.071000 0.368000 0.108000 0.347000 0.089000 0.313000
17 0.103000 0.286000 0.126000 0.325000 0.163000 0.304000 0.140000 0.265000
12 0.162000 0.255000 0.186000 0.292000 0.223000 0.268000 0.199000 0.230000
13 0.274000 0.172000 0.304000 0.218000 0.339000 0.195000 0.310000 0.149000
12 0.343000 0.117000 0.366000 0.155000 0.403000 0.132000 0.380000 0.094000
13 0.416000 0.064000 0.446000 0.109000 0.482000 0.086000 0.452000 0.040000
12 0.496000 0.018000 0.519000 0.055000 0.554000 0.034000 0.531000 -0.003000
17 0.068000 0.107000 0.044000 0.066000 0.006000 0.089000 0.030000 0.130000
17 0.078000 0.105000 0.116000 0.082000 0.091000 0.042000 0.053000 0.065000
17 0.214000 0.024000 0.187000 -0.019000 0.150000 0.005000 0.176000 0.047000
