6 0.970000 0.447000 0.959000 0.459000 0.954000 0.454000 0.965000 0.442000
6 0.930000 0.487000 0.919000 0.497000 0.913000 0.490000 0.924000 0.480000
4 0.962000 0.508000 0.949000 0.519000 0.945000 0.513000 0.958000 0.502000
6 0.969000 0.514000 0.957000 0.525000 0.951000 0.519000 0.963000 0.508000
4 0.978000 0.520000 0.965000 0.532000 0.958000 0.525000 0.971000 0.513000
4 0.999000 0.534000 0.986000 0.547000 0.979000 0.540000 0.992000 0.527000
14 0.311000 0.576000 0.268000 0.595000 0.231000 0.512000 0.273000 0.492000
6 0.990000 0.229000 0.978000 0.243000 0.970000 0.236000 0.983000 0.223000
6 0.995000 0.205000 0.985000 0.217000 0.978000 0.212000 0.988000 0.200000
4 0.932000 0.127000 0.918000 0.141000 0.911000 0.134000 0.925000 0.120000
6 0.890000 0.031000 0.885000 0.036000 0.873000 0.027000 0.878000 0.021000
4 0.898000 0.022000 0.892000 0.029000 0.874000 0.015000 0.879000 0.009000
3 0.599000 0.105000 0.593000 0.112000 0.573000 0.095000 0.579000 0.088000
6 0.619000 0.085000 0.615000 0.090000 0.602000 0.081000 0.607000 0.075000
6 0.632000 0.081000 0.626000 0.088000 0.609000 0.074000 0.614000 0.066000
3 0.588000 0.048000 0.584000 0.053000 0.567000 0.042000 0.572000 0.036000
5 0.172000 0.172000 0.151000 0.188000 0.146000 0.181000 0.166000 0.164000
32 0.990000 0.737000 0.901000 0.821000 0.825000 0.740000 0.915000 0.657000
5 0.028000 0.125000 0.010000 0.138000 0.004000 0.130000 0.023000 0.117000
5 0.104000 0.363000 0.086000 0.381000 0.078000 0.373000 0.095000 0.354000
4 0.034000 0.748000 0.025000 0.754000 0.014000 0.738000 0.022000 0.733000
14 0.379000 0.553000 0.337000 0.572000 0.299000 0.492000 0.340000 0.472000
14 0.447000 0.529000 0.405000 0.547000 0.369000 0.468000 0.410000 0.449000
14 0.538000 0.499000 0.496000 0.518000 0.459000 0.437000 0.500000 0.417000
14 0.607000 0.476000 0.565000 0.495000 0.528000 0.414000 0.569000 0.394000
14 0.674000 0.453000 0.634000 0.472000 0.595000 0.390000 0.634000 0.370000
14 0.380000 0.721000 0.338000 0.739000 0.301000 0.658000 0.342000 0.639000
14 0.448000 0.697000 0.408000 0.716000 0.368000 0.635000 0.409000 0.615000
14 0.518000 0.673000 0.476000 0.692000 0.437000 0.612000 0.479000 0.592000
14 0.609000 0.643000 0.568000 0.663000 0.528000 0.581000 0.568000 0.560000
14 0.676000 0.619000 0.636000 0.638000 0.598000 0.559000 0.637000 0.539000
14 0.746000 0.596000 0.704000 0.616000 0.665000 0.535000 0.706000 0.515000
