2 0.196667 0.985333 0.156667 0.963333 0.150667 0.974667 0.190000 0.996667
2 0.209333 0.974667 0.166667 0.952000 0.160000 0.964000 0.201333 0.988000
2 0.200000 0.957333 0.172667 0.942000 0.167333 0.952000 0.194667 0.966667
2 0.207333 0.943333 0.180000 0.928000 0.172667 0.940667 0.200000 0.956667
2 0.277333 0.904667 0.250000 0.890667 0.245333 0.900000 0.271333 0.914667
22 0.290667 0.925333 0.264000 0.911333 0.258667 0.919333 0.285333 0.935333
2 0.294000 0.920667 0.277333 0.911333 0.274000 0.914667 0.292000 0.924667
2 0.296667 0.904000 0.261333 0.884667 0.255333 0.893333 0.290667 0.913333
2 0.230000 0.895333 0.206000 0.881333 0.201333 0.890000 0.225333 0.902667
2 0.250667 0.891333 0.222667 0.875333 0.217333 0.885333 0.246000 0.901333
2 0.262667 0.880667 0.216667 0.854667 0.210667 0.866667 0.255333 0.891333
2 0.286000 0.892667 0.267333 0.882000 0.266000 0.886000 0.284000 0.896667
2 0.289333 0.879333 0.259333 0.862000 0.252667 0.872667 0.283333 0.890000
2 0.244667 0.856667 0.222000 0.843333 0.216667 0.853333 0.238667 0.865333
2 0.221333 0.874667 0.210000 0.868000 0.204000 0.878000 0.216667 0.884667
2 0.258667 0.863333 0.244667 0.856000 0.238667 0.865333 0.252667 0.874000
2 0.254667 0.854000 0.227333 0.839333 0.224000 0.843333 0.252000 0.858667
22 0.263333 0.911333 0.235333 0.896000 0.230000 0.906667 0.256667 0.921333
2 0.256667 0.924667 0.229333 0.908000 0.223333 0.918000 0.251333 0.934000
22 0.268000 0.842000 0.237333 0.824667 0.230667 0.838000 0.260667 0.856000
2 0.290000 0.857333 0.266667 0.843333 0.264000 0.848667 0.286667 0.862667
2 0.298000 0.841333 0.242000 0.809333 0.234000 0.823333 0.289333 0.854000
2 0.290000 0.821333 0.252667 0.801333 0.248000 0.812000 0.284000 0.832000
2 0.284000 0.835333 0.322667 0.862667 0.330000 0.852667 0.290667 0.824667
22 0.347333 0.844667 0.320000 0.829333 0.313333 0.841333 0.340000 0.857333
2 0.318000 0.813333 0.257333 0.779333 0.248000 0.796667 0.308667 0.830667
2 0.293333 0.798000 0.322667 0.813333 0.326667 0.806667 0.296667 0.791333
2 0.337333 0.724667 0.302667 0.706000 0.296667 0.718000 0.331333 0.736667
22 0.338000 0.712667 0.312000 0.697333 0.306000 0.707333 0.333333 0.721333
2 0.344667 0.702667 0.317333 0.687333 0.312667 0.696667 0.338667 0.712667
2 0.333333 0.691333 0.317333 0.683333 0.316667 0.686000 0.332000 0.694667
2 0.336667 0.690000 0.320667 0.678667 0.318667 0.680667 0.335333 0.692000
22 0.366667 0.666667 0.335333 0.648000 0.328000 0.663333 0.359333 0.680667
2 0.336000 0.648000 0.386667 0.676667 0.395333 0.663333 0.344000 0.634667
22 0.351333 0.684667 0.328000 0.666667 0.320000 0.676000 0.344667 0.694667
2 0.359333 0.681333 0.340667 0.671333 0.338000 0.675333 0.356000 0.686000
2 0.340667 0.670667 0.330000 0.664000 0.328000 0.668000 0.339333 0.674667
2 0.358667 0.608667 0.429333 0.646667 0.438000 0.630000 0.366667 0.591333
2 0.346667 0.753333 0.300667 0.718000 0.290667 0.730000 0.336000 0.766667
22 0.314667 0.752000 0.288667 0.731333 0.280000 0.741333 0.305333 0.762667
2 0.296667 0.756667 0.283333 0.746000 0.281333 0.748000 0.294667 0.758667
2 0.321333 0.780000 0.269333 0.762667 0.264667 0.776667 0.316667 0.795333
2 0.303333 0.772667 0.324000 0.779333 0.326667 0.773333 0.305333 0.766667
2 0.271333 0.761333 0.299333 0.770667 0.301333 0.764667 0.273333 0.754667
2 0.316000 0.874000 0.272667 0.856000 0.267333 0.868000 0.310667 0.886000
2 0.296000 0.854000 0.318667 0.870667 0.324000 0.864000 0.300000 0.847333
2 0.240000 0.967333 0.204667 0.951333 0.198667 0.964000 0.233333 0.980000
2 0.305333 0.946667 0.260667 0.921333 0.253333 0.934000 0.299333 0.958000
2 0.220667 0.923333 0.195333 0.898000 0.187333 0.906000 0.214000 0.930000
2 0.212667 0.931333 0.189333 0.910000 0.182667 0.918667 0.204000 0.940000
2 0.246667 0.958667 0.231333 0.952000 0.229333 0.956000 0.244667 0.962667
2 0.246000 0.950667 0.225333 0.941333 0.222000 0.946667 0.243333 0.956667
2 0.244667 0.930000 0.224000 0.920000 0.216667 0.935333 0.237333 0.945333
2 0.211333 0.932000 0.218667 0.950000 0.224000 0.946667 0.216667 0.930000
2 0.223333 0.976000 0.196667 0.963333 0.194667 0.968667 0.221333 0.980667
2 0.207333 0.982000 0.230000 0.990000 0.232000 0.984000 0.210000 0.976000
2 0.238000 0.995333 0.220667 0.986667 0.218000 0.992667 0.234667 1.001333
24 0.460667 0.512000 0.452667 0.539333 0.460000 0.540667 0.466667 0.513333
24 0.468667 0.506667 0.462000 0.540667 0.470000 0.542000 0.478667 0.508000
24 0.473333 0.514000 0.476000 0.542000 0.483333 0.541333 0.481333 0.513333
24 0.482000 0.512000 0.484000 0.538000 0.492000 0.537333 0.489333 0.511333
24 0.490667 0.511333 0.493333 0.539333 0.500667 0.538000 0.498667 0.510000
24 0.499333 0.514000 0.503333 0.538000 0.512667 0.536000 0.506667 0.513333
24 0.470000 0.540667 0.466667 0.568000 0.472667 0.569333 0.477333 0.541333
24 0.474000 0.543333 0.477333 0.574667 0.485333 0.574000 0.483333 0.542667
24 0.482667 0.537333 0.485333 0.573333 0.496000 0.572667 0.492667 0.536667
24 0.494000 0.537333 0.496000 0.565333 0.502667 0.564667 0.500000 0.536667
24 0.500667 0.536000 0.504000 0.570667 0.512000 0.570000 0.509333 0.535333
24 0.510000 0.538000 0.512000 0.564000 0.521333 0.563333 0.519333 0.536667
7 0.582667 0.528000 0.576000 0.540000 0.578667 0.540667 0.584667 0.529333
7 0.586000 0.529333 0.578667 0.542667 0.581333 0.544667 0.588000 0.530000
7 0.590000 0.528667 0.582000 0.544667 0.584667 0.546667 0.594000 0.530000
7 0.592667 0.534000 0.584667 0.546667 0.588000 0.548000 0.596000 0.536000
7 0.596667 0.535333 0.588000 0.548667 0.592000 0.551333 0.600000 0.536667
7 0.601333 0.536667 0.590667 0.552000 0.594000 0.553333 0.604000 0.540000
7 0.604000 0.541333 0.594667 0.554000 0.597333 0.556667 0.606667 0.542667
7 0.575333 0.540667 0.566667 0.556000 0.569333 0.558000 0.578667 0.542000
7 0.577333 0.546000 0.571333 0.556000 0.576000 0.558000 0.581333 0.547333
7 0.583333 0.546667 0.576667 0.558000 0.578667 0.559333 0.585333 0.547333
7 0.586000 0.546667 0.578667 0.562000 0.582000 0.563333 0.589333 0.548667
7 0.566000 0.556667 0.558667 0.569333 0.561333 0.570667 0.568667 0.558000
7 0.569333 0.558000 0.562667 0.570667 0.565333 0.573333 0.572667 0.558667
7 0.573333 0.558667 0.566000 0.573333 0.569333 0.574667 0.578000 0.561333
7 0.576000 0.563333 0.569333 0.574667 0.572667 0.575333 0.579333 0.565333
7 0.530000 0.578000 0.520667 0.592667 0.525333 0.595333 0.533333 0.580000
7 0.536000 0.576000 0.525333 0.596667 0.530000 0.598000 0.540667 0.578667
7 0.538667 0.584000 0.528000 0.603333 0.532000 0.606000 0.543333 0.586000
7 0.544000 0.587333 0.535333 0.602667 0.538667 0.604667 0.548000 0.590000
7 0.546667 0.591333 0.536667 0.608000 0.542000 0.610000 0.550667 0.594667
7 0.550667 0.593333 0.540667 0.612000 0.546667 0.614000 0.556000 0.596667
7 0.562000 0.530000 0.554667 0.541333 0.559333 0.543333 0.565333 0.532000
7 0.558667 0.518000 0.552000 0.528667 0.555333 0.530000 0.562000 0.519333
7 0.569333 0.603333 0.576000 0.583333 0.571333 0.581333 0.566000 0.602667
7 0.565333 0.602000 0.571333 0.580000 0.566667 0.578667 0.560667 0.600000
7 0.561333 0.596667 0.566667 0.578667 0.563333 0.576667 0.556667 0.596000
7 0.555333 0.596667 0.564000 0.575333 0.560000 0.574667 0.551333 0.594667
7 0.552667 0.592667 0.559333 0.573333 0.555333 0.571333 0.549333 0.591333
7 0.550000 0.588000 0.554667 0.570000 0.550667 0.569333 0.545333 0.586667
7 0.546000 0.585333 0.550667 0.568667 0.546667 0.567333 0.540667 0.584000
7 0.550667 0.558667 0.556000 0.545333 0.553333 0.543333 0.548000 0.558000
7 0.547333 0.558667 0.552000 0.545333 0.549333 0.543333 0.544000 0.558000
7 0.542667 0.558000 0.547333 0.545333 0.544000 0.543333 0.538667 0.557333
7 0.538000 0.558000 0.544667 0.541333 0.540000 0.540667 0.534000 0.556667
7 0.533333 0.558000 0.540000 0.540000 0.536667 0.538000 0.530667 0.556667
7 0.548000 0.559333 0.529333 0.558000 0.528667 0.563333 0.547333 0.564667
7 0.545333 0.565333 0.526667 0.563333 0.526667 0.568667 0.544667 0.569333
7 0.543333 0.569333 0.522667 0.571333 0.523333 0.576667 0.544000 0.574667
7 0.648667 0.535333 0.637333 0.538000 0.638667 0.541333 0.649333 0.538000
7 0.654667 0.536667 0.633333 0.543333 0.634667 0.547333 0.656000 0.541333
7 0.650000 0.542667 0.633333 0.548000 0.634000 0.552667 0.651333 0.546667
7 0.512000 0.608667 0.506000 0.619333 0.510667 0.621333 0.515333 0.611333
28 0.556667 0.696667 0.540000 0.726667 0.548667 0.731333 0.565333 0.700667
9 0.406667 0.355333 0.425333 0.320667 0.392000 0.304000 0.373333 0.338000
9 0.186667 0.241333 0.205333 0.207333 0.172000 0.190000 0.154000 0.224000
9 0.043333 0.178667 0.080000 0.150667 0.046000 0.108000 0.010000 0.136667
9 0.758000 0.542000 0.776667 0.508000 0.743333 0.490667 0.725333 0.524667
9 0.957333 0.961333 0.970667 0.936000 0.944667 0.922667 0.931333 0.948000
9 0.130000 0.838667 0.140667 0.818667 0.122667 0.809333 0.112000 0.829333
9 0.271333 0.574667 0.282667 0.552000 0.262000 0.542000 0.250000 0.563333
9 0.049333 0.460000 0.060667 0.437333 0.040667 0.426667 0.028667 0.448667
9 0.136667 0.304667 0.142000 0.294000 0.124000 0.284667 0.118667 0.294667
9 0.098000 0.375333 0.103333 0.364667 0.086000 0.355333 0.080667 0.366000
9 0.301333 0.114000 0.320000 0.096000 0.302000 0.078667 0.284667 0.096667
