2 0.000667 0.663333 0.120000 0.684667 0.125333 0.656000 0.006667 0.634000
2 0.174000 0.696667 0.330667 0.725333 0.335333 0.698000 0.179333 0.669333
2 0.379333 0.737333 0.625333 0.786000 0.634000 0.743333 0.386667 0.696667
2 0.703333 0.800000 0.972667 0.851333 0.982000 0.804000 0.712667 0.752667
2 0.207333 0.402667 0.360000 0.436000 0.366667 0.408667 0.212667 0.376667
24 0.248667 0.384667 0.274000 0.376667 0.270000 0.366667 0.244667 0.374000
24 0.358667 0.410000 0.386667 0.402667 0.383333 0.390667 0.354667 0.398000
24 0.256000 0.072667 0.267333 0.040667 0.260000 0.037333 0.247333 0.069333
24 0.265333 0.076667 0.276667 0.045333 0.268667 0.043333 0.257333 0.074000
24 0.270000 0.125333 0.282000 0.094000 0.274000 0.090667 0.261333 0.120667
24 0.283333 0.092000 0.296000 0.064667 0.286667 0.060000 0.274000 0.087333
24 0.293333 0.096667 0.307333 0.069333 0.297333 0.063333 0.283333 0.092000
