33 0.954000 0.840000 1.048000 0.778000 0.990000 0.691000 0.897000 0.753000
13 0.807000 0.417000 0.872000 0.463000 0.909000 0.411000 0.845000 0.365000
17 0.717000 0.136000 0.720000 0.065000 0.653000 0.062000 0.650000 0.133000
17 0.821000 0.092000 0.786000 0.026000 0.729000 0.056000 0.763000 0.122000
19 0.222000 0.031000 0.160000 0.060000 0.190000 0.122000 0.251000 0.093000
12 0.284000 0.353000 0.255000 0.296000 0.198000 0.325000 0.226000 0.382000
17 0.210000 0.387000 0.179000 0.323000 0.119000 0.351000 0.150000 0.416000
12 0.144000 0.711000 0.167000 0.763000 0.226000 0.736000 0.203000 0.685000
17 0.292000 0.644000 0.321000 0.703000 0.377000 0.676000 0.348000 0.617000
17 0.391000 0.597000 0.386000 0.660000 0.449000 0.666000 0.455000 0.603000
13 0.622000 0.747000 0.549000 0.776000 0.572000 0.834000 0.645000 0.806000
33 0.700000 0.860000 0.595000 0.893000 0.626000 0.991000 0.731000 0.958000
