9 0.905000 0.312000 0.886000 0.317000 0.881000 0.298000 0.900000 0.293000
9 0.849000 0.015000 0.829000 0.020000 0.824000 0.000000 0.845000 0.000000
4 0.047000 0.915000 0.034000 0.915000 0.034000 0.911000 0.047000 0.911000
4 0.043000 0.903000 0.032000 0.903000 0.032000 0.899000 0.043000 0.899000
4 0.041000 0.891000 0.029000 0.891000 0.029000 0.887000 0.041000 0.887000
31 0.042000 0.887000 0.028000 0.887000 0.028000 0.881000 0.042000 0.881000
31 0.046000 0.899000 0.031000 0.899000 0.031000 0.894000 0.046000 0.894000
31 0.048000 0.911000 0.033000 0.911000 0.033000 0.904000 0.048000 0.904000
4 0.976000 0.028000 0.968000 0.029000 0.966000 0.015000 0.974000 0.014000
4 0.890000 0.135000 0.875000 0.136000 0.875000 0.130000 0.890000 0.129000
4 0.896000 0.162000 0.881000 0.163000 0.880000 0.156000 0.895000 0.155000
4 0.982000 0.149000 0.968000 0.159000 0.965000 0.155000 0.978000 0.144000
4 0.973000 0.096000 0.963000 0.110000 0.957000 0.106000 0.968000 0.093000
4 0.967000 0.091000 0.956000 0.105000 0.950000 0.100000 0.961000 0.086000
4 0.491000 0.238000 0.485000 0.240000 0.482000 0.225000 0.487000 0.224000
4 0.502000 0.237000 0.495000 0.239000 0.490000 0.223000 0.498000 0.222000
4 0.511000 0.233000 0.503000 0.235000 0.500000 0.223000 0.508000 0.221000
4 0.499000 0.202000 0.493000 0.204000 0.488000 0.188000 0.495000 0.187000
4 0.508000 0.199000 0.503000 0.200000 0.499000 0.187000 0.503000 0.185000
4 0.517000 0.196000 0.512000 0.198000 0.509000 0.186000 0.514000 0.184000
4 0.538000 0.194000 0.532000 0.196000 0.527000 0.181000 0.533000 0.179000
4 0.624000 0.243000 0.607000 0.243000 0.607000 0.236000 0.624000 0.236000
6 0.740000 0.191000 0.734000 0.191000 0.734000 0.178000 0.740000 0.178000
16 0.573000 0.314000 0.561000 0.315000 0.560000 0.277000 0.572000 0.276000
6 0.617000 0.345000 0.610000 0.345000 0.610000 0.335000 0.617000 0.335000
4 0.635000 0.345000 0.629000 0.345000 0.629000 0.336000 0.635000 0.336000
4 0.655000 0.345000 0.648000 0.345000 0.648000 0.332000 0.655000 0.332000
4 0.718000 0.378000 0.717000 0.384000 0.704000 0.383000 0.704000 0.376000
6 0.746000 0.440000 0.745000 0.447000 0.731000 0.446000 0.731000 0.438000
6 0.939000 0.399000 0.934000 0.402000 0.928000 0.390000 0.933000 0.387000
4 0.664000 0.576000 0.657000 0.576000 0.657000 0.564000 0.664000 0.564000
4 0.707000 0.608000 0.701000 0.608000 0.701000 0.595000 0.707000 0.595000
4 0.726000 0.608000 0.721000 0.608000 0.721000 0.594000 0.726000 0.594000
4 0.779000 0.599000 0.763000 0.599000 0.763000 0.593000 0.779000 0.593000
4 0.779000 0.614000 0.759000 0.614000 0.759000 0.607000 0.779000 0.607000
4 0.777000 0.621000 0.759000 0.621000 0.759000 0.615000 0.777000 0.615000
4 0.985000 0.528000 0.966000 0.531000 0.965000 0.525000 0.984000 0.522000
4 0.986000 0.537000 0.970000 0.539000 0.969000 0.533000 0.985000 0.531000
4 0.987000 0.545000 0.971000 0.547000 0.971000 0.541000 0.987000 0.539000
4 0.992000 0.552000 0.975000 0.555000 0.974000 0.549000 0.991000 0.546000
4 0.995000 0.562000 0.977000 0.564000 0.976000 0.557000 0.995000 0.554000
4 0.998000 0.568000 0.980000 0.571000 0.979000 0.565000 0.996000 0.562000
4 0.683000 0.710000 0.663000 0.711000 0.662000 0.704000 0.682000 0.703000
4 0.800000 0.626000 0.783000 0.626000 0.783000 0.621000 0.800000 0.621000
4 0.801000 0.635000 0.783000 0.635000 0.783000 0.629000 0.801000 0.629000
6 0.801000 0.643000 0.783000 0.643000 0.783000 0.637000 0.801000 0.637000
4 0.800000 0.651000 0.785000 0.651000 0.785000 0.645000 0.800000 0.645000
6 0.800000 0.660000 0.781000 0.660000 0.781000 0.654000 0.800000 0.654000
4 0.800000 0.668000 0.784000 0.668000 0.784000 0.661000 0.800000 0.661000
4 0.800000 0.677000 0.781000 0.677000 0.781000 0.670000 0.800000 0.670000
4 0.846000 0.672000 0.830000 0.672000 0.830000 0.666000 0.846000 0.666000
4 0.845000 0.655000 0.827000 0.655000 0.827000 0.648000 0.845000 0.648000
6 0.848000 0.646000 0.829000 0.646000 0.829000 0.639000 0.848000 0.639000
4 0.845000 0.638000 0.829000 0.638000 0.829000 0.632000 0.845000 0.632000
11 0.846000 0.631000 0.828000 0.631000 0.828000 0.624000 0.846000 0.624000
4 0.791000 0.810000 0.785000 0.810000 0.785000 0.796000 0.791000 0.796000
4 0.724000 0.852000 0.716000 0.853000 0.713000 0.835000 0.722000 0.835000
4 0.839000 0.841000 0.831000 0.841000 0.831000 0.828000 0.839000 0.828000
4 0.848000 0.840000 0.841000 0.840000 0.841000 0.824000 0.848000 0.824000
4 0.815000 0.963000 0.814000 0.967000 0.796000 0.962000 0.798000 0.957000
4 0.869000 0.960000 0.862000 0.974000 0.855000 0.971000 0.862000 0.957000
4 0.876000 0.941000 0.870000 0.955000 0.865000 0.952000 0.872000 0.939000
4 0.887000 0.945000 0.881000 0.957000 0.876000 0.954000 0.882000 0.942000
11 0.820000 0.955000 0.818000 0.960000 0.804000 0.955000 0.805000 0.949000
4 0.926000 0.922000 0.924000 0.928000 0.913000 0.926000 0.914000 0.919000
4 0.995000 0.649000 0.995000 0.643000 1.000000 0.642000 1.001000 0.648000
4 0.975000 0.708000 0.967000 0.711000 0.962000 0.696000 0.970000 0.693000
4 0.993000 0.706000 0.987000 0.708000 0.982000 0.692000 0.989000 0.691000
4 1.000000 0.702000 0.996000 0.703000 0.994000 0.691000 1.000000 0.690000
5 0.977000 0.743000 0.969000 0.743000 0.969000 0.729000 0.977000 0.729000
4 0.986000 0.741000 0.980000 0.741000 0.980000 0.729000 0.986000 0.729000
3 0.998000 0.741000 0.990000 0.742000 0.988000 0.725000 0.997000 0.725000
4 0.999000 0.734000 0.998000 0.726000 1.000000 0.725000 1.001000 0.733000
6 0.051000 0.016000 0.045000 0.016000 0.042000 0.001000 0.049000 0.001000
6 0.030000 0.151000 0.023000 0.153000 0.019000 0.139000 0.026000 0.137000
6 0.039000 0.151000 0.032000 0.152000 0.030000 0.137000 0.037000 0.136000
6 0.050000 0.149000 0.044000 0.150000 0.039000 0.136000 0.046000 0.134000
4 0.060000 0.146000 0.052000 0.147000 0.049000 0.132000 0.056000 0.130000
6 0.078000 0.141000 0.073000 0.143000 0.069000 0.129000 0.075000 0.128000
6 0.089000 0.139000 0.083000 0.140000 0.079000 0.127000 0.085000 0.125000
11 0.137000 0.251000 0.117000 0.256000 0.115000 0.250000 0.136000 0.246000
4 0.132000 0.383000 0.124000 0.385000 0.122000 0.371000 0.129000 0.369000
4 0.152000 0.379000 0.145000 0.382000 0.141000 0.367000 0.148000 0.364000
4 0.161000 0.378000 0.154000 0.378000 0.151000 0.363000 0.159000 0.362000
4 0.171000 0.375000 0.163000 0.376000 0.161000 0.362000 0.169000 0.361000
4 0.150000 0.550000 0.145000 0.550000 0.145000 0.541000 0.150000 0.541000
4 0.161000 0.549000 0.157000 0.551000 0.154000 0.543000 0.159000 0.541000
4 0.170000 0.549000 0.164000 0.550000 0.162000 0.541000 0.167000 0.539000
6 0.190000 0.546000 0.184000 0.548000 0.181000 0.536000 0.186000 0.534000
6 0.199000 0.544000 0.194000 0.545000 0.192000 0.535000 0.197000 0.533000
5 0.154000 0.590000 0.147000 0.592000 0.142000 0.576000 0.149000 0.574000
5 0.173000 0.584000 0.166000 0.586000 0.162000 0.572000 0.169000 0.570000
6 0.193000 0.581000 0.187000 0.583000 0.183000 0.568000 0.190000 0.567000
4 0.183000 0.606000 0.178000 0.609000 0.174000 0.598000 0.179000 0.595000
6 0.220000 0.601000 0.213000 0.602000 0.209000 0.587000 0.216000 0.586000
4 0.283000 0.802000 0.275000 0.803000 0.274000 0.790000 0.281000 0.789000
6 0.292000 0.802000 0.285000 0.803000 0.282000 0.787000 0.289000 0.786000
4 0.303000 0.799000 0.295000 0.801000 0.292000 0.786000 0.300000 0.784000
4 0.315000 0.797000 0.308000 0.799000 0.304000 0.785000 0.311000 0.783000
4 0.323000 0.796000 0.316000 0.798000 0.312000 0.783000 0.319000 0.781000
