5 0.136000 0.022000 0.124000 0.022000 0.124000 0.001000 0.136000 0.001000
4 0.262000 0.082000 0.239000 0.082000 0.239000 0.074000 0.262000 0.074000
4 0.237000 0.081000 0.216000 0.081000 0.216000 0.074000 0.237000 0.074000
6 0.549000 0.373000 0.542000 0.373000 0.542000 0.357000 0.549000 0.357000
4 0.634000 0.790000 0.633000 0.808000 0.622000 0.807000 0.623000 0.789000
4 0.419000 0.310000 0.395000 0.312000 0.395000 0.303000 0.418000 0.300000
4 0.692000 0.777000 0.683000 0.778000 0.681000 0.762000 0.691000 0.762000
9 0.389000 0.933000 0.296000 0.936000 0.294000 0.890000 0.387000 0.887000
9 0.371000 0.594000 0.309000 0.594000 0.309000 0.544000 0.371000 0.544000
9 0.384000 0.265000 0.285000 0.265000 0.285000 0.189000 0.384000 0.189000
4 0.580000 0.964000 0.559000 0.964000 0.559000 0.957000 0.580000 0.957000
4 0.759000 0.998000 0.750000 0.999000 0.749000 0.983000 0.758000 0.982000
4 1.000000 0.915000 0.979000 0.915000 0.979000 0.909000 1.000000 0.909000
4 0.694000 0.906000 0.672000 0.906000 0.672000 0.900000 0.694000 0.900000
4 0.644000 0.824000 0.630000 0.837000 0.624000 0.831000 0.638000 0.818000
4 0.918000 0.791000 0.894000 0.791000 0.894000 0.785000 0.918000 0.785000
6 0.831000 0.663000 0.830000 0.679000 0.820000 0.679000 0.821000 0.663000
4 0.834000 0.658000 0.824000 0.660000 0.822000 0.641000 0.832000 0.639000
4 0.897000 0.542000 0.888000 0.542000 0.887000 0.526000 0.895000 0.525000
4 0.906000 0.517000 0.898000 0.517000 0.897000 0.501000 0.904000 0.500000
4 0.840000 0.522000 0.839000 0.534000 0.831000 0.533000 0.832000 0.521000
4 0.831000 0.523000 0.828000 0.539000 0.819000 0.538000 0.821000 0.521000
6 0.684000 0.648000 0.682000 0.667000 0.672000 0.666000 0.673000 0.648000
6 0.164000 0.847000 0.153000 0.847000 0.153000 0.833000 0.164000 0.833000
4 0.053000 0.809000 0.043000 0.809000 0.042000 0.791000 0.052000 0.791000
5 0.035000 0.807000 0.025000 0.808000 0.023000 0.789000 0.032000 0.787000
4 0.509000 0.589000 0.483000 0.589000 0.483000 0.581000 0.509000 0.581000
6 0.668000 0.590000 0.646000 0.590000 0.646000 0.584000 0.668000 0.584000
4 0.577000 0.582000 0.577000 0.588000 0.554000 0.587000 0.555000 0.580000
6 0.633000 0.559000 0.633000 0.565000 0.612000 0.564000 0.613000 0.557000
5 0.569000 0.486000 0.559000 0.486000 0.559000 0.468000 0.569000 0.468000
6 0.560000 0.506000 0.553000 0.506000 0.553000 0.492000 0.560000 0.492000
4 0.875000 0.367000 0.867000 0.371000 0.861000 0.355000 0.868000 0.352000
6 0.970000 0.315000 0.959000 0.315000 0.959000 0.297000 0.970000 0.297000
4 0.830000 0.299000 0.822000 0.301000 0.819000 0.284000 0.828000 0.283000
4 0.754000 0.307000 0.745000 0.308000 0.744000 0.292000 0.753000 0.291000
4 0.417000 0.297000 0.394000 0.298000 0.393000 0.292000 0.417000 0.290000
4 0.490000 0.287000 0.490000 0.295000 0.466000 0.294000 0.466000 0.286000
4 0.491000 0.296000 0.491000 0.305000 0.466000 0.304000 0.466000 0.295000
6 0.492000 0.313000 0.470000 0.313000 0.470000 0.305000 0.492000 0.305000
6 0.527000 0.304000 0.504000 0.304000 0.504000 0.298000 0.527000 0.298000
6 0.530000 0.314000 0.504000 0.314000 0.504000 0.308000 0.530000 0.308000
4 0.597000 0.297000 0.587000 0.302000 0.584000 0.296000 0.594000 0.291000
6 0.636000 0.295000 0.619000 0.300000 0.617000 0.291000 0.634000 0.286000
4 0.639000 0.302000 0.621000 0.310000 0.617000 0.303000 0.635000 0.295000
4 0.641000 0.310000 0.623000 0.318000 0.620000 0.312000 0.638000 0.304000
6 0.608000 0.342000 0.590000 0.342000 0.590000 0.335000 0.608000 0.335000
4 0.608000 0.362000 0.592000 0.363000 0.592000 0.357000 0.608000 0.356000
4 0.607000 0.380000 0.588000 0.380000 0.588000 0.372000 0.607000 0.372000
4 0.543000 0.385000 0.526000 0.398000 0.522000 0.392000 0.538000 0.378000
4 0.493000 0.401000 0.469000 0.401000 0.469000 0.394000 0.493000 0.394000
6 0.415000 0.361000 0.390000 0.362000 0.390000 0.356000 0.415000 0.355000
4 0.415000 0.371000 0.390000 0.371000 0.390000 0.363000 0.415000 0.363000
5 0.204000 0.516000 0.193000 0.517000 0.191000 0.496000 0.203000 0.496000
4 0.192000 0.294000 0.181000 0.295000 0.179000 0.279000 0.189000 0.277000
6 0.064000 0.385000 0.064000 0.392000 0.038000 0.389000 0.039000 0.383000
4 0.077000 0.315000 0.075000 0.331000 0.066000 0.331000 0.067000 0.314000
4 0.070000 0.287000 0.059000 0.287000 0.059000 0.271000 0.070000 0.271000
6 0.042000 0.288000 0.031000 0.288000 0.031000 0.271000 0.042000 0.271000
4 0.028000 0.288000 0.018000 0.288000 0.018000 0.270000 0.028000 0.270000
6 0.015000 0.285000 0.003000 0.285000 0.003000 0.271000 0.015000 0.271000
4 0.261000 0.009000 0.260000 0.025000 0.248000 0.024000 0.250000 0.009000
4 0.297000 0.042000 0.285000 0.043000 0.283000 0.022000 0.296000 0.022000
4 0.278000 0.044000 0.272000 0.050000 0.257000 0.035000 0.263000 0.029000
6 0.266000 0.047000 0.259000 0.053000 0.245000 0.037000 0.251000 0.030000
4 0.250000 0.051000 0.244000 0.055000 0.229000 0.037000 0.236000 0.033000
4 0.236000 0.051000 0.228000 0.056000 0.214000 0.039000 0.222000 0.034000
4 0.216000 0.049000 0.208000 0.053000 0.200000 0.037000 0.208000 0.033000
4 0.201000 0.045000 0.195000 0.050000 0.185000 0.036000 0.190000 0.032000
6 0.192000 0.050000 0.182000 0.056000 0.172000 0.039000 0.181000 0.034000
4 0.173000 0.033000 0.165000 0.033000 0.165000 0.018000 0.173000 0.018000
6 0.191000 0.000000 0.190000 0.020000 0.177000 0.020000 0.178000 0.000000
4 0.172000 0.016000 0.165000 0.016000 0.165000 0.002000 0.172000 0.002000
6 0.164000 0.024000 0.148000 0.026000 0.145000 0.001000 0.162000 0.000000
5 0.109000 0.000000 0.109000 0.000000 0.120000 0.000000 0.120000 0.000000
4 0.045000 0.087000 0.020000 0.087000 0.020000 0.081000 0.045000 0.081000
6 0.048000 0.098000 0.019000 0.099000 0.019000 0.093000 0.048000 0.092000
5 0.048000 0.128000 0.048000 0.134000 0.020000 0.133000 0.021000 0.126000
4 0.045000 0.147000 0.044000 0.153000 0.020000 0.151000 0.020000 0.146000
4 0.277000 0.145000 0.267000 0.146000 0.265000 0.128000 0.276000 0.128000
6 0.264000 0.147000 0.255000 0.147000 0.255000 0.130000 0.264000 0.130000
6 0.243000 0.186000 0.231000 0.186000 0.231000 0.166000 0.243000 0.166000
4 0.256000 0.187000 0.247000 0.187000 0.247000 0.171000 0.256000 0.171000
6 0.271000 0.188000 0.260000 0.188000 0.260000 0.171000 0.271000 0.171000
6 0.337000 0.255000 0.325000 0.256000 0.324000 0.238000 0.336000 0.237000
4 0.605000 0.229000 0.580000 0.229000 0.580000 0.221000 0.605000 0.221000
4 0.766000 0.032000 0.756000 0.032000 0.754000 0.016000 0.765000 0.016000
4 0.741000 0.029000 0.731000 0.029000 0.731000 0.014000 0.741000 0.014000
6 0.715000 0.032000 0.704000 0.032000 0.704000 0.014000 0.715000 0.014000
6 0.738000 0.078000 0.726000 0.078000 0.726000 0.059000 0.738000 0.059000
6 0.827000 0.096000 0.817000 0.096000 0.817000 0.079000 0.827000 0.079000
6 0.787000 0.179000 0.786000 0.198000 0.774000 0.198000 0.776000 0.178000
4 0.976000 0.102000 0.966000 0.102000 0.966000 0.085000 0.976000 0.085000
