2 0.124000 0.017333 0.250667 0.122667 0.267333 0.102667 0.140000 -0.001333
2 0.357333 0.210000 0.524000 0.350000 0.540667 0.330000 0.374000 0.190667
24 0.539333 0.524000 0.550000 0.490667 0.542000 0.488667 0.530667 0.522000
24 0.524000 0.566000 0.535333 0.536000 0.526667 0.532667 0.515333 0.562000
24 0.458667 0.587333 0.486667 0.598000 0.490667 0.587333 0.462667 0.576667
24 0.490667 0.599333 0.507333 0.606000 0.511333 0.598000 0.493333 0.590667
24 0.542000 0.560000 0.532000 0.589333 0.539333 0.592000 0.550667 0.563333
24 0.550667 0.564667 0.539333 0.590667 0.550667 0.595333 0.561333 0.569333
24 0.447333 0.724000 0.428000 0.751333 0.436667 0.757333 0.456000 0.730000
2 0.022667 0.651333 0.161333 0.701333 0.171333 0.674000 0.032000 0.625333
