6 0.020000 0.200000 0.014000 0.206000 0.002000 0.194000 0.008000 0.188000
4 0.295124 0.101919 0.278000 0.113000 0.272876 0.105080 0.290000 0.094000
6 0.338000 0.078000 0.320240 0.091320 0.314240 0.083320 0.332000 0.070000
6 0.059184 0.065903 0.042184 0.074903 0.038000 0.067000 0.055000 0.058000
6 0.778000 0.411000 0.754000 0.411000 0.754000 0.402000 0.778000 0.402000
4 0.727770 0.351249 0.715770 0.364249 0.709000 0.358000 0.721000 0.345000
4 0.746000 0.337000 0.728807 0.345091 0.725000 0.337000 0.742193 0.328909
4 0.810000 0.359000 0.803186 0.364242 0.793000 0.351000 0.799814 0.345758
4 0.786310 0.337108 0.783194 0.346067 0.759884 0.337960 0.763000 0.329000
4 0.901000 0.482000 0.892000 0.482000 0.892000 0.463000 0.901000 0.463000
4 0.783160 0.808880 0.782000 0.817000 0.761000 0.814000 0.762160 0.805880
6 0.758000 0.738000 0.755000 0.753000 0.745000 0.751000 0.748000 0.736000
6 0.658000 0.666000 0.656000 0.682000 0.648000 0.681000 0.650000 0.665000
4 0.338504 0.817566 0.324504 0.833566 0.317000 0.827000 0.331000 0.811000
4 0.560023 0.827879 0.557000 0.844000 0.546977 0.842121 0.550000 0.826000
4 0.945000 0.870000 0.939800 0.885600 0.932000 0.883000 0.937200 0.867400
6 0.175600 0.970800 0.167000 0.988000 0.157000 0.983000 0.165600 0.965800
