9 0.325000 0.146000 0.275000 0.185000 0.250000 0.154000 0.300000 0.115000
9 0.907000 0.505000 0.851000 0.522000 0.843000 0.496000 0.898000 0.478000
9 0.595000 0.604000 0.540000 0.622000 0.525000 0.577000 0.579000 0.558000
6 0.508000 0.778000 0.500000 0.782000 0.493000 0.766000 0.501000 0.762000
6 0.612000 0.657000 0.605000 0.660000 0.597000 0.644000 0.605000 0.640000
6 0.652000 0.615000 0.644000 0.617000 0.641000 0.599000 0.648000 0.598000
6 0.674000 0.600000 0.666000 0.604000 0.657000 0.588000 0.664000 0.583000
4 0.985000 0.750000 0.978000 0.754000 0.970000 0.740000 0.977000 0.736000
4 0.977000 0.731000 0.969000 0.737000 0.959000 0.721000 0.967000 0.715000
4 0.929000 0.713000 0.910000 0.718000 0.909000 0.711000 0.927000 0.705000
5 0.904000 0.645000 0.884000 0.650000 0.883000 0.643000 0.902000 0.637000
6 0.992000 0.614000 0.969000 0.619000 0.968000 0.611000 0.990000 0.605000
6 0.827000 0.269000 0.807000 0.274000 0.806000 0.267000 0.825000 0.261000
4 0.827000 0.507000 0.805000 0.513000 0.803000 0.506000 0.825000 0.500000
6 0.789000 0.496000 0.781000 0.499000 0.774000 0.482000 0.782000 0.479000
6 0.776000 0.499000 0.769000 0.502000 0.762000 0.487000 0.768000 0.483000
4 0.743000 0.555000 0.721000 0.562000 0.718000 0.554000 0.741000 0.548000
4 0.761000 0.525000 0.747000 0.529000 0.745000 0.523000 0.760000 0.520000
4 0.722000 0.536000 0.703000 0.541000 0.702000 0.534000 0.720000 0.528000
6 0.637000 0.538000 0.629000 0.541000 0.622000 0.525000 0.630000 0.522000
6 0.479000 0.293000 0.455000 0.300000 0.452000 0.292000 0.476000 0.285000
4 0.418000 0.314000 0.411000 0.317000 0.403000 0.302000 0.410000 0.298000
6 0.408000 0.295000 0.401000 0.299000 0.393000 0.285000 0.400000 0.281000
3 0.368000 0.242000 0.335000 0.251000 0.332000 0.240000 0.365000 0.231000
6 0.262000 0.072000 0.246000 0.087000 0.239000 0.079000 0.256000 0.065000
4 0.185000 0.123000 0.164000 0.125000 0.164000 0.117000 0.185000 0.115000
6 0.745000 0.992000 0.737000 0.995000 0.731000 0.981000 0.738000 0.977000
6 0.738000 0.976000 0.731000 0.980000 0.723000 0.966000 0.730000 0.962000
6 0.588000 0.730000 0.565000 0.738000 0.562000 0.731000 0.586000 0.724000
4 0.157000 0.618000 0.151000 0.634000 0.143000 0.631000 0.149000 0.615000
6 0.258000 0.631000 0.252000 0.645000 0.244000 0.642000 0.250000 0.628000
4 0.337000 0.642000 0.336000 0.658000 0.326000 0.657000 0.328000 0.642000
6 0.336000 0.660000 0.333000 0.676000 0.325000 0.675000 0.327000 0.658000
4 0.423000 0.692000 0.413000 0.692000 0.413000 0.676000 0.423000 0.676000
4 0.454000 0.665000 0.447000 0.666000 0.442000 0.651000 0.450000 0.649000
5 0.467000 0.662000 0.458000 0.665000 0.453000 0.649000 0.462000 0.646000
6 0.119000 0.766000 0.099000 0.770000 0.098000 0.763000 0.118000 0.759000
4 0.028000 0.791000 0.021000 0.794000 0.014000 0.779000 0.021000 0.776000
6 0.213000 0.862000 0.197000 0.871000 0.193000 0.864000 0.209000 0.855000
6 0.263000 0.870000 0.244000 0.877000 0.241000 0.869000 0.260000 0.862000
4 0.214000 0.884000 0.193000 0.890000 0.191000 0.883000 0.212000 0.877000
4 0.264000 0.968000 0.245000 0.975000 0.242000 0.968000 0.262000 0.962000
4 0.272000 0.979000 0.249000 0.986000 0.248000 0.980000 0.270000 0.972000
6 0.319000 0.977000 0.298000 0.984000 0.296000 0.978000 0.317000 0.971000
4 0.740000 0.243000 0.731000 0.247000 0.723000 0.232000 0.733000 0.227000
