28 0.517333 0.620667 0.534000 0.577333 0.525333 0.574000 0.508667 0.616667
18 0.528000 0.607333 0.521333 0.622667 0.528000 0.625333 0.534000 0.610000
28 0.420000 0.466667 0.434000 0.424000 0.425333 0.422000 0.411333 0.464667
2 0.398667 0.244000 0.392000 0.200000 0.383333 0.201333 0.390667 0.245333
28 0.593333 0.116667 0.566667 0.143333 0.572667 0.150000 0.600000 0.122000
28 0.602000 0.119333 0.572667 0.150000 0.578000 0.155333 0.607333 0.125333
28 0.606000 0.125333 0.580667 0.152667 0.585333 0.157333 0.611333 0.128667
28 0.593333 0.160000 0.608667 0.142000 0.603333 0.138667 0.588000 0.156000
28 0.640667 0.099333 0.608667 0.116667 0.611333 0.122667 0.644667 0.105333
28 0.643333 0.107333 0.610000 0.125333 0.612667 0.131333 0.647333 0.113333
28 0.606000 0.139333 0.630667 0.127333 0.628000 0.122667 0.604667 0.134667
2 0.620667 0.000000 0.607333 0.049333 0.620000 0.052667 0.632667 0.002667
2 0.633333 0.000000 0.620000 0.044000 0.629333 0.046667 0.642000 0.002000
28 0.640667 0.043333 0.647333 0.016000 0.638000 0.014667 0.633333 0.040667
28 0.648667 0.013333 0.640667 0.049333 0.647333 0.050000 0.654667 0.014667
28 0.653333 0.022000 0.651333 0.041333 0.656000 0.041333 0.658000 0.022000
28 0.664000 0.026667 0.653333 0.042000 0.657333 0.044000 0.667333 0.028667
28 0.671333 0.022000 0.654667 0.046667 0.660000 0.050000 0.676667 0.025333
28 0.682000 0.027333 0.664000 0.054000 0.668667 0.057333 0.688000 0.031333
28 0.690667 0.028667 0.675333 0.057333 0.682000 0.060667 0.697333 0.033333
28 0.686667 0.069333 0.708667 0.036000 0.700667 0.031333 0.679333 0.064667
2 0.715333 0.030000 0.683333 0.070667 0.690667 0.077333 0.724000 0.037333
2 0.607333 0.000000 0.596000 0.024000 0.602000 0.026667 0.613333 0.002667
2 0.614000 0.031333 0.580667 0.019333 0.578000 0.025333 0.611333 0.037333
28 0.667333 0.050000 0.682000 0.026667 0.676667 0.024000 0.662667 0.046667
2 0.600667 -0.002000 0.589333 0.021333 0.595333 0.024000 0.606667 0.000000
9 0.924667 0.355333 0.932667 0.324000 0.892667 0.312000 0.884000 0.343333
9 0.910000 0.491333 0.910667 0.466000 0.880000 0.465333 0.879333 0.490000
9 0.773333 0.488000 0.774000 0.470000 0.756667 0.469333 0.756000 0.487333
9 0.910000 0.614000 0.910667 0.588667 0.880000 0.587333 0.879333 0.612667
9 0.751333 0.605333 0.752000 0.587333 0.734000 0.586667 0.734000 0.604667
9 0.612000 0.836667 0.625333 0.848000 0.636667 0.834667 0.624000 0.823333
