14 0.361000 0.356000 0.311000 0.359000 0.309000 0.319000 0.358000 0.315000
14 0.427000 0.351000 0.378000 0.355000 0.375000 0.314000 0.423000 0.309000
14 0.499000 0.386000 0.450000 0.390000 0.442000 0.309000 0.490000 0.304000
14 0.593000 0.380000 0.546000 0.384000 0.538000 0.303000 0.584000 0.298000
14 0.661000 0.375000 0.613000 0.380000 0.604000 0.298000 0.651000 0.292000
14 0.727000 0.371000 0.678000 0.375000 0.670000 0.293000 0.718000 0.288000
14 0.657000 0.235000 0.608000 0.239000 0.600000 0.159000 0.648000 0.154000
14 0.594000 0.239000 0.547000 0.244000 0.538000 0.162000 0.584000 0.156000
14 0.535000 0.243000 0.487000 0.249000 0.477000 0.165000 0.525000 0.160000
14 0.472000 0.249000 0.424000 0.253000 0.417000 0.172000 0.464000 0.167000
5 0.467000 0.453000 0.435000 0.455000 0.434000 0.446000 0.466000 0.444000
3 0.536000 0.633000 0.532000 0.642000 0.506000 0.630000 0.510000 0.621000
3 0.529000 0.647000 0.525000 0.655000 0.504000 0.646000 0.508000 0.638000
6 0.946000 0.668000 0.933000 0.682000 0.926000 0.676000 0.939000 0.662000
3 0.840000 0.757000 0.818000 0.769000 0.813000 0.761000 0.836000 0.748000
6 0.835000 0.798000 0.827000 0.809000 0.818000 0.803000 0.826000 0.792000
6 0.846000 0.804000 0.837000 0.815000 0.830000 0.809000 0.840000 0.799000
4 0.857000 0.809000 0.847000 0.822000 0.839000 0.815000 0.849000 0.802000
6 0.866000 0.815000 0.852000 0.827000 0.847000 0.821000 0.861000 0.809000
4 0.874000 0.820000 0.861000 0.832000 0.856000 0.827000 0.869000 0.815000
6 1.000000 0.928000 0.984000 0.913000 0.989000 0.908000 1.000000 0.918000
6 0.989000 0.908000 0.984000 0.913000 0.970000 0.899000 0.975000 0.894000
6 0.970000 0.890000 0.964000 0.895000 0.953000 0.882000 0.958000 0.878000
6 0.953000 0.868000 0.948000 0.872000 0.938000 0.858000 0.944000 0.855000
6 0.941000 0.846000 0.934000 0.852000 0.922000 0.836000 0.929000 0.830000
6 0.918000 0.814000 0.907000 0.815000 0.905000 0.794000 0.916000 0.793000
6 0.913000 0.790000 0.905000 0.792000 0.902000 0.774000 0.910000 0.772000
6 0.911000 0.772000 0.903000 0.773000 0.901000 0.756000 0.909000 0.755000
6 0.909000 0.754000 0.900000 0.754000 0.900000 0.735000 0.909000 0.735000
4 0.917000 0.701000 0.909000 0.715000 0.901000 0.711000 0.908000 0.696000
4 0.987000 0.477000 0.982000 0.485000 0.964000 0.474000 0.969000 0.466000
5 0.962000 0.465000 0.958000 0.474000 0.935000 0.465000 0.938000 0.456000
6 0.931000 0.455000 0.930000 0.462000 0.910000 0.456000 0.911000 0.449000
6 0.900000 0.447000 0.899000 0.454000 0.877000 0.450000 0.878000 0.443000
6 0.826000 0.452000 0.805000 0.452000 0.805000 0.445000 0.826000 0.445000
6 0.767000 0.456000 0.747000 0.459000 0.747000 0.453000 0.766000 0.449000
6 0.742000 0.461000 0.721000 0.463000 0.720000 0.457000 0.742000 0.456000
6 0.592000 0.508000 0.574000 0.516000 0.572000 0.510000 0.589000 0.501000
4 0.561000 0.521000 0.546000 0.531000 0.541000 0.525000 0.556000 0.515000
4 0.539000 0.538000 0.521000 0.546000 0.518000 0.538000 0.535000 0.529000
4 0.519000 0.548000 0.502000 0.558000 0.497000 0.550000 0.514000 0.540000
6 0.484000 0.572000 0.473000 0.586000 0.466000 0.581000 0.477000 0.567000
4 0.468000 0.595000 0.461000 0.609000 0.453000 0.605000 0.460000 0.591000
6 0.440000 0.677000 0.436000 0.691000 0.429000 0.689000 0.433000 0.675000
6 0.435000 0.697000 0.430000 0.713000 0.423000 0.711000 0.428000 0.695000
4 0.425000 0.730000 0.415000 0.745000 0.409000 0.741000 0.418000 0.725000
4 0.415000 0.747000 0.404000 0.763000 0.397000 0.759000 0.408000 0.743000
6 0.399000 0.768000 0.388000 0.781000 0.381000 0.775000 0.392000 0.762000
6 0.379000 0.788000 0.369000 0.801000 0.364000 0.796000 0.375000 0.784000
6 0.344000 0.530000 0.323000 0.530000 0.323000 0.523000 0.344000 0.523000
6 0.345000 0.540000 0.323000 0.540000 0.323000 0.532000 0.345000 0.532000
6 0.347000 0.549000 0.325000 0.549000 0.325000 0.543000 0.347000 0.543000
4 0.151000 0.502000 0.141000 0.503000 0.140000 0.487000 0.150000 0.486000
5 0.187000 0.505000 0.177000 0.505000 0.176000 0.482000 0.185000 0.481000
5 0.227000 0.501000 0.218000 0.502000 0.215000 0.480000 0.223000 0.478000
5 0.300000 0.495000 0.253000 0.502000 0.252000 0.493000 0.299000 0.486000
3 0.241000 0.511000 0.204000 0.514000 0.204000 0.504000 0.240000 0.502000
6 0.139000 0.640000 0.119000 0.640000 0.119000 0.632000 0.139000 0.632000
6 0.195000 0.636000 0.174000 0.638000 0.173000 0.632000 0.195000 0.631000
6 0.195000 0.612000 0.194000 0.618000 0.172000 0.617000 0.173000 0.611000
6 0.193000 0.600000 0.171000 0.600000 0.171000 0.594000 0.193000 0.594000
3 0.190000 0.585000 0.190000 0.592000 0.168000 0.590000 0.169000 0.584000
6 0.192000 0.581000 0.171000 0.581000 0.171000 0.575000 0.192000 0.575000
6 0.192000 0.572000 0.172000 0.572000 0.172000 0.566000 0.192000 0.566000
6 0.189000 0.547000 0.171000 0.547000 0.171000 0.541000 0.189000 0.541000
6 0.215000 0.553000 0.194000 0.553000 0.194000 0.547000 0.215000 0.547000
5 0.216000 0.565000 0.215000 0.573000 0.194000 0.572000 0.194000 0.563000
4 0.218000 0.598000 0.197000 0.598000 0.197000 0.593000 0.218000 0.593000
6 0.217000 0.609000 0.197000 0.609000 0.197000 0.603000 0.217000 0.603000
4 0.218000 0.616000 0.198000 0.616000 0.198000 0.611000 0.218000 0.611000
4 0.216000 0.627000 0.195000 0.627000 0.195000 0.621000 0.216000 0.621000
6 0.217000 0.637000 0.199000 0.637000 0.199000 0.629000 0.217000 0.629000
6 0.273000 0.635000 0.251000 0.635000 0.251000 0.627000 0.273000 0.627000
6 0.274000 0.615000 0.254000 0.616000 0.253000 0.609000 0.274000 0.607000
5 0.272000 0.588000 0.245000 0.589000 0.245000 0.581000 0.272000 0.580000
4 0.269000 0.569000 0.247000 0.569000 0.247000 0.561000 0.269000 0.561000
5 0.271000 0.533000 0.270000 0.542000 0.242000 0.541000 0.243000 0.532000
6 0.292000 0.542000 0.272000 0.542000 0.272000 0.534000 0.292000 0.534000
6 0.292000 0.568000 0.271000 0.568000 0.271000 0.562000 0.292000 0.562000
6 0.293000 0.559000 0.273000 0.559000 0.273000 0.552000 0.293000 0.552000
6 0.293000 0.578000 0.272000 0.578000 0.272000 0.571000 0.293000 0.571000
4 0.294000 0.588000 0.273000 0.588000 0.273000 0.580000 0.294000 0.580000
4 0.295000 0.596000 0.274000 0.597000 0.274000 0.590000 0.295000 0.589000
6 0.296000 0.606000 0.274000 0.606000 0.274000 0.599000 0.296000 0.599000
6 0.297000 0.617000 0.297000 0.625000 0.278000 0.624000 0.278000 0.616000
6 0.295000 0.634000 0.274000 0.634000 0.274000 0.627000 0.295000 0.627000
4 0.352000 0.623000 0.330000 0.624000 0.330000 0.616000 0.351000 0.614000
4 0.352000 0.633000 0.331000 0.633000 0.331000 0.626000 0.352000 0.626000
6 0.352000 0.639000 0.332000 0.643000 0.330000 0.636000 0.351000 0.633000
6 0.352000 0.649000 0.330000 0.649000 0.330000 0.643000 0.352000 0.643000
4 0.355000 0.658000 0.334000 0.660000 0.334000 0.654000 0.354000 0.651000
6 0.354000 0.668000 0.333000 0.670000 0.332000 0.662000 0.354000 0.661000
6 0.355000 0.685000 0.338000 0.686000 0.337000 0.679000 0.354000 0.678000
6 0.356000 0.694000 0.334000 0.696000 0.333000 0.689000 0.355000 0.687000
6 0.357000 0.706000 0.336000 0.706000 0.336000 0.699000 0.357000 0.699000
6 0.356000 0.714000 0.338000 0.715000 0.338000 0.707000 0.356000 0.706000
4 0.359000 0.722000 0.338000 0.723000 0.338000 0.718000 0.358000 0.716000
4 0.276000 0.689000 0.251000 0.691000 0.251000 0.683000 0.275000 0.682000
6 0.276000 0.679000 0.256000 0.681000 0.255000 0.674000 0.275000 0.672000
4 0.277000 0.672000 0.255000 0.673000 0.255000 0.666000 0.276000 0.664000
6 0.273000 0.661000 0.254000 0.664000 0.254000 0.658000 0.273000 0.656000
4 0.297000 0.661000 0.277000 0.661000 0.277000 0.655000 0.297000 0.655000
4 0.299000 0.669000 0.278000 0.671000 0.277000 0.665000 0.299000 0.664000
4 0.298000 0.678000 0.278000 0.680000 0.277000 0.673000 0.298000 0.672000
4 0.299000 0.688000 0.279000 0.688000 0.279000 0.682000 0.299000 0.682000
4 0.306000 0.706000 0.283000 0.707000 0.283000 0.699000 0.306000 0.698000
4 0.302000 0.716000 0.282000 0.716000 0.282000 0.710000 0.302000 0.710000
6 0.282000 0.706000 0.259000 0.708000 0.258000 0.702000 0.282000 0.701000
4 0.279000 0.716000 0.260000 0.718000 0.259000 0.711000 0.279000 0.710000
6 0.280000 0.721000 0.280000 0.727000 0.258000 0.724000 0.259000 0.719000
4 0.279000 0.736000 0.259000 0.736000 0.259000 0.729000 0.279000 0.729000
6 0.280000 0.738000 0.280000 0.744000 0.257000 0.743000 0.258000 0.736000
6 0.300000 0.735000 0.282000 0.735000 0.282000 0.729000 0.300000 0.729000
6 0.303000 0.744000 0.283000 0.745000 0.283000 0.739000 0.303000 0.738000
4 0.303000 0.755000 0.280000 0.755000 0.280000 0.748000 0.303000 0.748000
4 0.280000 0.754000 0.259000 0.754000 0.259000 0.747000 0.280000 0.747000
4 0.311000 0.805000 0.303000 0.807000 0.301000 0.791000 0.309000 0.789000
4 0.301000 0.804000 0.292000 0.806000 0.286000 0.787000 0.295000 0.785000
4 0.288000 0.805000 0.280000 0.807000 0.276000 0.790000 0.284000 0.788000
4 0.263000 0.805000 0.256000 0.807000 0.253000 0.794000 0.260000 0.792000
6 0.253000 0.809000 0.244000 0.809000 0.244000 0.791000 0.253000 0.791000
6 0.241000 0.808000 0.232000 0.808000 0.231000 0.793000 0.240000 0.793000
4 0.228000 0.808000 0.219000 0.809000 0.218000 0.791000 0.227000 0.790000
4 0.218000 0.809000 0.210000 0.809000 0.209000 0.792000 0.216000 0.791000
6 0.224000 0.778000 0.203000 0.778000 0.203000 0.771000 0.224000 0.771000
6 0.201000 0.759000 0.180000 0.759000 0.180000 0.751000 0.201000 0.751000
6 0.200000 0.737000 0.200000 0.743000 0.177000 0.742000 0.178000 0.735000
6 0.225000 0.743000 0.206000 0.743000 0.206000 0.737000 0.225000 0.737000
6 0.225000 0.721000 0.204000 0.721000 0.204000 0.714000 0.225000 0.714000
4 0.224000 0.706000 0.224000 0.713000 0.201000 0.712000 0.201000 0.705000
6 0.201000 0.722000 0.179000 0.722000 0.179000 0.714000 0.201000 0.714000
6 0.200000 0.713000 0.180000 0.713000 0.180000 0.707000 0.200000 0.707000
4 0.199000 0.704000 0.180000 0.704000 0.180000 0.698000 0.199000 0.698000
4 0.223000 0.703000 0.202000 0.703000 0.202000 0.697000 0.223000 0.697000
6 0.220000 0.693000 0.200000 0.693000 0.200000 0.686000 0.220000 0.686000
6 0.200000 0.688000 0.199000 0.695000 0.178000 0.694000 0.178000 0.686000
6 0.221000 0.684000 0.200000 0.684000 0.200000 0.678000 0.221000 0.678000
6 0.197000 0.686000 0.177000 0.686000 0.177000 0.679000 0.197000 0.679000
4 0.220000 0.665000 0.201000 0.665000 0.201000 0.659000 0.220000 0.659000
6 0.199000 0.676000 0.178000 0.676000 0.178000 0.670000 0.199000 0.670000
6 0.199000 0.667000 0.178000 0.667000 0.178000 0.660000 0.199000 0.660000
6 0.143000 0.680000 0.123000 0.680000 0.123000 0.672000 0.143000 0.672000
6 0.143000 0.683000 0.143000 0.690000 0.122000 0.688000 0.123000 0.682000
6 0.144000 0.726000 0.124000 0.726000 0.124000 0.718000 0.144000 0.718000
3 0.088000 0.780000 0.061000 0.781000 0.061000 0.774000 0.088000 0.773000
