4 0.871000 0.672000 0.855000 0.675000 0.853000 0.667000 0.869000 0.664000
6 0.890000 0.443000 0.864000 0.444000 0.864000 0.438000 0.889000 0.436000
4 0.858000 0.347000 0.834000 0.348000 0.833000 0.339000 0.858000 0.338000
6 0.929000 0.121000 0.919000 0.121000 0.918000 0.105000 0.928000 0.105000
6 0.983000 0.125000 0.971000 0.125000 0.971000 0.101000 0.983000 0.101000
4 0.929000 0.183000 0.919000 0.183000 0.919000 0.161000 0.929000 0.161000
4 0.977000 0.225000 0.969000 0.226000 0.967000 0.207000 0.976000 0.207000
4 0.929000 0.260000 0.928000 0.281000 0.915000 0.280000 0.916000 0.259000
6 0.901000 0.338000 0.876000 0.338000 0.876000 0.331000 0.901000 0.331000
6 0.957000 0.535000 0.946000 0.535000 0.946000 0.517000 0.957000 0.517000
6 0.955000 0.678000 0.947000 0.678000 0.947000 0.663000 0.955000 0.663000
4 0.685000 0.446000 0.664000 0.447000 0.664000 0.440000 0.684000 0.438000
6 0.704000 0.628000 0.701000 0.648000 0.690000 0.647000 0.692000 0.626000
4 0.559000 0.545000 0.550000 0.545000 0.549000 0.528000 0.557000 0.527000
5 0.562000 0.477000 0.558000 0.497000 0.549000 0.496000 0.552000 0.475000
4 0.562000 0.400000 0.561000 0.422000 0.549000 0.421000 0.550000 0.399000
4 0.561000 0.400000 0.550000 0.400000 0.550000 0.383000 0.561000 0.383000
4 0.585000 0.372000 0.576000 0.372000 0.576000 0.358000 0.585000 0.358000
6 0.586000 0.333000 0.577000 0.333000 0.577000 0.317000 0.586000 0.317000
6 0.560000 0.358000 0.550000 0.358000 0.550000 0.339000 0.560000 0.339000
6 0.562000 0.326000 0.551000 0.326000 0.551000 0.305000 0.562000 0.305000
4 0.562000 0.243000 0.561000 0.261000 0.551000 0.261000 0.552000 0.243000
4 0.561000 0.240000 0.552000 0.240000 0.552000 0.222000 0.561000 0.222000
4 0.307000 0.694000 0.307000 0.701000 0.286000 0.700000 0.286000 0.692000
4 0.391000 0.627000 0.382000 0.627000 0.381000 0.614000 0.390000 0.614000
6 0.289000 0.597000 0.270000 0.597000 0.270000 0.590000 0.289000 0.590000
3 0.443000 0.435000 0.443000 0.445000 0.412000 0.444000 0.413000 0.433000
3 0.535000 0.303000 0.507000 0.305000 0.507000 0.296000 0.535000 0.294000
5 0.457000 0.297000 0.437000 0.298000 0.436000 0.287000 0.456000 0.286000
3 0.294000 0.304000 0.269000 0.304000 0.269000 0.295000 0.294000 0.295000
6 0.273000 0.244000 0.272000 0.253000 0.249000 0.251000 0.249000 0.241000
6 0.263000 0.232000 0.246000 0.233000 0.245000 0.229000 0.263000 0.227000
6 0.210000 0.537000 0.200000 0.537000 0.200000 0.520000 0.210000 0.520000
6 0.252000 0.597000 0.231000 0.598000 0.231000 0.592000 0.251000 0.590000
5 0.191000 0.569000 0.190000 0.588000 0.179000 0.587000 0.181000 0.569000
5 0.210000 0.603000 0.208000 0.622000 0.196000 0.622000 0.197000 0.602000
4 0.209000 0.639000 0.197000 0.639000 0.197000 0.622000 0.209000 0.622000
6 0.177000 0.616000 0.175000 0.632000 0.166000 0.632000 0.167000 0.615000
6 0.095000 0.689000 0.072000 0.691000 0.071000 0.683000 0.095000 0.682000
5 0.120000 0.650000 0.090000 0.650000 0.090000 0.641000 0.120000 0.641000
3 0.030000 0.425000 0.003000 0.425000 0.003000 0.419000 0.030000 0.419000
4 0.028000 0.311000 0.007000 0.311000 0.007000 0.303000 0.028000 0.303000
5 0.032000 0.091000 0.018000 0.091000 0.018000 0.083000 0.032000 0.083000
6 0.211000 0.143000 0.201000 0.143000 0.201000 0.127000 0.211000 0.127000
6 0.180000 0.123000 0.177000 0.138000 0.170000 0.137000 0.172000 0.121000
4 0.127000 0.262000 0.116000 0.262000 0.116000 0.244000 0.127000 0.244000
6 0.109000 0.246000 0.107000 0.261000 0.100000 0.261000 0.101000 0.245000
6 0.180000 0.038000 0.168000 0.038000 0.168000 0.022000 0.180000 0.022000
3 0.677000 0.293000 0.651000 0.293000 0.651000 0.286000 0.677000 0.286000
4 0.206000 0.863000 0.197000 0.863000 0.197000 0.846000 0.206000 0.846000
5 0.177000 0.874000 0.176000 0.892000 0.164000 0.891000 0.165000 0.873000
6 0.209000 0.843000 0.198000 0.843000 0.198000 0.823000 0.209000 0.823000
11 0.208000 0.761000 0.196000 0.762000 0.195000 0.751000 0.207000 0.750000
6 0.207000 0.742000 0.199000 0.742000 0.198000 0.728000 0.205000 0.727000
6 0.309000 0.806000 0.284000 0.806000 0.284000 0.798000 0.309000 0.798000
6 0.392000 0.767000 0.382000 0.768000 0.380000 0.747000 0.391000 0.747000
16 0.523000 0.855000 0.523000 0.869000 0.482000 0.867000 0.483000 0.854000
6 0.663000 0.801000 0.663000 0.808000 0.638000 0.807000 0.638000 0.799000
4 0.680000 0.820000 0.679000 0.829000 0.656000 0.828000 0.656000 0.818000
4 0.772000 0.734000 0.763000 0.734000 0.763000 0.716000 0.772000 0.716000
4 0.825000 0.777000 0.802000 0.777000 0.802000 0.771000 0.825000 0.771000
4 0.661000 0.972000 0.635000 0.972000 0.635000 0.963000 0.661000 0.963000
4 0.922000 0.996000 0.912000 0.996000 0.912000 0.978000 0.922000 0.978000
6 0.971000 0.988000 0.960000 0.988000 0.960000 0.972000 0.971000 0.972000
6 0.973000 0.935000 0.972000 0.952000 0.962000 0.952000 0.963000 0.935000
4 0.974000 0.898000 0.962000 0.899000 0.960000 0.879000 0.973000 0.879000
4 0.976000 0.855000 0.974000 0.875000 0.962000 0.874000 0.964000 0.854000
6 0.921000 0.909000 0.912000 0.910000 0.910000 0.893000 0.920000 0.893000
9 0.214000 0.660000 0.210000 0.699000 0.156000 0.693000 0.161000 0.653000
9 0.603000 0.660000 0.603000 0.700000 0.544000 0.699000 0.544000 0.659000
9 0.981000 0.666000 0.981000 0.705000 0.915000 0.704000 0.915000 0.665000
