6 0.906000 0.946000 0.897000 0.946000 0.897000 0.930000 0.906000 0.930000
6 0.990363 0.677016 0.990000 0.685000 0.967637 0.683984 0.968000 0.676000
4 0.993374 0.321016 0.993000 0.330000 0.969000 0.329000 0.969374 0.320016
6 0.867000 0.279000 0.866707 0.286029 0.842707 0.285029 0.843000 0.278000
4 0.900019 0.255689 0.899000 0.272000 0.887981 0.271311 0.889000 0.255000
4 0.931000 0.259000 0.920000 0.259000 0.920000 0.239000 0.931000 0.239000
4 0.927000 0.185000 0.918000 0.185000 0.918000 0.169000 0.927000 0.169000
4 0.717000 0.125000 0.707000 0.125000 0.707000 0.110000 0.717000 0.110000
6 0.560023 0.333501 0.559000 0.356000 0.547977 0.355499 0.549000 0.333000
6 0.528000 0.375000 0.518051 0.375711 0.517000 0.361000 0.526949 0.360289
6 0.093000 0.776000 0.073528 0.777025 0.073000 0.767000 0.092472 0.765975
6 0.208000 0.137000 0.201000 0.137000 0.201000 0.121000 0.208000 0.121000
6 0.036000 0.200000 0.012000 0.200000 0.012000 0.192000 0.036000 0.192000
4 0.812028 0.004531 0.811000 0.022000 0.801972 0.021469 0.803000 0.004000
6 0.558000 0.269000 0.546000 0.269000 0.546000 0.250000 0.558000 0.250000
5 0.520000 0.222000 0.511000 0.240000 0.503000 0.236000 0.512000 0.218000
6 0.916000 0.879000 0.908462 0.885533 0.895000 0.870000 0.902538 0.863467
