4 0.419000 0.104000 0.416000 0.111000 0.395000 0.102000 0.398000 0.095000
6 0.354000 0.258000 0.347000 0.260000 0.340000 0.244000 0.346000 0.241000
4 0.378000 0.305000 0.369000 0.309000 0.361000 0.288000 0.370000 0.284000
6 0.385000 0.300000 0.377000 0.302000 0.372000 0.286000 0.380000 0.284000
6 0.377000 0.251000 0.368000 0.255000 0.361000 0.237000 0.370000 0.233000
6 0.387000 0.249000 0.381000 0.252000 0.372000 0.233000 0.379000 0.231000
4 0.399000 0.245000 0.393000 0.248000 0.384000 0.233000 0.390000 0.230000
4 0.411000 0.296000 0.405000 0.300000 0.396000 0.283000 0.403000 0.280000
5 0.338000 0.353000 0.331000 0.360000 0.318000 0.347000 0.325000 0.340000
6 0.266000 0.298000 0.262000 0.305000 0.244000 0.293000 0.249000 0.287000
4 0.407000 0.412000 0.400000 0.419000 0.385000 0.404000 0.392000 0.397000
4 0.727000 0.697000 0.701000 0.705000 0.698000 0.694000 0.724000 0.686000
4 0.723000 0.689000 0.702000 0.695000 0.699000 0.685000 0.719000 0.678000
4 0.717000 0.679000 0.696000 0.685000 0.694000 0.677000 0.714000 0.670000
4 0.713000 0.670000 0.693000 0.675000 0.690000 0.666000 0.710000 0.661000
4 0.709000 0.662000 0.690000 0.665000 0.688000 0.655000 0.707000 0.652000
4 0.729000 0.646000 0.710000 0.652000 0.708000 0.644000 0.726000 0.637000
4 0.733000 0.655000 0.714000 0.661000 0.712000 0.653000 0.731000 0.647000
4 0.738000 0.665000 0.715000 0.670000 0.714000 0.663000 0.737000 0.658000
4 0.745000 0.672000 0.721000 0.680000 0.719000 0.672000 0.742000 0.663000
6 0.744000 0.682000 0.725000 0.687000 0.723000 0.679000 0.742000 0.674000
4 0.747000 0.689000 0.728000 0.695000 0.726000 0.686000 0.744000 0.681000
6 0.760000 0.717000 0.739000 0.724000 0.736000 0.715000 0.757000 0.708000
4 0.768000 0.734000 0.748000 0.740000 0.745000 0.729000 0.765000 0.723000
4 0.779000 0.759000 0.761000 0.764000 0.759000 0.755000 0.777000 0.750000
4 0.784000 0.768000 0.764000 0.776000 0.760000 0.766000 0.781000 0.759000
4 0.792000 0.777000 0.771000 0.783000 0.768000 0.774000 0.789000 0.768000
6 0.837000 0.735000 0.815000 0.740000 0.814000 0.732000 0.835000 0.726000
4 0.830000 0.716000 0.808000 0.721000 0.806000 0.709000 0.828000 0.704000
4 0.818000 0.699000 0.799000 0.705000 0.796000 0.695000 0.815000 0.689000
4 0.814000 0.691000 0.796000 0.696000 0.793000 0.687000 0.812000 0.681000
4 0.803000 0.665000 0.785000 0.671000 0.783000 0.662000 0.800000 0.657000
4 0.789000 0.639000 0.770000 0.645000 0.766000 0.634000 0.785000 0.628000
4 0.791000 0.632000 0.766000 0.636000 0.765000 0.628000 0.790000 0.624000
4 0.814000 0.631000 0.792000 0.637000 0.788000 0.626000 0.810000 0.620000
4 0.873000 0.626000 0.856000 0.631000 0.853000 0.622000 0.871000 0.618000
6 0.872000 0.615000 0.851000 0.621000 0.849000 0.613000 0.870000 0.607000
6 0.868000 0.607000 0.850000 0.613000 0.847000 0.605000 0.866000 0.600000
4 0.893000 0.607000 0.874000 0.615000 0.871000 0.608000 0.890000 0.600000
4 0.897000 0.617000 0.877000 0.624000 0.875000 0.616000 0.894000 0.608000
4 0.820000 0.651000 0.800000 0.656000 0.799000 0.649000 0.818000 0.643000
4 0.826000 0.658000 0.808000 0.664000 0.805000 0.655000 0.823000 0.649000
4 0.831000 0.667000 0.810000 0.673000 0.808000 0.666000 0.829000 0.660000
4 0.834000 0.676000 0.814000 0.681000 0.811000 0.673000 0.831000 0.667000
4 0.837000 0.684000 0.818000 0.690000 0.815000 0.681000 0.835000 0.676000
4 0.842000 0.694000 0.822000 0.699000 0.820000 0.690000 0.840000 0.685000
4 0.848000 0.701000 0.825000 0.708000 0.823000 0.700000 0.845000 0.692000
4 0.853000 0.708000 0.832000 0.715000 0.829000 0.706000 0.850000 0.699000
4 0.855000 0.719000 0.834000 0.725000 0.832000 0.718000 0.853000 0.712000
4 0.859000 0.726000 0.838000 0.733000 0.836000 0.726000 0.857000 0.719000
4 0.863000 0.736000 0.842000 0.742000 0.840000 0.734000 0.861000 0.728000
4 0.868000 0.745000 0.847000 0.751000 0.844000 0.741000 0.866000 0.736000
4 0.849000 0.759000 0.829000 0.767000 0.825000 0.758000 0.846000 0.751000
4 0.853000 0.767000 0.835000 0.774000 0.833000 0.766000 0.850000 0.760000
4 0.859000 0.774000 0.840000 0.781000 0.838000 0.774000 0.857000 0.767000
4 0.859000 0.787000 0.840000 0.792000 0.839000 0.783000 0.857000 0.779000
4 0.872000 0.764000 0.860000 0.767000 0.858000 0.759000 0.870000 0.756000
6 0.881000 0.770000 0.864000 0.776000 0.861000 0.768000 0.878000 0.762000
4 0.886000 0.778000 0.864000 0.784000 0.862000 0.775000 0.883000 0.770000
4 0.887000 0.788000 0.866000 0.792000 0.865000 0.785000 0.885000 0.780000
4 0.890000 0.796000 0.872000 0.801000 0.870000 0.793000 0.888000 0.788000
4 0.876000 0.812000 0.854000 0.818000 0.851000 0.809000 0.873000 0.803000
6 0.941000 0.772000 0.921000 0.779000 0.918000 0.772000 0.939000 0.766000
6 0.937000 0.763000 0.918000 0.770000 0.916000 0.763000 0.934000 0.755000
4 0.933000 0.755000 0.912000 0.761000 0.910000 0.754000 0.931000 0.748000
4 0.926000 0.735000 0.908000 0.742000 0.906000 0.735000 0.924000 0.728000
4 0.922000 0.728000 0.904000 0.734000 0.902000 0.726000 0.919000 0.719000
4 0.917000 0.720000 0.899000 0.728000 0.895000 0.719000 0.913000 0.711000
4 0.913000 0.710000 0.894000 0.716000 0.892000 0.708000 0.911000 0.702000
4 0.908000 0.695000 0.887000 0.700000 0.885000 0.692000 0.906000 0.687000
4 0.903000 0.685000 0.882000 0.692000 0.880000 0.684000 0.901000 0.677000
6 0.898000 0.677000 0.881000 0.683000 0.878000 0.676000 0.896000 0.670000
6 0.894000 0.669000 0.871000 0.674000 0.870000 0.666000 0.893000 0.661000
4 0.892000 0.659000 0.872000 0.664000 0.870000 0.656000 0.890000 0.651000
4 0.887000 0.648000 0.870000 0.653000 0.868000 0.649000 0.886000 0.643000
4 0.884000 0.642000 0.865000 0.649000 0.862000 0.641000 0.881000 0.634000
4 0.906000 0.634000 0.885000 0.640000 0.883000 0.633000 0.904000 0.627000
4 0.909000 0.644000 0.888000 0.649000 0.886000 0.641000 0.908000 0.635000
4 0.913000 0.653000 0.893000 0.657000 0.892000 0.649000 0.911000 0.644000
4 0.916000 0.662000 0.895000 0.668000 0.893000 0.659000 0.914000 0.653000
6 0.920000 0.669000 0.899000 0.675000 0.897000 0.669000 0.919000 0.662000
4 0.925000 0.676000 0.906000 0.682000 0.904000 0.674000 0.923000 0.668000
4 0.930000 0.688000 0.912000 0.694000 0.909000 0.684000 0.926000 0.677000
4 0.933000 0.695000 0.915000 0.700000 0.914000 0.694000 0.931000 0.688000
5 0.938000 0.706000 0.917000 0.712000 0.915000 0.703000 0.935000 0.696000
4 0.940000 0.713000 0.920000 0.721000 0.918000 0.714000 0.937000 0.705000
4 0.947000 0.729000 0.930000 0.736000 0.926000 0.726000 0.943000 0.719000
6 0.952000 0.741000 0.932000 0.745000 0.931000 0.738000 0.951000 0.734000
6 0.958000 0.757000 0.942000 0.763000 0.939000 0.755000 0.955000 0.749000
4 0.966000 0.766000 0.948000 0.771000 0.945000 0.762000 0.963000 0.757000
4 0.969000 0.773000 0.948000 0.781000 0.945000 0.774000 0.967000 0.767000
6 0.974000 0.781000 0.953000 0.790000 0.949000 0.782000 0.971000 0.774000
4 1.000000 0.716000 0.983000 0.722000 0.979000 0.712000 1.000000 0.705000
4 0.992000 0.688000 0.973000 0.695000 0.969000 0.686000 0.988000 0.679000
4 0.987000 0.681000 0.967000 0.687000 0.965000 0.678000 0.984000 0.671000
4 0.986000 0.672000 0.967000 0.677000 0.964000 0.666000 0.983000 0.661000
4 0.977000 0.655000 0.956000 0.661000 0.953000 0.651000 0.974000 0.645000
4 0.974000 0.644000 0.953000 0.649000 0.951000 0.641000 0.973000 0.637000
4 0.969000 0.636000 0.950000 0.642000 0.948000 0.634000 0.966000 0.627000
4 0.962000 0.618000 0.945000 0.624000 0.942000 0.616000 0.960000 0.611000
4 0.956000 0.610000 0.938000 0.615000 0.937000 0.609000 0.954000 0.603000
6 0.949000 0.595000 0.935000 0.601000 0.931000 0.592000 0.945000 0.586000
4 0.946000 0.586000 0.927000 0.592000 0.923000 0.581000 0.942000 0.575000
6 1.000000 0.668000 0.986000 0.671000 0.984000 0.662000 1.000000 0.658000
4 0.998000 0.647000 0.977000 0.654000 0.975000 0.646000 0.996000 0.639000
4 0.997000 0.639000 0.976000 0.645000 0.974000 0.636000 0.994000 0.629000
6 0.991000 0.631000 0.970000 0.637000 0.968000 0.628000 0.988000 0.621000
6 0.990000 0.621000 0.969000 0.626000 0.966000 0.618000 0.988000 0.612000
4 0.985000 0.614000 0.965000 0.619000 0.963000 0.610000 0.983000 0.605000
4 0.983000 0.603000 0.963000 0.610000 0.959000 0.601000 0.979000 0.594000
4 0.976000 0.596000 0.955000 0.603000 0.951000 0.593000 0.972000 0.586000
4 0.970000 0.587000 0.950000 0.594000 0.948000 0.585000 0.968000 0.578000
4 0.969000 0.577000 0.945000 0.583000 0.943000 0.575000 0.967000 0.569000
6 0.613000 0.590000 0.591000 0.596000 0.588000 0.589000 0.611000 0.582000
6 0.605000 0.581000 0.584000 0.588000 0.582000 0.580000 0.602000 0.574000
4 0.603000 0.575000 0.583000 0.580000 0.580000 0.570000 0.600000 0.565000
6 0.598000 0.566000 0.576000 0.572000 0.574000 0.563000 0.595000 0.556000
6 0.590000 0.555000 0.572000 0.561000 0.569000 0.552000 0.587000 0.546000
4 0.583000 0.537000 0.563000 0.545000 0.559000 0.536000 0.580000 0.529000
4 0.580000 0.529000 0.560000 0.534000 0.558000 0.525000 0.578000 0.520000
4 0.571000 0.511000 0.551000 0.519000 0.549000 0.510000 0.568000 0.503000
6 0.566000 0.504000 0.546000 0.511000 0.544000 0.504000 0.564000 0.497000
4 0.563000 0.494000 0.543000 0.500000 0.541000 0.492000 0.561000 0.486000
4 0.558000 0.485000 0.539000 0.491000 0.536000 0.483000 0.556000 0.478000
4 0.556000 0.477000 0.536000 0.482000 0.534000 0.473000 0.553000 0.467000
4 0.639000 0.507000 0.618000 0.514000 0.616000 0.506000 0.636000 0.498000
6 0.637000 0.498000 0.616000 0.503000 0.615000 0.496000 0.635000 0.490000
4 0.632000 0.490000 0.612000 0.496000 0.610000 0.487000 0.629000 0.480000
4 0.627000 0.481000 0.608000 0.487000 0.605000 0.479000 0.624000 0.473000
6 0.624000 0.474000 0.604000 0.479000 0.602000 0.471000 0.621000 0.465000
4 0.619000 0.464000 0.600000 0.471000 0.596000 0.462000 0.615000 0.455000
4 0.615000 0.457000 0.595000 0.462000 0.593000 0.454000 0.613000 0.449000
4 0.611000 0.446000 0.589000 0.454000 0.586000 0.444000 0.607000 0.436000
6 0.649000 0.526000 0.630000 0.530000 0.628000 0.520000 0.647000 0.516000
4 0.650000 0.534000 0.633000 0.538000 0.632000 0.531000 0.649000 0.527000
4 0.657000 0.539000 0.639000 0.548000 0.635000 0.541000 0.654000 0.533000
5 0.663000 0.550000 0.639000 0.557000 0.636000 0.547000 0.659000 0.539000
4 0.668000 0.570000 0.647000 0.575000 0.645000 0.564000 0.665000 0.558000
4 0.672000 0.576000 0.653000 0.581000 0.651000 0.574000 0.670000 0.569000
4 0.675000 0.584000 0.657000 0.589000 0.655000 0.581000 0.673000 0.576000
6 0.680000 0.592000 0.663000 0.599000 0.661000 0.593000 0.678000 0.586000
4 0.684000 0.601000 0.665000 0.608000 0.663000 0.601000 0.681000 0.594000
4 0.706000 0.594000 0.686000 0.600000 0.684000 0.592000 0.704000 0.586000
4 0.703000 0.586000 0.683000 0.592000 0.680000 0.583000 0.700000 0.577000
6 0.699000 0.579000 0.678000 0.583000 0.677000 0.574000 0.697000 0.569000
4 0.695000 0.569000 0.676000 0.576000 0.673000 0.569000 0.692000 0.562000
4 0.693000 0.562000 0.672000 0.569000 0.669000 0.560000 0.690000 0.553000
6 0.687000 0.555000 0.664000 0.560000 0.663000 0.552000 0.685000 0.546000
4 0.689000 0.542000 0.668000 0.548000 0.666000 0.539000 0.687000 0.533000
4 0.683000 0.534000 0.662000 0.542000 0.657000 0.529000 0.679000 0.522000
4 0.674000 0.519000 0.652000 0.525000 0.650000 0.516000 0.672000 0.510000
6 0.667000 0.507000 0.651000 0.513000 0.649000 0.506000 0.665000 0.500000
4 0.653000 0.483000 0.635000 0.488000 0.633000 0.479000 0.651000 0.475000
4 0.647000 0.474000 0.630000 0.481000 0.627000 0.474000 0.645000 0.468000
4 0.647000 0.466000 0.626000 0.472000 0.623000 0.463000 0.644000 0.457000
4 0.641000 0.458000 0.622000 0.464000 0.619000 0.455000 0.639000 0.450000
4 0.639000 0.448000 0.621000 0.454000 0.619000 0.447000 0.637000 0.441000
4 0.634000 0.441000 0.614000 0.448000 0.611000 0.440000 0.632000 0.434000
4 0.708000 0.457000 0.690000 0.463000 0.688000 0.456000 0.706000 0.450000
4 0.705000 0.449000 0.686000 0.456000 0.683000 0.448000 0.703000 0.442000
4 0.699000 0.440000 0.680000 0.446000 0.678000 0.438000 0.696000 0.431000
6 0.695000 0.433000 0.675000 0.439000 0.673000 0.431000 0.693000 0.425000
4 0.691000 0.423000 0.672000 0.429000 0.668000 0.420000 0.688000 0.413000
6 0.710000 0.468000 0.690000 0.472000 0.689000 0.463000 0.708000 0.458000
4 0.715000 0.476000 0.695000 0.482000 0.693000 0.474000 0.713000 0.468000
4 0.719000 0.485000 0.703000 0.492000 0.700000 0.484000 0.716000 0.477000
6 0.723000 0.493000 0.705000 0.499000 0.704000 0.492000 0.721000 0.487000
4 0.726000 0.500000 0.709000 0.505000 0.706000 0.499000 0.724000 0.493000
4 0.729000 0.511000 0.712000 0.515000 0.710000 0.507000 0.728000 0.504000
6 0.735000 0.518000 0.715000 0.524000 0.713000 0.515000 0.732000 0.508000
4 0.739000 0.527000 0.723000 0.532000 0.720000 0.523000 0.737000 0.519000
4 0.743000 0.535000 0.726000 0.541000 0.724000 0.535000 0.741000 0.529000
6 0.748000 0.546000 0.729000 0.551000 0.727000 0.542000 0.745000 0.536000
4 0.753000 0.556000 0.735000 0.561000 0.733000 0.552000 0.751000 0.547000
6 0.758000 0.561000 0.740000 0.567000 0.738000 0.561000 0.756000 0.555000
4 0.762000 0.571000 0.740000 0.575000 0.739000 0.566000 0.760000 0.561000
4 0.763000 0.577000 0.744000 0.583000 0.742000 0.576000 0.761000 0.570000
6 0.786000 0.573000 0.765000 0.579000 0.763000 0.571000 0.785000 0.566000
6 0.784000 0.565000 0.765000 0.570000 0.763000 0.563000 0.782000 0.558000
4 0.780000 0.557000 0.758000 0.562000 0.756000 0.553000 0.778000 0.548000
4 0.775000 0.547000 0.757000 0.553000 0.755000 0.546000 0.773000 0.540000
4 0.771000 0.539000 0.751000 0.546000 0.747000 0.536000 0.767000 0.529000
4 0.767000 0.531000 0.747000 0.536000 0.745000 0.527000 0.765000 0.522000
4 0.761000 0.520000 0.744000 0.527000 0.740000 0.518000 0.757000 0.511000
4 0.756000 0.512000 0.738000 0.518000 0.735000 0.510000 0.753000 0.504000
6 0.754000 0.503000 0.734000 0.510000 0.732000 0.503000 0.752000 0.496000
4 0.750000 0.497000 0.730000 0.504000 0.726000 0.493000 0.746000 0.486000
4 0.745000 0.486000 0.724000 0.493000 0.721000 0.485000 0.742000 0.478000
4 0.741000 0.479000 0.718000 0.484000 0.717000 0.476000 0.739000 0.470000
4 0.735000 0.468000 0.717000 0.475000 0.714000 0.468000 0.733000 0.462000
4 0.730000 0.459000 0.711000 0.465000 0.708000 0.457000 0.728000 0.450000
6 0.728000 0.451000 0.709000 0.456000 0.708000 0.450000 0.726000 0.444000
4 0.725000 0.443000 0.706000 0.449000 0.704000 0.440000 0.723000 0.434000
4 0.721000 0.436000 0.701000 0.442000 0.698000 0.432000 0.718000 0.426000
4 0.714000 0.427000 0.696000 0.432000 0.694000 0.424000 0.712000 0.419000
6 0.713000 0.417000 0.693000 0.423000 0.690000 0.414000 0.711000 0.409000
6 0.616000 0.427000 0.607000 0.430000 0.600000 0.414000 0.609000 0.411000
4 0.696000 0.405000 0.685000 0.409000 0.680000 0.393000 0.691000 0.389000
4 0.706000 0.403000 0.698000 0.407000 0.690000 0.387000 0.698000 0.383000
4 0.784000 0.433000 0.768000 0.440000 0.766000 0.434000 0.782000 0.427000
6 0.782000 0.427000 0.761000 0.434000 0.759000 0.424000 0.779000 0.418000
4 0.778000 0.418000 0.757000 0.423000 0.754000 0.415000 0.776000 0.409000
4 0.772000 0.409000 0.753000 0.414000 0.751000 0.405000 0.770000 0.400000
4 0.769000 0.400000 0.750000 0.406000 0.747000 0.398000 0.767000 0.393000
4 0.789000 0.445000 0.772000 0.449000 0.769000 0.440000 0.786000 0.435000
4 0.794000 0.452000 0.773000 0.457000 0.772000 0.450000 0.792000 0.444000
4 0.797000 0.462000 0.777000 0.467000 0.775000 0.459000 0.795000 0.454000
6 0.800000 0.470000 0.782000 0.473000 0.780000 0.466000 0.798000 0.463000
4 0.806000 0.477000 0.788000 0.484000 0.785000 0.477000 0.802000 0.469000
6 0.810000 0.487000 0.790000 0.494000 0.788000 0.486000 0.807000 0.478000
4 0.815000 0.496000 0.796000 0.503000 0.792000 0.495000 0.812000 0.487000
6 0.826000 0.522000 0.807000 0.528000 0.805000 0.520000 0.824000 0.514000
4 0.835000 0.539000 0.814000 0.545000 0.812000 0.538000 0.833000 0.532000
4 0.839000 0.548000 0.819000 0.553000 0.818000 0.546000 0.837000 0.540000
4 0.843000 0.555000 0.825000 0.562000 0.822000 0.554000 0.841000 0.548000
4 0.866000 0.549000 0.847000 0.555000 0.844000 0.547000 0.864000 0.541000
4 0.865000 0.542000 0.843000 0.548000 0.841000 0.538000 0.862000 0.531000
4 0.858000 0.534000 0.836000 0.540000 0.834000 0.531000 0.856000 0.525000
4 0.850000 0.525000 0.832000 0.532000 0.829000 0.523000 0.846000 0.515000
4 0.845000 0.517000 0.827000 0.522000 0.825000 0.512000 0.843000 0.507000
4 0.841000 0.507000 0.823000 0.513000 0.821000 0.505000 0.839000 0.499000
6 0.839000 0.499000 0.820000 0.504000 0.819000 0.498000 0.837000 0.492000
6 0.838000 0.492000 0.815000 0.498000 0.813000 0.488000 0.835000 0.481000
4 0.832000 0.481000 0.811000 0.489000 0.808000 0.478000 0.828000 0.470000
6 0.829000 0.469000 0.812000 0.476000 0.808000 0.469000 0.826000 0.461000
4 0.825000 0.461000 0.809000 0.469000 0.805000 0.462000 0.822000 0.455000
4 0.821000 0.454000 0.801000 0.461000 0.798000 0.451000 0.818000 0.444000
4 0.817000 0.446000 0.797000 0.450000 0.796000 0.442000 0.816000 0.438000
6 0.815000 0.436000 0.791000 0.442000 0.790000 0.433000 0.813000 0.428000
5 0.811000 0.428000 0.787000 0.435000 0.784000 0.426000 0.808000 0.419000
6 0.804000 0.421000 0.782000 0.426000 0.781000 0.418000 0.802000 0.412000
4 0.799000 0.411000 0.780000 0.418000 0.776000 0.409000 0.795000 0.402000
6 0.796000 0.401000 0.777000 0.409000 0.774000 0.402000 0.793000 0.394000
4 0.794000 0.395000 0.774000 0.400000 0.771000 0.392000 0.791000 0.386000
6 0.752000 0.391000 0.745000 0.395000 0.737000 0.379000 0.745000 0.376000
5 0.762000 0.386000 0.754000 0.390000 0.747000 0.373000 0.755000 0.369000
4 0.774000 0.382000 0.765000 0.386000 0.757000 0.365000 0.766000 0.361000
4 0.786000 0.380000 0.778000 0.384000 0.769000 0.363000 0.778000 0.360000
6 0.923000 0.534000 0.903000 0.541000 0.900000 0.533000 0.921000 0.527000
5 0.919000 0.525000 0.896000 0.533000 0.894000 0.526000 0.916000 0.517000
6 0.911000 0.518000 0.892000 0.524000 0.889000 0.513000 0.907000 0.506000
4 0.909000 0.505000 0.891000 0.511000 0.889000 0.505000 0.908000 0.500000
6 0.906000 0.498000 0.888000 0.504000 0.886000 0.496000 0.903000 0.491000
4 0.898000 0.490000 0.882000 0.497000 0.879000 0.489000 0.894000 0.481000
4 0.894000 0.483000 0.877000 0.486000 0.875000 0.476000 0.893000 0.472000
4 0.892000 0.473000 0.872000 0.479000 0.870000 0.471000 0.890000 0.465000
4 0.889000 0.465000 0.866000 0.472000 0.863000 0.463000 0.887000 0.457000
4 0.885000 0.457000 0.865000 0.461000 0.863000 0.453000 0.883000 0.449000
4 0.880000 0.447000 0.859000 0.454000 0.856000 0.446000 0.878000 0.440000
4 0.875000 0.436000 0.855000 0.443000 0.853000 0.435000 0.873000 0.428000
4 0.871000 0.430000 0.851000 0.436000 0.849000 0.429000 0.869000 0.423000
4 0.868000 0.421000 0.849000 0.427000 0.846000 0.421000 0.866000 0.414000
4 0.863000 0.414000 0.841000 0.419000 0.840000 0.411000 0.861000 0.405000
4 0.861000 0.403000 0.841000 0.408000 0.839000 0.400000 0.859000 0.395000
4 0.856000 0.394000 0.839000 0.400000 0.836000 0.392000 0.853000 0.386000
4 0.855000 0.385000 0.836000 0.391000 0.834000 0.383000 0.852000 0.376000
4 0.849000 0.377000 0.830000 0.383000 0.827000 0.375000 0.847000 0.370000
6 0.944000 0.527000 0.925000 0.533000 0.922000 0.525000 0.942000 0.520000
6 0.940000 0.519000 0.921000 0.525000 0.919000 0.517000 0.938000 0.511000
6 0.933000 0.511000 0.914000 0.516000 0.912000 0.509000 0.932000 0.505000
6 0.933000 0.501000 0.915000 0.506000 0.913000 0.499000 0.932000 0.493000
6 0.929000 0.493000 0.911000 0.498000 0.909000 0.491000 0.928000 0.485000
5 0.924000 0.483000 0.904000 0.490000 0.902000 0.483000 0.921000 0.477000
4 0.921000 0.473000 0.902000 0.480000 0.899000 0.473000 0.919000 0.466000
5 0.920000 0.465000 0.894000 0.474000 0.890000 0.464000 0.917000 0.456000
4 0.910000 0.458000 0.891000 0.464000 0.889000 0.457000 0.908000 0.451000
4 0.906000 0.449000 0.887000 0.455000 0.884000 0.447000 0.903000 0.441000
5 0.908000 0.440000 0.882000 0.447000 0.880000 0.439000 0.905000 0.431000
4 0.898000 0.431000 0.878000 0.440000 0.874000 0.430000 0.894000 0.421000
6 0.894000 0.424000 0.874000 0.431000 0.871000 0.423000 0.891000 0.416000
4 0.892000 0.413000 0.876000 0.419000 0.873000 0.411000 0.889000 0.405000
4 0.884000 0.406000 0.867000 0.414000 0.863000 0.406000 0.881000 0.399000
6 0.883000 0.397000 0.862000 0.405000 0.859000 0.396000 0.881000 0.389000
6 0.879000 0.387000 0.859000 0.395000 0.856000 0.388000 0.877000 0.381000
6 0.875000 0.380000 0.857000 0.386000 0.854000 0.377000 0.872000 0.371000
6 0.871000 0.371000 0.851000 0.379000 0.847000 0.369000 0.867000 0.361000
5 0.843000 0.363000 0.836000 0.367000 0.827000 0.350000 0.835000 0.347000
6 0.865000 0.354000 0.858000 0.358000 0.851000 0.343000 0.858000 0.339000
4 0.969000 0.381000 0.945000 0.390000 0.942000 0.381000 0.965000 0.373000
4 0.942000 0.380000 0.923000 0.385000 0.920000 0.375000 0.939000 0.370000
6 0.963000 0.373000 0.944000 0.381000 0.941000 0.373000 0.961000 0.366000
6 0.960000 0.365000 0.938000 0.373000 0.935000 0.365000 0.958000 0.358000
4 0.937000 0.371000 0.917000 0.377000 0.915000 0.368000 0.934000 0.361000
4 0.932000 0.363000 0.913000 0.369000 0.910000 0.361000 0.930000 0.354000
4 0.953000 0.358000 0.934000 0.364000 0.930000 0.355000 0.950000 0.348000
4 0.927000 0.355000 0.907000 0.361000 0.906000 0.353000 0.925000 0.348000
6 0.948000 0.348000 0.928000 0.356000 0.925000 0.349000 0.946000 0.342000
6 0.913000 0.344000 0.905000 0.349000 0.898000 0.334000 0.906000 0.329000
4 0.922000 0.340000 0.915000 0.343000 0.906000 0.325000 0.912000 0.321000
4 0.933000 0.336000 0.925000 0.340000 0.917000 0.324000 0.925000 0.320000
6 0.944000 0.334000 0.937000 0.337000 0.930000 0.323000 0.937000 0.320000
4 0.999000 0.844000 0.980000 0.850000 0.976000 0.838000 0.996000 0.833000
6 0.980000 0.859000 0.960000 0.866000 0.957000 0.858000 0.978000 0.852000
6 1.000000 0.863000 0.988000 0.866000 0.986000 0.858000 1.000000 0.854000
4 0.995000 0.893000 0.976000 0.899000 0.973000 0.889000 0.992000 0.883000
4 1.000000 0.358000 1.000000 0.358000 1.000000 0.358000 1.000000 0.358000
4 0.940000 0.292000 0.933000 0.296000 0.925000 0.279000 0.932000 0.275000
4 0.942000 0.388000 0.924000 0.394000 0.922000 0.386000 0.940000 0.380000
4 0.948000 0.398000 0.925000 0.402000 0.924000 0.395000 0.947000 0.390000
4 0.972000 0.389000 0.951000 0.398000 0.948000 0.392000 0.970000 0.384000
4 0.974000 0.399000 0.958000 0.406000 0.954000 0.396000 0.971000 0.390000
4 0.953000 0.406000 0.933000 0.412000 0.931000 0.404000 0.950000 0.398000
4 0.955000 0.415000 0.935000 0.421000 0.932000 0.411000 0.953000 0.406000
4 0.977000 0.408000 0.958000 0.413000 0.956000 0.406000 0.975000 0.401000
4 0.979000 0.418000 0.961000 0.424000 0.958000 0.414000 0.976000 0.408000
4 0.959000 0.424000 0.940000 0.431000 0.936000 0.422000 0.955000 0.415000
4 0.985000 0.426000 0.966000 0.433000 0.963000 0.425000 0.981000 0.417000
4 0.964000 0.434000 0.946000 0.440000 0.943000 0.431000 0.961000 0.425000
6 0.969000 0.440000 0.951000 0.446000 0.949000 0.440000 0.967000 0.434000
4 0.990000 0.432000 0.973000 0.440000 0.970000 0.433000 0.987000 0.425000
4 0.995000 0.442000 0.976000 0.449000 0.972000 0.441000 0.992000 0.433000
4 0.973000 0.448000 0.953000 0.456000 0.949000 0.447000 0.970000 0.440000
4 0.977000 0.458000 0.957000 0.464000 0.955000 0.456000 0.974000 0.449000
6 1.000000 0.452000 0.980000 0.458000 0.978000 0.450000 0.998000 0.445000
4 1.000000 0.462000 0.982000 0.467000 0.980000 0.459000 1.000000 0.454000
4 1.000000 0.472000 0.986000 0.477000 0.984000 0.468000 1.000000 0.463000
6 1.000000 0.503000 1.000000 0.503000 1.000000 0.503000 1.000000 0.503000
4 0.980000 0.467000 0.962000 0.473000 0.960000 0.465000 0.977000 0.458000
4 0.986000 0.476000 0.965000 0.481000 0.963000 0.472000 0.983000 0.466000
4 0.988000 0.484000 0.968000 0.491000 0.965000 0.483000 0.986000 0.477000
6 0.992000 0.492000 0.973000 0.499000 0.970000 0.492000 0.988000 0.484000
4 0.995000 0.501000 0.976000 0.508000 0.974000 0.501000 0.992000 0.495000
4 0.999000 0.511000 0.980000 0.516000 0.978000 0.507000 0.997000 0.502000
4 0.550000 0.471000 0.528000 0.477000 0.526000 0.468000 0.547000 0.461000
4 0.536000 0.462000 0.524000 0.465000 0.522000 0.457000 0.534000 0.454000
