4 0.012000 0.637000 0.000000 0.637000 0.000000 0.630000 0.012000 0.630000
6 0.131000 0.643000 0.110000 0.643000 0.110000 0.635000 0.131000 0.635000
4 0.245000 0.646000 0.224000 0.646000 0.224000 0.638000 0.245000 0.638000
4 0.275280 0.688011 0.275000 0.695000 0.249720 0.693989 0.250000 0.687000
6 0.366367 0.690019 0.366000 0.697000 0.346633 0.695981 0.347000 0.689000
4 0.407000 0.655000 0.384000 0.655000 0.384000 0.647000 0.407000 0.647000
6 0.565333 0.656014 0.565000 0.664000 0.540667 0.662986 0.541000 0.655000
4 0.738000 0.675000 0.716000 0.675000 0.716000 0.667000 0.738000 0.667000
6 0.877000 0.729000 0.876297 0.736030 0.856000 0.734000 0.856703 0.726970
32 0.955000 0.837000 0.953000 0.959000 0.796993 0.956443 0.798993 0.834443
32 0.336000 0.831000 0.326074 0.976074 0.135000 0.963000 0.144926 0.817927
