5 0.535000 0.514000 0.511000 0.514000 0.511000 0.507000 0.535000 0.507000
4 0.507000 0.513000 0.485000 0.513000 0.485000 0.506000 0.507000 0.506000
4 0.255000 0.475000 0.254000 0.481000 0.233000 0.479000 0.233000 0.472000
6 0.252000 0.438000 0.230000 0.438000 0.230000 0.431000 0.252000 0.431000
6 0.253000 0.428000 0.231000 0.428000 0.231000 0.421000 0.253000 0.421000
6 0.253000 0.413000 0.253000 0.419000 0.229000 0.416000 0.230000 0.411000
6 0.251000 0.390000 0.251000 0.397000 0.227000 0.396000 0.227000 0.389000
6 0.249000 0.380000 0.248000 0.388000 0.224000 0.386000 0.224000 0.377000
4 0.177000 0.367000 0.156000 0.367000 0.156000 0.362000 0.177000 0.362000
4 0.179000 0.355000 0.158000 0.356000 0.158000 0.351000 0.179000 0.350000
6 0.176000 0.377000 0.152000 0.377000 0.152000 0.369000 0.176000 0.369000
6 0.177000 0.388000 0.156000 0.388000 0.156000 0.381000 0.177000 0.381000
4 0.177000 0.397000 0.155000 0.397000 0.155000 0.390000 0.177000 0.390000
6 0.175000 0.408000 0.152000 0.408000 0.152000 0.399000 0.175000 0.399000
4 0.177000 0.420000 0.156000 0.420000 0.156000 0.411000 0.177000 0.411000
6 0.173000 0.428000 0.153000 0.428000 0.153000 0.420000 0.173000 0.420000
6 0.177000 0.449000 0.156000 0.449000 0.156000 0.440000 0.177000 0.440000
6 0.177000 0.469000 0.153000 0.469000 0.153000 0.462000 0.177000 0.462000
4 0.151000 0.458000 0.128000 0.459000 0.128000 0.452000 0.150000 0.450000
6 0.143000 0.479000 0.113000 0.479000 0.113000 0.470000 0.143000 0.470000
6 0.148000 0.441000 0.148000 0.449000 0.126000 0.447000 0.127000 0.440000
4 0.151000 0.438000 0.126000 0.440000 0.126000 0.432000 0.150000 0.429000
4 0.151000 0.429000 0.130000 0.429000 0.130000 0.421000 0.151000 0.421000
4 0.153000 0.390000 0.152000 0.399000 0.128000 0.397000 0.129000 0.388000
6 0.145000 0.367000 0.145000 0.376000 0.118000 0.374000 0.119000 0.366000
4 0.146000 0.364000 0.121000 0.364000 0.121000 0.357000 0.146000 0.357000
4 0.196000 0.325000 0.190000 0.330000 0.182000 0.322000 0.188000 0.317000
6 0.090000 0.369000 0.089000 0.377000 0.068000 0.375000 0.069000 0.367000
4 0.089000 0.383000 0.089000 0.389000 0.070000 0.387000 0.071000 0.380000
4 0.086000 0.398000 0.070000 0.398000 0.070000 0.391000 0.086000 0.391000
6 0.091000 0.433000 0.088000 0.439000 0.067000 0.429000 0.071000 0.422000
6 0.092000 0.444000 0.089000 0.450000 0.071000 0.442000 0.073000 0.435000
6 0.018000 0.350000 0.000000 0.350000 0.000000 0.343000 0.018000 0.343000
4 0.093000 0.365000 0.071000 0.365000 0.071000 0.358000 0.093000 0.358000
6 0.256000 0.326000 0.252000 0.332000 0.241000 0.323000 0.245000 0.317000
6 0.245000 0.330000 0.240000 0.334000 0.229000 0.323000 0.233000 0.318000
6 0.298000 0.329000 0.294000 0.335000 0.278000 0.321000 0.282000 0.315000
6 0.312000 0.332000 0.307000 0.337000 0.291000 0.322000 0.295000 0.316000
4 0.323000 0.330000 0.319000 0.335000 0.301000 0.320000 0.306000 0.314000
6 0.324000 0.294000 0.311000 0.302000 0.306000 0.294000 0.319000 0.286000
5 0.298000 0.290000 0.285000 0.302000 0.281000 0.298000 0.293000 0.285000
6 0.313000 0.289000 0.302000 0.300000 0.298000 0.296000 0.309000 0.285000
6 0.269000 0.290000 0.257000 0.301000 0.253000 0.297000 0.264000 0.285000
6 0.241000 0.290000 0.227000 0.303000 0.222000 0.297000 0.236000 0.284000
4 0.229000 0.290000 0.216000 0.303000 0.209000 0.296000 0.222000 0.283000
6 0.214000 0.287000 0.202000 0.301000 0.197000 0.296000 0.209000 0.282000
4 0.041000 0.273000 0.038000 0.281000 0.019000 0.274000 0.021000 0.265000
4 0.039000 0.255000 0.036000 0.262000 0.015000 0.250000 0.018000 0.244000
6 0.030000 0.213000 0.006000 0.214000 0.005000 0.208000 0.029000 0.206000
6 0.030000 0.204000 0.009000 0.204000 0.009000 0.196000 0.030000 0.196000
6 0.032000 0.179000 0.031000 0.187000 0.006000 0.186000 0.007000 0.178000
6 0.030000 0.169000 0.029000 0.175000 0.005000 0.174000 0.006000 0.168000
6 0.032000 0.160000 0.031000 0.168000 0.008000 0.166000 0.008000 0.157000
6 0.102000 0.217000 0.100000 0.232000 0.091000 0.232000 0.092000 0.216000
6 0.113000 0.232000 0.104000 0.232000 0.104000 0.218000 0.113000 0.218000
6 0.148000 0.229000 0.140000 0.230000 0.139000 0.214000 0.147000 0.213000
4 0.149000 0.210000 0.139000 0.210000 0.139000 0.193000 0.149000 0.193000
6 0.136000 0.209000 0.126000 0.209000 0.126000 0.193000 0.136000 0.193000
5 0.113000 0.196000 0.111000 0.215000 0.103000 0.215000 0.104000 0.195000
6 0.148000 0.166000 0.141000 0.166000 0.141000 0.152000 0.148000 0.152000
5 0.237000 0.109000 0.216000 0.109000 0.216000 0.102000 0.237000 0.102000
6 0.211000 0.110000 0.191000 0.110000 0.191000 0.103000 0.211000 0.103000
6 0.186000 0.110000 0.162000 0.110000 0.162000 0.103000 0.186000 0.103000
6 0.136000 0.105000 0.135000 0.112000 0.116000 0.110000 0.116000 0.102000
6 0.058000 0.109000 0.037000 0.109000 0.037000 0.103000 0.058000 0.103000
4 0.394000 0.062000 0.394000 0.070000 0.374000 0.069000 0.374000 0.061000
6 0.395000 0.052000 0.395000 0.061000 0.371000 0.060000 0.371000 0.051000
6 0.395000 0.044000 0.395000 0.051000 0.373000 0.050000 0.373000 0.043000
4 0.395000 0.041000 0.375000 0.041000 0.375000 0.034000 0.395000 0.034000
6 0.396000 0.033000 0.373000 0.033000 0.373000 0.025000 0.396000 0.025000
4 0.397000 0.023000 0.376000 0.023000 0.376000 0.016000 0.397000 0.016000
6 0.398000 0.014000 0.375000 0.014000 0.375000 0.006000 0.398000 0.006000
4 0.461000 0.013000 0.441000 0.013000 0.441000 0.007000 0.461000 0.007000
4 0.463000 0.015000 0.462000 0.023000 0.440000 0.022000 0.441000 0.015000
4 0.492000 0.006000 0.470000 0.006000 0.470000 0.000000 0.492000 0.000000
6 0.487000 0.015000 0.487000 0.023000 0.465000 0.021000 0.466000 0.014000
6 0.450000 0.023000 0.450000 0.033000 0.429000 0.032000 0.429000 0.022000
5 0.493000 0.024000 0.493000 0.034000 0.465000 0.032000 0.465000 0.022000
6 0.491000 0.034000 0.491000 0.042000 0.467000 0.041000 0.467000 0.033000
6 0.460000 0.041000 0.435000 0.041000 0.435000 0.033000 0.460000 0.033000
6 0.487000 0.052000 0.469000 0.052000 0.469000 0.045000 0.487000 0.045000
4 0.460000 0.061000 0.439000 0.061000 0.439000 0.053000 0.460000 0.053000
4 0.488000 0.077000 0.467000 0.079000 0.466000 0.073000 0.488000 0.072000
6 0.555000 0.044000 0.555000 0.053000 0.531000 0.051000 0.531000 0.042000
6 0.559000 0.031000 0.538000 0.034000 0.537000 0.027000 0.558000 0.024000
6 0.557000 0.006000 0.531000 0.006000 0.531000 0.000000 0.557000 0.000000
5 0.953000 0.070000 0.926000 0.070000 0.926000 0.062000 0.953000 0.062000
4 0.954000 0.053000 0.953000 0.061000 0.921000 0.058000 0.921000 0.051000
6 0.953000 0.021000 0.953000 0.028000 0.926000 0.027000 0.926000 0.019000
6 0.995000 0.009000 0.967000 0.009000 0.967000 0.000000 0.995000 0.000000
6 0.998000 0.019000 0.969000 0.019000 0.969000 0.012000 0.998000 0.012000
6 0.996000 0.042000 0.976000 0.042000 0.976000 0.034000 0.996000 0.034000
4 0.998000 0.051000 0.976000 0.056000 0.975000 0.048000 0.997000 0.043000
6 0.998000 0.069000 0.998000 0.077000 0.975000 0.074000 0.976000 0.067000
4 0.990000 0.088000 0.970000 0.088000 0.970000 0.081000 0.990000 0.081000
6 0.994000 0.111000 0.974000 0.111000 0.974000 0.104000 0.994000 0.104000
6 0.958000 0.110000 0.933000 0.110000 0.933000 0.103000 0.958000 0.103000
6 0.904000 0.115000 0.882000 0.121000 0.879000 0.111000 0.901000 0.105000
6 0.760000 0.110000 0.738000 0.110000 0.738000 0.102000 0.760000 0.102000
6 0.964000 0.495000 0.954000 0.495000 0.954000 0.477000 0.964000 0.477000
6 0.964000 0.472000 0.953000 0.474000 0.952000 0.457000 0.962000 0.455000
5 0.771000 0.808000 0.746000 0.808000 0.746000 0.801000 0.771000 0.801000
5 0.793000 0.793000 0.793000 0.800000 0.766000 0.797000 0.767000 0.791000
5 0.712000 0.773000 0.692000 0.773000 0.692000 0.767000 0.712000 0.767000
6 0.689000 0.777000 0.689000 0.784000 0.667000 0.783000 0.667000 0.776000
5 0.686000 0.795000 0.664000 0.795000 0.664000 0.790000 0.686000 0.790000
6 0.632000 0.834000 0.621000 0.834000 0.620000 0.816000 0.631000 0.816000
6 0.606000 0.852000 0.599000 0.852000 0.598000 0.840000 0.604000 0.839000
6 0.568000 0.857000 0.549000 0.859000 0.548000 0.854000 0.568000 0.853000
6 0.606000 0.973000 0.598000 0.974000 0.596000 0.959000 0.603000 0.957000
6 0.764000 0.897000 0.755000 0.898000 0.754000 0.882000 0.763000 0.881000
6 0.766000 0.879000 0.755000 0.881000 0.752000 0.868000 0.763000 0.866000
6 0.940000 0.952000 0.931000 0.952000 0.931000 0.935000 0.940000 0.935000
6 0.765000 0.938000 0.758000 0.938000 0.758000 0.925000 0.765000 0.925000
5 0.714000 0.610000 0.710000 0.629000 0.702000 0.628000 0.705000 0.608000
5 0.799000 0.514000 0.775000 0.514000 0.775000 0.508000 0.799000 0.508000
6 0.867000 0.506000 0.867000 0.514000 0.845000 0.512000 0.845000 0.504000
6 0.634000 0.461000 0.623000 0.461000 0.623000 0.443000 0.634000 0.443000
6 0.741000 0.012000 0.722000 0.013000 0.722000 0.006000 0.741000 0.005000
9 0.639000 0.545000 0.597000 0.545000 0.595000 0.500000 0.638000 0.499000
4 0.490000 0.060000 0.470000 0.060000 0.470000 0.052000 0.490000 0.052000
