9 0.956000 0.623000 0.889000 0.643000 0.875000 0.590000 0.941000 0.570000
9 0.473000 0.716000 0.426000 0.728000 0.410000 0.668000 0.458000 0.657000
9 0.096000 0.778000 0.044000 0.790000 0.030000 0.733000 0.081000 0.720000
4 0.906000 0.574000 0.896000 0.576000 0.891000 0.555000 0.900000 0.552000
4 0.897000 0.547000 0.888000 0.549000 0.883000 0.529000 0.891000 0.526000
4 0.826000 0.395000 0.816000 0.397000 0.812000 0.378000 0.821000 0.375000
4 0.838000 0.365000 0.829000 0.369000 0.822000 0.349000 0.832000 0.346000
4 0.807000 0.316000 0.797000 0.320000 0.789000 0.301000 0.798000 0.296000
4 0.817000 0.293000 0.807000 0.296000 0.801000 0.276000 0.811000 0.273000
4 0.784000 0.196000 0.773000 0.199000 0.766000 0.180000 0.778000 0.176000
5 0.515000 0.080000 0.486000 0.083000 0.486000 0.074000 0.514000 0.070000
6 0.565000 0.073000 0.549000 0.079000 0.545000 0.070000 0.561000 0.064000
6 0.568000 0.086000 0.546000 0.086000 0.546000 0.077000 0.568000 0.077000
5 0.611000 0.287000 0.595000 0.290000 0.593000 0.282000 0.609000 0.279000
6 0.617000 0.297000 0.592000 0.302000 0.591000 0.293000 0.616000 0.288000
5 0.621000 0.305000 0.593000 0.310000 0.591000 0.301000 0.619000 0.295000
5 0.614000 0.315000 0.601000 0.315000 0.601000 0.307000 0.614000 0.307000
4 0.621000 0.322000 0.598000 0.326000 0.597000 0.318000 0.620000 0.314000
4 0.622000 0.334000 0.603000 0.336000 0.603000 0.328000 0.621000 0.325000
4 0.525000 0.164000 0.509000 0.165000 0.508000 0.157000 0.524000 0.156000
4 0.397000 0.185000 0.381000 0.189000 0.378000 0.181000 0.394000 0.177000
4 0.309000 0.022000 0.301000 0.024000 0.298000 0.007000 0.305000 0.006000
4 0.321000 0.055000 0.311000 0.058000 0.304000 0.038000 0.314000 0.035000
4 0.340000 0.121000 0.329000 0.123000 0.324000 0.101000 0.335000 0.099000
6 0.301000 0.139000 0.291000 0.143000 0.284000 0.124000 0.294000 0.121000
4 0.133000 0.188000 0.122000 0.194000 0.113000 0.177000 0.125000 0.171000
5 0.127000 0.126000 0.099000 0.132000 0.097000 0.123000 0.126000 0.116000
6 0.075000 0.120000 0.050000 0.122000 0.050000 0.113000 0.074000 0.110000
6 0.123000 0.298000 0.113000 0.300000 0.109000 0.281000 0.119000 0.279000
4 0.134000 0.295000 0.125000 0.296000 0.123000 0.280000 0.131000 0.278000
5 0.240000 0.403000 0.213000 0.406000 0.212000 0.400000 0.240000 0.398000
4 0.586000 0.440000 0.571000 0.446000 0.567000 0.436000 0.583000 0.431000
4 0.585000 0.450000 0.573000 0.465000 0.567000 0.460000 0.578000 0.444000
6 0.570000 0.452000 0.558000 0.468000 0.551000 0.464000 0.562000 0.447000
4 0.555000 0.459000 0.541000 0.472000 0.535000 0.465000 0.548000 0.453000
5 0.494000 0.468000 0.476000 0.485000 0.466000 0.476000 0.484000 0.459000
4 0.459000 0.471000 0.448000 0.490000 0.438000 0.484000 0.449000 0.465000
4 0.444000 0.476000 0.431000 0.490000 0.422000 0.481000 0.435000 0.467000
4 0.024000 0.583000 0.015000 0.584000 0.013000 0.573000 0.021000 0.571000
3 0.212000 0.630000 0.187000 0.634000 0.185000 0.624000 0.211000 0.621000
4 0.291000 0.564000 0.272000 0.566000 0.272000 0.557000 0.291000 0.554000
4 0.162000 0.612000 0.154000 0.614000 0.150000 0.601000 0.158000 0.599000
6 0.154000 0.616000 0.145000 0.618000 0.141000 0.602000 0.151000 0.601000
6 0.617000 0.732000 0.606000 0.735000 0.601000 0.718000 0.613000 0.716000
11 0.060000 0.976000 0.050000 0.978000 0.047000 0.967000 0.057000 0.965000
5 0.065000 0.836000 0.053000 0.839000 0.046000 0.813000 0.058000 0.810000
4 0.077000 0.891000 0.066000 0.892000 0.064000 0.874000 0.074000 0.872000
6 0.121000 0.919000 0.108000 0.921000 0.104000 0.898000 0.117000 0.896000
4 0.276000 0.779000 0.269000 0.780000 0.267000 0.768000 0.274000 0.766000
6 0.299000 0.789000 0.281000 0.791000 0.281000 0.783000 0.299000 0.781000
4 0.236000 0.790000 0.213000 0.794000 0.211000 0.786000 0.234000 0.782000
4 0.237000 0.801000 0.215000 0.803000 0.215000 0.794000 0.237000 0.792000
4 0.238000 0.807000 0.217000 0.810000 0.216000 0.802000 0.237000 0.799000
5 0.247000 0.817000 0.223000 0.820000 0.222000 0.811000 0.245000 0.807000
5 0.317000 0.867000 0.290000 0.870000 0.290000 0.860000 0.316000 0.858000
4 0.285000 0.899000 0.263000 0.903000 0.262000 0.894000 0.283000 0.889000
6 0.300000 0.948000 0.278000 0.950000 0.277000 0.939000 0.299000 0.937000
4 0.504000 0.970000 0.494000 0.973000 0.487000 0.954000 0.497000 0.951000
4 0.449000 0.770000 0.439000 0.773000 0.434000 0.753000 0.444000 0.750000
5 0.462000 0.819000 0.449000 0.822000 0.442000 0.797000 0.455000 0.794000
4 0.533000 0.870000 0.523000 0.875000 0.514000 0.861000 0.524000 0.856000
4 0.727000 0.775000 0.703000 0.777000 0.703000 0.767000 0.727000 0.765000
4 0.955000 0.845000 0.945000 0.848000 0.940000 0.832000 0.949000 0.828000
4 0.716000 0.917000 0.695000 0.921000 0.693000 0.911000 0.714000 0.907000
4 0.719000 0.924000 0.699000 0.929000 0.697000 0.921000 0.717000 0.916000
6 0.730000 0.969000 0.712000 0.972000 0.711000 0.961000 0.729000 0.958000
4 0.735000 0.985000 0.711000 0.989000 0.709000 0.979000 0.734000 0.974000
6 0.819000 0.992000 0.808000 0.995000 0.804000 0.977000 0.815000 0.974000
6 0.844000 0.990000 0.832000 0.992000 0.829000 0.975000 0.840000 0.972000
6 0.865000 0.985000 0.855000 0.988000 0.849000 0.970000 0.859000 0.967000
4 0.945000 0.973000 0.935000 0.975000 0.933000 0.959000 0.943000 0.957000
4 0.935000 0.973000 0.927000 0.976000 0.923000 0.960000 0.931000 0.957000
4 0.890000 0.984000 0.880000 0.987000 0.873000 0.968000 0.882000 0.964000
4 0.511000 0.094000 0.488000 0.097000 0.486000 0.087000 0.509000 0.084000
4 0.937000 0.612000 0.926000 0.616000 0.918000 0.596000 0.929000 0.592000
