4 0.891483 0.268909 0.875000 0.272000 0.873517 0.264091 0.890000 0.261000
4 0.887000 0.280000 0.876615 0.282077 0.875000 0.274000 0.885385 0.271923
4 0.244089 0.541012 0.243000 0.549000 0.220911 0.545988 0.222000 0.538000
6 0.953031 0.168465 0.945000 0.169000 0.944000 0.154000 0.952031 0.153465
6 0.786000 0.332000 0.780000 0.332000 0.780000 0.317000 0.786000 0.317000
6 0.987031 0.121465 0.979000 0.122000 0.977969 0.106535 0.986000 0.106000
4 0.975000 0.124000 0.965972 0.124531 0.964972 0.107531 0.974000 0.107000
5 0.963000 0.125000 0.952935 0.126589 0.949935 0.107589 0.960000 0.106000
9 0.933000 0.540000 0.922983 0.581069 0.894000 0.574000 0.904017 0.532931
6 0.900332 0.302982 0.882000 0.304000 0.881668 0.298018 0.900000 0.297000
5 0.900625 0.314934 0.881000 0.317000 0.880375 0.311066 0.900000 0.309000
5 0.828000 0.275000 0.814981 0.275566 0.813981 0.252566 0.827000 0.252000
6 0.826025 0.329472 0.816000 0.330000 0.815000 0.311000 0.825025 0.310472
5 0.630000 0.272000 0.625204 0.282097 0.585204 0.263097 0.590000 0.253000
3 0.801255 0.416995 0.754000 0.418000 0.753745 0.406005 0.801000 0.405000
3 0.143722 0.579876 0.133000 0.604000 0.124000 0.600000 0.134722 0.575876
