6 0.049000 0.748000 0.032000 0.760000 0.028000 0.752000 0.044000 0.741000
6 0.491000 0.841000 0.484000 0.848000 0.470000 0.834000 0.478000 0.826000
6 0.977000 0.391000 0.966000 0.392000 0.964000 0.377000 0.974000 0.375000
6 0.800000 0.245000 0.799000 0.254000 0.770000 0.251000 0.771000 0.242000
6 0.800000 0.264000 0.797000 0.282000 0.787000 0.280000 0.789000 0.263000
6 0.832000 0.263000 0.826000 0.279000 0.818000 0.277000 0.823000 0.260000
6 0.836000 0.245000 0.832000 0.262000 0.824000 0.260000 0.828000 0.243000
4 0.818000 0.206000 0.815000 0.222000 0.808000 0.221000 0.811000 0.205000
6 0.871000 0.129000 0.860000 0.146000 0.852000 0.141000 0.862000 0.123000
5 0.837000 0.093000 0.835000 0.101000 0.819000 0.096000 0.821000 0.088000
4 0.890000 0.072000 0.879000 0.087000 0.871000 0.080000 0.882000 0.065000
6 0.915000 0.086000 0.905000 0.103000 0.896000 0.099000 0.906000 0.082000
6 0.958000 0.025000 0.946000 0.043000 0.937000 0.037000 0.948000 0.018000
6 0.685000 0.862000 0.667000 0.874000 0.662000 0.866000 0.679000 0.853000
4 0.676000 0.837000 0.661000 0.846000 0.656000 0.838000 0.671000 0.829000
4 0.648000 0.825000 0.631000 0.835000 0.627000 0.829000 0.644000 0.819000
4 0.616000 0.772000 0.599000 0.784000 0.593000 0.777000 0.610000 0.765000
6 0.594000 0.756000 0.580000 0.765000 0.576000 0.759000 0.591000 0.751000
6 0.588000 0.751000 0.574000 0.759000 0.570000 0.751000 0.584000 0.743000
5 0.582000 0.745000 0.564000 0.754000 0.561000 0.747000 0.579000 0.738000
5 0.575000 0.726000 0.556000 0.737000 0.552000 0.730000 0.571000 0.719000
4 0.577000 0.734000 0.560000 0.744000 0.557000 0.738000 0.573000 0.727000
5 0.560000 0.744000 0.543000 0.755000 0.539000 0.749000 0.557000 0.739000
5 0.556000 0.737000 0.538000 0.750000 0.532000 0.742000 0.550000 0.729000
6 0.549000 0.730000 0.530000 0.743000 0.525000 0.735000 0.544000 0.722000
6 0.243000 0.495000 0.224000 0.504000 0.220000 0.495000 0.239000 0.486000
5 0.248000 0.435000 0.226000 0.448000 0.222000 0.440000 0.244000 0.427000
5 0.247000 0.470000 0.240000 0.476000 0.225000 0.458000 0.232000 0.452000
6 0.233000 0.426000 0.212000 0.439000 0.207000 0.430000 0.228000 0.417000
6 0.192000 0.446000 0.173000 0.455000 0.170000 0.449000 0.189000 0.440000
6 0.134000 0.485000 0.128000 0.491000 0.121000 0.484000 0.127000 0.478000
6 0.185000 0.487000 0.175000 0.503000 0.167000 0.498000 0.177000 0.482000
6 0.155000 0.506000 0.149000 0.512000 0.137000 0.501000 0.143000 0.495000
6 0.124000 0.476000 0.118000 0.483000 0.102000 0.469000 0.108000 0.463000
6 0.139000 0.437000 0.129000 0.454000 0.119000 0.447000 0.130000 0.431000
4 0.559000 0.088000 0.552000 0.094000 0.539000 0.081000 0.546000 0.075000
5 0.495000 0.070000 0.477000 0.085000 0.470000 0.075000 0.488000 0.060000
6 0.392000 0.121000 0.370000 0.132000 0.365000 0.122000 0.388000 0.112000
6 0.262000 0.236000 0.252000 0.236000 0.252000 0.220000 0.262000 0.220000
6 0.148000 0.358000 0.142000 0.363000 0.130000 0.351000 0.137000 0.346000
6 0.142000 0.365000 0.136000 0.371000 0.123000 0.359000 0.128000 0.352000
6 0.132000 0.371000 0.125000 0.377000 0.111000 0.362000 0.117000 0.355000
4 0.114000 0.382000 0.108000 0.389000 0.093000 0.377000 0.099000 0.370000
6 0.097000 0.394000 0.090000 0.402000 0.074000 0.388000 0.081000 0.380000
6 0.104000 0.494000 0.098000 0.501000 0.083000 0.488000 0.089000 0.481000
6 0.037000 0.434000 0.030000 0.442000 0.012000 0.426000 0.019000 0.419000
6 0.266000 0.520000 0.248000 0.529000 0.244000 0.520000 0.262000 0.511000
6 0.304000 0.461000 0.288000 0.473000 0.284000 0.467000 0.299000 0.456000
6 0.372000 0.517000 0.353000 0.529000 0.350000 0.523000 0.368000 0.512000
5 0.410000 0.582000 0.390000 0.598000 0.384000 0.590000 0.404000 0.574000
6 0.433000 0.615000 0.419000 0.627000 0.413000 0.620000 0.427000 0.608000
4 0.442000 0.620000 0.426000 0.633000 0.420000 0.626000 0.437000 0.614000
4 0.460000 0.611000 0.444000 0.623000 0.437000 0.614000 0.453000 0.602000
6 0.479000 0.633000 0.465000 0.642000 0.461000 0.635000 0.475000 0.626000
4 0.501000 0.654000 0.482000 0.665000 0.477000 0.657000 0.497000 0.647000
4 0.511000 0.663000 0.489000 0.674000 0.485000 0.667000 0.507000 0.655000
6 0.516000 0.671000 0.498000 0.682000 0.493000 0.675000 0.511000 0.663000
6 0.513000 0.706000 0.497000 0.715000 0.494000 0.710000 0.509000 0.701000
6 0.544000 0.704000 0.523000 0.718000 0.517000 0.711000 0.539000 0.696000
6 0.555000 0.711000 0.538000 0.721000 0.534000 0.714000 0.550000 0.703000
6 0.796000 0.546000 0.785000 0.548000 0.781000 0.527000 0.793000 0.526000
6 0.812000 0.603000 0.803000 0.607000 0.796000 0.590000 0.806000 0.587000
6 0.781000 0.662000 0.775000 0.668000 0.760000 0.655000 0.765000 0.648000
6 0.874000 0.757000 0.868000 0.763000 0.855000 0.750000 0.861000 0.744000
6 0.930000 0.809000 0.922000 0.816000 0.901000 0.795000 0.908000 0.787000
6 0.964000 0.800000 0.958000 0.806000 0.951000 0.798000 0.958000 0.793000
6 0.933000 0.920000 0.920000 0.933000 0.913000 0.926000 0.926000 0.913000
4 0.917000 0.935000 0.903000 0.949000 0.896000 0.942000 0.910000 0.928000
6 0.900000 0.949000 0.883000 0.964000 0.876000 0.956000 0.892000 0.940000
4 0.243000 0.730000 0.237000 0.737000 0.223000 0.725000 0.229000 0.718000
4 0.374000 0.851000 0.366000 0.858000 0.358000 0.847000 0.366000 0.840000
4 0.418000 0.889000 0.411000 0.896000 0.401000 0.885000 0.409000 0.879000
6 0.493000 0.955000 0.487000 0.962000 0.469000 0.946000 0.476000 0.940000
4 0.026000 0.097000 0.018000 0.102000 0.010000 0.088000 0.018000 0.083000
4 0.590000 0.339000 0.584000 0.346000 0.568000 0.333000 0.573000 0.325000
4 0.501000 0.391000 0.495000 0.396000 0.482000 0.382000 0.487000 0.376000
6 0.539000 0.424000 0.532000 0.431000 0.519000 0.419000 0.525000 0.411000
6 0.587000 0.436000 0.581000 0.442000 0.567000 0.429000 0.572000 0.422000
6 0.617000 0.501000 0.612000 0.508000 0.594000 0.494000 0.600000 0.488000
6 0.557000 0.442000 0.550000 0.449000 0.535000 0.432000 0.543000 0.425000
6 0.735000 0.917000 0.721000 0.926000 0.717000 0.919000 0.732000 0.911000
6 0.716000 0.865000 0.699000 0.877000 0.693000 0.869000 0.711000 0.858000
