6 0.954000 0.063000 0.948000 0.069000 0.938000 0.057000 0.944000 0.051000
4 0.952000 0.491000 0.942000 0.491000 0.942000 0.474000 0.952000 0.474000
9 0.445000 0.697000 0.390000 0.698000 0.389000 0.631000 0.444000 0.630000
9 0.427000 0.045000 0.391000 0.045000 0.391000 0.018000 0.427000 0.018000
9 0.430000 0.284000 0.391000 0.284000 0.391000 0.238000 0.430000 0.238000
3 0.678000 0.052000 0.668000 0.057000 0.661000 0.041000 0.671000 0.036000
4 0.897000 0.136000 0.886000 0.136000 0.886000 0.118000 0.897000 0.118000
4 0.947000 0.146000 0.943000 0.154000 0.925000 0.143000 0.928000 0.136000
5 0.919000 0.137000 0.908000 0.137000 0.908000 0.114000 0.919000 0.114000
4 0.966000 0.145000 0.963000 0.152000 0.944000 0.143000 0.948000 0.137000
4 0.819000 0.248000 0.800000 0.248000 0.800000 0.241000 0.819000 0.241000
6 0.733000 0.249000 0.720000 0.249000 0.720000 0.241000 0.733000 0.241000
6 0.500000 0.250000 0.481000 0.250000 0.481000 0.242000 0.500000 0.242000
4 0.715000 0.393000 0.710000 0.398000 0.697000 0.387000 0.702000 0.382000
4 0.709000 0.397000 0.704000 0.403000 0.692000 0.393000 0.697000 0.387000
6 0.933000 0.447000 0.923000 0.447000 0.923000 0.429000 0.933000 0.429000
4 0.826000 0.447000 0.817000 0.447000 0.817000 0.430000 0.826000 0.430000
4 0.917000 0.490000 0.907000 0.490000 0.907000 0.474000 0.917000 0.474000
6 0.778000 0.468000 0.763000 0.470000 0.762000 0.463000 0.778000 0.462000
4 0.797000 0.472000 0.781000 0.472000 0.781000 0.465000 0.797000 0.465000
6 0.760000 0.477000 0.738000 0.477000 0.738000 0.469000 0.760000 0.469000
4 0.779000 0.444000 0.770000 0.444000 0.770000 0.428000 0.779000 0.428000
6 0.755000 0.443000 0.744000 0.443000 0.744000 0.428000 0.755000 0.428000
6 0.741000 0.445000 0.730000 0.446000 0.729000 0.428000 0.740000 0.427000
6 0.718000 0.445000 0.709000 0.445000 0.709000 0.429000 0.718000 0.429000
4 0.701000 0.458000 0.679000 0.458000 0.679000 0.451000 0.701000 0.451000
6 0.700000 0.475000 0.681000 0.475000 0.681000 0.468000 0.700000 0.468000
4 0.501000 0.483000 0.477000 0.483000 0.477000 0.475000 0.501000 0.475000
6 0.701000 0.568000 0.679000 0.568000 0.679000 0.560000 0.701000 0.560000
4 0.703000 0.577000 0.679000 0.577000 0.679000 0.568000 0.703000 0.568000
6 0.423000 0.676000 0.398000 0.676000 0.398000 0.669000 0.423000 0.669000
4 0.984000 0.821000 0.962000 0.822000 0.961000 0.814000 0.983000 0.813000
11 0.675000 0.965000 0.637000 0.974000 0.634000 0.964000 0.672000 0.955000
11 0.457000 0.950000 0.438000 0.989000 0.423000 0.983000 0.443000 0.943000
4 0.099000 0.072000 0.076000 0.072000 0.076000 0.064000 0.099000 0.064000
4 0.101000 0.054000 0.078000 0.054000 0.078000 0.046000 0.101000 0.046000
5 0.044000 0.016000 0.042000 0.024000 0.011000 0.017000 0.013000 0.009000
6 0.094000 0.081000 0.072000 0.083000 0.072000 0.074000 0.093000 0.071000
4 0.099000 0.027000 0.080000 0.027000 0.080000 0.020000 0.099000 0.020000
4 0.186000 0.020000 0.175000 0.020000 0.174000 0.003000 0.185000 0.003000
4 0.197000 0.016000 0.186000 0.016000 0.186000 0.000000 0.197000 0.000000
4 0.225000 0.020000 0.214000 0.021000 0.212000 0.003000 0.224000 0.002000
4 0.238000 0.020000 0.229000 0.020000 0.229000 0.003000 0.238000 0.003000
4 0.251000 0.020000 0.241000 0.020000 0.241000 0.003000 0.251000 0.003000
6 0.265000 0.020000 0.254000 0.021000 0.253000 0.003000 0.264000 0.002000
4 0.277000 0.020000 0.266000 0.020000 0.266000 0.003000 0.277000 0.003000
4 0.291000 0.003000 0.290000 0.020000 0.278000 0.019000 0.279000 0.002000
4 0.302000 0.020000 0.292000 0.020000 0.292000 0.004000 0.302000 0.004000
6 0.315000 0.021000 0.305000 0.021000 0.305000 0.003000 0.315000 0.003000
4 0.327000 0.021000 0.317000 0.021000 0.317000 0.004000 0.327000 0.004000
4 0.339000 0.022000 0.328000 0.022000 0.328000 0.004000 0.339000 0.004000
4 0.275000 0.052000 0.250000 0.052000 0.250000 0.044000 0.275000 0.044000
4 0.341000 0.081000 0.322000 0.081000 0.322000 0.074000 0.341000 0.074000
4 0.211000 0.070000 0.189000 0.070000 0.189000 0.063000 0.211000 0.063000
4 0.114000 0.255000 0.091000 0.255000 0.091000 0.247000 0.114000 0.247000
4 0.008000 0.345000 0.000000 0.345000 0.000000 0.329000 0.008000 0.329000
6 0.037000 0.485000 0.026000 0.485000 0.026000 0.466000 0.037000 0.466000
6 0.059000 0.482000 0.050000 0.482000 0.050000 0.466000 0.059000 0.466000
4 0.124000 0.418000 0.114000 0.418000 0.114000 0.401000 0.124000 0.401000
4 0.136000 0.418000 0.126000 0.418000 0.126000 0.399000 0.136000 0.399000
5 0.181000 0.416000 0.170000 0.416000 0.170000 0.395000 0.181000 0.395000
4 0.225000 0.455000 0.216000 0.456000 0.212000 0.438000 0.222000 0.436000
6 0.214000 0.491000 0.193000 0.492000 0.193000 0.486000 0.214000 0.485000
4 0.265000 0.488000 0.252000 0.502000 0.242000 0.493000 0.255000 0.479000
4 0.296000 0.485000 0.283000 0.500000 0.275000 0.493000 0.289000 0.479000
6 0.302000 0.453000 0.293000 0.453000 0.293000 0.437000 0.302000 0.437000
4 0.355000 0.460000 0.346000 0.461000 0.345000 0.441000 0.353000 0.441000
4 0.368000 0.461000 0.359000 0.461000 0.358000 0.443000 0.366000 0.442000
4 0.194000 0.655000 0.168000 0.657000 0.167000 0.649000 0.194000 0.648000
4 0.057000 0.658000 0.038000 0.659000 0.038000 0.651000 0.057000 0.650000
6 0.000000 0.825000 -0.001000 0.807000 0.004000 0.807000 0.005000 0.825000
5 0.186000 0.843000 0.161000 0.843000 0.161000 0.836000 0.186000 0.836000
4 0.252000 0.837000 0.252000 0.845000 0.230000 0.844000 0.230000 0.836000
4 0.286000 0.837000 0.286000 0.845000 0.261000 0.843000 0.262000 0.836000
4 0.233000 0.949000 0.225000 0.949000 0.225000 0.932000 0.233000 0.932000
4 0.222000 0.930000 0.221000 0.947000 0.209000 0.946000 0.210000 0.930000
4 0.110000 0.959000 0.110000 0.966000 0.086000 0.964000 0.087000 0.958000
