9 0.547000 0.585000 0.521840 0.586006 0.521000 0.565000 0.546160 0.563994
9 0.547000 0.761000 0.522000 0.761000 0.522000 0.740000 0.547000 0.740000
9 0.548000 0.951000 0.522880 0.952005 0.522000 0.930000 0.547120 0.928995
9 0.127006 0.560828 0.126000 0.590000 0.101994 0.589172 0.103000 0.560000
9 0.129000 0.760000 0.102808 0.761008 0.102000 0.740000 0.128192 0.738993
9 0.130940 0.927028 0.130000 0.959000 0.096000 0.958000 0.096940 0.926028
6 0.932000 0.145000 0.924000 0.145000 0.924000 0.131000 0.932000 0.131000
6 0.922000 0.144000 0.914000 0.144000 0.914000 0.131000 0.922000 0.131000
6 0.911000 0.144000 0.903000 0.144000 0.903000 0.134000 0.911000 0.134000
3 0.891000 0.143000 0.882000 0.143000 0.882000 0.132000 0.891000 0.132000
6 0.859000 0.143000 0.852000 0.143000 0.852000 0.134000 0.859000 0.134000
6 0.890000 0.370000 0.888000 0.387000 0.879123 0.385956 0.881123 0.368956
6 0.878000 0.387000 0.869000 0.387000 0.869000 0.371000 0.878000 0.371000
6 0.796000 0.385000 0.788000 0.385000 0.788000 0.371000 0.796000 0.371000
4 0.807000 0.386000 0.799000 0.386000 0.799000 0.371000 0.807000 0.371000
6 0.817000 0.387000 0.809000 0.387000 0.809000 0.370000 0.817000 0.370000
4 0.827000 0.387000 0.818000 0.387000 0.818000 0.371000 0.827000 0.371000
6 0.837000 0.387000 0.829000 0.387000 0.829000 0.371000 0.837000 0.371000
4 0.847000 0.388000 0.839000 0.388000 0.839000 0.372000 0.847000 0.372000
4 0.858000 0.388000 0.849000 0.388000 0.849000 0.371000 0.858000 0.371000
4 0.869000 0.373000 0.866974 0.388197 0.858000 0.387000 0.860026 0.371804
4 0.398000 0.337000 0.396969 0.355554 0.387000 0.355000 0.388031 0.336446
4 0.127000 0.340000 0.125260 0.349050 0.099260 0.344050 0.101000 0.335000
3 0.130181 0.403027 0.129000 0.411000 0.101819 0.406973 0.103000 0.399000
6 0.572000 0.423000 0.551000 0.425000 0.550236 0.416978 0.571236 0.414978
6 0.683000 0.426000 0.667000 0.426000 0.667000 0.419000 0.683000 0.419000
3 0.983000 0.267000 0.981969 0.283498 0.974000 0.283000 0.975031 0.266502
6 0.017000 0.350000 0.000000 0.350000 0.000000 0.343000 0.017000 0.343000
6 0.043000 0.350000 0.028000 0.350000 0.028000 0.343000 0.043000 0.343000
30 0.053000 0.328000 0.031000 0.328000 0.031000 0.319000 0.053000 0.319000
4 0.127000 0.330000 0.126156 0.338016 0.107000 0.336000 0.107844 0.327984
5 0.098000 0.350000 0.094420 0.358184 0.078420 0.351184 0.082000 0.343000
5 0.121000 0.349000 0.117396 0.357751 0.100396 0.350751 0.104000 0.342000
6 0.520000 0.429000 0.503000 0.429000 0.503000 0.421000 0.520000 0.421000
11 0.500352 0.430021 0.500000 0.436000 0.482648 0.434979 0.483000 0.429000
6 0.663000 0.785000 0.647000 0.785000 0.647000 0.779000 0.663000 0.779000
5 0.664000 0.777000 0.650000 0.777000 0.650000 0.771000 0.664000 0.771000
5 0.622000 0.794000 0.600000 0.796000 0.599369 0.789057 0.621369 0.787057
4 0.618000 0.780000 0.599000 0.780000 0.599000 0.773000 0.618000 0.773000
6 0.616000 0.770000 0.601000 0.771000 0.600531 0.763965 0.615531 0.762965
6 0.583000 0.765000 0.563000 0.765000 0.563000 0.759000 0.583000 0.759000
6 0.427028 0.915531 0.426000 0.933000 0.416972 0.932469 0.418000 0.915000
6 0.435000 0.864000 0.433964 0.878497 0.427000 0.878000 0.428035 0.863503
4 0.445000 0.863000 0.444000 0.879000 0.435969 0.878498 0.436969 0.862498
4 0.454031 0.862472 0.453031 0.879472 0.445000 0.879000 0.446000 0.862000
6 0.484028 0.862502 0.483028 0.880502 0.474000 0.880000 0.475000 0.862000
4 0.466023 0.915626 0.465000 0.932000 0.454977 0.931374 0.456000 0.915000
6 0.494000 0.932000 0.485000 0.932000 0.485000 0.915000 0.494000 0.915000
4 0.504000 0.930000 0.495000 0.930000 0.495000 0.916000 0.504000 0.916000
6 0.512000 0.897000 0.510969 0.912465 0.504000 0.912000 0.505031 0.896535
6 0.502000 0.912000 0.494000 0.912000 0.494000 0.896000 0.502000 0.896000
4 0.494000 0.913000 0.485000 0.913000 0.485000 0.896000 0.494000 0.896000
6 0.135000 0.813000 0.127000 0.813000 0.127000 0.797000 0.135000 0.797000
4 0.146000 0.812000 0.137000 0.812000 0.137000 0.797000 0.146000 0.797000
4 0.165000 0.812000 0.156000 0.812000 0.156000 0.797000 0.165000 0.797000
6 0.185000 0.810000 0.177000 0.810000 0.177000 0.798000 0.185000 0.798000
4 0.195000 0.809000 0.187000 0.809000 0.187000 0.796000 0.195000 0.796000
6 0.204000 0.815000 0.195000 0.815000 0.195000 0.797000 0.204000 0.797000
4 0.190000 0.875000 0.187993 0.892058 0.179000 0.891000 0.181007 0.873942
4 0.205000 0.876000 0.202980 0.890140 0.195000 0.889000 0.197020 0.874860
6 0.133000 0.914000 0.126000 0.914000 0.126000 0.901000 0.133000 0.901000
6 0.216000 0.798000 0.207000 0.798000 0.207000 0.781000 0.216000 0.781000
6 0.417000 0.746000 0.410000 0.746000 0.410000 0.734000 0.417000 0.734000
11 0.427000 0.746000 0.419000 0.746000 0.419000 0.734000 0.427000 0.734000
6 0.437000 0.746000 0.430000 0.746000 0.430000 0.733000 0.437000 0.733000
4 0.193388 0.520022 0.193000 0.527000 0.175000 0.526000 0.175388 0.519022
4 0.195000 0.544000 0.175000 0.544000 0.175000 0.536000 0.195000 0.536000
6 0.194349 0.565983 0.174000 0.567000 0.173651 0.560017 0.194000 0.559000
4 0.152000 0.549000 0.131000 0.549000 0.131000 0.541000 0.152000 0.541000
11 0.151000 0.526000 0.132000 0.526000 0.132000 0.518000 0.151000 0.518000
4 0.062000 0.742000 0.045000 0.742000 0.045000 0.736000 0.062000 0.736000
4 0.062000 0.734000 0.047000 0.734000 0.047000 0.728000 0.062000 0.728000
6 0.103000 0.724000 0.084000 0.724000 0.084000 0.719000 0.103000 0.719000
4 0.102299 0.711015 0.102000 0.717000 0.081701 0.715985 0.082000 0.710000
6 0.102000 0.708000 0.084000 0.708000 0.084000 0.702000 0.102000 0.702000
6 0.083000 0.699000 0.062000 0.699000 0.062000 0.693000 0.083000 0.693000
4 0.520000 0.526000 0.513000 0.526000 0.513000 0.511000 0.520000 0.511000
4 0.512000 0.512000 0.510000 0.528000 0.502000 0.527000 0.504000 0.511000
4 0.502000 0.511000 0.500000 0.528000 0.492109 0.527072 0.494109 0.510072
6 0.498000 0.499000 0.485000 0.499000 0.485000 0.492000 0.498000 0.492000
4 0.281000 0.569000 0.274959 0.569432 0.273959 0.555432 0.280000 0.555000
6 0.293035 0.567459 0.286000 0.568000 0.285000 0.555000 0.292035 0.554459
6 0.300000 0.565000 0.293000 0.565000 0.293000 0.553000 0.300000 0.553000
6 0.352000 0.445000 0.350965 0.460531 0.343000 0.460000 0.344035 0.444469
6 0.466000 0.759000 0.464976 0.776410 0.458000 0.776000 0.459024 0.758590
4 0.006000 0.572000 0.000000 0.572000 0.000000 0.554000 0.006000 0.554000
4 0.014000 0.569000 0.007048 0.569579 0.006000 0.557000 0.012952 0.556421
4 0.027028 0.570525 0.018000 0.571000 0.017000 0.552000 0.026028 0.551525
6 0.103000 0.593000 0.101972 0.611498 0.093000 0.611000 0.094028 0.592502
4 0.093000 0.610000 0.084000 0.610000 0.084000 0.594000 0.093000 0.594000
4 0.073000 0.610000 0.064000 0.610000 0.064000 0.594000 0.073000 0.594000
6 0.399000 0.570000 0.392000 0.570000 0.392000 0.558000 0.399000 0.558000
6 0.733000 0.464000 0.724000 0.464000 0.724000 0.448000 0.733000 0.448000
6 0.698000 0.464000 0.690000 0.464000 0.690000 0.450000 0.698000 0.450000
6 0.655000 0.566000 0.648000 0.566000 0.648000 0.554000 0.655000 0.554000
6 0.656000 0.553000 0.648000 0.553000 0.648000 0.537000 0.656000 0.537000
6 0.843000 0.453000 0.841975 0.471443 0.834000 0.471000 0.835025 0.452557
4 0.854000 0.453000 0.853000 0.471000 0.844969 0.470554 0.845969 0.452554
6 0.874000 0.470000 0.866000 0.470000 0.866000 0.454000 0.874000 0.454000
6 0.864000 0.453000 0.863000 0.471000 0.854969 0.470554 0.855969 0.452554
6 0.833000 0.468000 0.825000 0.468000 0.825000 0.455000 0.833000 0.455000
4 0.899000 0.456000 0.897969 0.472498 0.890000 0.472000 0.891031 0.455502
6 0.891000 0.499000 0.890000 0.514000 0.882965 0.513531 0.883965 0.498531
6 0.893000 0.576000 0.872000 0.576000 0.872000 0.568000 0.893000 0.568000
6 0.938000 0.743000 0.917000 0.743000 0.917000 0.736000 0.938000 0.736000
4 0.871000 0.728000 0.862000 0.728000 0.862000 0.712000 0.871000 0.712000
6 0.923216 0.769809 0.915000 0.772000 0.911000 0.757000 0.919216 0.754809
4 0.913000 0.771000 0.906000 0.773000 0.902528 0.760849 0.909528 0.758849
4 0.903294 0.772177 0.895294 0.774177 0.892000 0.761000 0.900000 0.759000
4 0.939000 0.784000 0.936453 0.790186 0.919453 0.783186 0.922000 0.777000
30 0.975000 0.954000 0.945000 0.954000 0.945000 0.946000 0.975000 0.946000
6 0.909000 0.933000 0.901009 0.934066 0.899000 0.919000 0.906991 0.917935
4 0.792000 0.932000 0.784000 0.932000 0.784000 0.920000 0.792000 0.920000
5 0.781000 0.933000 0.772971 0.933618 0.771971 0.920618 0.780000 0.920000
11 0.569000 0.920000 0.553000 0.920000 0.553000 0.914000 0.569000 0.914000
6 0.026000 0.488000 0.017035 0.488560 0.016035 0.472560 0.025000 0.472000
4 0.542000 0.700000 0.532000 0.700000 0.532000 0.682000 0.542000 0.682000
4 0.570388 0.649021 0.570000 0.656000 0.551612 0.654979 0.552000 0.648000
4 0.648000 0.730000 0.646000 0.748000 0.637000 0.747000 0.639000 0.729000
5 0.950012 0.729110 0.942000 0.730000 0.939988 0.711890 0.948000 0.711000
5 0.940000 0.689000 0.931026 0.691111 0.927000 0.674000 0.935974 0.671889
