22 1.006667 0.555333 0.992000 0.507333 0.971333 0.513333 0.986000 0.561333
22 0.972667 0.568000 0.953333 0.502667 0.932000 0.508667 0.952000 0.574667
1 0.980667 0.547333 0.966667 0.500000 0.954667 0.503333 0.968000 0.550667
24 0.942000 0.545333 0.922000 0.507333 0.910000 0.513333 0.930667 0.552000
22 0.821333 0.576000 0.776000 0.533333 0.752000 0.557333 0.797333 0.600000
22 0.791333 0.593333 0.752000 0.556000 0.735333 0.573333 0.774667 0.611333
22 0.766667 0.604000 0.732000 0.570667 0.717333 0.586667 0.752000 0.619333
0 0.724000 0.701333 0.790667 0.696000 0.789333 0.684000 0.722000 0.689333
22 0.839333 0.788000 0.794667 0.802667 0.799333 0.816000 0.843333 0.800667
22 0.827333 0.779333 0.791333 0.791333 0.794667 0.800667 0.831333 0.788000
2 0.826667 0.760000 0.763333 0.781333 0.767333 0.791333 0.830667 0.770000
22 0.817333 0.762667 0.804667 0.723333 0.785333 0.729333 0.798000 0.769333
18 0.594000 0.470000 0.606667 0.433333 0.592000 0.428000 0.579333 0.464667
18 0.488667 0.458000 0.494667 0.494667 0.506000 0.492667 0.500000 0.456000
18 0.072000 0.636667 0.078667 0.582667 0.056667 0.580667 0.050667 0.634667
18 0.018667 0.548667 0.058667 0.519333 0.046000 0.502000 0.006000 0.530667
18 0.251333 0.452000 0.196667 0.481333 0.206000 0.496667 0.259333 0.466667
