6 0.513000 0.479000 0.507000 0.486000 0.499000 0.478000 0.506000 0.472000
4 0.970000 0.853000 0.965000 0.861000 0.951000 0.849000 0.957000 0.842000
6 0.956000 0.562000 0.951000 0.570000 0.935000 0.557000 0.940000 0.549000
6 0.940000 0.521000 0.924000 0.532000 0.920000 0.526000 0.935000 0.514000
32 0.383000 0.062000 0.374000 0.165000 0.238000 0.154000 0.247000 0.052000
32 0.800000 0.118000 0.709000 0.196000 0.635000 0.109000 0.727000 0.032000
32 0.595000 0.224000 0.497000 0.330000 0.393000 0.232000 0.491000 0.126000
6 0.184000 0.603000 0.176000 0.613000 0.151000 0.594000 0.159000 0.584000
5 0.807000 0.812000 0.783000 0.816000 0.781000 0.807000 0.805000 0.803000
11 0.861000 0.522000 0.857000 0.528000 0.849000 0.521000 0.854000 0.516000
