6 0.304139 0.981823 0.293000 0.996000 0.286861 0.991177 0.298000 0.977000
6 0.676000 0.642000 0.662786 0.656230 0.655000 0.649000 0.668214 0.634770
4 0.201000 0.249000 0.197000 0.256000 0.176754 0.244431 0.180754 0.237431
6 0.396607 0.350390 0.393000 0.356000 0.378393 0.346610 0.382000 0.341000
6 0.649000 0.473000 0.644424 0.481236 0.626000 0.471000 0.630575 0.462764
6 0.689798 0.493881 0.685000 0.502000 0.663000 0.489000 0.667798 0.480881
5 0.730142 0.512745 0.725142 0.521745 0.704000 0.510000 0.709000 0.501000
6 0.769000 0.535000 0.764627 0.541759 0.747627 0.530759 0.752000 0.524000
4 0.893400 0.597200 0.890000 0.604000 0.869600 0.593800 0.873000 0.587000
6 0.932202 0.617124 0.928000 0.624000 0.909798 0.612877 0.914000 0.606000
4 0.975345 0.637614 0.971000 0.645000 0.954000 0.635000 0.958345 0.627614
6 0.086243 0.268691 0.075243 0.282691 0.068000 0.277000 0.079000 0.263000
6 0.310000 0.331000 0.299412 0.343353 0.292412 0.337353 0.303000 0.325000
6 0.619000 0.529000 0.611898 0.544219 0.605000 0.541000 0.612102 0.525781
6 0.634588 0.550353 0.630000 0.558000 0.614412 0.548647 0.619000 0.541000
4 0.657122 0.552098 0.645610 0.566488 0.640000 0.562000 0.651512 0.547610
4 0.721000 0.544000 0.706380 0.560708 0.701000 0.556000 0.715620 0.539292
4 0.896732 0.615291 0.884732 0.628291 0.879000 0.623000 0.891000 0.610000
4 0.846000 0.779000 0.832679 0.793345 0.828000 0.789000 0.841321 0.774655
6 0.822000 0.714000 0.818230 0.721122 0.801000 0.712000 0.804770 0.704878
6 0.808000 0.724000 0.803231 0.731154 0.788231 0.721154 0.793000 0.714000
6 0.774000 0.713000 0.761732 0.726291 0.756000 0.721000 0.768268 0.707709
5 0.609000 0.680000 0.594000 0.698000 0.588000 0.693000 0.603000 0.675000
4 0.607492 0.606410 0.597000 0.619000 0.590508 0.613590 0.601000 0.601000
4 0.596000 0.619000 0.582472 0.634609 0.576000 0.629000 0.589528 0.613391
4 0.357000 0.522000 0.345962 0.535045 0.340000 0.530000 0.351038 0.516955
4 0.077000 0.340000 0.059740 0.353199 0.055000 0.347000 0.072260 0.333801
6 0.023000 0.355000 0.020144 0.361068 0.003000 0.353000 0.005856 0.346932
4 0.041000 0.363000 0.027472 0.378609 0.021000 0.373000 0.034528 0.357391
4 0.174285 0.517160 0.171000 0.523000 0.154715 0.513840 0.158000 0.508000
6 0.547255 0.705142 0.543340 0.712189 0.525000 0.702000 0.528915 0.694953
6 0.601000 0.732000 0.597475 0.738267 0.581475 0.729267 0.585000 0.723000
4 0.223139 0.579823 0.212139 0.593823 0.206000 0.589000 0.217000 0.575000
4 0.367000 0.641000 0.354929 0.655082 0.349000 0.650000 0.361071 0.635918
4 0.354000 0.657000 0.341577 0.671494 0.334577 0.665494 0.347000 0.651000
4 0.731906 0.814777 0.718000 0.831000 0.711000 0.825000 0.724906 0.808777
6 0.999865 0.958189 0.989865 0.972189 0.984000 0.968000 0.994000 0.954000
6 0.997000 0.981000 0.987646 0.997369 0.980646 0.993369 0.990000 0.977000
6 0.982139 0.979823 0.971000 0.994000 0.964861 0.989177 0.976000 0.975000
6 0.606000 0.883000 0.592751 0.897268 0.586000 0.891000 0.599249 0.876732
6 0.590396 0.899428 0.581396 0.912428 0.575000 0.908000 0.584000 0.895000
6 0.516023 0.791915 0.513000 0.803000 0.505977 0.801085 0.509000 0.790000
6 0.507000 0.810000 0.494000 0.824000 0.488285 0.818693 0.501285 0.804693
5 0.561000 0.897000 0.553413 0.902564 0.542000 0.887000 0.549587 0.881436
4 0.374000 0.862000 0.363054 0.877324 0.356054 0.872324 0.367000 0.857000
4 0.252000 0.734000 0.241000 0.745000 0.236000 0.740000 0.247000 0.729000
6 0.163000 0.771000 0.148000 0.780000 0.144294 0.773824 0.159294 0.764824
4 0.141000 0.806000 0.137000 0.814000 0.117800 0.804400 0.121800 0.796400
4 0.262000 0.866000 0.258247 0.873130 0.239000 0.863000 0.242753 0.855870
4 0.346677 0.908815 0.342000 0.917000 0.321000 0.905000 0.325677 0.896815
4 0.506300 1.000000 0.490913 0.990949 0.495000 0.984000 0.512087 0.994051
4 0.181135 0.851811 0.171000 0.866000 0.164000 0.861000 0.174135 0.846811
5 0.196360 0.956520 0.184000 0.973000 0.176640 0.967480 0.189000 0.951000
4 0.345727 1.000000 0.343000 0.998000 0.354000 0.983000 0.360936 0.988087
4 0.341889 1.000000 0.341889 0.998751 0.344400 0.998751 0.344400 1.000000
