5 0.924000 0.869000 0.899000 0.878000 0.896000 0.869000 0.922000 0.861000
6 0.833000 0.875000 0.812000 0.880000 0.810000 0.874000 0.832000 0.870000
6 0.744000 0.898000 0.717000 0.905000 0.716000 0.898000 0.742000 0.890000
4 0.748000 0.848000 0.740000 0.851000 0.734000 0.835000 0.742000 0.832000
6 0.853000 0.736000 0.846000 0.739000 0.841000 0.725000 0.848000 0.722000
6 0.524000 0.393000 0.516000 0.396000 0.507000 0.378000 0.515000 0.375000
6 0.514000 0.394000 0.507000 0.399000 0.492000 0.383000 0.498000 0.377000
4 0.435000 0.333000 0.412000 0.334000 0.412000 0.326000 0.435000 0.325000
6 0.452000 0.304000 0.438000 0.311000 0.435000 0.305000 0.449000 0.298000
6 0.743000 0.161000 0.722000 0.163000 0.721000 0.157000 0.743000 0.156000
4 0.896000 0.189000 0.890000 0.196000 0.875000 0.183000 0.881000 0.176000
6 0.921000 0.327000 0.920000 0.334000 0.897000 0.332000 0.898000 0.325000
6 0.956000 0.334000 0.937000 0.343000 0.933000 0.335000 0.952000 0.326000
4 0.080000 0.966000 0.072000 0.969000 0.066000 0.953000 0.074000 0.950000
6 0.296000 0.990000 0.288000 0.992000 0.283000 0.975000 0.291000 0.973000
6 0.479000 0.755000 0.470000 0.757000 0.467000 0.741000 0.476000 0.739000
