4 0.407000 0.405000 0.388000 0.405000 0.388000 0.398000 0.407000 0.398000
4 0.644000 0.381000 0.644000 0.387000 0.623000 0.385000 0.624000 0.380000
4 0.937000 0.410000 0.913000 0.411000 0.913000 0.403000 0.937000 0.402000
11 0.248000 0.697000 0.248000 0.705000 0.221000 0.703000 0.222000 0.696000
9 0.366000 0.307000 0.302000 0.309000 0.301000 0.253000 0.365000 0.251000
9 0.385000 0.552000 0.381000 0.603000 0.300000 0.597000 0.304000 0.546000
9 0.385000 0.885000 0.383000 0.930000 0.305000 0.927000 0.306000 0.883000
3 0.288000 0.973000 0.253000 0.975000 0.253000 0.965000 0.287000 0.962000
5 0.251000 0.975000 0.205000 0.977000 0.205000 0.966000 0.250000 0.963000
4 0.213000 1.000000 0.213000 0.996000 0.222000 0.996000 0.222000 1.000000
6 0.162000 1.000000 0.162000 1.000000 0.162000 1.000000 0.162000 1.000000
5 0.120000 1.000000 0.109000 1.000000 0.109000 0.981000 0.120000 0.981000
6 0.473000 0.956000 0.463000 0.960000 0.456000 0.943000 0.465000 0.938000
6 0.744000 0.952000 0.733000 0.952000 0.733000 0.935000 0.744000 0.935000
4 0.807000 0.952000 0.798000 0.952000 0.798000 0.935000 0.807000 0.935000
4 0.871000 0.954000 0.859000 0.954000 0.859000 0.935000 0.871000 0.935000
4 0.883000 0.954000 0.873000 0.954000 0.873000 0.937000 0.883000 0.937000
4 0.896000 0.953000 0.887000 0.953000 0.887000 0.937000 0.896000 0.937000
6 0.907000 0.952000 0.897000 0.952000 0.897000 0.936000 0.907000 0.936000
6 0.921000 0.954000 0.910000 0.954000 0.908000 0.935000 0.920000 0.934000
4 0.935000 0.956000 0.924000 0.956000 0.924000 0.937000 0.935000 0.937000
4 0.949000 0.962000 0.938000 0.962000 0.937000 0.944000 0.948000 0.944000
4 0.919000 1.000000 0.909000 1.000000 0.909000 0.995000 0.919000 0.995000
6 0.831000 1.000000 0.821000 1.000000 0.821000 0.995000 0.832000 0.995000
6 0.818000 1.000000 0.806000 1.000000 0.806000 0.994000 0.818000 0.994000
4 0.811000 0.658000 0.801000 0.658000 0.801000 0.641000 0.811000 0.641000
4 0.624000 0.691000 0.616000 0.695000 0.604000 0.677000 0.613000 0.672000
4 0.672000 0.850000 0.670000 0.867000 0.659000 0.866000 0.661000 0.849000
4 0.238000 0.816000 0.215000 0.817000 0.215000 0.812000 0.238000 0.811000
5 0.252000 0.890000 0.223000 0.890000 0.223000 0.883000 0.252000 0.883000
4 0.077000 0.888000 0.058000 0.888000 0.058000 0.882000 0.077000 0.882000
5 0.110000 0.816000 0.099000 0.817000 0.096000 0.796000 0.107000 0.794000
6 0.041000 0.820000 0.029000 0.821000 0.027000 0.804000 0.039000 0.803000
6 0.287000 0.704000 0.254000 0.704000 0.254000 0.698000 0.287000 0.698000
6 0.220000 0.697000 0.220000 0.704000 0.201000 0.703000 0.201000 0.696000
4 0.089000 0.270000 0.063000 0.270000 0.063000 0.263000 0.089000 0.263000
4 0.037000 0.334000 0.036000 0.342000 0.026000 0.341000 0.027000 0.333000
4 0.095000 0.469000 0.087000 0.475000 0.075000 0.459000 0.083000 0.453000
4 0.191000 0.581000 0.190000 0.588000 0.166000 0.587000 0.167000 0.580000
5 0.239000 0.482000 0.239000 0.488000 0.220000 0.486000 0.221000 0.481000
4 0.293000 0.418000 0.267000 0.418000 0.267000 0.411000 0.293000 0.411000
4 0.478000 0.449000 0.478000 0.456000 0.456000 0.454000 0.457000 0.448000
6 0.779000 0.303000 0.758000 0.305000 0.757000 0.299000 0.779000 0.298000
6 0.809000 0.370000 0.808000 0.388000 0.797000 0.387000 0.798000 0.369000
4 0.802000 0.528000 0.800000 0.545000 0.790000 0.544000 0.793000 0.526000
4 0.949000 0.482000 0.925000 0.484000 0.925000 0.477000 0.948000 0.476000
4 0.949000 0.487000 0.948000 0.494000 0.926000 0.492000 0.926000 0.486000
4 0.979000 0.467000 0.968000 0.467000 0.968000 0.450000 0.979000 0.450000
4 1.000000 0.241000 0.999000 0.241000 1.000000 0.231000 1.001000 0.231000
4 0.876000 0.214000 0.867000 0.214000 0.867000 0.198000 0.876000 0.198000
6 0.807000 0.226000 0.806000 0.241000 0.796000 0.240000 0.797000 0.225000
6 0.807000 0.221000 0.798000 0.221000 0.798000 0.207000 0.807000 0.207000
4 0.833000 0.048000 0.824000 0.049000 0.822000 0.032000 0.830000 0.030000
4 0.794000 0.068000 0.784000 0.068000 0.783000 0.051000 0.793000 0.051000
4 0.594000 0.194000 0.585000 0.194000 0.585000 0.176000 0.594000 0.176000
6 0.664000 0.077000 0.655000 0.077000 0.655000 0.060000 0.664000 0.060000
4 0.666000 0.057000 0.657000 0.057000 0.656000 0.040000 0.664000 0.039000
5 0.594000 0.087000 0.583000 0.087000 0.583000 0.064000 0.594000 0.064000
4 0.412000 0.097000 0.389000 0.097000 0.389000 0.090000 0.412000 0.090000
4 0.408000 0.110000 0.387000 0.110000 0.387000 0.102000 0.408000 0.102000
4 0.362000 0.190000 0.354000 0.190000 0.354000 0.171000 0.362000 0.171000
6 0.185000 0.254000 0.175000 0.255000 0.173000 0.234000 0.184000 0.234000
6 0.173000 0.253000 0.161000 0.254000 0.159000 0.234000 0.171000 0.233000
6 0.112000 0.243000 0.102000 0.244000 0.101000 0.225000 0.111000 0.224000
4 0.110000 0.218000 0.099000 0.218000 0.099000 0.200000 0.110000 0.200000
4 0.040000 0.035000 0.030000 0.035000 0.029000 0.018000 0.039000 0.018000
