6 0.744000 0.070000 0.734690 0.078276 0.730000 0.073000 0.739310 0.064724
4 0.909129 0.860536 0.904129 0.878536 0.895000 0.876000 0.900000 0.858000
4 0.799218 0.962373 0.793000 0.966000 0.785782 0.953627 0.792000 0.950000
6 0.812000 0.958000 0.805662 0.962527 0.795662 0.948527 0.802000 0.944000
4 0.778072 0.972104 0.771000 0.977000 0.761928 0.963896 0.769000 0.959000
6 0.725227 0.945354 0.718000 0.950000 0.709000 0.936000 0.716227 0.931354
4 0.918510 0.125172 0.898510 0.132172 0.896000 0.125000 0.916000 0.118000
6 0.116000 0.921000 0.096954 0.928017 0.094000 0.920000 0.113046 0.912983
4 0.124367 0.931890 0.104000 0.938000 0.101633 0.930110 0.122000 0.924000
4 0.459000 0.897000 0.439000 0.904000 0.436490 0.896829 0.456490 0.889829
4 0.973000 0.234000 0.967347 0.238442 0.956000 0.224000 0.961653 0.219558
4 0.983200 0.208400 0.965200 0.217400 0.962000 0.211000 0.980000 0.202000
4 0.931538 0.181308 0.925538 0.185308 0.916000 0.171000 0.922000 0.167000
6 0.919000 0.163000 0.913191 0.167260 0.902000 0.152000 0.907809 0.147740
4 0.847200 0.063400 0.840000 0.067000 0.832000 0.051000 0.839200 0.047400
6 0.836000 0.048000 0.830185 0.051323 0.822000 0.037000 0.827815 0.033677
4 0.826000 0.031000 0.820000 0.035000 0.810000 0.020000 0.816000 0.016000
4 0.803500 0.000000 0.805000 0.000000 0.813000 0.012000 0.807000 0.016000
6 0.809400 0.092800 0.793000 0.101000 0.790000 0.095000 0.806400 0.086800
4 0.824000 0.110000 0.804000 0.121000 0.799693 0.113169 0.819693 0.102169
4 0.792000 0.170000 0.771655 0.178138 0.768000 0.169000 0.788345 0.160862
6 0.721156 0.108917 0.706000 0.117000 0.702844 0.111083 0.718000 0.103000
4 0.742000 0.099000 0.726000 0.107000 0.723000 0.101000 0.739000 0.093000
4 0.754000 0.029000 0.737600 0.037200 0.734000 0.030000 0.750400 0.021800
6 0.771441 0.054735 0.761000 0.061000 0.756853 0.054088 0.767294 0.047824
4 0.747000 0.059000 0.738055 0.062157 0.732000 0.045000 0.740945 0.041843
6 0.721139 0.046177 0.715000 0.051000 0.703861 0.036823 0.710000 0.032000
6 0.708000 0.053000 0.691000 0.064000 0.686627 0.057241 0.703627 0.046241
4 0.699692 0.045538 0.684000 0.056000 0.680000 0.050000 0.695692 0.039538
4 0.686200 0.065400 0.669000 0.074000 0.665600 0.067200 0.682800 0.058600
6 0.664400 0.040800 0.648400 0.048800 0.645000 0.042000 0.661000 0.034000
4 0.653000 0.024000 0.636000 0.031000 0.633453 0.024814 0.650453 0.017814
6 0.656139 0.095177 0.650000 0.100000 0.638861 0.085823 0.645000 0.081000
4 0.521000 0.416000 0.514064 0.421087 0.503064 0.406087 0.510000 0.401000
5 0.358000 0.288000 0.354000 0.307000 0.345936 0.305302 0.349936 0.286302
4 0.379020 0.286802 0.377020 0.306802 0.369000 0.306000 0.371000 0.286000
6 0.463000 0.269000 0.445650 0.279206 0.442000 0.273000 0.459350 0.262794
4 0.448000 0.254000 0.429915 0.264047 0.426000 0.257000 0.444085 0.246953
6 0.441270 0.245831 0.425000 0.256000 0.420730 0.249169 0.437000 0.239000
4 0.401000 0.204000 0.386747 0.213162 0.382848 0.207097 0.397101 0.197935
4 0.392000 0.195000 0.376308 0.205462 0.372308 0.199462 0.388000 0.189000
4 0.387000 0.186000 0.371706 0.195176 0.368000 0.189000 0.383294 0.179824
6 0.377737 0.178460 0.362737 0.189460 0.358000 0.183000 0.373000 0.172000
4 0.370000 0.170000 0.355692 0.179538 0.351692 0.173538 0.366000 0.164000
4 0.306000 0.241000 0.285000 0.243000 0.284236 0.234978 0.305236 0.232978
4 0.314189 0.218865 0.313000 0.226000 0.289000 0.222000 0.290189 0.214865
4 0.045393 0.285672 0.038803 0.291164 0.027000 0.277000 0.033590 0.271508
4 0.056500 0.278500 0.050500 0.284500 0.037000 0.271000 0.043000 0.265000
4 0.079500 0.268500 0.073500 0.274500 0.060000 0.261000 0.066000 0.255000
4 0.089153 0.263188 0.082000 0.269000 0.068847 0.252812 0.076000 0.247000
4 0.101000 0.257000 0.094558 0.262637 0.080558 0.246637 0.087000 0.241000
4 0.111061 0.251075 0.105000 0.256000 0.091939 0.239925 0.098000 0.235000
4 0.121000 0.246000 0.114336 0.251414 0.101336 0.235414 0.108000 0.230000
4 0.132000 0.241000 0.125308 0.245462 0.115000 0.230000 0.121692 0.225538
4 0.154000 0.228000 0.146912 0.232873 0.135912 0.216873 0.143000 0.212000
6 0.166038 0.221045 0.159000 0.227000 0.147962 0.213955 0.155000 0.208000
4 0.176500 0.215500 0.171000 0.221000 0.157000 0.207000 0.162500 0.201500
4 0.209200 0.198214 0.203000 0.204000 0.188800 0.188786 0.195000 0.183000
6 0.230000 0.186000 0.224647 0.190588 0.212647 0.176588 0.218000 0.172000
4 0.241029 0.181035 0.235000 0.186000 0.220971 0.168965 0.227000 0.164000
4 0.251214 0.172230 0.245000 0.178000 0.231786 0.163770 0.238000 0.158000
4 0.358000 0.113000 0.352268 0.118291 0.340000 0.105000 0.345732 0.099709
6 0.369000 0.107000 0.363299 0.112321 0.349299 0.097321 0.355000 0.092000
4 0.380000 0.101000 0.375192 0.106178 0.361000 0.093000 0.365808 0.087822
6 0.390240 0.096320 0.384000 0.101000 0.371760 0.084680 0.378000 0.080000
4 0.412000 0.085000 0.405120 0.090160 0.393000 0.074000 0.399880 0.068840
3 0.457214 0.058225 0.448000 0.067000 0.428000 0.046000 0.437214 0.037225
4 0.486000 0.043000 0.480347 0.047442 0.469000 0.033000 0.474653 0.028558
4 0.500000 0.038000 0.494058 0.042085 0.483000 0.026000 0.488942 0.021915
4 0.520500 0.024500 0.515000 0.030000 0.501000 0.016000 0.506500 0.010500
4 0.531488 0.018610 0.526000 0.023000 0.514000 0.008000 0.519488 0.003610
4 0.529800 -0.000000 0.531000 0.000000 0.541000 0.012000 0.535492 0.016590
6 0.545600 0.000000 0.547000 0.000000 0.552000 0.007000 0.545000 0.012000
6 0.113165 0.076146 0.108000 0.082000 0.090835 0.066854 0.096000 0.061000
4 0.099000 0.053000 0.094610 0.058488 0.079610 0.046488 0.084000 0.041000
