6 0.011000 0.394000 0.001984 0.394820 0.000984 0.383820 0.010000 0.383000
4 0.010034 0.413586 0.003000 0.414000 0.002000 0.397000 0.009034 0.396586
4 0.011000 0.456000 -0.000000 0.456000 0.000000 0.449000 0.011000 0.449000
4 0.011000 0.465000 -0.000000 0.465000 0.000000 0.458000 0.011000 0.458000
4 0.017420 0.482978 0.000000 0.483895 0.000000 0.475895 0.017000 0.475000
4 0.021000 0.486000 0.020618 0.494029 0.000000 0.493048 0.000000 0.485000
6 0.023000 0.510000 0.002000 0.510000 0.002000 0.502000 0.023000 0.502000
6 0.023333 0.517984 0.002000 0.519000 0.001667 0.512016 0.023000 0.511000
4 0.023000 0.529000 0.000000 0.529000 0.000000 0.522000 0.023000 0.522000
4 0.023000 0.538000 0.000000 0.538000 0.000000 0.531000 0.023000 0.531000
4 0.022285 0.545987 0.001000 0.547000 0.000715 0.541014 0.022000 0.540000
4 0.062000 0.715000 0.041000 0.715000 0.041000 0.707000 0.062000 0.707000
6 0.108000 0.830000 0.085000 0.831000 0.084694 0.823970 0.107694 0.822970
6 0.146000 0.998000 0.136000 0.998000 0.136000 0.977000 0.146000 0.977000
6 0.141000 0.176000 0.131000 0.176000 0.131000 0.159000 0.141000 0.159000
6 0.141000 0.195000 0.132035 0.195560 0.131035 0.179560 0.140000 0.179000
6 0.140000 0.210000 0.132000 0.210000 0.132000 0.196000 0.140000 0.196000
4 0.141000 0.219000 0.139960 0.234597 0.131000 0.234000 0.132040 0.218403
4 0.138000 0.252000 0.130000 0.252000 0.130000 0.236000 0.138000 0.236000
6 0.139000 0.281000 0.132000 0.281000 0.132000 0.263000 0.139000 0.263000
6 0.140000 0.370000 0.130000 0.370000 0.130000 0.353000 0.140000 0.353000
6 0.141024 0.383590 0.140000 0.401000 0.129976 0.400410 0.131000 0.383000
4 0.140000 0.401000 0.138975 0.419443 0.131000 0.419000 0.132025 0.400557
6 0.139000 0.527000 0.131000 0.527000 0.131000 0.514000 0.139000 0.514000
4 0.140025 0.565443 0.130000 0.566000 0.128975 0.547557 0.139000 0.547000
4 0.139000 0.584000 0.130000 0.584000 0.130000 0.567000 0.139000 0.567000
4 0.138000 0.619000 0.130000 0.619000 0.130000 0.599000 0.138000 0.599000
4 0.139000 0.857000 0.130000 0.857000 0.130000 0.839000 0.139000 0.839000
6 0.139000 0.894000 0.137969 0.911528 0.129000 0.911000 0.130031 0.893472
6 0.194000 0.921000 0.187000 0.921000 0.187000 0.904000 0.194000 0.904000
4 0.196028 0.902469 0.187000 0.903000 0.185972 0.885531 0.195000 0.885000
6 0.195000 0.882000 0.186000 0.882000 0.186000 0.863000 0.195000 0.863000
6 0.191000 0.619000 0.183000 0.619000 0.183000 0.600000 0.191000 0.600000
6 0.192000 0.597000 0.183000 0.597000 0.183000 0.582000 0.192000 0.582000
6 0.192028 0.578498 0.183000 0.579000 0.181972 0.560502 0.191000 0.560000
6 0.191000 0.558000 0.182000 0.558000 0.182000 0.541000 0.191000 0.541000
6 0.192000 0.537000 0.183969 0.537446 0.182969 0.519446 0.191000 0.519000
4 0.192000 0.510000 0.183000 0.510000 0.183000 0.493000 0.192000 0.493000
4 0.191000 0.492000 0.182969 0.492472 0.181969 0.475472 0.190000 0.475000
4 0.191000 0.473000 0.182000 0.473000 0.182000 0.456000 0.191000 0.456000
4 0.190000 0.452000 0.182000 0.452000 0.182000 0.436000 0.190000 0.436000
6 0.192000 0.433000 0.182000 0.433000 0.182000 0.414000 0.192000 0.414000
4 0.191000 0.412000 0.182000 0.412000 0.182000 0.395000 0.191000 0.395000
4 0.189000 0.394000 0.180000 0.394000 0.180000 0.377000 0.189000 0.377000
4 0.191000 0.375000 0.182000 0.375000 0.182000 0.356000 0.191000 0.356000
6 0.192000 0.350000 0.183000 0.350000 0.183000 0.331000 0.192000 0.331000
6 0.192000 0.325000 0.182000 0.325000 0.182000 0.309000 0.192000 0.309000
6 0.191000 0.307000 0.183000 0.307000 0.183000 0.290000 0.191000 0.290000
4 0.190000 0.284000 0.181000 0.284000 0.181000 0.267000 0.190000 0.267000
4 0.192000 0.246000 0.190969 0.264554 0.181000 0.264000 0.182031 0.245446
5 0.191000 0.244000 0.180010 0.244333 0.179000 0.211000 0.189990 0.210667
6 0.191000 0.203000 0.183000 0.203000 0.183000 0.186000 0.191000 0.186000
4 0.192000 0.185000 0.183000 0.185000 0.183000 0.167000 0.192000 0.167000
4 0.191000 0.166000 0.182000 0.166000 0.182000 0.149000 0.191000 0.149000
4 0.192024 0.054410 0.182000 0.055000 0.181000 0.038000 0.191024 0.037410
4 0.193000 0.035000 0.183000 0.036000 0.181099 0.016990 0.191099 0.015990
4 0.191000 0.009000 0.182000 0.009000 0.182000 0.000000 0.191000 0.000000
6 0.431000 0.680000 0.420000 0.680000 0.420000 0.659000 0.431000 0.659000
6 0.469000 0.712000 0.459000 0.712000 0.459000 0.692000 0.469000 0.692000
6 0.314000 0.709000 0.304000 0.709000 0.304000 0.690000 0.314000 0.690000
5 0.268000 0.764000 0.235000 0.764000 0.235000 0.755000 0.268000 0.755000
5 0.261000 0.775000 0.235000 0.775000 0.235000 0.766000 0.261000 0.766000
6 0.248000 0.794000 0.228000 0.794000 0.228000 0.787000 0.248000 0.787000
5 0.249000 0.804000 0.228000 0.804000 0.228000 0.796000 0.249000 0.796000
4 0.394000 0.798000 0.384021 0.799174 0.382000 0.782000 0.391979 0.780826
4 0.405007 0.798058 0.397000 0.799000 0.394993 0.781942 0.403000 0.781000
4 0.293000 0.863000 0.272000 0.863000 0.272000 0.854000 0.293000 0.854000
4 0.295380 0.864018 0.295000 0.872000 0.273620 0.870982 0.274000 0.863000
6 0.293000 0.882000 0.270000 0.882000 0.270000 0.872000 0.293000 0.872000
4 0.294000 0.890000 0.272000 0.890000 0.272000 0.883000 0.294000 0.883000
6 0.295000 0.899000 0.273000 0.899000 0.273000 0.893000 0.295000 0.893000
4 0.295000 0.908000 0.276000 0.908000 0.276000 0.902000 0.295000 0.902000
3 0.315000 0.962000 0.303018 0.962461 0.302000 0.936000 0.313982 0.935539
4 0.339000 0.960000 0.330000 0.960000 0.330000 0.944000 0.339000 0.944000
6 0.350000 0.961000 0.341000 0.961000 0.341000 0.941000 0.350000 0.941000
4 0.364027 0.959398 0.355000 0.960000 0.353974 0.944602 0.363000 0.944000
6 0.389000 0.954000 0.378843 0.956308 0.373843 0.934308 0.384000 0.932000
4 0.401300 0.950900 0.392300 0.953900 0.387000 0.938000 0.396000 0.935000
6 0.413169 0.949434 0.404000 0.953000 0.397000 0.935000 0.406169 0.931434
4 0.424142 0.946456 0.416000 0.949000 0.411000 0.933000 0.419142 0.930456
6 0.438208 0.946144 0.427208 0.948144 0.423000 0.925000 0.434000 0.923000
6 0.464000 0.925000 0.443000 0.926000 0.442665 0.918968 0.463665 0.917968
4 0.464285 0.915987 0.443000 0.917000 0.442715 0.911014 0.464000 0.910000
4 0.462333 0.907984 0.441000 0.909000 0.440667 0.902016 0.462000 0.901000
6 0.462000 0.900000 0.438000 0.901000 0.437707 0.893970 0.461707 0.892970
4 0.461000 0.889000 0.440000 0.889000 0.440000 0.881000 0.461000 0.881000
4 0.460363 0.878984 0.438000 0.880000 0.437637 0.872017 0.460000 0.871000
5 0.457000 0.841000 0.434000 0.841000 0.434000 0.833000 0.457000 0.833000
4 0.457349 0.831028 0.434349 0.832028 0.434000 0.824000 0.457000 0.823000
4 0.373000 0.861000 0.350000 0.861000 0.350000 0.855000 0.373000 0.855000
4 0.373000 0.871000 0.350000 0.871000 0.350000 0.864000 0.373000 0.864000
5 0.373000 0.880000 0.351000 0.880000 0.351000 0.873000 0.373000 0.873000
4 0.374304 0.887987 0.351000 0.889000 0.350696 0.882013 0.374000 0.881000
4 0.376000 0.897000 0.355000 0.897000 0.355000 0.890000 0.376000 0.890000
4 0.376304 0.905987 0.353000 0.907000 0.352696 0.900013 0.376000 0.899000
5 0.376000 0.915000 0.355000 0.915000 0.355000 0.908000 0.376000 0.908000
4 0.401000 0.905000 0.381000 0.905000 0.381000 0.898000 0.401000 0.898000
6 0.401000 0.897000 0.379000 0.897000 0.379000 0.890000 0.401000 0.890000
4 0.400320 0.887031 0.378320 0.888031 0.378000 0.881000 0.400000 0.880000
6 0.399000 0.880000 0.377000 0.880000 0.377000 0.872000 0.399000 0.872000
4 0.396000 0.870000 0.377000 0.870000 0.377000 0.863000 0.396000 0.863000
6 0.399000 0.860000 0.378000 0.860000 0.378000 0.853000 0.399000 0.853000
4 0.515000 0.926000 0.506200 0.930400 0.498000 0.914000 0.506800 0.909600
4 0.526000 0.921000 0.518719 0.924398 0.511719 0.909398 0.519000 0.906000
4 0.539200 0.918400 0.532000 0.922000 0.524000 0.906000 0.531200 0.902400
4 0.553473 0.913662 0.546000 0.919000 0.534716 0.903203 0.542189 0.897865
4 0.566967 0.908962 0.560000 0.915000 0.547000 0.900000 0.553967 0.893962
6 0.576028 0.904039 0.569000 0.909000 0.556972 0.891961 0.564000 0.887000
4 0.863000 0.719000 0.855400 0.722800 0.848400 0.708800 0.856000 0.705000
4 0.876281 0.715602 0.869000 0.719000 0.862000 0.704000 0.869281 0.700602
4 0.900000 0.709000 0.892450 0.713719 0.882000 0.697000 0.889551 0.692281
4 0.911480 0.703640 0.903480 0.709640 0.891000 0.693000 0.899000 0.687000
4 0.921000 0.701000 0.913246 0.705431 0.903461 0.688308 0.911215 0.683877
4 0.933028 0.695039 0.926000 0.700000 0.913972 0.682961 0.921000 0.678000
4 0.944115 0.690140 0.937000 0.696000 0.923000 0.679000 0.930115 0.673140
4 0.953000 0.684000 0.945000 0.690000 0.933360 0.674480 0.941360 0.668480
4 0.961214 0.677230 0.955000 0.683000 0.941786 0.668770 0.948000 0.663000
4 0.987000 0.662000 0.980301 0.670245 0.964301 0.657245 0.971000 0.649000
4 0.996000 0.656000 0.989929 0.662938 0.973929 0.648938 0.980000 0.642000
4 1.000000 0.645600 1.000000 0.652500 0.998000 0.655000 0.982634 0.642707
4 1.000000 0.643588 0.992000 0.637000 0.997860 0.629885 1.005860 0.636473
4 0.998000 0.630368 0.998000 0.626077 1.000000 0.626077 1.000000 0.630368
6 1.000000 0.707357 0.990693 0.698715 0.996000 0.693000 1.005307 0.701642
4 1.000000 0.711000 1.000000 0.713000 0.995000 0.718000 0.983500 0.706500
6 0.990139 0.719177 0.984000 0.724000 0.972861 0.709823 0.979000 0.705000
4 0.978000 0.722000 0.973000 0.727000 0.962000 0.716000 0.967000 0.711000
5 0.969000 0.728000 0.963026 0.733031 0.947000 0.714000 0.952974 0.708969
4 0.958000 0.731000 0.951628 0.736575 0.937628 0.720575 0.944000 0.715000
4 0.948000 0.737000 0.941186 0.742242 0.931000 0.729000 0.937814 0.723758
6 0.936154 0.744231 0.929000 0.749000 0.918846 0.733769 0.926000 0.729000
4 0.298213 1.004258 0.297200 1.000000 0.315082 0.995742 0.316095 1.000000
9 0.492932 1.000000 0.492932 0.998000 0.551575 0.998000 0.551575 1.000000
21 0.734000 0.426000 0.508000 0.426000 0.508000 0.053000 0.734000 0.053000
4 0.102000 0.917000 0.085000 0.917000 0.085000 0.911000 0.102000 0.911000
