4 0.613472 0.410609 0.600472 0.425609 0.594000 0.420000 0.607000 0.405000
4 0.458000 0.988000 0.455000 1.000000 0.446500 1.000000 0.450000 0.986000
6 0.368000 0.987000 0.363938 1.000000 0.355313 1.000000 0.360142 0.984544
4 0.349000 0.971000 0.344974 0.988111 0.336000 0.986000 0.340026 0.968888
4 0.161000 0.937000 0.157898 0.951478 0.151000 0.950000 0.154102 0.935522
6 0.800099 0.846026 0.798000 0.854000 0.778754 0.848935 0.780852 0.840961
6 0.835000 0.844000 0.833144 0.851796 0.812144 0.846796 0.814000 0.839000
6 0.032000 0.896000 0.030962 0.901192 0.015962 0.898192 0.017000 0.893000
4 0.203000 0.871000 0.198953 0.889212 0.189000 0.887000 0.193047 0.868788
4 0.223000 0.849000 0.218856 0.866613 0.212000 0.865000 0.216144 0.847387
4 0.317000 0.826000 0.300886 0.831036 0.299000 0.825000 0.315114 0.819964
6 0.543000 0.901000 0.539946 0.919324 0.532000 0.918000 0.535054 0.899676
4 0.557140 0.890020 0.555000 0.905000 0.546880 0.903840 0.549020 0.888860
6 0.373192 0.681039 0.368192 0.706039 0.358000 0.704000 0.363000 0.679000
6 0.358000 0.665000 0.355000 0.680000 0.346923 0.678385 0.349923 0.663385
4 0.289000 0.656000 0.286000 0.673000 0.276930 0.671399 0.279930 0.654399
6 0.275000 0.655000 0.272974 0.670197 0.264000 0.669000 0.266026 0.653804
6 0.176100 0.657700 0.171000 0.673000 0.162900 0.670300 0.168000 0.655000
4 0.202264 0.654048 0.201000 0.661000 0.178736 0.656952 0.180000 0.650000
4 0.965000 0.606000 0.961000 0.620000 0.952811 0.617660 0.956811 0.603660
4 0.977000 0.558000 0.973919 0.576486 0.965000 0.575000 0.968081 0.556514
4 0.969000 0.445000 0.967173 0.453039 0.945173 0.448039 0.947000 0.440000
4 0.885414 0.681034 0.868414 0.682034 0.868000 0.675000 0.885000 0.674000
5 0.494000 0.645000 0.493056 0.654910 0.472056 0.652910 0.473000 0.643000
5 0.522640 0.650046 0.522000 0.659000 0.493360 0.656954 0.494000 0.648000
4 0.595122 0.462902 0.593000 0.482000 0.584878 0.481098 0.587000 0.462000
6 0.678000 0.423000 0.677045 0.430006 0.655000 0.427000 0.655955 0.419994
4 0.574257 0.349041 0.573000 0.357000 0.553743 0.353959 0.555000 0.346000
4 0.553612 0.427966 0.553000 0.435000 0.530000 0.433000 0.530612 0.425966
6 0.550154 0.438024 0.549051 0.445008 0.529897 0.441984 0.531000 0.435000
5 0.546399 0.499907 0.545000 0.509000 0.519000 0.505000 0.520399 0.495907
6 0.406000 0.575000 0.404965 0.590531 0.397000 0.590000 0.398035 0.574469
6 0.210454 0.506096 0.209000 0.513000 0.189546 0.508905 0.191000 0.502000
5 0.289206 0.280943 0.271000 0.286000 0.268794 0.278057 0.287000 0.273000
6 0.266647 0.306588 0.257647 0.321588 0.250000 0.317000 0.259000 0.302000
4 0.241080 0.280560 0.231000 0.282000 0.228000 0.261000 0.238080 0.259560
6 0.255005 0.284047 0.245000 0.285000 0.242996 0.263953 0.253000 0.263000
4 0.136000 0.518000 0.132909 0.534483 0.125000 0.533000 0.128091 0.516517
4 0.030000 0.676000 0.015000 0.691000 0.010500 0.686500 0.025500 0.671500
4 0.000000 0.710461 0.000000 0.702800 0.006297 0.694613 0.012000 0.699000
4 0.111146 0.514598 0.107000 0.526000 0.099854 0.523401 0.104000 0.512000
4 0.106000 0.527000 0.099963 0.544105 0.094000 0.542000 0.100037 0.524895
4 0.000000 0.615571 0.000000 0.615571 0.000000 0.615571 0.000000 0.615571
4 0.078000 0.480000 0.077045 0.487006 0.055000 0.484000 0.055955 0.476994
5 0.052321 0.472973 0.052000 0.481000 0.027000 0.480000 0.027321 0.471973
5 0.078286 0.367053 0.077000 0.374000 0.049714 0.368947 0.051000 0.362000
6 0.146000 0.241000 0.145151 0.249919 0.124151 0.247919 0.125000 0.239000
4 0.142000 0.232000 0.141331 0.240028 0.117000 0.238000 0.117669 0.229972
4 0.153318 0.146014 0.153000 0.153000 0.130682 0.151986 0.131000 0.145000
6 0.178000 0.047000 0.177570 0.056027 0.156570 0.055027 0.157000 0.046000
6 0.208000 -0.000000 0.206975 0.021523 0.196000 0.021000 0.197000 0.000000
