24 0.012000 0.986667 0.012000 0.964667 0.004667 0.964667 0.004667 0.986667
24 0.012667 0.944667 0.012667 0.908000 -0.002000 0.907333 -0.002000 0.944667
24 0.012000 0.894667 0.012000 0.860667 0.000000 0.860667 0.000000 0.894667
24 0.012000 0.853333 0.012000 0.818000 0.000000 0.818000 0.000000 0.852667
24 0.047333 0.993333 0.047333 0.955333 0.036000 0.955333 0.035333 0.993333
24 0.046667 0.936667 0.046667 0.907333 0.035333 0.907333 0.034667 0.936667
24 0.062000 0.942667 0.062000 0.902000 0.048000 0.902000 0.048000 0.942667
24 0.047333 0.904667 0.047333 0.863333 0.036667 0.863333 0.036000 0.904667
24 0.062000 0.901333 0.062000 0.862000 0.049333 0.862000 0.049333 0.901333
24 0.045333 0.859333 0.045333 0.821333 0.033333 0.820667 0.032667 0.859333
24 0.055333 0.859333 0.056000 0.822667 0.046667 0.822667 0.046000 0.859333
24 0.068000 0.859333 0.069333 0.818667 0.056667 0.818667 0.056667 0.859333
24 0.112667 0.983333 0.113333 0.946000 0.101333 0.946000 0.101333 0.983333
24 0.127333 0.982667 0.127333 0.949333 0.116667 0.949333 0.116667 0.982667
24 0.150667 0.944667 0.152000 0.982667 0.163333 0.982000 0.162000 0.944667
24 0.180000 0.984000 0.180667 0.942667 0.166667 0.942667 0.166667 0.984000
24 0.161333 0.936667 0.154667 0.890000 0.142000 0.892000 0.148000 0.938667
24 0.179333 0.937333 0.172000 0.889333 0.156667 0.891333 0.163333 0.939333
24 0.152000 0.882000 0.107333 0.886667 0.108000 0.895333 0.152667 0.891333
24 0.150667 0.870667 0.105333 0.875333 0.106667 0.886000 0.151333 0.881333
24 0.002667 0.798000 0.056667 0.798000 0.056667 0.786000 0.002667 0.786000
24 0.002000 0.811333 0.049333 0.811333 0.049333 0.800000 0.002000 0.800000
23 0.182000 0.749333 0.337333 0.896667 0.358000 0.875333 0.202000 0.727333
23 0.022000 0.486667 0.213333 0.668000 0.241333 0.638667 0.050000 0.457333
28 0.278000 0.982000 0.245333 0.982000 0.245333 0.988000 0.278000 0.987333
1 0.382667 0.440667 0.552667 0.522000 0.565333 0.496667 0.395333 0.416000
2 0.142667 0.386000 0.335333 0.478000 0.346667 0.453333 0.154667 0.361333
24 0.188000 0.375333 0.202667 0.344000 0.191333 0.338667 0.176667 0.370000
24 0.348000 0.452667 0.362667 0.420000 0.352000 0.414667 0.337333 0.447333
1 0.697333 0.498667 0.670000 0.463333 0.660667 0.470667 0.688000 0.506000
1 0.728000 0.480000 0.692667 0.433333 0.678000 0.444000 0.715333 0.490667
1 0.763333 0.388667 0.712667 0.322667 0.696000 0.336000 0.747333 0.402000
1 0.907333 0.403333 0.883333 0.378667 0.876000 0.386000 0.898667 0.411333
7 0.952000 0.384667 0.932000 0.365333 0.927333 0.370667 0.947333 0.390000
7 0.932667 0.364667 0.913333 0.346000 0.908000 0.351333 0.927333 0.370000
7 0.958000 0.383333 0.940667 0.366667 0.936667 0.370667 0.953333 0.387333
7 0.963333 0.378000 0.945333 0.360000 0.941333 0.364667 0.958000 0.382000
7 0.968000 0.376000 0.952000 0.359333 0.948000 0.363333 0.964000 0.380000
7 0.973333 0.373333 0.956000 0.356000 0.952667 0.359333 0.969333 0.376667
7 0.977333 0.369333 0.961333 0.353333 0.958000 0.356667 0.974000 0.372667
7 0.982667 0.364667 0.965333 0.348000 0.962000 0.352000 0.978000 0.368667
7 0.983333 0.359333 0.971333 0.347333 0.968000 0.350000 0.980667 0.362000
7 0.940667 0.364667 0.925333 0.349333 0.921333 0.353333 0.936667 0.368667
7 0.945333 0.359333 0.928667 0.344000 0.925333 0.348000 0.941333 0.363333
7 0.948667 0.357333 0.935333 0.340000 0.932000 0.343333 0.945333 0.360667
1 0.898667 0.320667 0.871333 0.290000 0.862000 0.298667 0.888667 0.329333
22 0.898667 0.366667 0.880667 0.346667 0.874000 0.352667 0.893333 0.372667
7 0.911333 0.346667 0.897333 0.328000 0.893333 0.331333 0.908000 0.350000
7 0.923333 0.346000 0.906000 0.323333 0.899333 0.328667 0.917333 0.350667
7 0.928000 0.342000 0.912000 0.321333 0.908000 0.324000 0.923333 0.345333
7 0.935333 0.338000 0.918667 0.318000 0.913333 0.322000 0.929333 0.342000
7 0.955333 0.356667 0.942000 0.340000 0.938000 0.342667 0.951333 0.359333
7 0.959333 0.353333 0.946667 0.336667 0.943333 0.339333 0.956667 0.356000
7 0.962000 0.348667 0.952000 0.336000 0.948667 0.338000 0.958667 0.350667
7 0.967333 0.347333 0.957333 0.334667 0.953333 0.337333 0.963333 0.350000
7 0.974000 0.345333 0.961333 0.332000 0.958000 0.335333 0.971333 0.349333
7 0.939333 0.333333 0.928000 0.318000 0.923333 0.321333 0.936000 0.336667
7 0.948000 0.334000 0.933333 0.315333 0.928667 0.319333 0.943333 0.338000
7 0.958000 0.333333 0.943333 0.314000 0.938000 0.318000 0.953333 0.337333
7 0.979333 0.344667 0.968000 0.330000 0.964000 0.332667 0.976000 0.347333
1 0.913333 0.308000 0.946000 0.294000 0.943333 0.287333 0.909333 0.301333
1 0.908667 0.322667 0.948000 0.306667 0.945333 0.298000 0.906000 0.314000
7 0.913333 0.300000 0.932667 0.290000 0.930667 0.286000 0.911333 0.296000
7 0.857333 0.323333 0.861333 0.346000 0.868000 0.344667 0.863333 0.322000
2 1.000667 0.287333 0.974000 0.307333 0.978000 0.312667 1.004000 0.292000
2 0.994667 0.281333 0.968667 0.302000 0.973333 0.307333 0.999333 0.286667
18 0.898000 0.067333 0.950667 0.056667 0.948000 0.044667 0.895333 0.055333
18 0.942000 0.057333 0.906667 0.064667 0.908000 0.074667 0.943333 0.067333
7 0.722667 0.018000 0.746000 0.036667 0.749333 0.032000 0.727333 0.013333
7 0.729333 0.015333 0.752000 0.033333 0.756667 0.028000 0.733333 0.009333
7 0.737333 0.011333 0.758667 0.029333 0.763333 0.023333 0.742667 0.005333
7 0.746000 0.007333 0.767333 0.025333 0.771333 0.020667 0.748667 0.002667
7 0.753333 0.005333 0.774000 0.022667 0.778000 0.018000 0.758000 0.000667
7 0.761333 0.003333 0.782000 0.018000 0.785333 0.012667 0.765333 -0.002000
7 0.642000 0.050000 0.658000 0.062000 0.661333 0.058000 0.644000 0.046000
7 0.642667 0.045333 0.662667 0.059333 0.666667 0.054667 0.646667 0.040667
7 0.651333 0.043333 0.666000 0.054000 0.668000 0.050667 0.652667 0.040000
7 0.655333 0.040000 0.670000 0.050667 0.672667 0.046667 0.658000 0.036000
7 0.656000 0.034667 0.672667 0.046667 0.676667 0.041333 0.658667 0.029333
7 0.658667 0.028667 0.675333 0.040000 0.678000 0.036000 0.662667 0.024000
7 0.658000 0.021333 0.682667 0.038667 0.687333 0.033333 0.662667 0.015333
7 0.660667 0.014000 0.687333 0.032667 0.692000 0.026667 0.665333 0.008000
7 0.691333 0.042667 0.715333 0.060000 0.718667 0.054000 0.695333 0.037333
7 0.696667 0.038000 0.717333 0.052667 0.721333 0.048000 0.700000 0.033333
0 0.663333 0.005333 0.692667 0.026000 0.697333 0.020667 0.668000 0.000000
7 0.696667 0.030000 0.724000 0.050000 0.728000 0.044667 0.700667 0.024667
2 0.702000 0.005333 0.715333 0.014667 0.718000 0.010667 0.705333 0.001333
2 0.714000 0.000667 0.726000 0.014000 0.730667 0.010000 0.718667 -0.003333
2 0.722667 -0.002000 0.728667 0.012667 0.734000 0.010000 0.728000 -0.004667
7 0.641333 0.206667 0.620667 0.218000 0.624000 0.224000 0.644667 0.212667
28 0.498000 0.138000 0.515333 0.170000 0.523333 0.165333 0.507333 0.133333
28 0.522000 0.135333 0.536000 0.162000 0.542667 0.158667 0.528667 0.131333
28 0.507333 0.133333 0.525333 0.166667 0.534000 0.162000 0.516667 0.128667
28 0.528000 0.130000 0.543333 0.158667 0.552000 0.154000 0.536667 0.126000
28 0.537333 0.130000 0.558667 0.156667 0.566000 0.151333 0.543333 0.124667
28 0.547333 0.128667 0.562000 0.146000 0.566667 0.142000 0.552667 0.124667
28 0.551333 0.123333 0.572667 0.149333 0.577333 0.144667 0.556667 0.118667
28 0.560667 0.123333 0.577333 0.144667 0.583333 0.139333 0.566667 0.118000
28 0.567333 0.120000 0.583333 0.139333 0.590000 0.134667 0.573333 0.115333
28 0.576000 0.119333 0.587333 0.132667 0.592667 0.128000 0.581333 0.114667
28 0.582000 0.114667 0.592667 0.129333 0.598667 0.124667 0.587333 0.110000
1 0.568667 0.152000 0.536000 0.166000 0.538667 0.174667 0.572667 0.160667
18 0.526000 0.167333 0.467333 0.191333 0.472000 0.201333 0.530000 0.177333
1 0.472000 0.146667 0.448000 0.156667 0.450667 0.164667 0.475333 0.154000
8 0.484667 0.152000 0.481333 0.125333 0.473333 0.126667 0.477333 0.152667
18 0.603333 0.210000 0.568667 0.184667 0.562000 0.194000 0.596667 0.219333
9 0.680000 0.710667 0.647333 0.686667 0.687333 0.632667 0.719333 0.656667
9 0.904000 0.784667 0.906667 0.771333 0.920000 0.773333 0.917333 0.786667
