6 0.053000 0.163000 0.052000 0.170000 0.034000 0.166000 0.035000 0.159000
6 0.079000 0.162000 0.077000 0.169000 0.059000 0.164000 0.062000 0.156000
6 0.143000 0.189000 0.142000 0.196000 0.127000 0.194000 0.127000 0.186000
6 0.298000 0.038000 0.290000 0.038000 0.290000 0.022000 0.298000 0.022000
6 0.297000 0.039000 0.295000 0.058000 0.287000 0.058000 0.289000 0.039000
6 0.294000 0.060000 0.292000 0.077000 0.283000 0.077000 0.286000 0.059000
4 0.181000 0.294000 0.178000 0.301000 0.156000 0.292000 0.158000 0.284000
4 0.185000 0.283000 0.182000 0.292000 0.159000 0.283000 0.163000 0.275000
4 0.180000 0.303000 0.178000 0.310000 0.158000 0.303000 0.161000 0.297000
5 0.171000 0.329000 0.168000 0.338000 0.143000 0.329000 0.145000 0.321000
5 0.166000 0.337000 0.163000 0.346000 0.141000 0.338000 0.143000 0.330000
5 0.161000 0.347000 0.158000 0.355000 0.137000 0.348000 0.140000 0.340000
4 0.158000 0.355000 0.155000 0.363000 0.132000 0.356000 0.135000 0.348000
4 0.156000 0.364000 0.154000 0.373000 0.131000 0.366000 0.133000 0.357000
6 0.149000 0.372000 0.147000 0.379000 0.126000 0.373000 0.128000 0.366000
5 0.149000 0.382000 0.147000 0.391000 0.123000 0.384000 0.125000 0.375000
5 0.125000 0.435000 0.122000 0.443000 0.099000 0.433000 0.103000 0.426000
6 0.117000 0.443000 0.115000 0.450000 0.096000 0.444000 0.099000 0.436000
6 0.194000 0.465000 0.192000 0.471000 0.175000 0.466000 0.176000 0.459000
6 0.860000 0.415000 0.857000 0.424000 0.835000 0.417000 0.838000 0.408000
6 0.878000 0.484000 0.860000 0.485000 0.860000 0.477000 0.878000 0.476000
6 0.911000 0.492000 0.905000 0.510000 0.897000 0.507000 0.904000 0.490000
4 0.908000 0.738000 0.899000 0.739000 0.896000 0.719000 0.906000 0.719000
10 0.659000 0.773000 0.657000 0.783000 0.624000 0.775000 0.627000 0.766000
10 0.662000 0.765000 0.660000 0.774000 0.636000 0.767000 0.639000 0.759000
10 0.689000 0.942000 0.680000 0.977000 0.666000 0.974000 0.675000 0.938000
4 0.243000 0.969000 0.236000 0.986000 0.228000 0.982000 0.236000 0.966000
5 0.248000 0.948000 0.244000 0.964000 0.237000 0.962000 0.241000 0.946000
5 0.215000 0.966000 0.192000 0.973000 0.190000 0.965000 0.212000 0.959000
5 0.223000 0.949000 0.200000 0.954000 0.198000 0.946000 0.222000 0.942000
5 0.268000 0.896000 0.262000 0.916000 0.253000 0.914000 0.259000 0.894000
5 0.278000 0.870000 0.271000 0.892000 0.262000 0.889000 0.269000 0.868000
5 0.431000 0.721000 0.429000 0.730000 0.406000 0.724000 0.409000 0.716000
4 0.390000 0.712000 0.387000 0.720000 0.363000 0.711000 0.366000 0.703000
11 0.332000 0.721000 0.326000 0.739000 0.319000 0.737000 0.325000 0.719000
4 0.324000 0.749000 0.317000 0.767000 0.308000 0.764000 0.315000 0.746000
6 0.314000 0.774000 0.309000 0.789000 0.301000 0.787000 0.306000 0.772000
5 0.310000 0.686000 0.308000 0.695000 0.284000 0.690000 0.286000 0.682000
6 0.235000 0.733000 0.231000 0.751000 0.223000 0.750000 0.227000 0.732000
6 0.198000 0.831000 0.194000 0.845000 0.187000 0.843000 0.191000 0.829000
6 0.192000 0.851000 0.185000 0.871000 0.178000 0.869000 0.184000 0.848000
5 0.158000 0.831000 0.150000 0.851000 0.140000 0.848000 0.148000 0.828000
6 0.175000 0.779000 0.169000 0.794000 0.163000 0.792000 0.169000 0.777000
4 0.184000 0.756000 0.178000 0.772000 0.170000 0.769000 0.177000 0.754000
6 0.192000 0.733000 0.186000 0.751000 0.177000 0.748000 0.184000 0.731000
4 0.198000 0.716000 0.193000 0.732000 0.185000 0.730000 0.190000 0.714000
4 0.204000 0.694000 0.197000 0.714000 0.190000 0.711000 0.197000 0.691000
5 0.162000 0.691000 0.160000 0.698000 0.140000 0.693000 0.141000 0.685000
6 0.138000 0.748000 0.136000 0.754000 0.121000 0.750000 0.122000 0.743000
4 0.136000 0.756000 0.134000 0.762000 0.116000 0.757000 0.119000 0.750000
4 0.133000 0.764000 0.131000 0.772000 0.113000 0.766000 0.115000 0.758000
6 0.126000 0.631000 0.124000 0.639000 0.107000 0.634000 0.109000 0.626000
9 0.291000 0.644000 0.277000 0.691000 0.208000 0.670000 0.222000 0.623000
