21 0.414000 0.261000 0.212000 0.262000 0.211000 0.016000 0.413000 0.015000
14 0.498000 0.343000 0.493000 0.424000 0.444000 0.422000 0.450000 0.341000
14 0.432000 0.341000 0.425000 0.423000 0.378000 0.419000 0.385000 0.336000
14 0.330000 0.338000 0.325000 0.419000 0.276000 0.417000 0.280000 0.335000
14 0.267000 0.334000 0.261000 0.417000 0.212000 0.414000 0.217000 0.330000
21 0.187000 0.240000 0.000000 0.242000 0.000000 0.000000 0.184000 0.000000
21 0.639000 0.016000 0.638000 0.264000 0.436000 0.263000 0.438000 0.016000
6 0.855000 0.744000 0.853000 0.752000 0.831000 0.745000 0.834000 0.738000
6 0.000000 0.924000 0.000000 0.916000 0.006000 0.915000 0.006000 0.924000
6 0.927000 0.953000 0.926000 0.962000 0.903000 0.958000 0.905000 0.950000
