7 0.609333 0.028667 0.616667 0.004667 0.610000 0.002667 0.601333 0.025333
1 0.422000 0.472667 0.546000 0.228000 0.512667 0.210000 0.388667 0.456000
23 0.376000 0.480000 0.306000 0.693333 0.335333 0.702667 0.404667 0.490000
7 0.292000 0.738667 0.288667 0.764000 0.298667 0.765333 0.302000 0.740000
2 0.504000 0.351333 0.538000 0.284000 0.523333 0.276000 0.489333 0.343333
9 0.020000 0.228000 0.020000 0.214667 0.032667 0.214667 0.032667 0.228000
9 0.120000 0.230667 0.120000 0.217333 0.132000 0.217333 0.132000 0.230667
9 0.118000 0.396000 0.118000 0.382667 0.130000 0.382667 0.130000 0.396000
9 0.115333 0.477333 0.115333 0.464000 0.128000 0.464000 0.128000 0.477333
9 0.045333 0.475333 0.045333 0.462000 0.058000 0.462000 0.058000 0.475333
9 0.042667 0.560000 0.042667 0.546667 0.055333 0.546667 0.055333 0.560000
9 0.115333 0.560667 0.115333 0.547333 0.127333 0.547333 0.127333 0.560667
9 0.042667 0.642667 0.042667 0.629333 0.054667 0.629333 0.054667 0.642667
9 0.114000 0.643333 0.114000 0.630000 0.126667 0.630000 0.126667 0.643333
9 0.160000 0.737333 0.160667 0.710667 0.192000 0.711333 0.192000 0.737333
9 0.039333 0.757333 0.039333 0.729333 0.052000 0.729333 0.051333 0.757333
9 0.168000 0.481333 0.168000 0.460667 0.197333 0.461333 0.197333 0.481333
9 0.982000 0.876667 0.972000 0.857333 0.987333 0.849333 0.997333 0.869333
