13 0.015000 0.761000 0.091000 0.731000 0.065000 0.666000 -0.011000 0.697000
12 0.072000 0.853000 0.127000 0.831000 0.106000 0.782000 0.052000 0.804000
17 0.121000 0.936000 0.181000 0.912000 0.163000 0.863000 0.102000 0.887000
12 0.218000 0.388000 0.165000 0.413000 0.188000 0.460000 0.241000 0.435000
29 0.292000 0.471000 0.181000 0.525000 0.230000 0.629000 0.343000 0.575000
13 0.334000 0.636000 0.260000 0.672000 0.290000 0.734000 0.364000 0.698000
13 0.383000 0.720000 0.309000 0.756000 0.339000 0.819000 0.414000 0.783000
13 0.448000 0.828000 0.375000 0.864000 0.405000 0.927000 0.478000 0.891000
19 0.489000 0.925000 0.435000 0.951000 0.457000 0.997000 0.511000 0.971000
9 0.892000 0.168000 0.892000 0.091000 0.978000 0.091000 0.978000 0.168000
