4 0.543000 0.670000 0.530000 0.687000 0.522000 0.681000 0.536000 0.665000
6 0.742000 0.980000 0.723000 0.990000 0.720000 0.983000 0.738000 0.972000
6 0.069000 0.288000 0.063000 0.293000 0.051000 0.279000 0.056000 0.273000
6 0.277000 0.242000 0.270000 0.247000 0.260000 0.233000 0.267000 0.228000
5 0.308000 0.228000 0.301000 0.234000 0.291000 0.219000 0.298000 0.213000
4 0.333000 0.219000 0.327000 0.225000 0.314000 0.210000 0.320000 0.204000
4 0.354000 0.211000 0.348000 0.216000 0.334000 0.198000 0.341000 0.192000
6 0.235000 0.213000 0.231000 0.219000 0.218000 0.209000 0.223000 0.203000
5 0.259000 0.189000 0.253000 0.195000 0.237000 0.179000 0.243000 0.173000
5 0.274000 0.179000 0.263000 0.185000 0.248000 0.161000 0.259000 0.154000
5 0.290000 0.168000 0.282000 0.173000 0.271000 0.156000 0.279000 0.151000
6 0.305000 0.160000 0.298000 0.166000 0.282000 0.147000 0.290000 0.142000
11 0.257000 0.154000 0.246000 0.159000 0.234000 0.136000 0.245000 0.131000
3 0.364000 0.051000 0.362000 0.060000 0.332000 0.054000 0.333000 0.044000
5 0.395000 0.058000 0.392000 0.067000 0.367000 0.059000 0.369000 0.049000
5 0.299000 0.074000 0.270000 0.079000 0.269000 0.070000 0.297000 0.066000
5 0.165000 0.092000 0.155000 0.095000 0.150000 0.073000 0.160000 0.070000
5 0.148000 0.086000 0.137000 0.090000 0.130000 0.071000 0.142000 0.068000
6 0.116000 0.097000 0.107000 0.099000 0.102000 0.081000 0.112000 0.078000
5 0.104000 0.101000 0.093000 0.105000 0.085000 0.084000 0.096000 0.080000
5 0.033000 0.113000 0.024000 0.118000 0.016000 0.099000 0.025000 0.094000
5 0.195000 0.041000 0.166000 0.044000 0.166000 0.035000 0.194000 0.031000
5 0.152000 0.028000 0.143000 0.035000 0.129000 0.017000 0.138000 0.010000
3 0.606000 0.072000 0.599000 0.079000 0.584000 0.066000 0.591000 0.058000
3 0.615000 0.064000 0.608000 0.072000 0.594000 0.060000 0.601000 0.052000
3 0.637000 0.063000 0.631000 0.072000 0.607000 0.055000 0.614000 0.047000
3 0.648000 0.054000 0.641000 0.064000 0.617000 0.048000 0.624000 0.038000
3 0.660000 0.049000 0.653000 0.058000 0.628000 0.038000 0.636000 0.030000
3 0.663000 0.037000 0.656000 0.045000 0.640000 0.030000 0.648000 0.023000
3 0.487000 0.035000 0.463000 0.050000 0.458000 0.041000 0.481000 0.025000
3 0.443000 0.009000 0.417000 0.028000 0.411000 0.019000 0.436000 0.000000
3 0.571000 0.022000 0.548000 0.029000 0.546000 0.020000 0.569000 0.013000
3 0.591000 0.015000 0.571000 0.018000 0.569000 0.011000 0.590000 0.007000
3 0.565000 0.012000 0.542000 0.017000 0.539000 0.008000 0.562000 0.003000
26 0.841000 0.494000 0.812000 0.425000 0.907000 0.384000 0.936000 0.453000
3 0.191000 0.001000 0.198000 0.010000 0.180000 0.025000 0.173000 0.016000
