6 0.030000 0.905000 0.006000 0.905000 0.006000 0.896000 0.030000 0.896000
9 0.204000 0.881000 0.198000 0.920000 0.129000 0.910000 0.135000 0.871000
32 0.567000 0.000000 0.560000 0.107000 0.404000 0.097000 0.411000 0.000000
32 0.786000 0.000000 0.777000 0.117000 0.624000 0.106000 0.631000 0.000000
32 0.555000 0.210000 0.546000 0.325000 0.391000 0.312000 0.399000 0.198000
32 0.765000 0.216000 0.759000 0.331000 0.609000 0.323000 0.614000 0.209000
6 0.863000 0.708000 0.862000 0.716000 0.840000 0.715000 0.841000 0.707000
4 0.698000 0.970000 0.695000 0.988000 0.684000 0.987000 0.686000 0.968000
4 0.719000 0.969000 0.716000 0.987000 0.708000 0.985000 0.710000 0.968000
26 0.923000 0.603000 0.906000 0.541000 0.982000 0.519000 0.998000 0.581000
