16 0.343010 0.254044 0.326000 0.258000 0.315990 0.214956 0.333000 0.211000
5 0.244000 0.024000 0.234930 0.025601 0.231930 0.008601 0.241000 0.007000
6 0.038000 0.198000 0.015000 0.200000 0.014388 0.192966 0.037388 0.190966
4 0.377335 0.304032 0.356335 0.305032 0.356000 0.298000 0.377000 0.297000
6 0.437000 0.320000 0.414639 0.322033 0.414000 0.315000 0.436361 0.312967
4 0.434000 0.447000 0.424931 0.454054 0.421000 0.449000 0.430069 0.441946
4 0.814625 0.370035 0.807000 0.373000 0.800000 0.355000 0.807625 0.352035
6 0.904662 0.040527 0.897662 0.045527 0.888000 0.032000 0.895000 0.027000
6 0.855000 0.060000 0.849000 0.065000 0.837197 0.050836 0.843197 0.045836
6 0.847443 0.085146 0.840000 0.090000 0.825000 0.067000 0.832443 0.062146
6 0.986000 0.072000 0.979662 0.076527 0.969662 0.062527 0.976000 0.058000
4 0.975000 0.077000 0.967246 0.081431 0.959000 0.067000 0.966754 0.062569
4 0.989800 0.093400 0.981800 0.099400 0.971000 0.085000 0.979000 0.079000
4 0.978000 0.100000 0.971714 0.104610 0.960714 0.089610 0.967000 0.085000
6 0.967000 0.103000 0.959719 0.107551 0.949719 0.091551 0.957000 0.087000
4 0.922139 0.120177 0.916000 0.125000 0.904861 0.110823 0.911000 0.106000
4 0.889000 0.132000 0.882494 0.137577 0.870000 0.123000 0.876506 0.117424
4 0.878139 0.136177 0.872000 0.141000 0.860861 0.126823 0.867000 0.122000
4 0.847800 0.343600 0.841000 0.347000 0.833000 0.331000 0.839800 0.327600
4 0.858000 0.362000 0.851102 0.365219 0.844000 0.350000 0.850898 0.346781
4 0.866000 0.382000 0.858834 0.384529 0.852834 0.367529 0.860000 0.365000
4 0.877000 0.401000 0.869246 0.405431 0.860569 0.390246 0.868323 0.385815
4 0.881000 0.404000 0.880000 0.421000 0.871969 0.420528 0.872969 0.403528
6 0.909500 0.605500 0.897000 0.618000 0.892000 0.613000 0.904500 0.600500
4 0.920000 0.611000 0.906000 0.623000 0.901341 0.617565 0.915341 0.605565
4 0.928230 0.616751 0.916230 0.629751 0.910000 0.624000 0.922000 0.611000
4 0.936492 0.620410 0.926492 0.632410 0.920000 0.627000 0.930000 0.615000
4 0.945000 0.625000 0.933000 0.638000 0.927268 0.632709 0.939268 0.619709
6 0.954000 0.631000 0.941000 0.644000 0.935000 0.638000 0.948000 0.625000
4 0.964214 0.635770 0.951000 0.650000 0.944786 0.644230 0.958000 0.630000
4 0.974000 0.640000 0.960500 0.653500 0.955000 0.648000 0.968500 0.634500
4 0.877134 0.638886 0.864000 0.650000 0.859865 0.645114 0.873000 0.634000
6 0.886796 0.644276 0.875796 0.654276 0.871000 0.649000 0.882000 0.639000
4 0.896462 0.649455 0.883462 0.660455 0.878000 0.654000 0.891000 0.643000
4 0.904000 0.656000 0.893212 0.665247 0.887212 0.658247 0.898000 0.649000
4 0.912186 0.660834 0.903000 0.669000 0.897814 0.663165 0.907000 0.655000
4 0.922691 0.666243 0.908691 0.677243 0.903000 0.670000 0.917000 0.659000
4 0.929310 0.670646 0.922000 0.679000 0.916690 0.674354 0.924000 0.666000
4 0.939500 0.675500 0.928000 0.687000 0.922500 0.681500 0.934000 0.670000
4 0.949500 0.679500 0.939000 0.690000 0.933000 0.684000 0.943500 0.673500
4 0.958226 0.682751 0.948000 0.694000 0.942774 0.689249 0.953000 0.678000
4 0.975000 0.688000 0.973000 0.702000 0.966000 0.701000 0.968000 0.687000
4 0.987033 0.689639 0.986000 0.701000 0.978967 0.700361 0.980000 0.689000
4 0.999000 0.699000 0.991000 0.699000 0.991000 0.689000 0.999000 0.689000
4 0.839000 0.685000 0.825000 0.699000 0.819000 0.693000 0.833000 0.679000
4 0.879000 0.707000 0.865751 0.721269 0.859000 0.715000 0.872249 0.700732
4 0.800000 0.744000 0.794679 0.749701 0.779679 0.735701 0.785000 0.730000
4 0.543000 0.740000 0.537199 0.745221 0.528000 0.735000 0.533801 0.729779
4 0.862000 0.832000 0.856457 0.838396 0.841000 0.825000 0.846543 0.818604
6 0.609000 0.940000 0.585000 0.955000 0.579270 0.945831 0.603270 0.930831
6 0.665000 0.951000 0.635000 0.968000 0.629681 0.958614 0.659681 0.941614
