3 0.125582 0.337027 0.094582 0.339027 0.094000 0.330000 0.125000 0.328000
4 0.021000 0.445000 0.010975 0.445557 0.009975 0.427557 0.020000 0.427000
3 0.007000 0.470000 0.005978 0.488388 0.000000 0.488056 0.000000 0.470000
6 0.067000 0.587000 0.057108 0.588649 0.054108 0.570649 0.064000 0.569000
5 0.010000 0.593000 0.000000 0.593000 0.000000 0.573000 0.010000 0.573000
5 0.010000 0.630000 0.000000 0.630000 0.000000 0.608409 0.009000 0.608000
5 0.031000 0.690000 0.020000 0.692000 0.016000 0.670000 0.027000 0.668000
6 0.017000 0.689000 0.006024 0.690219 0.004000 0.672000 0.014976 0.670781
4 0.115000 0.768000 0.106000 0.769000 0.103988 0.750890 0.112988 0.749890
3 0.021000 0.792000 -0.000482 0.791259 0.000000 0.777276 0.021482 0.778017
5 0.182000 0.499000 0.157000 0.503000 0.155546 0.493913 0.180546 0.489913
6 0.350000 0.714000 0.342000 0.714000 0.342000 0.698000 0.350000 0.698000
5 0.363000 0.714000 0.355025 0.714443 0.354000 0.696000 0.361975 0.695557
3 0.498000 0.716000 0.494730 0.727213 0.398730 0.699213 0.402000 0.688000
10 0.452102 0.594788 0.441000 0.618000 0.428898 0.612212 0.440000 0.589000
5 0.388333 0.563318 0.381000 0.571000 0.359000 0.550000 0.366333 0.542318
5 0.399000 0.554000 0.390026 0.562029 0.373026 0.543029 0.382000 0.535000
6 0.413000 0.528000 0.412000 0.545000 0.401976 0.544410 0.402976 0.527410
5 0.768022 0.543449 0.757000 0.544000 0.756000 0.524000 0.767022 0.523449
4 0.988943 0.723794 0.981000 0.726000 0.976000 0.708000 0.983943 0.705794
16 0.475097 0.638077 0.472000 0.642000 0.452903 0.626923 0.456000 0.623000
16 0.481000 0.634000 0.477784 0.637818 0.458784 0.621818 0.462000 0.618000
16 0.489000 0.626000 0.485000 0.631000 0.465000 0.615000 0.469000 0.610000
6 0.031000 0.401000 0.020000 0.401000 0.020000 0.385000 0.031000 0.385000
