11 0.659158 0.688344 0.649000 0.693000 0.637842 0.668656 0.648000 0.664000
4 0.039069 0.177172 0.032000 0.180000 0.025931 0.164828 0.033000 0.162000
5 0.252569 0.026136 0.233569 0.032136 0.231000 0.024000 0.250000 0.018000
4 0.230800 0.064600 0.222000 0.069000 0.215000 0.055000 0.223800 0.050600
6 0.394000 0.084000 0.386000 0.088000 0.379600 0.075200 0.387600 0.071200
5 0.515165 0.022371 0.507000 0.026000 0.498835 0.007629 0.507000 0.004000
4 0.598000 0.031000 0.593526 0.038321 0.575526 0.027321 0.580000 0.020000
4 0.536000 0.067000 0.528000 0.071000 0.519000 0.053000 0.527000 0.049000
6 0.301000 0.227000 0.292000 0.230000 0.287000 0.215000 0.296000 0.212000
4 0.009000 0.455000 0.000000 0.457000 0.000000 0.449333 0.007376 0.447694
4 0.162000 0.407000 0.143113 0.412396 0.140774 0.404208 0.159660 0.398811
4 0.191000 0.398000 0.172000 0.404000 0.169431 0.395864 0.188431 0.389864
4 0.127287 0.416909 0.108000 0.423000 0.105809 0.416060 0.125096 0.409970
6 0.061184 0.538420 0.053000 0.542000 0.046000 0.526000 0.054184 0.522420
6 0.146268 0.462897 0.133000 0.468000 0.130732 0.462103 0.144000 0.457000
5 0.210000 0.675000 0.184815 0.682052 0.182000 0.672000 0.207185 0.664948
7 0.285000 0.577000 0.260294 0.583177 0.257294 0.571177 0.282000 0.565000
5 0.465600 0.742800 0.461000 0.752000 0.441000 0.742000 0.445600 0.732800
6 0.468186 0.833917 0.459186 0.837917 0.453000 0.824000 0.462000 0.820000
4 0.465000 0.853000 0.455138 0.858260 0.446917 0.842844 0.456779 0.837585
4 0.400079 0.875334 0.393000 0.877000 0.389000 0.860000 0.396079 0.858334
6 0.319165 0.956948 0.297000 0.964000 0.293835 0.954052 0.316000 0.947000
4 0.707000 0.448000 0.699000 0.451000 0.693329 0.435877 0.701329 0.432877
5 0.543000 0.620000 0.532000 0.620000 0.532000 0.597000 0.543000 0.597000
4 0.587443 0.628975 0.569000 0.630000 0.568557 0.622025 0.587000 0.621000
6 0.596000 0.653000 0.577000 0.659000 0.574431 0.650864 0.593431 0.644864
4 0.596278 0.680201 0.578278 0.685201 0.576000 0.677000 0.594000 0.672000
6 0.665057 0.664206 0.655000 0.667000 0.649943 0.648794 0.660000 0.646000
4 0.678000 0.659000 0.670142 0.661456 0.665000 0.645000 0.672858 0.642544
4 0.699000 0.652000 0.690123 0.655329 0.684000 0.639000 0.692877 0.635671
5 0.709000 0.651000 0.700175 0.653596 0.695000 0.636000 0.703825 0.633404
4 0.732100 0.644300 0.721000 0.648000 0.714900 0.629700 0.726000 0.626000
6 0.756000 0.692000 0.747175 0.694596 0.742000 0.677000 0.750825 0.674404
4 0.784000 0.682000 0.775091 0.686193 0.767000 0.669000 0.775909 0.664807
6 0.826514 0.534081 0.808514 0.537081 0.807000 0.528000 0.825000 0.525000
9 0.607000 0.894000 0.568086 0.904324 0.555000 0.855000 0.593914 0.844676
4 0.614285 0.947602 0.605000 0.952000 0.596000 0.933000 0.605285 0.928602
6 0.631809 0.976494 0.623809 0.981494 0.616000 0.969000 0.624000 0.964000
4 0.643000 0.835000 0.622725 0.841083 0.620000 0.832000 0.640275 0.825918
6 0.642877 0.795671 0.634000 0.799000 0.628000 0.783000 0.636877 0.779671
4 0.658142 0.804456 0.650000 0.807000 0.645000 0.791000 0.653142 0.788456
6 0.652000 0.789000 0.643055 0.792157 0.637055 0.775157 0.646000 0.772000
6 0.668310 0.821276 0.658310 0.825276 0.651000 0.807000 0.661000 0.803000
6 0.696000 0.818000 0.677000 0.824000 0.674431 0.815864 0.693431 0.809864
6 0.717314 0.738889 0.700000 0.745000 0.696843 0.736055 0.714157 0.729945
6 0.711000 0.728000 0.694000 0.733000 0.691595 0.724825 0.708595 0.719825
6 0.762000 0.801000 0.743193 0.806642 0.740193 0.796642 0.759000 0.791000
4 0.785000 0.790000 0.765954 0.797017 0.763000 0.789000 0.782046 0.781983
4 0.925000 0.746000 0.906000 0.754000 0.902687 0.746132 0.921687 0.738132
4 0.946000 0.740000 0.927918 0.746781 0.924918 0.738781 0.943000 0.732000
4 0.970000 0.731000 0.951759 0.738094 0.949000 0.731000 0.967241 0.723906
6 0.995329 0.724877 0.979329 0.730877 0.976000 0.722000 0.992000 0.716000
3 0.849000 0.394000 0.829794 0.404108 0.825000 0.395000 0.844206 0.384892
6 0.864464 0.415871 0.846000 0.421000 0.843536 0.412129 0.862000 0.407000
4 0.806000 0.171000 0.792918 0.176814 0.788918 0.167814 0.802000 0.162000
6 0.843000 0.042000 0.833000 0.046000 0.824793 0.025483 0.834793 0.021483
