9 0.523235 0.164024 0.521000 0.186000 0.461765 0.179976 0.464000 0.158000
9 0.544438 0.629796 0.529000 0.637000 0.522562 0.623204 0.538000 0.616000
9 0.088846 0.888769 0.063000 0.906000 0.055000 0.894000 0.080846 0.876769
9 0.261000 0.778000 0.243814 0.791142 0.233000 0.777000 0.250186 0.763858
9 0.479000 0.499000 0.470040 0.502116 0.462000 0.479000 0.470960 0.475884
9 0.821099 0.721116 0.813000 0.728000 0.778901 0.687884 0.787000 0.681000
9 0.958366 0.973608 0.944000 0.989000 0.932634 0.978392 0.947000 0.963000
4 0.032000 0.626000 0.023000 0.626000 0.023000 0.609000 0.032000 0.609000
4 0.042031 0.609535 0.041000 0.625000 0.032969 0.624465 0.034000 0.609000
6 0.062000 0.615000 0.048000 0.615000 0.048000 0.609000 0.062000 0.609000
6 0.063000 0.624000 0.048000 0.624000 0.048000 0.617000 0.063000 0.617000
6 0.077840 0.612120 0.077000 0.618000 0.062160 0.615880 0.063000 0.610000
6 0.030000 0.649000 0.011000 0.651000 0.010260 0.643973 0.029260 0.641973
4 0.077000 0.678000 0.070000 0.678000 0.070000 0.665000 0.077000 0.665000
6 0.069000 0.680000 0.062000 0.680000 0.062000 0.669000 0.069000 0.669000
6 0.017000 0.694000 0.002000 0.697000 0.000962 0.691808 0.015962 0.688808
4 0.029000 0.717000 0.006955 0.720006 0.006000 0.713000 0.028045 0.709994
4 0.030000 0.726000 0.011671 0.728037 0.011000 0.722000 0.029329 0.719963
6 0.032000 0.734000 0.013000 0.737000 0.011873 0.729862 0.030873 0.726862
6 0.034154 0.741976 0.015000 0.745000 0.013897 0.738016 0.033051 0.734992
4 0.036000 0.753000 0.017000 0.757000 0.015504 0.749894 0.034504 0.745894
4 0.039000 0.761000 0.020000 0.766000 0.017902 0.758026 0.036902 0.753026
4 0.228176 0.606294 0.222000 0.610000 0.212824 0.594706 0.219000 0.591000
4 0.172103 0.698226 0.166000 0.701000 0.160897 0.689774 0.167000 0.687000
6 0.181000 0.697000 0.174822 0.699574 0.169822 0.687574 0.176000 0.685000
6 0.189555 0.693021 0.183000 0.696000 0.178000 0.685000 0.184555 0.682021
4 0.198000 0.692000 0.191793 0.694483 0.187793 0.684483 0.194000 0.682000
6 0.177000 0.709000 0.172000 0.711000 0.168000 0.701000 0.173000 0.699000
6 0.186263 0.708723 0.180000 0.711000 0.176000 0.700000 0.182263 0.697723
6 0.194000 0.705000 0.188400 0.707800 0.183400 0.697800 0.189000 0.695000
6 0.202263 0.703723 0.196000 0.706000 0.192000 0.695000 0.198263 0.692723
6 0.182000 0.715000 0.179226 0.721103 0.167774 0.715897 0.170548 0.709794
4 0.285312 0.626784 0.272000 0.636000 0.268688 0.631216 0.282000 0.622000
6 0.324156 0.672917 0.309000 0.681000 0.305844 0.675083 0.321000 0.667000
6 0.412588 0.663647 0.406853 0.667088 0.399000 0.654000 0.404735 0.650559
6 0.458000 0.662000 0.442673 0.664044 0.442000 0.659000 0.457328 0.656956
6 0.407000 0.717000 0.396265 0.723441 0.393265 0.718441 0.404000 0.712000
4 0.415000 0.724000 0.403790 0.730115 0.401000 0.725000 0.412210 0.718885
4 0.277074 0.740097 0.272000 0.744000 0.261926 0.730903 0.267000 0.727000
6 0.290860 0.837980 0.289000 0.851000 0.282000 0.850000 0.283860 0.836980
4 0.307000 0.845000 0.299000 0.848000 0.292877 0.831671 0.300877 0.828671
6 0.309031 0.807498 0.301000 0.808000 0.299969 0.791502 0.308000 0.791000
4 0.323000 0.805000 0.315096 0.807325 0.310000 0.790000 0.317904 0.787675
4 0.332091 0.804483 0.324000 0.806000 0.320909 0.789517 0.329000 0.788000
6 0.344508 0.800062 0.336508 0.801062 0.335000 0.789000 0.343000 0.788000
4 0.338000 0.836000 0.329344 0.839787 0.322344 0.823787 0.331000 0.820000
4 0.312082 0.884098 0.306082 0.889098 0.296000 0.877000 0.302000 0.872000
4 0.319000 0.879000 0.313512 0.883390 0.305512 0.873390 0.311000 0.869000
4 0.332000 0.876000 0.326000 0.881000 0.316000 0.869000 0.322000 0.864000
4 0.342424 0.871494 0.336000 0.877000 0.324000 0.863000 0.330424 0.857494
6 0.348249 0.865276 0.343000 0.870000 0.334000 0.860000 0.339249 0.855276
4 0.358000 0.863000 0.352072 0.867104 0.343000 0.854000 0.348928 0.849896
4 0.367000 0.856000 0.361226 0.861249 0.351000 0.850000 0.356774 0.844751
4 0.377000 0.852000 0.370000 0.857000 0.360000 0.843000 0.367000 0.838000
6 0.381345 0.808862 0.366000 0.815000 0.362828 0.807069 0.378172 0.800931
6 0.391000 0.826000 0.374342 0.832247 0.372000 0.826000 0.388658 0.819753
6 0.394000 0.834000 0.379638 0.840155 0.377000 0.834000 0.391362 0.827845
6 0.440241 0.822887 0.423000 0.831000 0.419759 0.824113 0.437000 0.816000
6 0.451400 0.835800 0.438200 0.842400 0.435800 0.837600 0.449000 0.831000
6 0.459000 0.845000 0.441856 0.853068 0.439000 0.847000 0.456145 0.838932
6 0.130000 0.841000 0.125154 0.844231 0.117000 0.832000 0.121846 0.828769
4 0.151000 0.824000 0.144918 0.827871 0.137918 0.816871 0.144000 0.813000
6 0.160000 0.818000 0.155221 0.822248 0.147000 0.813000 0.151779 0.808752
4 0.170208 0.814226 0.165000 0.819000 0.153792 0.806774 0.159000 0.802000
6 0.128500 0.877500 0.124500 0.881500 0.116000 0.873000 0.120000 0.869000
3 0.144525 0.940771 0.128000 0.948000 0.125475 0.942229 0.142000 0.935000
6 0.221441 0.967735 0.209088 0.975147 0.205647 0.969412 0.218000 0.962000
6 0.229000 0.976000 0.215762 0.983128 0.213000 0.978000 0.226239 0.970872
6 0.234000 0.985000 0.221200 0.991400 0.218200 0.985400 0.231000 0.979000
6 0.240561 0.991694 0.229000 0.998000 0.226439 0.993306 0.238000 0.987000
4 0.557353 0.000000 0.552000 0.013000 0.544959 0.010101 0.549118 0.000000
4 0.568500 0.000000 0.562912 0.013190 0.556000 0.010000 0.560615 0.000000
6 0.580200 0.002600 0.574000 0.015000 0.568000 0.012000 0.574000 0.000000
4 0.643993 0.008058 0.641993 0.025058 0.633000 0.024000 0.635000 0.007000
4 0.655108 0.010351 0.652108 0.028351 0.644000 0.027000 0.647000 0.009000
4 0.587000 0.051000 0.586000 0.057000 0.568000 0.054000 0.569000 0.048000
6 0.619000 0.051000 0.613842 0.065443 0.607000 0.063000 0.612158 0.048557
4 0.639033 0.051876 0.635000 0.067000 0.627967 0.065124 0.632000 0.050000
4 0.660282 0.053942 0.656000 0.070000 0.648718 0.068058 0.653000 0.052000
4 0.681300 0.056100 0.677000 0.069000 0.671000 0.067000 0.675300 0.054100
4 0.690012 0.053925 0.688000 0.067000 0.681988 0.066075 0.684000 0.053000
4 0.702000 0.058000 0.697942 0.069161 0.692000 0.067000 0.696058 0.055839
6 0.712700 0.057900 0.708000 0.072000 0.702000 0.070000 0.706700 0.055900
4 0.734000 0.056000 0.730000 0.070000 0.723924 0.068264 0.727924 0.054264
4 0.745000 0.056000 0.741960 0.073228 0.735000 0.072000 0.738040 0.054772
6 0.764000 0.059000 0.760916 0.072365 0.755000 0.071000 0.758084 0.057635
6 0.775300 0.061100 0.771000 0.074000 0.765000 0.072000 0.769300 0.059100
6 0.804000 0.064000 0.801973 0.076162 0.795973 0.075162 0.798000 0.063000
4 0.505313 0.746868 0.486000 0.755000 0.482687 0.747132 0.502000 0.739000
6 0.508600 0.754200 0.493000 0.762000 0.490000 0.756000 0.505600 0.748200
4 0.511200 0.760400 0.500000 0.766000 0.497600 0.761200 0.508800 0.755600
4 0.517000 0.766000 0.503933 0.771026 0.502000 0.766000 0.515067 0.760974
4 0.522071 0.772970 0.510000 0.778000 0.507929 0.773029 0.520000 0.768000
6 0.544800 0.782600 0.528800 0.790600 0.526000 0.785000 0.542000 0.777000
4 0.465000 0.783000 0.450000 0.792000 0.446735 0.786559 0.461735 0.777559
4 0.470056 0.788966 0.457000 0.797000 0.453944 0.792034 0.467000 0.784000
4 0.488000 0.807000 0.471820 0.817112 0.468000 0.811000 0.484180 0.800888
4 0.498000 0.821000 0.482740 0.829138 0.480000 0.824000 0.495260 0.815862
4 0.504400 0.828800 0.488000 0.837000 0.485000 0.831000 0.501400 0.822800
4 0.510491 0.834283 0.492491 0.844283 0.489000 0.838000 0.507000 0.828000
4 0.514000 0.843000 0.499569 0.851246 0.496000 0.845000 0.510431 0.836754
4 0.520000 0.849000 0.506000 0.857000 0.502677 0.851185 0.516677 0.843185
6 0.506000 0.796000 0.491899 0.805065 0.488000 0.799000 0.502101 0.789935
6 0.513156 0.803917 0.498000 0.812000 0.494844 0.806083 0.510000 0.798000
6 0.527129 0.825918 0.516000 0.833000 0.512871 0.828082 0.524000 0.821000
4 0.571000 0.818000 0.556899 0.827065 0.553000 0.821000 0.567101 0.811935
4 0.564357 0.771341 0.547357 0.780341 0.544000 0.774000 0.561000 0.765000
4 0.569441 0.777735 0.554441 0.786735 0.551000 0.781000 0.566000 0.772000
6 0.573000 0.784000 0.560938 0.791036 0.558000 0.786000 0.570062 0.778964
4 0.585441 0.795735 0.570441 0.804735 0.567000 0.799000 0.582000 0.790000
5 0.597000 0.810000 0.580000 0.819000 0.576643 0.812660 0.593643 0.803660
4 0.602722 0.743124 0.584722 0.751124 0.582000 0.745000 0.600000 0.737000
4 0.608000 0.749000 0.589000 0.757000 0.586402 0.750831 0.605402 0.742831
4 0.611000 0.757000 0.591955 0.765019 0.589000 0.758000 0.608045 0.749981
4 0.623000 0.768000 0.606000 0.778000 0.601913 0.771051 0.618913 0.761051
4 0.626000 0.776000 0.610000 0.783000 0.607475 0.777230 0.623475 0.770230
4 0.633000 0.781000 0.616730 0.791169 0.612910 0.785056 0.629180 0.774888
6 0.456318 0.374964 0.456000 0.381000 0.437000 0.380000 0.437318 0.373964
4 0.434000 0.391000 0.426000 0.391000 0.426000 0.375000 0.434000 0.375000
6 0.460000 0.404000 0.443000 0.404000 0.443000 0.397000 0.460000 0.397000
4 0.461000 0.412000 0.442000 0.412000 0.442000 0.405000 0.461000 0.405000
4 0.679454 0.370096 0.678000 0.377000 0.659000 0.373000 0.660454 0.366096
6 0.675000 0.378000 0.674076 0.383854 0.655076 0.380854 0.656000 0.375000
6 0.721000 0.405000 0.718241 0.412094 0.700000 0.405000 0.702759 0.397906
4 0.735000 0.304000 0.723709 0.316317 0.719000 0.312000 0.730290 0.299683
6 0.759000 0.281000 0.747941 0.289043 0.745000 0.285000 0.756059 0.276957
6 0.552000 0.604000 0.534000 0.611000 0.531241 0.603906 0.549241 0.596906
6 0.513000 0.652000 0.499000 0.658000 0.496362 0.651845 0.510362 0.645845
6 0.684387 0.651297 0.680000 0.657000 0.666613 0.646703 0.671000 0.641000
4 0.711104 0.628928 0.698000 0.638000 0.693896 0.632072 0.707000 0.623000
4 0.718538 0.664308 0.706538 0.672308 0.703000 0.667000 0.715000 0.659000
6 0.730441 0.668735 0.715441 0.677735 0.712000 0.672000 0.727000 0.663000
6 0.740373 0.674782 0.728000 0.682000 0.724627 0.676218 0.737000 0.669000
4 0.894300 0.502100 0.892000 0.509000 0.873700 0.502900 0.876000 0.496000
4 0.914619 0.539172 0.913000 0.545000 0.894381 0.539828 0.896000 0.534000
6 0.947000 0.428000 0.935000 0.440000 0.930000 0.435000 0.942000 0.423000
4 0.973000 0.399000 0.962000 0.410000 0.957000 0.405000 0.968000 0.394000
4 0.982500 0.403500 0.970000 0.416000 0.965000 0.411000 0.977500 0.398500
6 0.993000 0.390000 0.983000 0.399000 0.978276 0.393751 0.988276 0.384751
4 0.987500 0.382500 0.976000 0.394000 0.970500 0.388500 0.982000 0.377000
6 0.979000 0.338000 0.974000 0.353000 0.967700 0.350900 0.972700 0.335900
6 0.971206 0.332650 0.961206 0.349650 0.955000 0.346000 0.965000 0.329000
4 0.904000 0.282000 0.892469 0.295628 0.887000 0.291000 0.898531 0.277372
