5 0.150000 0.910000 0.136000 0.910000 0.136000 0.852000 0.150000 0.852000
6 0.607000 0.834000 0.604000 0.868000 0.591000 0.867000 0.594000 0.833000
6 0.636000 0.829000 0.634000 0.843000 0.627000 0.843000 0.628000 0.828000
5 0.640000 0.714000 0.634000 0.741000 0.624000 0.739000 0.629000 0.711000
5 0.662000 0.593000 0.659000 0.616000 0.647000 0.615000 0.651000 0.591000
6 0.637000 0.636000 0.633000 0.655000 0.623000 0.652000 0.627000 0.633000
4 0.658000 0.548000 0.655000 0.565000 0.644000 0.564000 0.648000 0.547000
6 0.688000 0.546000 0.685000 0.561000 0.675000 0.558000 0.679000 0.544000
6 0.698000 0.451000 0.693000 0.468000 0.684000 0.465000 0.688000 0.449000
6 0.734000 0.371000 0.729000 0.386000 0.722000 0.383000 0.726000 0.369000
5 0.730000 0.345000 0.721000 0.374000 0.711000 0.371000 0.719000 0.341000
4 0.713000 0.342000 0.708000 0.359000 0.699000 0.356000 0.703000 0.340000
3 0.754000 0.225000 0.745000 0.254000 0.733000 0.250000 0.742000 0.221000
6 0.764000 0.240000 0.762000 0.251000 0.754000 0.249000 0.757000 0.239000
3 0.852000 0.029000 0.835000 0.069000 0.823000 0.065000 0.840000 0.025000
3 0.822000 0.056000 0.806000 0.095000 0.794000 0.090000 0.811000 0.051000
3 0.820000 0.331000 0.807000 0.373000 0.797000 0.370000 0.809000 0.327000
4 0.812000 0.424000 0.808000 0.440000 0.799000 0.438000 0.803000 0.422000
6 0.777000 0.578000 0.773000 0.592000 0.764000 0.589000 0.768000 0.575000
6 0.784000 0.495000 0.779000 0.512000 0.770000 0.510000 0.775000 0.493000
4 0.751000 0.717000 0.749000 0.737000 0.739000 0.736000 0.742000 0.717000
3 0.702000 0.682000 0.693000 0.737000 0.681000 0.735000 0.691000 0.681000
3 0.803000 0.667000 0.800000 0.722000 0.789000 0.722000 0.791000 0.666000
5 0.805000 0.595000 0.804000 0.625000 0.790000 0.624000 0.791000 0.594000
