2 0.460000 0.093333 0.498667 0.258667 0.526667 0.251333 0.488000 0.087333
2 0.517333 0.345333 0.560000 0.527333 0.588000 0.520667 0.546000 0.338667
24 0.552000 0.366667 0.582000 0.362000 0.580667 0.350000 0.550667 0.354000
2 0.571333 0.584667 0.615333 0.764667 0.642000 0.757333 0.598667 0.577333
24 0.612667 0.626667 0.640667 0.614667 0.635333 0.602667 0.607333 0.616000
24 0.642000 0.748000 0.671333 0.734667 0.667333 0.724000 0.636667 0.737333
24 0.806000 0.725333 0.790667 0.698000 0.780667 0.704000 0.794667 0.731333
2 0.626667 0.808667 0.654667 0.925333 0.671333 0.920667 0.643333 0.804000
18 0.757333 0.040667 0.735333 0.037333 0.734000 0.042000 0.757333 0.045333
9 0.152667 0.391333 0.146000 0.362667 0.118000 0.370000 0.124667 0.398000
9 0.204000 0.602000 0.197333 0.574000 0.168667 0.580667 0.175333 0.608667
9 0.250667 0.814000 0.244000 0.786000 0.215333 0.792667 0.222000 0.820667
9 0.070667 0.636667 0.064000 0.608667 0.048000 0.612000 0.054667 0.640000
