4 0.020000 0.938000 0.009000 0.950000 0.002000 0.945000 0.014000 0.932000
5 0.022000 0.952000 0.007000 0.970000 0.000000 0.964000 0.014000 0.945000
4 0.000000 0.944000 0.000000 0.929000 0.006000 0.929000 0.006000 0.944000
6 0.029000 0.904000 0.024000 0.909000 0.012000 0.896000 0.017000 0.891000
4 0.241000 0.965000 0.220000 0.965000 0.220000 0.956000 0.241000 0.956000
6 0.216000 0.966000 0.194000 0.966000 0.194000 0.957000 0.216000 0.957000
4 0.238000 0.848000 0.218000 0.850000 0.217000 0.842000 0.238000 0.841000
4 0.269000 0.848000 0.248000 0.850000 0.248000 0.842000 0.269000 0.840000
5 0.443000 0.738000 0.418000 0.740000 0.418000 0.732000 0.443000 0.730000
4 0.481000 0.738000 0.461000 0.739000 0.460000 0.730000 0.480000 0.729000
4 0.351000 0.728000 0.343000 0.728000 0.343000 0.711000 0.351000 0.711000
4 0.642000 0.572000 0.619000 0.579000 0.616000 0.570000 0.640000 0.564000
4 0.701000 0.502000 0.683000 0.502000 0.683000 0.494000 0.701000 0.494000
4 0.879000 0.554000 0.859000 0.554000 0.859000 0.546000 0.879000 0.546000
6 0.885000 0.544000 0.865000 0.545000 0.864000 0.538000 0.885000 0.536000
6 0.736000 0.381000 0.714000 0.383000 0.713000 0.374000 0.735000 0.372000
4 0.535000 0.381000 0.534000 0.390000 0.513000 0.389000 0.513000 0.379000
6 0.510000 0.389000 0.489000 0.390000 0.489000 0.381000 0.510000 0.380000
9 0.381000 0.305000 0.330000 0.306000 0.330000 0.269000 0.380000 0.267000
9 0.820000 0.294000 0.774000 0.296000 0.774000 0.257000 0.819000 0.255000
6 0.983000 0.242000 0.972000 0.243000 0.970000 0.227000 0.980000 0.225000
6 0.992000 0.236000 0.983000 0.236000 0.983000 0.220000 0.992000 0.220000
6 0.859000 0.179000 0.837000 0.181000 0.837000 0.173000 0.858000 0.170000
6 0.701000 0.201000 0.690000 0.201000 0.690000 0.184000 0.701000 0.184000
6 0.674000 0.201000 0.665000 0.201000 0.665000 0.186000 0.674000 0.186000
6 0.892000 0.016000 0.874000 0.016000 0.874000 0.008000 0.892000 0.008000
4 0.871000 0.028000 0.850000 0.028000 0.850000 0.020000 0.871000 0.020000
6 0.322000 0.144000 0.299000 0.144000 0.299000 0.135000 0.322000 0.135000
4 0.454000 0.137000 0.445000 0.138000 0.443000 0.125000 0.453000 0.124000
4 0.437000 0.105000 0.430000 0.105000 0.430000 0.092000 0.437000 0.092000
6 0.427000 0.142000 0.419000 0.142000 0.419000 0.130000 0.427000 0.130000
6 0.273000 0.197000 0.252000 0.198000 0.251000 0.190000 0.272000 0.189000
4 0.111000 0.267000 0.101000 0.268000 0.100000 0.252000 0.110000 0.251000
4 0.131000 0.646000 0.100000 0.647000 0.099000 0.632000 0.130000 0.631000
4 0.018000 0.841000 0.008000 0.856000 0.001000 0.851000 0.011000 0.836000
4 0.036000 0.838000 0.022000 0.852000 0.017000 0.846000 0.030000 0.833000
6 0.048000 0.841000 0.037000 0.856000 0.029000 0.850000 0.041000 0.836000
4 0.061000 0.844000 0.049000 0.860000 0.040000 0.853000 0.052000 0.837000
