4 0.472000 0.157000 0.450000 0.157000 0.450000 0.150000 0.472000 0.150000
4 0.508000 0.297000 0.490000 0.297000 0.490000 0.289000 0.508000 0.289000
4 0.266050 0.382932 0.252000 0.402000 0.243950 0.396068 0.258000 0.377000
4 0.195000 0.384000 0.193000 0.400000 0.185000 0.399000 0.187000 0.383000
4 0.181015 0.384877 0.179000 0.401000 0.171985 0.400123 0.174000 0.384000
6 0.167885 0.387577 0.164885 0.402577 0.157000 0.401000 0.160000 0.386000
4 0.193000 0.429000 0.185000 0.429000 0.185000 0.419000 0.193000 0.419000
4 0.207031 0.435498 0.199000 0.436000 0.197969 0.419502 0.206000 0.419000
4 0.219000 0.436000 0.212000 0.436000 0.212000 0.420000 0.219000 0.420000
4 0.262000 0.432000 0.253000 0.432000 0.253000 0.420000 0.262000 0.420000
4 0.090000 0.457000 0.081000 0.457000 0.081000 0.440000 0.090000 0.440000
4 0.177000 0.512000 0.169000 0.512000 0.169000 0.495000 0.177000 0.495000
4 0.090034 0.533391 0.089034 0.551391 0.082000 0.551000 0.083000 0.533000
6 0.089000 0.575000 0.079000 0.575000 0.079000 0.557000 0.089000 0.557000
4 0.545000 0.444000 0.537000 0.444000 0.537000 0.428000 0.545000 0.428000
4 0.543000 0.495000 0.535000 0.495000 0.535000 0.478000 0.543000 0.478000
6 0.544000 0.533000 0.533000 0.533000 0.533000 0.519000 0.544000 0.519000
4 0.543000 0.598000 0.534000 0.598000 0.534000 0.583000 0.543000 0.583000
4 0.304025 0.637499 0.294000 0.638000 0.293000 0.618000 0.303025 0.617499
6 0.185000 0.682000 0.175643 0.696556 0.167000 0.691000 0.176357 0.676444
4 0.087031 0.637498 0.079000 0.638000 0.077969 0.621502 0.086000 0.621000
4 0.086028 0.661498 0.077000 0.662000 0.075972 0.643502 0.085000 0.643000
6 0.086000 0.704000 0.077000 0.704000 0.077000 0.687000 0.086000 0.687000
4 0.086000 0.718000 0.077000 0.718000 0.077000 0.705000 0.086000 0.705000
4 0.085000 0.761000 0.075031 0.761554 0.074031 0.743554 0.084000 0.743000
6 0.084031 0.785498 0.076000 0.786000 0.074969 0.769502 0.083000 0.769000
4 0.083000 0.806000 0.075028 0.806469 0.074000 0.789000 0.081972 0.788531
4 0.083000 0.823000 0.082000 0.842000 0.071975 0.841472 0.072975 0.822472
6 0.081000 0.864000 0.071000 0.864000 0.071000 0.848000 0.081000 0.848000
4 0.082000 0.882000 0.072000 0.882000 0.072000 0.867000 0.082000 0.867000
4 0.079028 0.902469 0.070000 0.903000 0.068972 0.885531 0.078000 0.885000
9 0.080976 1.000000 0.067000 0.956000 0.152395 0.928874 0.168000 0.978000
4 0.223000 0.921000 0.204365 0.925141 0.203000 0.919000 0.221635 0.914859
4 0.249496 0.916106 0.230496 0.920106 0.229000 0.913000 0.248000 0.909000
4 0.160000 0.867000 0.157000 0.875000 0.136836 0.867438 0.139836 0.859438
6 0.269753 0.864342 0.260000 0.868000 0.254000 0.852000 0.263753 0.848342
6 0.261928 0.845588 0.252928 0.849588 0.246000 0.834000 0.255000 0.830000
4 0.256000 0.811000 0.242758 0.821186 0.238000 0.815000 0.251242 0.804814
4 0.242000 0.805000 0.236083 0.808156 0.228000 0.793000 0.233917 0.789844
4 0.421000 0.866000 0.399685 0.871075 0.398000 0.864000 0.419315 0.858925
6 0.456000 0.754000 0.444000 0.767000 0.437770 0.761249 0.449770 0.748249
4 0.460462 0.723308 0.456000 0.730000 0.440538 0.719692 0.445000 0.713000
6 0.575000 0.751000 0.566000 0.751000 0.566000 0.737000 0.575000 0.737000
4 0.575000 0.718000 0.566000 0.718000 0.566000 0.702000 0.575000 0.702000
4 0.600031 0.694472 0.599031 0.711472 0.591000 0.711000 0.592000 0.694000
4 0.612000 0.714000 0.603000 0.714000 0.603000 0.698000 0.612000 0.698000
4 0.624000 0.711000 0.616000 0.711000 0.616000 0.696000 0.624000 0.696000
4 0.668000 0.702000 0.659031 0.702528 0.658000 0.685000 0.666969 0.684472
4 0.668281 0.646551 0.658000 0.663000 0.650719 0.658449 0.661000 0.642000
6 0.743000 0.646000 0.735000 0.660000 0.728000 0.656000 0.736000 0.642000
4 0.656000 0.646000 0.647000 0.659000 0.640396 0.654428 0.649396 0.641428
4 0.601000 0.655000 0.593000 0.655000 0.593000 0.639000 0.601000 0.639000
4 0.575000 0.658000 0.566000 0.658000 0.566000 0.640000 0.575000 0.640000
4 0.731000 0.553000 0.728995 0.572052 0.719000 0.571000 0.721005 0.551948
4 0.737028 0.523502 0.736028 0.541502 0.727000 0.541000 0.728000 0.523000
4 0.723000 0.539000 0.716974 0.539804 0.714974 0.524804 0.721000 0.524000
4 0.712000 0.541000 0.703000 0.541000 0.703000 0.525000 0.712000 0.525000
4 0.688000 0.543000 0.679000 0.543000 0.679000 0.525000 0.688000 0.525000
4 0.674000 0.543000 0.666000 0.543000 0.666000 0.526000 0.674000 0.526000
6 0.662000 0.543000 0.652974 0.543602 0.651974 0.528602 0.661000 0.528000
4 0.650000 0.543000 0.641040 0.543597 0.640000 0.528000 0.648960 0.527403
4 0.637000 0.543000 0.627000 0.543000 0.627000 0.525000 0.637000 0.525000
4 0.625000 0.542000 0.615000 0.542000 0.615000 0.526000 0.625000 0.526000
4 0.664000 0.494000 0.655026 0.495197 0.653000 0.480000 0.661974 0.478804
6 0.675000 0.493000 0.666969 0.493535 0.665969 0.478535 0.674000 0.478000
4 0.700000 0.495000 0.691000 0.495000 0.691000 0.479000 0.700000 0.479000
4 0.576000 0.456000 0.567000 0.456000 0.567000 0.439000 0.576000 0.439000
4 0.576000 0.411000 0.568000 0.411000 0.568000 0.394000 0.576000 0.394000
4 0.802000 0.450000 0.800631 0.465057 0.789631 0.464057 0.791000 0.449000
4 0.816000 0.463000 0.807000 0.463000 0.807000 0.447000 0.816000 0.447000
4 0.830000 0.462000 0.820000 0.462000 0.820000 0.446000 0.830000 0.446000
4 0.843000 0.448000 0.842000 0.463000 0.833040 0.462403 0.834040 0.447403
4 0.883965 0.445560 0.882965 0.461560 0.874000 0.461000 0.875000 0.445000
4 0.882000 0.491000 0.861000 0.491000 0.861000 0.484000 0.882000 0.484000
5 0.869000 0.557000 0.858000 0.557000 0.858000 0.537000 0.869000 0.537000
6 0.884000 0.553000 0.873000 0.553000 0.873000 0.537000 0.884000 0.537000
4 0.922000 0.553000 0.914020 0.554140 0.912000 0.540000 0.919980 0.538860
4 0.960000 0.555000 0.953000 0.556000 0.950840 0.540880 0.957840 0.539880
4 0.943000 0.589000 0.935000 0.589000 0.935000 0.575000 0.943000 0.575000
4 0.957000 0.591000 0.950000 0.591000 0.950000 0.580000 0.957000 0.580000
4 0.932299 0.599015 0.932000 0.605000 0.911701 0.603985 0.912000 0.598000
4 0.990000 0.641000 0.989000 0.656000 0.979974 0.655398 0.980974 0.640398
4 0.992028 0.616502 0.991028 0.634502 0.982000 0.634000 0.983000 0.616000
4 0.990000 0.545000 0.982000 0.545000 0.982000 0.529000 0.990000 0.529000
4 0.991000 0.526000 0.983000 0.526000 0.983000 0.511000 0.991000 0.511000
4 0.950000 0.492000 0.929000 0.492000 0.929000 0.485000 0.950000 0.485000
6 0.991000 0.464000 0.982000 0.464000 0.982000 0.448000 0.991000 0.448000
6 1.000000 0.444571 0.996975 0.444355 0.998000 0.430000 1.001026 0.430216
6 0.958000 0.461000 0.949000 0.461000 0.949000 0.445000 0.958000 0.445000
4 0.933000 0.463000 0.926000 0.463000 0.926000 0.446000 0.933000 0.446000
4 0.921000 0.464000 0.911000 0.464000 0.911000 0.451000 0.921000 0.451000
4 0.993000 0.395000 0.983000 0.395000 0.983000 0.377000 0.993000 0.377000
4 0.991000 0.376000 0.983000 0.376000 0.983000 0.360000 0.991000 0.360000
4 0.757000 0.358000 0.749246 0.362431 0.739892 0.346062 0.747646 0.341631
4 0.756000 0.338000 0.748000 0.338000 0.748000 0.323000 0.756000 0.323000
4 0.662000 0.294000 0.640000 0.294000 0.640000 0.287000 0.662000 0.287000
6 0.691000 0.295000 0.673000 0.295000 0.673000 0.290000 0.691000 0.290000
3 0.729000 0.295000 0.697000 0.295000 0.697000 0.289000 0.729000 0.289000
4 0.764000 0.295000 0.745000 0.295000 0.745000 0.289000 0.764000 0.289000
6 0.629034 0.081944 0.620863 0.095223 0.612828 0.090279 0.621000 0.077000
4 0.679274 0.107033 0.657274 0.108033 0.657000 0.102000 0.679000 0.101000
4 0.845365 0.028859 0.842000 0.044000 0.833000 0.042000 0.836365 0.026859
6 0.858000 0.030000 0.854000 0.046000 0.845059 0.043765 0.849059 0.027765
4 0.866000 0.047000 0.858000 0.047000 0.858000 0.039000 0.866000 0.039000
4 0.885024 0.040780 0.884000 0.050000 0.876976 0.049220 0.878000 0.040000
4 0.904000 0.050000 0.895000 0.050000 0.895000 0.040000 0.904000 0.040000
4 0.904000 0.162000 0.885000 0.162000 0.885000 0.155000 0.904000 0.155000
4 0.263055 0.748157 0.255000 0.751000 0.248945 0.733843 0.257000 0.731000
