8 0.607000 0.546000 0.487000 0.618000 0.308000 0.318000 0.428000 0.246000
16 0.637000 0.986000 0.607000 0.999000 0.604000 0.991000 0.633000 0.977000
6 0.591000 1.000000 0.591000 0.994000 0.604000 0.994000 0.604000 1.000000
3 0.579000 1.000000 0.579000 0.999000 0.581000 0.999000 0.581000 1.000000
6 0.866000 0.860000 0.849000 0.869000 0.846000 0.863000 0.863000 0.854000
6 0.836000 0.873000 0.820000 0.882000 0.817000 0.875000 0.834000 0.865000
7 0.999000 0.110000 0.957000 0.126000 0.952000 0.110000 0.994000 0.095000
7 0.905000 0.134000 0.881000 0.150000 0.877000 0.142000 0.900000 0.126000
7 0.799000 0.187000 0.773000 0.199000 0.770000 0.193000 0.796000 0.181000
7 0.799000 0.194000 0.779000 0.205000 0.776000 0.199000 0.796000 0.188000
6 0.644000 0.007000 0.626000 0.015000 0.624000 0.011000 0.641000 0.002000
6 0.611000 0.029000 0.597000 0.034000 0.596000 0.029000 0.610000 0.024000
6 0.601000 0.015000 0.587000 0.023000 0.585000 0.017000 0.597000 0.010000
6 0.601000 0.007000 0.586000 0.015000 0.581000 0.010000 0.596000 0.001000
6 0.596000 0.000000 0.580000 0.008000 0.576000 0.003000 0.581000 0.000000
6 0.559000 0.008000 0.543000 0.016000 0.540000 0.010000 0.556000 0.002000
6 0.592000 0.061000 0.577000 0.070000 0.573000 0.064000 0.589000 0.055000
6 0.601000 0.073000 0.584000 0.083000 0.580000 0.076000 0.596000 0.066000
6 0.603000 0.081000 0.588000 0.089000 0.586000 0.084000 0.601000 0.076000
6 0.608000 0.089000 0.593000 0.098000 0.589000 0.092000 0.605000 0.084000
3 0.377000 0.100000 0.369000 0.105000 0.353000 0.078000 0.361000 0.073000
3 0.054000 0.019000 0.007000 0.040000 0.002000 0.029000 0.050000 0.009000
6 0.348000 0.130000 0.330000 0.138000 0.326000 0.129000 0.344000 0.121000
6 0.338000 0.112000 0.326000 0.116000 0.324000 0.110000 0.336000 0.106000
3 0.830000 0.976000 0.818000 0.983000 0.801000 0.955000 0.813000 0.948000
7 0.971000 0.368000 0.961000 0.376000 0.935000 0.341000 0.945000 0.332000
7 0.982000 0.362000 0.974000 0.369000 0.949000 0.336000 0.956000 0.329000
7 0.989000 0.350000 0.980000 0.357000 0.959000 0.333000 0.967000 0.326000
6 0.618000 0.593000 0.611000 0.597000 0.602000 0.582000 0.608000 0.577000
6 0.657000 0.573000 0.653000 0.576000 0.646000 0.563000 0.651000 0.560000
6 0.671000 0.572000 0.664000 0.576000 0.655000 0.561000 0.661000 0.556000
6 0.690000 0.564000 0.682000 0.568000 0.674000 0.554000 0.681000 0.549000
6 0.706000 0.555000 0.699000 0.559000 0.689000 0.543000 0.696000 0.539000
4 0.715000 0.552000 0.710000 0.555000 0.700000 0.538000 0.705000 0.535000
6 0.725000 0.548000 0.717000 0.552000 0.708000 0.536000 0.714000 0.531000
11 0.731000 0.543000 0.727000 0.546000 0.717000 0.531000 0.723000 0.528000
6 0.742000 0.539000 0.735000 0.543000 0.727000 0.527000 0.734000 0.523000
6 0.753000 0.536000 0.745000 0.541000 0.734000 0.523000 0.743000 0.519000
6 0.762000 0.533000 0.756000 0.537000 0.744000 0.517000 0.751000 0.513000
6 0.770000 0.527000 0.764000 0.531000 0.756000 0.516000 0.761000 0.512000
6 0.975000 0.904000 0.969000 0.909000 0.957000 0.893000 0.965000 0.889000
6 0.393000 0.658000 0.388000 0.661000 0.379000 0.646000 0.384000 0.643000
6 0.414000 0.652000 0.407000 0.656000 0.396000 0.637000 0.404000 0.634000
6 0.423000 0.647000 0.416000 0.651000 0.406000 0.634000 0.412000 0.629000
6 0.431000 0.643000 0.425000 0.647000 0.416000 0.631000 0.423000 0.627000
4 0.461000 0.631000 0.453000 0.636000 0.443000 0.618000 0.452000 0.613000
6 0.470000 0.628000 0.463000 0.631000 0.454000 0.614000 0.461000 0.611000
6 0.557000 1.005000 0.548000 0.997000 0.551000 0.991000 0.562000 0.999000
4 0.611000 0.984000 0.607000 0.988000 0.594000 0.975000 0.600000 0.970000
6 0.629000 0.975000 0.624000 0.979000 0.614000 0.969000 0.618000 0.964000
6 0.620000 0.979000 0.614000 0.984000 0.603000 0.973000 0.608000 0.967000
6 0.638000 0.971000 0.633000 0.976000 0.622000 0.965000 0.626000 0.960000
6 0.602000 0.989000 0.597000 0.993000 0.589000 0.982000 0.594000 0.978000
6 0.646000 0.968000 0.641000 0.971000 0.634000 0.960000 0.638000 0.956000
6 0.665000 0.952000 0.648000 0.959000 0.645000 0.953000 0.663000 0.947000
6 0.436000 1.004000 0.431000 1.000000 0.438000 0.994000 0.442000 0.998000
7 1.002000 0.349000 0.992000 0.357000 0.966000 0.322000 0.977000 0.314000
3 0.339000 0.982000 0.328000 0.991000 0.304000 0.955000 0.316000 0.947000
