4 0.349000 0.689000 0.327000 0.689000 0.327000 0.680000 0.349000 0.680000
4 0.241000 0.483000 0.229000 0.484000 0.228000 0.463000 0.240000 0.462000
6 0.240000 0.127000 0.231000 0.127000 0.231000 0.111000 0.240000 0.111000
6 0.503000 0.151000 0.483000 0.153000 0.482000 0.146000 0.503000 0.145000
5 0.538000 0.129000 0.529000 0.131000 0.526000 0.104000 0.534000 0.103000
4 0.499000 0.382000 0.495000 0.392000 0.475000 0.385000 0.479000 0.375000
4 0.778000 0.266000 0.767000 0.266000 0.767000 0.241000 0.778000 0.241000
4 0.780000 0.212000 0.778000 0.232000 0.766000 0.231000 0.768000 0.211000
3 0.799000 0.590000 0.786000 0.590000 0.786000 0.570000 0.799000 0.570000
6 0.955000 0.723000 0.954000 0.741000 0.943000 0.740000 0.944000 0.722000
4 0.917000 0.720000 0.907000 0.720000 0.907000 0.713000 0.917000 0.713000
4 0.891000 0.712000 0.891000 0.721000 0.871000 0.720000 0.872000 0.710000
6 0.695000 0.713000 0.694000 0.720000 0.677000 0.719000 0.677000 0.711000
4 0.102000 0.683000 0.101000 0.690000 0.081000 0.686000 0.083000 0.680000
9 0.790000 0.722000 0.737000 0.722000 0.737000 0.674000 0.790000 0.674000
9 0.267000 0.676000 0.266000 0.720000 0.230000 0.720000 0.230000 0.675000
6 0.965000 0.740000 0.957000 0.741000 0.956000 0.723000 0.964000 0.722000
9 0.535000 0.678000 0.534000 0.722000 0.498000 0.722000 0.499000 0.678000
