9 0.336000 0.258000 0.307000 0.258000 0.307000 0.235000 0.336000 0.235000
6 0.318000 0.134000 0.309000 0.134000 0.309000 0.117000 0.318000 0.117000
9 0.843000 0.288000 0.793000 0.288000 0.793000 0.237000 0.843000 0.237000
6 0.718000 0.895000 0.716000 0.908000 0.706000 0.907000 0.708000 0.894000
6 0.901000 0.712000 0.889000 0.724000 0.884000 0.719000 0.896000 0.707000
6 0.913000 0.742000 0.891000 0.761000 0.884000 0.753000 0.905000 0.733000
6 0.857000 0.785000 0.838000 0.797000 0.834000 0.790000 0.853000 0.778000
6 0.839000 0.799000 0.822000 0.812000 0.817000 0.805000 0.834000 0.792000
6 0.700000 0.872000 0.690000 0.880000 0.687000 0.876000 0.697000 0.868000
6 0.821000 0.505000 0.819000 0.525000 0.809000 0.524000 0.811000 0.504000
6 0.010000 0.853000 0.000000 0.854000 0.000000 0.838000 0.009000 0.838000
6 0.022000 0.853000 0.012000 0.854000 0.010000 0.838000 0.020000 0.837000
6 0.011000 0.794000 0.000000 0.794000 0.000000 0.786000 0.011000 0.786000
6 0.013000 0.784000 0.000000 0.784000 0.000000 0.778000 0.013000 0.778000
6 0.015000 0.775000 0.000000 0.775000 0.000000 0.768000 0.015000 0.768000
6 0.017000 0.765000 0.000000 0.765000 0.000000 0.758000 0.017000 0.758000
4 0.018000 0.757000 0.000000 0.757000 0.000000 0.750000 0.018000 0.750000
6 0.010000 0.738000 0.000000 0.738000 0.000000 0.730000 0.010000 0.730000
6 0.014000 0.727000 0.000000 0.728000 0.000000 0.721000 0.013000 0.720000
6 0.010000 0.721000 0.000000 0.721000 0.000000 0.713000 0.010000 0.713000
6 0.085000 0.833000 0.074000 0.833000 0.074000 0.813000 0.085000 0.813000
4 0.129000 0.830000 0.120000 0.830000 0.120000 0.816000 0.129000 0.816000
3 0.462000 0.640000 0.462000 0.651000 0.402000 0.649000 0.403000 0.639000
3 0.538000 0.640000 0.538000 0.652000 0.480000 0.650000 0.481000 0.639000
6 0.399000 0.984000 0.389000 0.984000 0.389000 0.969000 0.399000 0.969000
4 0.411000 0.983000 0.401000 0.983000 0.401000 0.967000 0.411000 0.967000
4 0.426000 0.986000 0.414000 0.986000 0.414000 0.970000 0.426000 0.970000
4 0.438000 0.988000 0.428000 0.988000 0.428000 0.972000 0.438000 0.972000
4 0.462000 0.986000 0.452000 0.986000 0.451000 0.971000 0.460000 0.970000
4 0.477000 0.986000 0.466000 0.986000 0.466000 0.970000 0.477000 0.970000
6 0.490000 0.986000 0.482000 0.987000 0.480000 0.972000 0.487000 0.970000
6 0.504000 0.987000 0.495000 0.987000 0.495000 0.970000 0.504000 0.970000
4 0.516000 0.985000 0.506000 0.985000 0.506000 0.969000 0.516000 0.969000
4 0.532000 0.985000 0.521000 0.986000 0.519000 0.970000 0.531000 0.970000
4 0.362000 0.947000 0.353000 0.947000 0.353000 0.930000 0.362000 0.930000
3 0.632000 0.890000 0.606000 0.925000 0.596000 0.918000 0.623000 0.882000
3 0.604000 0.927000 0.581000 0.967000 0.571000 0.960000 0.594000 0.920000
4 0.634000 0.937000 0.625000 0.951000 0.619000 0.946000 0.627000 0.933000
6 0.622000 0.955000 0.617000 0.971000 0.608000 0.968000 0.613000 0.952000
6 0.613000 0.977000 0.606000 0.993000 0.598000 0.990000 0.604000 0.973000
6 0.758000 0.984000 0.736000 0.984000 0.736000 0.976000 0.758000 0.976000
6 0.413000 0.024000 0.387000 0.024000 0.387000 0.017000 0.413000 0.017000
4 0.618000 0.018000 0.618000 0.023000 0.588000 0.021000 0.589000 0.017000
4 0.576000 0.018000 0.575000 0.024000 0.551000 0.021000 0.552000 0.015000
