3 0.272000 0.907000 0.254000 0.907000 0.252000 0.874000 0.270000 0.873000
4 0.263000 0.928000 0.253000 0.928000 0.252000 0.911000 0.261000 0.910000
6 0.022000 0.978000 0.004000 0.978000 0.004000 0.970000 0.022000 0.970000
4 0.101000 0.971000 0.101000 0.979000 0.077000 0.977000 0.077000 0.969000
4 0.160000 0.976000 0.160000 0.984000 0.138000 0.982000 0.138000 0.974000
5 0.198000 0.981000 0.196000 0.989000 0.168000 0.984000 0.169000 0.976000
4 0.372000 1.000000 0.359000 1.000000 0.354000 0.986000 0.366000 0.981000
6 0.695000 0.971000 0.692000 0.992000 0.679000 0.991000 0.681000 0.969000
4 0.699000 0.911000 0.698000 0.928000 0.687000 0.927000 0.689000 0.911000
6 0.708000 0.869000 0.696000 0.869000 0.696000 0.852000 0.708000 0.852000
4 0.705000 0.886000 0.694000 0.886000 0.693000 0.870000 0.704000 0.870000
6 0.716000 0.820000 0.704000 0.820000 0.704000 0.804000 0.716000 0.804000
6 0.777000 0.681000 0.766000 0.682000 0.764000 0.665000 0.776000 0.665000
6 0.726000 0.659000 0.724000 0.677000 0.714000 0.675000 0.717000 0.658000
6 0.684000 0.569000 0.679000 0.576000 0.663000 0.564000 0.669000 0.558000
4 0.677000 0.750000 0.677000 0.757000 0.659000 0.755000 0.660000 0.747000
6 0.259000 0.841000 0.258000 0.859000 0.246000 0.858000 0.248000 0.841000
6 0.296000 0.811000 0.285000 0.811000 0.285000 0.794000 0.296000 0.794000
6 0.266000 0.831000 0.254000 0.831000 0.254000 0.813000 0.266000 0.813000
6 0.353000 0.714000 0.352000 0.721000 0.329000 0.720000 0.329000 0.712000
6 0.349000 0.729000 0.330000 0.729000 0.330000 0.722000 0.349000 0.722000
4 0.354000 0.738000 0.330000 0.738000 0.330000 0.730000 0.354000 0.730000
4 0.353000 0.746000 0.330000 0.746000 0.330000 0.739000 0.353000 0.739000
6 0.350000 0.753000 0.331000 0.755000 0.330000 0.749000 0.350000 0.748000
4 0.400000 0.715000 0.379000 0.715000 0.379000 0.709000 0.400000 0.709000
4 0.409000 0.735000 0.386000 0.735000 0.386000 0.727000 0.409000 0.727000
4 0.408000 0.718000 0.408000 0.725000 0.385000 0.723000 0.386000 0.717000
4 0.281000 0.617000 0.270000 0.617000 0.270000 0.601000 0.281000 0.601000
6 0.265000 0.614000 0.253000 0.614000 0.253000 0.597000 0.265000 0.597000
4 0.276000 0.538000 0.264000 0.538000 0.263000 0.520000 0.274000 0.519000
6 0.216000 0.454000 0.216000 0.463000 0.189000 0.460000 0.190000 0.452000
4 0.296000 0.450000 0.284000 0.450000 0.283000 0.434000 0.294000 0.433000
4 0.311000 0.418000 0.301000 0.420000 0.297000 0.403000 0.308000 0.402000
5 0.296000 0.323000 0.295000 0.341000 0.282000 0.340000 0.284000 0.323000
4 0.307000 0.240000 0.306000 0.259000 0.294000 0.258000 0.296000 0.240000
4 0.261000 0.216000 0.249000 0.216000 0.249000 0.200000 0.261000 0.200000
4 0.226000 0.267000 0.215000 0.267000 0.215000 0.251000 0.226000 0.251000
5 0.261000 0.190000 0.248000 0.190000 0.248000 0.169000 0.261000 0.169000
4 0.213000 0.266000 0.202000 0.266000 0.201000 0.251000 0.212000 0.251000
4 0.188000 0.268000 0.177000 0.268000 0.177000 0.253000 0.188000 0.253000
6 0.151000 0.264000 0.140000 0.264000 0.140000 0.249000 0.151000 0.249000
5 0.127000 0.265000 0.115000 0.266000 0.113000 0.247000 0.124000 0.246000
5 0.113000 0.268000 0.101000 0.268000 0.101000 0.249000 0.113000 0.249000
5 0.099000 0.269000 0.086000 0.269000 0.086000 0.248000 0.099000 0.248000
6 0.140000 0.206000 0.137000 0.213000 0.112000 0.206000 0.114000 0.198000
6 0.209000 0.216000 0.198000 0.216000 0.198000 0.198000 0.209000 0.198000
6 0.197000 0.215000 0.187000 0.216000 0.184000 0.199000 0.194000 0.198000
6 0.307000 0.133000 0.295000 0.133000 0.295000 0.117000 0.307000 0.117000
6 0.276000 0.089000 0.265000 0.090000 0.263000 0.071000 0.275000 0.071000
6 0.261000 0.106000 0.249000 0.106000 0.249000 0.088000 0.261000 0.088000
6 0.257000 0.030000 0.249000 0.030000 0.248000 0.013000 0.256000 0.013000
4 0.306000 0.020000 0.295000 0.020000 0.295000 0.005000 0.306000 0.005000
6 0.023000 0.437000 0.022000 0.446000 0.001000 0.444000 0.002000 0.435000
4 0.483000 0.487000 0.483000 0.495000 0.461000 0.493000 0.462000 0.486000
4 0.431000 0.631000 0.420000 0.632000 0.418000 0.615000 0.430000 0.615000
4 0.472000 0.646000 0.464000 0.646000 0.462000 0.632000 0.471000 0.631000
4 0.375000 0.588000 0.362000 0.588000 0.362000 0.571000 0.375000 0.571000
6 0.388000 0.587000 0.377000 0.587000 0.376000 0.572000 0.387000 0.572000
6 0.401000 0.575000 0.398000 0.591000 0.389000 0.590000 0.391000 0.573000
6 0.415000 0.578000 0.412000 0.593000 0.404000 0.592000 0.406000 0.576000
4 0.426000 0.575000 0.425000 0.592000 0.415000 0.591000 0.416000 0.574000
6 0.438000 0.593000 0.429000 0.593000 0.429000 0.577000 0.438000 0.577000
4 0.450000 0.594000 0.441000 0.595000 0.440000 0.579000 0.449000 0.578000
6 0.468000 0.596000 0.457000 0.596000 0.457000 0.579000 0.468000 0.579000
6 0.482000 0.597000 0.472000 0.597000 0.472000 0.582000 0.482000 0.582000
4 0.496000 0.598000 0.485000 0.598000 0.485000 0.581000 0.496000 0.581000
6 0.563000 0.494000 0.562000 0.502000 0.533000 0.500000 0.534000 0.492000
5 0.648000 0.503000 0.647000 0.511000 0.619000 0.509000 0.620000 0.501000
4 0.586000 0.483000 0.564000 0.485000 0.563000 0.477000 0.585000 0.475000
4 0.586000 0.473000 0.564000 0.473000 0.564000 0.466000 0.586000 0.466000
6 0.592000 0.464000 0.565000 0.464000 0.565000 0.455000 0.592000 0.455000
4 0.589000 0.445000 0.589000 0.454000 0.564000 0.453000 0.564000 0.444000
6 0.593000 0.435000 0.592000 0.445000 0.564000 0.443000 0.564000 0.432000
6 0.652000 0.449000 0.652000 0.458000 0.629000 0.456000 0.629000 0.446000
4 0.531000 0.388000 0.518000 0.388000 0.518000 0.371000 0.531000 0.371000
4 0.573000 0.378000 0.572000 0.384000 0.548000 0.381000 0.548000 0.374000
4 0.552000 0.259000 0.549000 0.276000 0.539000 0.275000 0.541000 0.257000
5 0.773000 0.020000 0.762000 0.021000 0.760000 0.002000 0.770000 0.000000
4 0.690000 0.083000 0.688000 0.091000 0.673000 0.088000 0.675000 0.080000
6 0.723000 0.163000 0.709000 0.164000 0.708000 0.129000 0.721000 0.129000
4 0.775000 0.183000 0.765000 0.184000 0.764000 0.168000 0.774000 0.167000
4 0.724000 0.222000 0.712000 0.222000 0.712000 0.205000 0.724000 0.205000
4 0.774000 0.216000 0.764000 0.217000 0.763000 0.207000 0.773000 0.206000
4 0.777000 0.240000 0.766000 0.244000 0.761000 0.226000 0.771000 0.223000
6 0.774000 0.362000 0.764000 0.363000 0.762000 0.346000 0.772000 0.345000
6 0.758000 0.449000 0.746000 0.450000 0.744000 0.431000 0.757000 0.431000
4 0.776000 0.432000 0.764000 0.433000 0.763000 0.409000 0.775000 0.408000
4 0.874000 0.433000 0.870000 0.451000 0.859000 0.449000 0.863000 0.431000
4 0.949000 0.120000 0.947000 0.138000 0.935000 0.137000 0.937000 0.119000
6 0.935000 0.116000 0.934000 0.133000 0.925000 0.132000 0.926000 0.115000
4 0.925000 0.115000 0.921000 0.133000 0.913000 0.131000 0.917000 0.113000
6 0.881000 0.159000 0.861000 0.159000 0.861000 0.152000 0.881000 0.152000
4 0.895000 0.131000 0.895000 0.139000 0.871000 0.137000 0.872000 0.130000
4 0.813000 0.119000 0.813000 0.126000 0.794000 0.125000 0.794000 0.118000
6 1.000000 0.327000 0.990000 0.326000 0.993000 0.309000 1.000000 0.311000
4 1.000000 0.343000 0.982000 0.349000 0.980000 0.342000 1.000000 0.336000
4 1.000000 0.547000 0.981000 0.544000 0.983000 0.537000 1.000000 0.540000
9 0.315000 0.458000 0.313000 0.502000 0.244000 0.498000 0.245000 0.455000
9 0.071000 0.458000 0.031000 0.460000 0.030000 0.439000 0.071000 0.438000
9 0.294000 1.000000 0.243000 0.993000 0.247000 0.954000 0.316000 0.962000
9 0.793000 0.510000 0.791000 0.551000 0.692000 0.544000 0.695000 0.504000
6 0.136000 0.739000 0.124000 0.739000 0.124000 0.722000 0.136000 0.722000
6 0.149000 0.724000 0.148000 0.741000 0.138000 0.741000 0.139000 0.724000
6 0.160000 0.740000 0.149000 0.740000 0.149000 0.725000 0.160000 0.725000
6 0.842000 0.121000 0.841000 0.129000 0.819000 0.127000 0.819000 0.118000
5 0.229000 0.216000 0.218000 0.217000 0.216000 0.196000 0.228000 0.196000
