6 0.111000 0.693000 0.101000 0.693000 0.101000 0.678000 0.111000 0.678000
5 0.147000 0.715000 0.126000 0.715000 0.126000 0.708000 0.147000 0.708000
4 0.095000 0.445000 0.073000 0.445000 0.073000 0.440000 0.095000 0.440000
6 0.094000 0.454000 0.076000 0.454000 0.076000 0.448000 0.094000 0.448000
6 0.054000 0.438000 0.054000 0.447000 0.031000 0.446000 0.031000 0.437000
4 0.101000 0.414000 0.078000 0.415000 0.077000 0.407000 0.100000 0.405000
6 0.077000 0.417000 0.054000 0.418000 0.054000 0.410000 0.076000 0.408000
5 0.194000 0.375000 0.185000 0.390000 0.176000 0.386000 0.186000 0.370000
6 0.260000 0.447000 0.245000 0.447000 0.245000 0.441000 0.260000 0.441000
4 0.265000 0.458000 0.247000 0.458000 0.247000 0.451000 0.265000 0.451000
5 0.226000 0.516000 0.217000 0.516000 0.217000 0.496000 0.226000 0.496000
6 0.255000 0.592000 0.246000 0.595000 0.240000 0.577000 0.249000 0.574000
6 0.322000 0.593000 0.299000 0.594000 0.299000 0.587000 0.322000 0.586000
6 0.631000 0.186000 0.622000 0.198000 0.615000 0.194000 0.623000 0.181000
4 0.640000 0.188000 0.632000 0.202000 0.625000 0.198000 0.632000 0.184000
6 0.972000 0.181000 0.962000 0.181000 0.961000 0.163000 0.971000 0.163000
5 0.647000 0.062000 0.639000 0.063000 0.636000 0.039000 0.644000 0.037000
4 0.661000 0.056000 0.653000 0.057000 0.650000 0.040000 0.657000 0.038000
6 0.964000 0.720000 0.956000 0.723000 0.950000 0.708000 0.958000 0.705000
6 0.984000 0.724000 0.976000 0.724000 0.976000 0.708000 0.984000 0.708000
6 0.807000 0.506000 0.798000 0.506000 0.798000 0.489000 0.807000 0.489000
6 0.795000 0.505000 0.786000 0.505000 0.785000 0.488000 0.793000 0.487000
6 0.830000 0.500000 0.822000 0.500000 0.822000 0.487000 0.830000 0.487000
6 0.788000 0.472000 0.765000 0.472000 0.765000 0.464000 0.788000 0.464000
6 0.595000 0.463000 0.572000 0.469000 0.571000 0.462000 0.593000 0.456000
5 0.621000 0.402000 0.616000 0.408000 0.597000 0.393000 0.601000 0.386000
5 0.657000 0.380000 0.654000 0.389000 0.624000 0.380000 0.626000 0.370000
6 0.703000 0.401000 0.699000 0.409000 0.681000 0.401000 0.684000 0.392000
4 0.978000 0.372000 0.971000 0.372000 0.971000 0.356000 0.978000 0.356000
4 0.942000 0.510000 0.933000 0.510000 0.933000 0.494000 0.942000 0.494000
6 0.799000 0.782000 0.798000 0.788000 0.777000 0.782000 0.778000 0.776000
6 0.836000 0.765000 0.834000 0.772000 0.815000 0.768000 0.817000 0.761000
6 0.829000 0.773000 0.827000 0.780000 0.808000 0.776000 0.809000 0.768000
6 0.810000 0.799000 0.808000 0.808000 0.762000 0.796000 0.765000 0.788000
6 0.845000 0.809000 0.843000 0.815000 0.826000 0.810000 0.827000 0.803000
6 0.849000 0.823000 0.830000 0.823000 0.830000 0.816000 0.849000 0.816000
6 0.846000 0.840000 0.830000 0.841000 0.830000 0.835000 0.845000 0.833000
4 0.882000 0.795000 0.880000 0.812000 0.870000 0.811000 0.873000 0.793000
4 0.968000 0.864000 0.948000 0.864000 0.948000 0.858000 0.968000 0.858000
6 0.969000 0.874000 0.950000 0.874000 0.950000 0.867000 0.969000 0.867000
6 0.969000 0.967000 0.950000 0.967000 0.950000 0.960000 0.969000 0.960000
6 0.463000 0.728000 0.452000 0.728000 0.452000 0.708000 0.463000 0.708000
4 0.409000 0.683000 0.398000 0.683000 0.398000 0.665000 0.409000 0.665000
4 0.447000 0.506000 0.440000 0.506000 0.440000 0.490000 0.447000 0.490000
6 0.648000 0.968000 0.639000 0.972000 0.631000 0.956000 0.640000 0.952000
6 0.670000 0.991000 0.659000 0.993000 0.656000 0.973000 0.668000 0.972000
6 0.710000 0.980000 0.703000 0.980000 0.703000 0.970000 0.710000 0.970000
6 0.695000 0.471000 0.675000 0.471000 0.675000 0.465000 0.695000 0.465000
6 0.704000 0.497000 0.696000 0.497000 0.696000 0.471000 0.704000 0.471000
6 0.834000 0.909000 0.833000 0.919000 0.809000 0.918000 0.810000 0.908000
6 0.082000 0.990000 0.082000 1.000000 0.073000 1.000000 0.074000 0.990000
16 0.227000 0.811000 0.216000 0.811000 0.216000 0.776000 0.227000 0.776000
4 0.228000 0.859000 0.219000 0.860000 0.217000 0.842000 0.227000 0.842000
5 0.193000 0.806000 0.184000 0.806000 0.184000 0.785000 0.193000 0.785000
5 0.265000 0.760000 0.264000 0.767000 0.239000 0.766000 0.240000 0.758000
4 0.265000 0.727000 0.245000 0.727000 0.245000 0.721000 0.265000 0.721000
4 0.264000 0.735000 0.244000 0.735000 0.244000 0.729000 0.264000 0.729000
6 0.267000 0.946000 0.248000 0.947000 0.247000 0.939000 0.266000 0.938000
6 0.267000 0.824000 0.244000 0.824000 0.244000 0.816000 0.267000 0.816000
6 0.610000 0.406000 0.605000 0.412000 0.588000 0.397000 0.594000 0.392000
6 0.818000 0.087000 0.810000 0.087000 0.810000 0.074000 0.818000 0.074000
5 0.976000 0.089000 0.968000 0.089000 0.968000 0.071000 0.976000 0.071000
