6 0.110842 0.000000 0.108000 0.018000 0.097935 0.016411 0.100526 0.000000
6 0.913006 0.276923 0.912000 0.290000 0.899994 0.289076 0.901000 0.276000
6 0.920102 0.295781 0.912923 0.311164 0.904000 0.307000 0.911179 0.291617
32 0.271009 0.392991 0.000000 0.395421 0.000000 0.171413 0.269000 0.169000
4 0.752000 0.002000 0.735000 0.002000 0.735000 0.000000 0.752000 0.000000
6 0.713016 0.080180 0.704000 0.081000 0.702000 0.059000 0.711016 0.058180
6 0.715000 0.101000 0.705781 0.102024 0.705000 0.095000 0.714220 0.093976
4 0.993000 0.218000 0.981000 0.228000 0.975508 0.221410 0.987508 0.211410
6 0.991000 0.005000 0.985244 0.012195 0.970000 0.000000 0.984750 0.000000
6 1.000000 0.022188 0.990661 0.015767 0.996000 0.008000 1.005340 0.014421
4 0.959000 0.241000 0.935000 0.248000 0.932614 0.239821 0.956614 0.232821
6 0.869890 0.246988 0.869000 0.255000 0.842000 0.252000 0.842890 0.243988
6 0.784218 0.223233 0.777000 0.230000 0.761782 0.213767 0.769000 0.207000
3 0.751266 0.189549 0.740000 0.195000 0.725000 0.164000 0.736266 0.158549
4 0.728118 0.145471 0.718000 0.148000 0.714000 0.132000 0.724118 0.129471
5 0.836164 0.241803 0.834000 0.251000 0.800000 0.243000 0.802164 0.233803
6 0.362000 0.500000 0.335000 0.500000 0.335000 0.490000 0.362000 0.490000
4 0.417057 0.534302 0.408000 0.536000 0.404943 0.519698 0.414000 0.518000
6 0.548402 0.081030 0.528402 0.082030 0.528000 0.074000 0.548000 0.073000
6 0.720000 0.168000 0.712865 0.169189 0.710865 0.157189 0.718000 0.156000
