4 0.967000 0.095000 0.965000 0.102000 0.944000 0.095000 0.947000 0.089000
4 0.989000 0.022000 0.974000 0.030000 0.970000 0.023000 0.985000 0.015000
4 0.949000 0.046000 0.934000 0.054000 0.930000 0.047000 0.945000 0.039000
6 0.950000 0.023000 0.935000 0.032000 0.930000 0.026000 0.946000 0.016000
4 0.886000 0.034000 0.862000 0.038000 0.861000 0.032000 0.885000 0.028000
6 0.809000 0.102000 0.794000 0.112000 0.791000 0.105000 0.805000 0.096000
4 0.751000 0.053000 0.749000 0.060000 0.728000 0.055000 0.729000 0.047000
4 0.726000 0.046000 0.725000 0.051000 0.706000 0.047000 0.708000 0.041000
6 0.686000 0.038000 0.685000 0.047000 0.659000 0.042000 0.661000 0.034000
4 0.667000 0.024000 0.667000 0.030000 0.642000 0.026000 0.642000 0.020000
9 0.940000 0.060000 0.931000 0.108000 0.772000 0.077000 0.780000 0.030000
9 1.000000 0.307000 1.000000 0.307000 1.000000 0.309000 1.000000 0.309000
4 0.963000 0.678000 0.943000 0.685000 0.941000 0.678000 0.961000 0.672000
4 0.976000 0.641000 0.967000 0.642000 0.964000 0.626000 0.973000 0.625000
4 0.924000 0.352000 0.903000 0.358000 0.901000 0.350000 0.921000 0.343000
6 0.948000 0.956000 0.945000 0.972000 0.936000 0.970000 0.939000 0.954000
4 0.891000 0.818000 0.867000 0.824000 0.865000 0.815000 0.889000 0.809000
3 0.736000 0.780000 0.706000 0.780000 0.706000 0.772000 0.736000 0.772000
5 0.772000 0.779000 0.762000 0.783000 0.754000 0.762000 0.765000 0.759000
3 0.738000 0.784000 0.738000 0.793000 0.708000 0.792000 0.708000 0.783000
6 0.984000 0.306000 0.977000 0.311000 0.967000 0.294000 0.975000 0.290000
4 0.971000 0.307000 0.961000 0.312000 0.953000 0.300000 0.964000 0.294000
6 0.955000 0.323000 0.934000 0.329000 0.933000 0.323000 0.953000 0.316000
3 0.882000 0.276000 0.859000 0.309000 0.847000 0.301000 0.871000 0.269000
4 0.689000 0.334000 0.684000 0.342000 0.669000 0.332000 0.674000 0.324000
5 0.561000 0.407000 0.538000 0.415000 0.536000 0.408000 0.559000 0.400000
5 0.506000 0.398000 0.499000 0.405000 0.483000 0.389000 0.490000 0.382000
4 0.470000 0.412000 0.466000 0.419000 0.448000 0.410000 0.451000 0.404000
6 0.453000 0.427000 0.447000 0.434000 0.426000 0.415000 0.433000 0.409000
4 0.475000 0.483000 0.448000 0.489000 0.446000 0.481000 0.473000 0.475000
5 0.438000 0.493000 0.413000 0.498000 0.412000 0.490000 0.437000 0.485000
5 0.402000 0.489000 0.390000 0.491000 0.387000 0.469000 0.398000 0.468000
5 0.382000 0.507000 0.356000 0.511000 0.355000 0.504000 0.382000 0.501000
6 0.350000 0.517000 0.336000 0.520000 0.334000 0.511000 0.349000 0.507000
4 0.334000 0.520000 0.305000 0.525000 0.303000 0.517000 0.333000 0.513000
5 0.303000 0.522000 0.281000 0.528000 0.278000 0.520000 0.300000 0.514000
4 0.717000 0.156000 0.695000 0.169000 0.690000 0.160000 0.711000 0.146000
11 0.610000 0.218000 0.589000 0.232000 0.582000 0.223000 0.604000 0.208000
4 0.472000 0.006000 0.470000 0.015000 0.432000 0.009000 0.434000 0.000000
9 0.239000 0.465000 0.195000 0.491000 0.170000 0.448000 0.214000 0.422000
6 0.135000 0.486000 0.103000 0.505000 0.097000 0.496000 0.128000 0.476000
5 0.100000 0.636000 0.073000 0.644000 0.071000 0.634000 0.098000 0.626000
9 0.417000 0.837000 0.370000 0.853000 0.358000 0.820000 0.405000 0.804000
4 0.019000 0.994000 0.011000 0.999000 0.002000 0.982000 0.009000 0.978000
3 0.079000 0.792000 0.064000 0.798000 0.052000 0.768000 0.068000 0.763000
3 0.099000 0.789000 0.082000 0.796000 0.068000 0.762000 0.084000 0.756000
3 0.115000 0.787000 0.100000 0.792000 0.089000 0.760000 0.103000 0.754000
3 0.130000 0.784000 0.116000 0.789000 0.104000 0.755000 0.119000 0.751000
6 0.942000 0.803000 0.927000 0.808000 0.917000 0.777000 0.933000 0.773000
5 0.870000 0.329000 0.862000 0.333000 0.852000 0.313000 0.861000 0.310000
6 0.957000 0.333000 0.936000 0.337000 0.935000 0.329000 0.956000 0.325000
6 0.721000 0.307000 0.712000 0.312000 0.702000 0.295000 0.710000 0.289000
5 0.622000 0.348000 0.620000 0.356000 0.596000 0.350000 0.598000 0.342000
