28 0.168667 0.004000 0.184000 0.033333 0.193333 0.028667 0.177333 0.000000
28 0.125333 0.037333 0.148667 0.072000 0.157333 0.066000 0.134000 0.031333
28 0.103333 0.060000 0.129333 0.089333 0.135333 0.083333 0.110000 0.054000
28 0.075333 0.070667 0.100000 0.098000 0.106000 0.092000 0.082000 0.064667
28 0.161333 0.004000 0.180667 0.039333 0.186667 0.036000 0.167333 0.000000
28 0.154667 0.008667 0.174000 0.043333 0.180667 0.040667 0.161333 0.005333
2 0.546667 0.146000 0.565333 0.210667 0.574667 0.208000 0.556000 0.143333
2 0.793333 0.331333 0.865333 0.345333 0.867333 0.336000 0.796000 0.320667
2 0.889333 0.680000 0.922667 0.724000 0.934000 0.714667 0.900667 0.672667
2 0.242000 0.604000 0.138000 0.766667 0.164000 0.783333 0.268667 0.620667
2 0.235333 0.856000 0.275333 0.794000 0.267333 0.788667 0.226667 0.850000
2 0.311333 0.728667 0.353333 0.674000 0.346000 0.668000 0.303333 0.722667
2 0.310000 0.745333 0.358667 0.683333 0.350000 0.676667 0.302000 0.739333
8 0.055333 0.252667 0.209333 0.004000 0.156000 -0.028667 0.001333 0.219333
8 0.454667 0.008667 0.688000 0.052667 0.691333 0.036000 0.458000 -0.007333
