17 0.530000 0.796000 0.488000 0.821000 0.511000 0.860000 0.553000 0.835000
17 0.555000 0.844000 0.513000 0.869000 0.538000 0.906000 0.578000 0.881000
13 0.588000 0.886000 0.542000 0.915000 0.567000 0.952000 0.613000 0.921000
12 0.944000 0.971000 0.967000 1.011000 1.005000 0.987000 0.982000 0.950000
9 0.376000 0.397000 0.337000 0.420000 0.358000 0.453000 0.396000 0.431000
9 0.549000 0.651000 0.510000 0.674000 0.531000 0.707000 0.570000 0.685000
21 0.059000 0.906000 0.057000 0.847000 0.097000 0.846000 0.099000 0.905000
15 0.149000 0.888000 0.135000 0.865000 0.150000 0.855000 0.164000 0.879000
15 0.167000 0.877000 0.153000 0.853000 0.167000 0.844000 0.182000 0.867000
15 0.186000 0.865000 0.172000 0.841000 0.187000 0.832000 0.201000 0.855000
9 0.240000 0.250000 0.264000 0.234000 0.250000 0.214000 0.227000 0.230000
21 0.847000 0.247000 0.806000 0.180000 0.845000 0.156000 0.886000 0.222000
14 0.813000 0.229000 0.797000 0.206000 0.807000 0.199000 0.823000 0.222000
