4 1.000000 0.801000 0.998000 0.801000 1.000000 0.793000 1.001000 0.794000
6 0.453000 0.015000 0.430000 0.015000 0.430000 0.006000 0.453000 0.006000
4 0.557000 0.016000 0.532000 0.016000 0.532000 0.007000 0.557000 0.007000
5 0.725000 0.049000 0.713000 0.049000 0.713000 0.029000 0.725000 0.029000
5 0.485000 0.078000 0.474000 0.078000 0.474000 0.057000 0.485000 0.057000
6 0.514000 0.103000 0.504000 0.103000 0.504000 0.085000 0.514000 0.085000
6 0.070000 0.320000 0.059000 0.320000 0.058000 0.300000 0.069000 0.300000
6 0.119000 0.217000 0.108000 0.217000 0.108000 0.200000 0.119000 0.200000
4 0.094000 0.258000 0.071000 0.258000 0.071000 0.250000 0.094000 0.250000
4 0.259000 0.258000 0.237000 0.258000 0.237000 0.251000 0.259000 0.251000
4 0.156000 0.284000 0.132000 0.284000 0.132000 0.276000 0.156000 0.276000
4 0.186000 0.321000 0.174000 0.321000 0.174000 0.302000 0.186000 0.302000
4 0.650000 0.278000 0.650000 0.285000 0.627000 0.285000 0.627000 0.277000
4 0.721000 0.285000 0.698000 0.285000 0.698000 0.277000 0.722000 0.277000
3 0.936000 0.301000 0.934000 0.319000 0.920000 0.318000 0.921000 0.301000
4 0.900000 0.409000 0.888000 0.409000 0.888000 0.390000 0.899000 0.390000
6 0.043000 0.528000 0.042000 0.547000 0.031000 0.547000 0.032000 0.528000
4 0.136000 0.485000 0.127000 0.502000 0.119000 0.497000 0.128000 0.480000
5 0.594000 0.490000 0.592000 0.508000 0.584000 0.508000 0.585000 0.489000
6 0.765000 0.533000 0.756000 0.548000 0.749000 0.544000 0.757000 0.528000
6 0.605000 0.592000 0.582000 0.592000 0.582000 0.584000 0.606000 0.584000
4 0.020000 0.826000 0.000000 0.826000 0.000000 0.818000 0.020000 0.818000
4 0.022000 0.807000 0.000000 0.807000 0.000000 0.797000 0.022000 0.797000
6 0.022000 0.790000 0.000000 0.790000 0.000000 0.781000 0.022000 0.781000
6 0.025000 0.900000 0.024000 0.910000 0.001000 0.909000 0.001000 0.899000
4 0.021000 0.882000 0.000000 0.882000 0.000000 0.873000 0.021000 0.873000
4 0.042000 0.860000 0.037000 0.878000 0.026000 0.875000 0.031000 0.857000
6 0.080000 0.845000 0.056000 0.845000 0.056000 0.836000 0.080000 0.836000
4 0.087000 0.863000 0.060000 0.863000 0.060000 0.852000 0.087000 0.852000
4 0.083000 0.882000 0.056000 0.882000 0.056000 0.873000 0.083000 0.873000
6 0.084000 0.911000 0.054000 0.911000 0.054000 0.902000 0.084000 0.902000
32 0.858000 0.630000 0.856000 0.744000 0.704000 0.740000 0.707000 0.627000
9 0.937000 0.243000 0.936000 0.294000 0.887000 0.294000 0.889000 0.242000
9 0.944000 0.570000 0.944000 0.617000 0.882000 0.616000 0.883000 0.568000
9 0.465000 0.288000 0.465000 0.250000 0.490000 0.250000 0.490000 0.289000
