18 0.664667 0.040667 0.624000 0.049333 0.625333 0.055333 0.666000 0.046667
2 0.659333 0.048000 0.626000 0.055333 0.626667 0.060667 0.660667 0.054000
18 0.655333 0.065333 0.676667 0.053333 0.673333 0.048667 0.652000 0.060667
18 0.666667 0.113333 0.711333 0.120667 0.712667 0.114000 0.668000 0.106000
18 0.691333 0.086000 0.682667 0.069333 0.677333 0.071333 0.686667 0.088667
18 0.688000 0.091333 0.677333 0.070000 0.671333 0.072667 0.682000 0.094000
18 0.684000 0.096667 0.666667 0.064667 0.656000 0.070667 0.673333 0.102000
18 0.668667 0.094667 0.648000 0.060667 0.638000 0.067333 0.658000 0.101333
7 0.654000 0.095333 0.643333 0.078000 0.636000 0.082667 0.646667 0.100000
18 0.796000 0.062667 0.826000 0.063333 0.826000 0.056667 0.796000 0.056000
7 0.784000 0.066667 0.775333 0.084000 0.782000 0.086667 0.790000 0.070000
18 0.769333 0.061333 0.762667 0.080667 0.775333 0.085333 0.782667 0.066667
1 0.768000 0.082000 0.760000 0.097333 0.770667 0.102000 0.778000 0.086667
28 0.903333 0.062667 0.936000 0.054667 0.934000 0.047333 0.902000 0.055333
28 0.885333 0.075333 0.941333 0.065333 0.939333 0.056000 0.884000 0.066000
28 0.892667 0.088667 0.938000 0.083333 0.936667 0.075333 0.891333 0.080667
18 0.872667 0.018667 0.887333 0.002000 0.882000 -0.002000 0.868667 0.014667
18 0.882000 0.017333 0.893333 0.004000 0.888000 0.000000 0.878000 0.014000
18 0.888000 0.021333 0.899333 0.008000 0.893333 0.003333 0.882667 0.016667
18 0.897333 0.022000 0.907333 0.010000 0.902000 0.004667 0.892000 0.017333
18 0.948000 0.028667 0.925333 0.023333 0.923333 0.031333 0.946000 0.037333
18 0.550667 0.661333 0.576667 0.661333 0.576667 0.658000 0.550667 0.658667
18 0.460000 0.674667 0.493333 0.670000 0.492667 0.664000 0.458667 0.668667
18 0.367333 0.700667 0.419333 0.694000 0.418000 0.686667 0.366667 0.692667
14 0.060667 0.926667 0.060667 0.900000 0.082667 0.900000 0.082667 0.926667
14 0.094667 0.925333 0.094667 0.898667 0.117333 0.898667 0.117333 0.925333
14 0.016667 0.916667 0.016667 0.889333 0.039333 0.889333 0.039333 0.916667
