3 0.304000 0.040000 0.295000 0.041000 0.293000 0.024000 0.302000 0.024000
3 0.317000 0.048000 0.307000 0.048000 0.306000 0.023000 0.316000 0.023000
6 0.275000 0.041000 0.254000 0.041000 0.254000 0.034000 0.275000 0.034000
11 0.272000 0.050000 0.256000 0.050000 0.256000 0.043000 0.272000 0.043000
4 0.275000 0.058000 0.257000 0.058000 0.257000 0.052000 0.275000 0.052000
6 0.249000 0.060000 0.235000 0.060000 0.235000 0.053000 0.249000 0.053000
6 0.247000 0.050000 0.235000 0.050000 0.235000 0.045000 0.247000 0.045000
4 0.249000 0.042000 0.232000 0.042000 0.232000 0.035000 0.249000 0.035000
4 0.187000 0.012000 0.167000 0.012000 0.167000 0.006000 0.187000 0.006000
4 0.188000 0.029000 0.169000 0.029000 0.169000 0.023000 0.188000 0.023000
4 0.149000 0.064000 0.129000 0.064000 0.129000 0.058000 0.149000 0.058000
4 0.085000 0.070000 0.066000 0.070000 0.066000 0.064000 0.085000 0.064000
4 0.150000 0.048000 0.130000 0.048000 0.130000 0.040000 0.150000 0.040000
4 0.146000 0.031000 0.128000 0.031000 0.128000 0.024000 0.146000 0.024000
4 0.081000 0.027000 0.064000 0.027000 0.064000 0.021000 0.081000 0.021000
4 0.144000 0.015000 0.125000 0.015000 0.125000 0.008000 0.144000 0.008000
6 0.141000 0.006000 0.125000 0.006000 0.125000 0.000000 0.141000 0.000000
6 0.017000 0.074000 0.000000 0.074000 0.000000 0.068000 0.017000 0.068000
3 0.087000 0.091000 0.051000 0.091000 0.051000 0.081000 0.087000 0.081000
3 0.376000 0.074000 0.327000 0.077000 0.327000 0.064000 0.376000 0.061000
6 0.405000 0.116000 0.397000 0.116000 0.396000 0.099000 0.404000 0.099000
6 0.406000 0.136000 0.398000 0.136000 0.398000 0.119000 0.406000 0.119000
30 0.417000 0.345000 0.384000 0.348000 0.384000 0.338000 0.417000 0.335000
30 0.451000 0.344000 0.418000 0.345000 0.418000 0.334000 0.451000 0.333000
3 0.413000 0.446000 0.386000 0.446000 0.386000 0.436000 0.413000 0.436000
3 0.413000 0.467000 0.347000 0.484000 0.345000 0.471000 0.410000 0.455000
30 0.434000 0.602000 0.371000 0.609000 0.369000 0.597000 0.433000 0.591000
3 0.265000 0.848000 0.252000 0.849000 0.248000 0.816000 0.260000 0.814000
5 0.587000 0.976000 0.577000 0.977000 0.574000 0.938000 0.585000 0.938000
6 0.592000 0.873000 0.585000 0.873000 0.585000 0.860000 0.592000 0.860000
6 0.587000 0.806000 0.580000 0.806000 0.580000 0.790000 0.587000 0.790000
6 0.537000 0.950000 0.527000 0.950000 0.527000 0.934000 0.537000 0.934000
6 0.521000 0.942000 0.513000 0.942000 0.513000 0.930000 0.521000 0.930000
3 0.527000 0.847000 0.515000 0.847000 0.513000 0.806000 0.525000 0.806000
4 0.508000 0.810000 0.502000 0.811000 0.501000 0.797000 0.507000 0.796000
6 0.581000 0.730000 0.572000 0.730000 0.572000 0.713000 0.581000 0.713000
5 0.569000 0.729000 0.558000 0.729000 0.557000 0.701000 0.567000 0.700000
3 0.521000 0.736000 0.507000 0.737000 0.506000 0.707000 0.520000 0.706000
5 0.508000 0.762000 0.495000 0.762000 0.494000 0.731000 0.507000 0.731000
4 0.502000 0.710000 0.495000 0.710000 0.494000 0.694000 0.500000 0.693000
3 0.515000 0.676000 0.504000 0.676000 0.503000 0.645000 0.513000 0.644000
3 0.500000 0.612000 0.488000 0.612000 0.488000 0.584000 0.500000 0.584000
3 0.512000 0.572000 0.501000 0.572000 0.501000 0.544000 0.512000 0.544000
30 0.513000 0.499000 0.498000 0.499000 0.497000 0.453000 0.511000 0.453000
3 0.493000 0.471000 0.483000 0.477000 0.467000 0.450000 0.476000 0.444000
3 0.507000 0.380000 0.495000 0.380000 0.494000 0.348000 0.506000 0.348000
3 0.485000 0.238000 0.473000 0.238000 0.471000 0.196000 0.483000 0.196000
6 0.492000 0.185000 0.485000 0.185000 0.485000 0.173000 0.492000 0.173000
3 0.488000 0.111000 0.477000 0.111000 0.476000 0.069000 0.486000 0.068000
4 0.537000 0.077000 0.528000 0.077000 0.528000 0.061000 0.537000 0.061000
6 0.723000 0.175000 0.707000 0.175000 0.707000 0.167000 0.723000 0.167000
