18 0.036667 0.062667 0.069333 0.054667 0.067333 0.047333 0.035333 0.055333
18 0.018667 0.075333 0.074667 0.065333 0.072667 0.056000 0.017333 0.066000
18 0.026000 0.088667 0.071333 0.083333 0.070000 0.075333 0.024667 0.080667
2 0.006000 0.018667 0.020667 0.002000 0.015333 -0.002000 0.002000 0.014667
2 0.015333 0.017333 0.026667 0.004000 0.021333 0.000000 0.011333 0.014000
2 0.021333 0.021333 0.032667 0.008000 0.026667 0.003333 0.016000 0.016667
2 0.030667 0.022000 0.040667 0.010000 0.035333 0.004667 0.025333 0.017333
2 0.081333 0.028667 0.058667 0.023333 0.056667 0.031333 0.079333 0.037333
2 0.270000 0.032000 0.341333 0.065333 0.346667 0.055333 0.274667 0.021333
2 0.259333 0.040667 0.331333 0.073333 0.336000 0.063333 0.263333 0.030667
2 0.258000 0.052667 0.295333 0.070667 0.300667 0.060667 0.262667 0.042667
2 0.307333 0.074000 0.340000 0.085333 0.342667 0.078667 0.310000 0.067333
2 0.361333 0.096667 0.396000 0.109333 0.399333 0.100000 0.364667 0.087333
2 0.403333 0.110667 0.438667 0.124667 0.443333 0.113333 0.408000 0.099333
2 0.486000 0.156000 0.478667 0.174667 0.491333 0.179333 0.498667 0.160667
22 0.501333 0.152667 0.487333 0.190667 0.500667 0.196000 0.516000 0.158000
22 0.518000 0.191333 0.530000 0.160000 0.516667 0.155333 0.506000 0.186667
7 0.528667 0.200000 0.537333 0.178667 0.530000 0.175333 0.521333 0.196667
22 0.552667 0.207333 0.566667 0.169333 0.556000 0.164667 0.541333 0.202667
2 0.484000 0.156667 0.454000 0.142000 0.452000 0.146667 0.481333 0.160667
2 0.478000 0.158000 0.448000 0.144667 0.445333 0.151333 0.475333 0.164000
22 0.682000 0.195333 0.644667 0.192000 0.644000 0.201333 0.680000 0.204000
22 0.672667 0.214667 0.665333 0.229333 0.674000 0.232667 0.680000 0.218667
22 0.573333 0.192000 0.629333 0.200667 0.630667 0.192000 0.575333 0.182667
2 0.558000 0.208667 0.624000 0.219333 0.626000 0.210000 0.559333 0.200000
22 0.562667 0.199333 0.628000 0.210000 0.629333 0.200000 0.564667 0.189333
22 0.629333 0.210000 0.670000 0.216667 0.672667 0.205333 0.632000 0.198000
2 0.089333 0.637333 0.131333 0.634000 0.130667 0.625333 0.088000 0.629333
2 0.029333 0.642000 0.072000 0.638000 0.071333 0.630667 0.028667 0.635333
28 0.034667 0.634667 0.064667 0.632000 0.064000 0.625333 0.034000 0.628000
8 0.791333 0.256000 0.806667 0.228667 0.766000 0.205333 0.750000 0.233333
8 0.653333 0.406667 0.870000 0.445333 0.883333 0.377333 0.667333 0.338667
