6 0.114000 0.885000 0.090000 0.897000 0.086000 0.889000 0.110000 0.877000
9 0.759018 0.799962 0.704000 0.801000 0.703000 0.748000 0.758018 0.746962
9 0.752982 0.471000 0.696982 0.472000 0.696000 0.417000 0.752000 0.416000
9 0.760973 0.045878 0.758973 0.111878 0.697000 0.110000 0.699000 0.044000
4 0.371040 0.036597 0.365000 0.037000 0.363960 0.021403 0.370000 0.021000
4 0.205000 0.827000 0.199000 0.827000 0.199000 0.812000 0.205000 0.812000
6 0.429498 1.000528 0.420529 1.000000 0.421031 0.991472 0.430000 0.992000
6 0.579028 0.827469 0.570000 0.828000 0.568972 0.810531 0.578000 0.810000
6 0.491000 0.836000 0.483000 0.836000 0.483000 0.818000 0.491000 0.818000
6 0.336031 0.666535 0.335031 0.681535 0.327000 0.681000 0.328000 0.666000
4 0.173000 0.669000 0.160774 0.680208 0.156000 0.675000 0.168226 0.663792
6 0.661000 0.904000 0.641000 0.904000 0.641000 0.897000 0.661000 0.897000
6 0.817000 0.820000 0.808000 0.820000 0.808000 0.804000 0.817000 0.804000
4 0.936027 0.720602 0.935000 0.736000 0.925974 0.735398 0.927000 0.720000
4 0.994000 0.489000 0.985000 0.489000 0.985000 0.473000 0.994000 0.473000
4 0.986000 0.556000 0.976000 0.556000 0.976000 0.538000 0.986000 0.538000
4 0.973024 0.536219 0.966000 0.537000 0.963976 0.518781 0.971000 0.518000
6 0.912000 0.537000 0.902000 0.537000 0.902000 0.520000 0.912000 0.520000
4 0.809000 0.489000 0.800000 0.489000 0.800000 0.472000 0.809000 0.472000
4 0.848000 0.491000 0.839028 0.491498 0.838000 0.473000 0.846972 0.472502
6 0.861000 0.489000 0.851000 0.489000 0.851000 0.472000 0.861000 0.472000
4 0.886000 0.490000 0.876972 0.490531 0.875972 0.473531 0.885000 0.473000
5 0.898000 0.490000 0.889000 0.490000 0.889000 0.472000 0.898000 0.472000
6 0.911000 0.488000 0.903000 0.488000 0.903000 0.472000 0.911000 0.472000
6 0.925000 0.488000 0.917000 0.488000 0.917000 0.473000 0.925000 0.473000
4 0.484000 0.510000 0.476000 0.510000 0.476000 0.493000 0.484000 0.493000
4 0.119000 0.535000 0.111000 0.535000 0.111000 0.519000 0.119000 0.519000
6 0.196069 0.315172 0.189000 0.318000 0.182931 0.302828 0.190000 0.300000
4 0.463250 0.423010 0.463000 0.429000 0.438750 0.427990 0.439000 0.422000
4 0.647000 0.322000 0.625000 0.322000 0.625000 0.316000 0.647000 0.316000
4 0.664000 0.207000 0.644000 0.207000 0.644000 0.200000 0.664000 0.200000
6 0.657000 0.216000 0.637000 0.216000 0.637000 0.208000 0.657000 0.208000
5 0.661000 0.225000 0.634000 0.225000 0.634000 0.217000 0.661000 0.217000
5 0.488000 0.197000 0.479000 0.197000 0.479000 0.179000 0.488000 0.179000
6 0.292028 0.169531 0.291028 0.186531 0.282000 0.186000 0.283000 0.169000
