9 0.439000 0.085000 0.399000 0.119000 0.363000 0.078000 0.402000 0.043000
4 0.662000 0.023000 0.645000 0.023000 0.645000 0.015000 0.662000 0.015000
4 0.482000 0.060000 0.460000 0.068000 0.458000 0.061000 0.479000 0.052000
5 0.375000 0.053000 0.368000 0.059000 0.355000 0.044000 0.362000 0.038000
11 0.379000 0.036000 0.372000 0.044000 0.352000 0.026000 0.359000 0.019000
5 0.358000 0.036000 0.351000 0.042000 0.336000 0.025000 0.342000 0.020000
4 0.026000 1.000000 0.007000 0.993000 0.011000 0.984000 0.033000 0.991000
5 0.188000 0.151000 0.181000 0.158000 0.165000 0.142000 0.172000 0.135000
3 0.183000 0.178000 0.159000 0.191000 0.154000 0.181000 0.177000 0.167000
5 0.148000 0.192000 0.124000 0.217000 0.115000 0.208000 0.139000 0.183000
5 0.987000 0.066000 0.985000 0.074000 0.962000 0.069000 0.964000 0.061000
4 0.817000 0.621000 0.815000 0.630000 0.789000 0.623000 0.792000 0.615000
4 0.771000 0.481000 0.769000 0.489000 0.748000 0.484000 0.751000 0.476000
4 0.778000 0.461000 0.776000 0.470000 0.755000 0.465000 0.758000 0.456000
4 0.533000 0.364000 0.531000 0.372000 0.512000 0.367000 0.514000 0.359000
6 0.563000 0.296000 0.562000 0.304000 0.538000 0.300000 0.540000 0.293000
4 0.541000 0.346000 0.539000 0.354000 0.516000 0.351000 0.517000 0.342000
4 0.479000 0.388000 0.471000 0.408000 0.460000 0.403000 0.468000 0.383000
6 0.147000 0.603000 0.138000 0.622000 0.126000 0.616000 0.135000 0.597000
9 0.324000 0.697000 0.307000 0.750000 0.242000 0.730000 0.259000 0.677000
3 0.216000 0.708000 0.214000 0.716000 0.194000 0.711000 0.196000 0.703000
4 0.202000 0.986000 0.201000 0.996000 0.177000 0.991000 0.179000 0.982000
4 0.991000 0.110000 0.983000 0.126000 0.974000 0.121000 0.982000 0.105000
9 0.937000 0.304000 0.913000 0.352000 0.870000 0.331000 0.893000 0.283000
4 0.878000 0.261000 0.875000 0.269000 0.856000 0.263000 0.859000 0.255000
4 0.943000 0.375000 0.941000 0.382000 0.918000 0.375000 0.921000 0.367000
6 0.842000 0.406000 0.831000 0.423000 0.823000 0.417000 0.833000 0.400000
4 0.752000 0.572000 0.745000 0.591000 0.735000 0.587000 0.743000 0.569000
6 0.795000 0.579000 0.787000 0.597000 0.778000 0.593000 0.786000 0.575000
6 0.784000 0.597000 0.778000 0.615000 0.769000 0.612000 0.775000 0.594000
6 0.722000 0.641000 0.714000 0.660000 0.703000 0.655000 0.711000 0.636000
9 0.691000 0.787000 0.666000 0.845000 0.614000 0.823000 0.639000 0.765000
4 0.644000 0.874000 0.639000 0.888000 0.630000 0.885000 0.634000 0.871000
4 0.194000 0.701000 0.192000 0.709000 0.172000 0.704000 0.174000 0.696000
5 0.290000 0.690000 0.253000 0.703000 0.248000 0.689000 0.285000 0.676000
4 0.656000 0.046000 0.634000 0.046000 0.634000 0.038000 0.656000 0.038000
4 0.574000 0.033000 0.553000 0.038000 0.551000 0.031000 0.572000 0.026000
6 0.483000 0.099000 0.460000 0.109000 0.456000 0.101000 0.480000 0.092000
4 0.643000 0.213000 0.634000 0.213000 0.634000 0.194000 0.643000 0.194000
6 0.958000 0.844000 0.956000 0.853000 0.932000 0.849000 0.934000 0.840000
4 0.520000 1.000000 0.520000 1.000000 0.520000 1.000000 0.520000 1.000000
6 0.563000 0.947000 0.555000 0.963000 0.546000 0.958000 0.554000 0.942000
6 0.513000 0.808000 0.505000 0.823000 0.497000 0.819000 0.504000 0.803000
6 0.567000 0.800000 0.565000 0.809000 0.539000 0.801000 0.541000 0.792000
4 0.273000 0.769000 0.268000 0.788000 0.258000 0.785000 0.263000 0.766000
5 0.354000 0.555000 0.345000 0.579000 0.330000 0.573000 0.339000 0.549000
5 0.525000 0.185000 0.517000 0.192000 0.501000 0.172000 0.510000 0.166000
6 0.353000 0.100000 0.323000 0.112000 0.318000 0.102000 0.349000 0.089000
6 0.496000 0.287000 0.487000 0.302000 0.478000 0.297000 0.486000 0.281000
4 0.464000 0.347000 0.457000 0.364000 0.446000 0.359000 0.453000 0.342000
4 0.442000 0.388000 0.436000 0.405000 0.425000 0.401000 0.432000 0.385000
6 0.426000 0.421000 0.414000 0.438000 0.405000 0.433000 0.418000 0.416000
4 0.434000 0.470000 0.428000 0.488000 0.416000 0.484000 0.423000 0.467000
6 0.375000 0.710000 0.372000 0.718000 0.345000 0.710000 0.348000 0.702000
5 0.409000 0.516000 0.399000 0.538000 0.388000 0.534000 0.397000 0.511000
5 0.303000 0.650000 0.294000 0.669000 0.285000 0.665000 0.293000 0.645000
4 0.111000 0.157000 0.105000 0.165000 0.088000 0.151000 0.094000 0.143000
6 0.958000 0.118000 0.955000 0.125000 0.937000 0.119000 0.940000 0.112000
