16 0.021000 0.385000 0.009872 0.387406 0.001872 0.350406 0.013000 0.348000
16 0.037071 0.382318 0.025000 0.385000 0.016929 0.348682 0.029000 0.346000
5 0.547000 0.159000 0.536927 0.160511 0.533927 0.140511 0.544000 0.139000
5 0.541044 0.191253 0.531000 0.193000 0.526956 0.169747 0.537000 0.168000
11 0.913000 0.939000 0.906244 0.940877 0.901244 0.922877 0.908000 0.921000
4 0.076000 0.145000 0.056318 0.146036 0.056000 0.140000 0.075682 0.138964
6 0.075000 0.154000 0.060860 0.156020 0.060000 0.150000 0.074140 0.147980
4 0.073108 0.169649 0.059000 0.172000 0.058000 0.166000 0.072108 0.163649
5 0.081000 0.061000 0.073769 0.063260 0.068769 0.047260 0.076000 0.045000
5 0.093248 0.058826 0.086000 0.061000 0.080000 0.041000 0.087248 0.038826
5 0.105131 0.054413 0.097000 0.057000 0.089869 0.034587 0.098000 0.032000
5 0.117136 0.049567 0.107000 0.052000 0.101000 0.027000 0.111136 0.024567
5 0.130039 0.047124 0.121000 0.050000 0.113961 0.027876 0.123000 0.025000
5 0.141000 0.041000 0.132000 0.044000 0.125000 0.023000 0.134000 0.020000
5 0.154100 0.039300 0.146000 0.042000 0.138000 0.018000 0.146100 0.015300
11 0.272838 0.017027 0.254838 0.020027 0.254000 0.015000 0.272000 0.012000
11 0.275050 0.023989 0.256000 0.028000 0.254950 0.023011 0.274000 0.019000
4 0.275360 0.040046 0.261360 0.041046 0.261000 0.036000 0.275000 0.035000
6 0.280000 0.047000 0.262000 0.050000 0.261000 0.044000 0.279000 0.041000
4 0.283000 0.061000 0.265000 0.062000 0.264720 0.056960 0.282720 0.055960
4 0.284561 0.069049 0.266561 0.071049 0.266000 0.066000 0.284000 0.064000
11 0.289549 0.083939 0.271000 0.086000 0.270451 0.081061 0.289000 0.079000
6 0.292000 0.106000 0.277000 0.108000 0.276345 0.103087 0.291345 0.101087
4 0.327106 0.094976 0.309000 0.099000 0.307894 0.094024 0.326000 0.090000
11 0.325000 0.087000 0.307000 0.089000 0.306549 0.084939 0.324549 0.082939
4 0.320615 0.073923 0.304000 0.076000 0.303385 0.071077 0.320000 0.069000
6 0.316000 0.053000 0.298710 0.055034 0.298000 0.049000 0.315290 0.046966
6 0.313000 0.039000 0.293740 0.041027 0.293000 0.034000 0.312260 0.031973
4 0.309844 0.025016 0.290844 0.027016 0.290000 0.019000 0.309000 0.017000
11 0.307332 0.014982 0.289000 0.016000 0.288668 0.010018 0.307000 0.009000
4 0.330693 0.012931 0.310000 0.015000 0.309307 0.008069 0.330000 0.006000
6 0.334000 0.028000 0.314000 0.029000 0.313648 0.021968 0.333648 0.020968
4 0.337162 0.041973 0.319162 0.044973 0.318000 0.038000 0.336000 0.035000
4 0.341000 0.057000 0.323000 0.058000 0.322609 0.050966 0.340609 0.049966
6 0.342000 0.071000 0.326803 0.073026 0.326000 0.067000 0.341197 0.064974
6 0.348103 0.085984 0.329103 0.088984 0.328000 0.082000 0.347000 0.079000
4 0.382370 0.084033 0.363370 0.085033 0.363000 0.078000 0.382000 0.077000
11 0.381000 0.074000 0.363886 0.077020 0.363000 0.072000 0.380114 0.068980
4 0.380000 0.067000 0.359902 0.070015 0.359000 0.064000 0.379098 0.060985
4 0.377000 0.058000 0.359886 0.061020 0.359000 0.056000 0.376114 0.052980
4 0.376120 0.045840 0.355120 0.048840 0.354000 0.041000 0.375000 0.038000
4 0.370000 0.032000 0.350000 0.034000 0.349198 0.025980 0.369198 0.023980
4 0.368000 0.015000 0.346764 0.017022 0.346000 0.009000 0.367236 0.006978
31 0.479000 0.093000 0.456000 0.093000 0.456000 0.086000 0.479000 0.086000
31 0.506000 0.089000 0.483955 0.092006 0.483000 0.085000 0.505045 0.081994
31 0.507000 0.099000 0.481961 0.102005 0.481000 0.094000 0.506039 0.090995
3 0.478859 0.104029 0.444859 0.111029 0.443000 0.102000 0.477000 0.095000
3 0.400000 0.086000 0.392000 0.088000 0.387941 0.071765 0.395941 0.069765
31 0.545266 0.073958 0.501000 0.081000 0.499734 0.073042 0.544000 0.066000
31 0.560514 0.081081 0.512514 0.089081 0.511000 0.080000 0.559000 0.072000
31 0.542000 0.093000 0.516000 0.097000 0.514925 0.090012 0.540925 0.086012
31 0.544000 0.103000 0.520915 0.106011 0.520000 0.099000 0.543085 0.095989
31 0.489000 0.156000 0.478038 0.158192 0.470000 0.118000 0.480962 0.115808
31 0.473000 0.154000 0.466000 0.156000 0.462000 0.142000 0.469000 0.140000
31 0.499000 0.196000 0.488848 0.198343 0.479848 0.159343 0.490000 0.157000
31 0.518000 0.153000 0.508010 0.155049 0.499970 0.115852 0.509960 0.113803
31 0.526000 0.128000 0.517125 0.129664 0.514000 0.113000 0.522875 0.111336
31 0.530000 0.150000 0.521065 0.151411 0.518000 0.132000 0.526935 0.130589
31 0.528000 0.193000 0.518033 0.195155 0.510000 0.158000 0.519967 0.155845
31 0.534000 0.166000 0.526000 0.168000 0.522000 0.152000 0.530000 0.150000
31 0.541146 0.137683 0.535000 0.139000 0.532000 0.125000 0.538146 0.123683
31 0.553000 0.135000 0.546102 0.136478 0.543000 0.122000 0.549898 0.120522
31 0.557000 0.155000 0.550096 0.156454 0.546000 0.137000 0.552905 0.135546
31 0.553000 0.180000 0.544101 0.181570 0.541000 0.164000 0.549899 0.162430
31 0.562000 0.173000 0.554000 0.174000 0.552000 0.158000 0.560000 0.157000
31 0.565020 0.190140 0.559000 0.191000 0.556980 0.176860 0.563000 0.176000
31 0.556000 0.201000 0.548160 0.202120 0.545580 0.184060 0.553420 0.182940
31 0.560000 0.219000 0.553057 0.220302 0.550000 0.204000 0.556943 0.202698
31 0.569000 0.210000 0.562027 0.211162 0.559000 0.193000 0.565973 0.191838
31 0.563000 0.236000 0.553962 0.237808 0.550962 0.222808 0.560000 0.221000
31 0.574000 0.231000 0.567118 0.232529 0.563000 0.214000 0.569882 0.212471
31 0.566000 0.259000 0.558865 0.260189 0.555865 0.242189 0.563000 0.241000
31 0.578862 0.251345 0.571000 0.253000 0.567000 0.234000 0.574862 0.232345
31 0.570059 0.276235 0.563000 0.278000 0.559941 0.265765 0.567000 0.264000
31 0.582000 0.272000 0.573892 0.273351 0.570892 0.255351 0.579000 0.254000
31 0.574000 0.295000 0.566000 0.296000 0.564369 0.282954 0.572369 0.281954
31 0.587000 0.296000 0.577894 0.297188 0.574894 0.274188 0.584000 0.273000
31 0.487914 0.211639 0.478000 0.214000 0.473000 0.193000 0.482914 0.190639
31 0.478875 0.234463 0.468000 0.237000 0.461000 0.207000 0.471875 0.204463
31 0.489000 0.229000 0.482012 0.230075 0.480000 0.217000 0.486988 0.215925
31 0.508000 0.233000 0.496855 0.235295 0.489855 0.201295 0.501000 0.199000
31 0.515953 0.263788 0.506000 0.266000 0.500000 0.239000 0.509953 0.236788
31 0.470046 0.261268 0.460000 0.263000 0.454954 0.233732 0.465000 0.232000
31 0.486000 0.264000 0.476017 0.266080 0.471000 0.242000 0.480983 0.239920
31 0.478037 0.292208 0.468000 0.294000 0.462963 0.265792 0.473000 0.264000
31 0.494000 0.306000 0.483964 0.307801 0.476964 0.268801 0.487000 0.267000
31 0.508850 0.307129 0.498000 0.309000 0.493000 0.280000 0.503850 0.278129
31 0.545000 0.277000 0.534052 0.278404 0.529000 0.239000 0.539948 0.237596
31 0.538850 0.234334 0.527000 0.237000 0.518000 0.197000 0.529850 0.194334
3 0.445000 0.158000 0.434038 0.160192 0.429000 0.135000 0.439962 0.132808
3 0.460000 0.159000 0.448877 0.161442 0.439877 0.120442 0.451000 0.118000
3 0.482024 0.186098 0.470000 0.189000 0.462976 0.159902 0.475000 0.157000
3 0.470000 0.201000 0.458927 0.203701 0.448927 0.162701 0.460000 0.160000
3 0.451000 0.186000 0.440808 0.188038 0.435808 0.163038 0.446000 0.161000
3 0.464073 0.229299 0.453000 0.232000 0.442927 0.190701 0.454000 0.188000
3 0.501000 0.271000 0.489077 0.273385 0.481000 0.233000 0.492923 0.230615
3 0.533013 0.283073 0.522000 0.285000 0.514987 0.244927 0.526000 0.243000
3 0.524161 0.240714 0.514000 0.243000 0.504839 0.202286 0.515000 0.200000
3 0.515138 0.195655 0.504000 0.198000 0.495862 0.159345 0.507000 0.157000
3 0.504105 0.152409 0.494000 0.155000 0.483895 0.115591 0.494000 0.113000
4 0.605057 0.079990 0.588057 0.082990 0.587000 0.077000 0.604000 0.074000
6 0.608000 0.089000 0.590594 0.091048 0.590000 0.086000 0.607406 0.083952
6 0.610000 0.097000 0.593000 0.100000 0.591943 0.094010 0.608943 0.091010
4 0.589000 0.109000 0.571000 0.112000 0.570000 0.106000 0.588000 0.103000
4 0.591103 0.117984 0.572103 0.120984 0.571000 0.114000 0.590000 0.111000
6 0.609786 0.113895 0.594000 0.116000 0.593214 0.110105 0.609000 0.108000
6 0.593000 0.134000 0.574781 0.136024 0.574000 0.129000 0.592220 0.126976
6 0.597367 0.141981 0.578000 0.143000 0.577633 0.136019 0.597000 0.135000
4 0.599000 0.148000 0.579000 0.152000 0.578000 0.147000 0.598000 0.143000
4 0.600000 0.158000 0.579902 0.161015 0.579000 0.155000 0.599098 0.151985
4 0.600636 0.167038 0.581636 0.169038 0.581000 0.163000 0.600000 0.161000
4 0.602057 0.173990 0.585000 0.177000 0.583943 0.171010 0.601000 0.168000
6 0.603655 0.181913 0.588000 0.184000 0.587345 0.179087 0.603000 0.177000
4 0.607000 0.190000 0.587949 0.193008 0.587000 0.187000 0.606051 0.183992
6 0.607000 0.199000 0.593774 0.201035 0.593000 0.196000 0.606225 0.193965
4 0.612000 0.210000 0.590764 0.212022 0.590000 0.204000 0.611236 0.201978
4 0.612000 0.217000 0.592000 0.219000 0.591396 0.212960 0.611396 0.210960
4 0.617000 0.232000 0.596604 0.234040 0.596000 0.228000 0.616396 0.225960
4 0.615672 0.240044 0.600672 0.242044 0.600000 0.237000 0.615000 0.235000
6 0.619636 0.249038 0.600636 0.251038 0.600000 0.245000 0.619000 0.243000
6 0.618382 0.256971 0.605000 0.258000 0.604618 0.253029 0.618000 0.252000
4 0.622000 0.266000 0.604000 0.267000 0.603665 0.260963 0.621665 0.259963
4 0.624000 0.273000 0.609000 0.275000 0.608328 0.269956 0.623328 0.267956
4 0.628000 0.281000 0.610000 0.284000 0.609000 0.278000 0.627000 0.275000
4 0.628162 0.290973 0.610162 0.293973 0.609000 0.287000 0.627000 0.284000
3 0.023000 0.346000 0.001000 0.346000 0.001000 0.336000 0.023000 0.336000
3 0.287047 0.440166 0.277000 0.443000 0.265953 0.403834 0.276000 0.401000
3 0.312112 0.432500 0.301000 0.435000 0.292000 0.395000 0.303112 0.392500
11 0.440000 0.375000 0.431909 0.376517 0.428909 0.360517 0.437000 0.359000
4 0.444000 0.393000 0.436235 0.394941 0.432235 0.378941 0.440000 0.377000
11 0.445000 0.407000 0.440061 0.407549 0.439000 0.398000 0.443939 0.397451
11 0.453000 0.388000 0.447041 0.388497 0.446000 0.376000 0.451959 0.375503
11 0.457000 0.406000 0.449091 0.407483 0.446091 0.391483 0.454000 0.390000
6 0.465047 0.386612 0.460000 0.387000 0.458953 0.373388 0.464000 0.373000
6 0.466000 0.406000 0.460000 0.407000 0.457865 0.394189 0.463865 0.393189
3 0.481802 0.333020 0.431802 0.338020 0.431000 0.330000 0.481000 0.325000
3 0.688528 0.017849 0.680340 0.020189 0.675811 0.004340 0.684000 0.002000
11 0.725043 0.033141 0.718086 0.035281 0.714000 0.022000 0.720957 0.019859
3 0.774081 0.386849 0.762000 0.388000 0.758000 0.346000 0.770081 0.344849
4 0.796031 0.469426 0.788000 0.470000 0.787000 0.456000 0.795031 0.455426
6 0.804035 0.528560 0.797000 0.529000 0.795965 0.512440 0.803000 0.512000
4 0.904000 0.752000 0.897057 0.753302 0.894000 0.737000 0.900943 0.735698
6 0.955000 0.980000 0.937826 0.982021 0.937000 0.975000 0.954174 0.972979
6 0.989769 1.000000 0.983308 1.000000 0.981000 0.990000 0.987135 0.988584
6 0.999000 1.000000 0.992429 1.000000 0.989000 0.988000 0.995075 0.986264
3 0.067028 0.575153 0.057000 0.577000 0.049972 0.538847 0.060000 0.537000
3 0.091009 0.663047 0.081000 0.665000 0.072991 0.623953 0.083000 0.622000
4 0.120140 0.796980 0.113000 0.798000 0.111000 0.784000 0.118140 0.782980
3 0.115009 0.836042 0.106000 0.838000 0.100991 0.814958 0.110000 0.813000
3 0.126132 0.879615 0.115000 0.882000 0.106000 0.840000 0.117132 0.837615
3 0.144000 0.884000 0.133087 0.886396 0.124000 0.845000 0.134913 0.842604
10 0.616114 0.417036 0.613000 0.427000 0.596886 0.421964 0.600000 0.412000
3 0.728000 0.872000 0.724000 0.876000 0.712000 0.864000 0.716000 0.860000
