6 0.830000 0.454000 0.829000 0.463000 0.806000 0.462000 0.806000 0.452000
4 0.942000 0.554000 0.932000 0.554000 0.932000 0.536000 0.942000 0.536000
4 0.105000 0.843000 0.105000 0.852000 0.083000 0.851000 0.083000 0.842000
4 0.150000 0.829000 0.143000 0.842000 0.135000 0.837000 0.142000 0.824000
6 0.542000 0.565000 0.524000 0.565000 0.524000 0.558000 0.542000 0.558000
6 0.529000 0.692000 0.507000 0.692000 0.507000 0.684000 0.529000 0.684000
4 0.483000 0.750000 0.481000 0.768000 0.473000 0.768000 0.474000 0.749000
6 0.527000 0.909000 0.527000 0.916000 0.504000 0.914000 0.505000 0.908000
4 0.486000 0.904000 0.477000 0.904000 0.477000 0.886000 0.486000 0.886000
4 0.485000 0.884000 0.476000 0.884000 0.476000 0.868000 0.485000 0.868000
3 0.364000 0.785000 0.325000 0.785000 0.325000 0.774000 0.364000 0.774000
4 0.405000 0.597000 0.384000 0.597000 0.384000 0.589000 0.405000 0.589000
4 0.230000 0.668000 0.229000 0.677000 0.201000 0.676000 0.202000 0.667000
4 0.219000 0.656000 0.219000 0.665000 0.194000 0.663000 0.194000 0.654000
4 0.301000 0.673000 0.282000 0.673000 0.282000 0.667000 0.301000 0.667000
6 0.302000 0.690000 0.281000 0.691000 0.280000 0.685000 0.301000 0.684000
6 0.300000 0.701000 0.279000 0.701000 0.279000 0.694000 0.300000 0.694000
6 0.048000 0.794000 0.048000 0.800000 0.029000 0.799000 0.030000 0.792000
6 0.052000 0.789000 0.034000 0.789000 0.034000 0.783000 0.052000 0.783000
6 0.084000 0.788000 0.080000 0.795000 0.062000 0.785000 0.066000 0.778000
6 0.112000 0.795000 0.090000 0.795000 0.090000 0.787000 0.112000 0.787000
6 0.408000 0.973000 0.388000 0.973000 0.388000 0.967000 0.408000 0.967000
5 0.367000 0.953000 0.342000 0.953000 0.342000 0.946000 0.367000 0.946000
6 0.942000 0.534000 0.934000 0.534000 0.934000 0.518000 0.942000 0.518000
6 0.941000 0.599000 0.933000 0.599000 0.933000 0.583000 0.941000 0.583000
4 0.942000 0.619000 0.935000 0.620000 0.933000 0.603000 0.941000 0.603000
6 0.941000 0.669000 0.940000 0.684000 0.931000 0.683000 0.932000 0.668000
6 0.943000 0.728000 0.933000 0.728000 0.933000 0.712000 0.943000 0.712000
4 0.944000 0.790000 0.935000 0.790000 0.935000 0.772000 0.944000 0.772000
4 0.898000 0.855000 0.876000 0.856000 0.876000 0.849000 0.897000 0.847000
6 0.807000 0.737000 0.789000 0.737000 0.789000 0.731000 0.807000 0.731000
4 0.820000 0.754000 0.801000 0.756000 0.800000 0.748000 0.819000 0.746000
