9 0.819000 0.605000 0.800000 0.607000 0.795000 0.570000 0.813000 0.567000
9 0.787000 0.364000 0.723000 0.372000 0.721000 0.356000 0.785000 0.348000
9 0.719000 0.185000 0.694000 0.189000 0.688000 0.147000 0.713000 0.143000
9 0.867000 0.034000 0.856000 0.046000 0.842000 0.033000 0.854000 0.022000
8 0.498000 0.997000 0.346000 0.999000 0.346000 0.964000 0.498000 0.962000
9 0.735000 0.618000 0.714000 0.620000 0.713000 0.602000 0.733000 0.599000
6 0.602000 0.000000 0.602000 0.000000 0.608000 0.000000 0.608000 0.000000
6 0.584000 0.033000 0.578000 0.034000 0.576000 0.025000 0.582000 0.024000
6 0.494000 0.027000 0.486000 0.028000 0.484000 0.012000 0.492000 0.011000
6 0.506000 0.105000 0.485000 0.108000 0.484000 0.101000 0.506000 0.099000
6 0.518000 0.127000 0.510000 0.128000 0.509000 0.115000 0.517000 0.115000
4 0.550000 0.190000 0.542000 0.190000 0.541000 0.175000 0.548000 0.174000
6 0.530000 0.236000 0.519000 0.237000 0.517000 0.222000 0.528000 0.221000
6 0.547000 0.436000 0.528000 0.439000 0.526000 0.432000 0.545000 0.429000
6 0.564000 0.551000 0.543000 0.553000 0.543000 0.546000 0.564000 0.543000
4 0.593000 0.590000 0.586000 0.591000 0.583000 0.574000 0.591000 0.574000
6 0.598000 0.611000 0.591000 0.612000 0.589000 0.598000 0.596000 0.597000
6 0.572000 0.616000 0.551000 0.618000 0.551000 0.610000 0.571000 0.607000
3 0.546000 0.617000 0.528000 0.619000 0.527000 0.612000 0.546000 0.611000
6 0.581000 0.681000 0.564000 0.681000 0.564000 0.674000 0.581000 0.674000
6 0.583000 0.689000 0.565000 0.690000 0.564000 0.683000 0.583000 0.682000
4 0.601000 0.683000 0.590000 0.696000 0.584000 0.691000 0.594000 0.677000
4 0.761000 0.602000 0.740000 0.604000 0.739000 0.596000 0.760000 0.594000
5 0.711000 0.857000 0.695000 0.858000 0.695000 0.851000 0.710000 0.849000
6 0.725000 0.880000 0.717000 0.881000 0.715000 0.866000 0.723000 0.866000
6 0.773000 0.841000 0.765000 0.841000 0.765000 0.828000 0.773000 0.828000
6 0.806000 0.842000 0.798000 0.843000 0.796000 0.827000 0.804000 0.826000
6 0.817000 0.840000 0.808000 0.840000 0.807000 0.827000 0.815000 0.826000
4 0.784000 0.843000 0.775000 0.843000 0.774000 0.829000 0.783000 0.829000
4 0.795000 0.843000 0.787000 0.843000 0.786000 0.827000 0.793000 0.826000
6 0.833000 0.875000 0.816000 0.876000 0.816000 0.870000 0.832000 0.868000
6 0.832000 0.886000 0.818000 0.886000 0.818000 0.880000 0.832000 0.880000
6 0.699000 0.000000 0.699000 0.000000 0.699000 0.000000 0.699000 0.000000
6 0.707000 0.038000 0.698000 0.047000 0.693000 0.041000 0.703000 0.033000
5 0.789000 0.075000 0.785000 0.080000 0.774000 0.070000 0.779000 0.066000
6 0.855000 0.011000 0.850000 0.015000 0.837000 0.004000 0.841000 0.000000
6 0.808000 0.100000 0.803000 0.106000 0.794000 0.099000 0.799000 0.093000
6 0.787000 0.165000 0.773000 0.167000 0.772000 0.161000 0.787000 0.160000
6 0.833000 0.160000 0.832000 0.166000 0.816000 0.164000 0.816000 0.157000
4 0.879000 0.141000 0.862000 0.156000 0.855000 0.148000 0.872000 0.133000
6 0.886000 0.149000 0.871000 0.160000 0.866000 0.152000 0.880000 0.141000
6 0.901000 0.180000 0.895000 0.186000 0.882000 0.173000 0.888000 0.167000
6 0.893000 0.187000 0.888000 0.193000 0.873000 0.180000 0.878000 0.174000
4 0.902000 0.134000 0.887000 0.146000 0.881000 0.138000 0.896000 0.126000
6 0.909000 0.139000 0.893000 0.150000 0.889000 0.144000 0.905000 0.133000
6 0.913000 0.145000 0.901000 0.155000 0.897000 0.148000 0.908000 0.139000
6 0.917000 0.169000 0.911000 0.175000 0.895000 0.161000 0.901000 0.154000
4 0.931000 0.156000 0.916000 0.167000 0.910000 0.161000 0.925000 0.150000
4 0.921000 0.150000 0.909000 0.160000 0.904000 0.154000 0.916000 0.144000
6 0.949000 0.193000 0.945000 0.200000 0.932000 0.190000 0.936000 0.183000
6 0.957000 0.189000 0.952000 0.194000 0.936000 0.181000 0.942000 0.175000
6 0.965000 0.184000 0.959000 0.190000 0.945000 0.178000 0.951000 0.172000
6 0.969000 0.209000 0.963000 0.215000 0.947000 0.202000 0.952000 0.195000
6 0.930000 0.109000 0.918000 0.121000 0.913000 0.116000 0.925000 0.104000
6 0.946000 0.120000 0.933000 0.133000 0.927000 0.127000 0.940000 0.114000
11 0.953000 0.126000 0.940000 0.139000 0.934000 0.133000 0.947000 0.120000
6 0.967000 0.135000 0.954000 0.149000 0.948000 0.143000 0.961000 0.129000
6 0.973000 0.143000 0.961000 0.153000 0.955000 0.147000 0.968000 0.137000
6 0.999000 0.162000 0.999000 0.168000 0.989000 0.178000 0.983000 0.172000
6 0.988000 0.235000 0.984000 0.240000 0.971000 0.229000 0.975000 0.224000
6 0.901000 0.391000 0.886000 0.392000 0.886000 0.386000 0.901000 0.385000
6 0.916000 0.456000 0.898000 0.456000 0.898000 0.449000 0.916000 0.449000
4 0.850000 0.631000 0.841000 0.633000 0.837000 0.616000 0.845000 0.613000
4 0.887000 0.712000 0.878000 0.714000 0.873000 0.697000 0.882000 0.695000
10 0.967000 0.936000 0.939000 0.941000 0.936000 0.930000 0.965000 0.924000
5 0.989000 0.930000 0.955000 0.938000 0.953000 0.927000 0.987000 0.919000
