9 0.999000 0.769000 0.996000 0.805000 0.912000 0.798000 0.915000 0.762000
9 0.035000 0.459000 0.029792 0.477226 0.008000 0.471000 0.013208 0.452774
9 0.148000 0.254000 0.138388 0.274185 0.117388 0.264185 0.127000 0.244000
9 0.464145 0.370648 0.457000 0.388000 0.440855 0.381352 0.448000 0.364000
9 0.730085 0.427721 0.723000 0.451000 0.700915 0.444279 0.708000 0.421000
9 0.823100 0.189700 0.815000 0.214000 0.794900 0.207300 0.803000 0.183000
9 0.571200 0.124600 0.564000 0.139000 0.552000 0.133000 0.559200 0.118600
4 0.006000 0.595000 -0.000000 0.595000 0.000000 0.586000 0.006000 0.586000
6 0.018443 0.538158 0.016000 0.545000 0.001557 0.539842 0.004000 0.533000
4 0.072000 0.610000 0.053000 0.610000 0.053000 0.604000 0.072000 0.604000
4 0.216802 0.621980 0.216000 0.630000 0.196000 0.628000 0.196802 0.619980
3 0.315110 0.634012 0.314000 0.644000 0.286890 0.640988 0.288000 0.631000
6 0.245000 0.587000 0.244623 0.593039 0.228623 0.592039 0.229000 0.586000
4 0.189670 0.574968 0.189000 0.582000 0.168000 0.580000 0.168670 0.572968
6 0.094000 0.572000 0.087000 0.572000 0.087000 0.559000 0.094000 0.559000
6 0.334127 0.549045 0.332000 0.555000 0.317873 0.549955 0.320000 0.544000
6 0.311000 0.529000 0.303898 0.544219 0.297000 0.541000 0.304102 0.525781
6 0.382318 0.526071 0.381000 0.532000 0.362682 0.527930 0.364000 0.522000
3 0.385000 0.518000 0.382178 0.526062 0.362000 0.519000 0.364822 0.510938
4 0.391000 0.505000 0.388371 0.512137 0.369000 0.505000 0.371629 0.497863
4 0.391000 0.495000 0.389114 0.501036 0.373000 0.496000 0.374886 0.489964
6 0.435000 0.509000 0.432700 0.515900 0.414700 0.509900 0.417000 0.503000
6 0.454137 0.444223 0.448000 0.448000 0.439863 0.434777 0.446000 0.431000
4 0.452000 0.347000 0.446000 0.361000 0.439845 0.358362 0.445845 0.344362
4 0.441166 0.340529 0.435000 0.358000 0.427834 0.355471 0.434000 0.338000
6 0.488000 0.362000 0.482842 0.376443 0.476000 0.374000 0.481158 0.359557
6 0.548000 0.381000 0.542589 0.392904 0.534000 0.389000 0.539411 0.377096
6 0.225000 0.543000 0.220941 0.559235 0.212941 0.557235 0.217000 0.541000
6 0.002189 0.450340 -0.004000 0.448571 0.000000 0.434571 0.006189 0.436340
6 0.033000 0.455000 0.025000 0.472000 0.017728 0.468578 0.025728 0.451578
6 0.704000 0.517000 0.699825 0.528482 0.693000 0.526000 0.697175 0.514518
4 0.713091 0.516517 0.710091 0.532517 0.702000 0.531000 0.705000 0.515000
4 0.723100 0.519700 0.718000 0.535000 0.709900 0.532300 0.715000 0.517000
4 0.732000 0.523000 0.727900 0.535300 0.721000 0.533000 0.725100 0.520700
4 0.742000 0.524000 0.737941 0.540235 0.729000 0.538000 0.733059 0.521765
4 0.742887 0.490241 0.734887 0.507241 0.728000 0.504000 0.736000 0.487000
4 0.724000 0.496000 0.722000 0.502000 0.704300 0.496100 0.706300 0.490100
4 0.728054 0.486016 0.726000 0.493000 0.708946 0.487984 0.711000 0.481000
6 0.732000 0.478000 0.730334 0.485079 0.713000 0.481000 0.714666 0.473921
6 0.736000 0.470000 0.734424 0.477094 0.716000 0.473000 0.717576 0.465906
6 0.632116 0.425249 0.630000 0.439000 0.621884 0.437751 0.624000 0.424000
4 0.737000 0.361000 0.734660 0.369189 0.713000 0.363000 0.715340 0.354811
6 0.724000 0.383000 0.722148 0.390039 0.703000 0.385000 0.704852 0.377961
4 0.721000 0.391000 0.719577 0.398115 0.699000 0.394000 0.700423 0.386885
6 0.941935 0.480991 0.941000 0.488000 0.926000 0.486000 0.926935 0.478991
4 0.899036 0.486503 0.898000 0.501000 0.890964 0.500497 0.892000 0.486000
4 0.938062 0.504508 0.937062 0.512508 0.917000 0.510000 0.918000 0.502000
6 0.933228 0.513040 0.932000 0.520000 0.914772 0.516960 0.916000 0.510000
6 0.964670 0.539969 0.964000 0.547000 0.943000 0.545000 0.943670 0.537969
4 0.987367 0.601019 0.987000 0.608000 0.967633 0.606981 0.968000 0.600000
4 0.983000 0.625000 0.982560 0.632035 0.966000 0.631000 0.966440 0.623965
4 0.983154 0.633024 0.982051 0.640008 0.962897 0.636984 0.964000 0.630000
4 0.969000 0.789000 0.968635 0.797029 0.946635 0.796029 0.947000 0.788000
6 0.929000 0.765000 0.928531 0.772035 0.913000 0.771000 0.913469 0.763965
4 0.832472 0.768969 0.832000 0.777000 0.815000 0.776000 0.815472 0.767969
6 0.866000 0.755000 0.865630 0.762033 0.846630 0.761033 0.847000 0.754000
4 0.824140 0.749020 0.823000 0.757000 0.801860 0.753980 0.803000 0.746000
30 0.790000 0.741000 0.787741 0.751165 0.760741 0.745165 0.763000 0.735000
4 0.719000 0.726000 0.717000 0.733000 0.696000 0.727000 0.698000 0.720000
6 0.690000 0.717000 0.688164 0.724803 0.671164 0.720803 0.673000 0.713000
4 0.617000 0.697000 0.615577 0.704115 0.595577 0.700115 0.597000 0.693000
4 0.528706 0.672177 0.526706 0.680177 0.506000 0.675000 0.508000 0.667000
4 0.408809 0.655216 0.407000 0.662000 0.392000 0.658000 0.393809 0.651216
4 0.436000 0.620000 0.434769 0.626154 0.419000 0.623000 0.420231 0.616846
6 0.658000 0.308000 0.655660 0.316189 0.634660 0.310189 0.637000 0.302000
6 0.653385 0.316077 0.652000 0.323000 0.631615 0.318923 0.633000 0.312000
4 0.755238 0.212227 0.751000 0.226000 0.743762 0.223773 0.748000 0.210000
4 0.745000 0.209000 0.741000 0.223000 0.733736 0.220925 0.737736 0.206925
4 0.779000 0.229000 0.778579 0.234048 0.766579 0.233048 0.767000 0.228000
4 0.794000 0.209000 0.792309 0.215086 0.774000 0.210000 0.775690 0.203914
6 0.790000 0.198000 0.788769 0.204154 0.773769 0.201154 0.775000 0.195000
6 0.714000 0.179000 0.709000 0.192000 0.701897 0.189268 0.706897 0.176268
6 0.652200 0.224400 0.650200 0.230400 0.634000 0.225000 0.636000 0.219000
4 0.689000 0.098000 0.684000 0.114000 0.675858 0.111456 0.680858 0.095456
6 0.768000 0.165000 0.760800 0.179400 0.752000 0.175000 0.759200 0.160600
6 0.775030 0.167929 0.770000 0.180000 0.762971 0.177071 0.768000 0.165000
6 0.785000 0.170000 0.779823 0.182426 0.774000 0.180000 0.779177 0.167574
6 0.807038 0.173868 0.805038 0.180868 0.788000 0.176000 0.790000 0.169000
6 0.788454 0.158095 0.787000 0.165000 0.767546 0.160904 0.769000 0.154000
6 0.792000 0.151000 0.790000 0.158000 0.769925 0.152264 0.771925 0.145264
6 0.794000 0.144000 0.792216 0.150064 0.775000 0.145000 0.776783 0.138936
6 0.799000 0.136000 0.796471 0.143166 0.779000 0.137000 0.781529 0.129834
4 0.781000 0.123000 0.773000 0.123000 0.773000 0.110000 0.781000 0.110000
6 0.897000 0.213000 0.896262 0.218908 0.880262 0.216908 0.881000 0.211000
6 0.903000 0.228000 0.902262 0.233908 0.886262 0.231908 0.887000 0.226000
4 0.872357 0.286877 0.871000 0.294000 0.850000 0.290000 0.851357 0.282877
4 0.982530 0.309882 0.981000 0.316000 0.965000 0.312000 0.966530 0.305882
6 0.947000 0.447000 0.943000 0.463000 0.934765 0.460941 0.938765 0.444941
6 0.940000 0.835000 0.936846 0.850769 0.928000 0.849000 0.931154 0.833231
4 0.948000 0.853000 0.945000 0.869000 0.936125 0.867336 0.939125 0.851336
6 0.934096 0.867472 0.932000 0.879000 0.923904 0.877528 0.926000 0.866000
4 0.880342 0.850051 0.879000 0.859000 0.858658 0.855949 0.860000 0.847000
6 0.855000 0.827000 0.852000 0.845000 0.842919 0.843486 0.845919 0.825486
4 0.153000 0.398000 0.145000 0.415000 0.136909 0.411193 0.144909 0.394193
6 0.104103 0.367774 0.098932 0.379151 0.092000 0.376000 0.097171 0.364623
6 0.113000 0.375000 0.107663 0.383539 0.102000 0.380000 0.107337 0.371461
4 0.253000 0.391000 0.238000 0.400000 0.234559 0.394265 0.249559 0.385265
4 0.265000 0.393000 0.258000 0.407000 0.250000 0.403000 0.257000 0.389000
4 0.379088 0.475016 0.378000 0.481000 0.366912 0.478984 0.368000 0.473000
4 0.401000 0.479000 0.400075 0.485012 0.387000 0.483000 0.387925 0.476988
6 0.290000 0.063000 0.287190 0.069088 0.274000 0.063000 0.276810 0.056912
4 0.327065 0.066899 0.318000 0.081000 0.311935 0.077101 0.321000 0.063000
4 0.445027 0.064953 0.436000 0.081000 0.428973 0.077047 0.438000 0.061000
4 0.455000 0.069000 0.444703 0.082387 0.439000 0.078000 0.449297 0.064613
4 0.647000 0.034000 0.645577 0.041115 0.625000 0.037000 0.626423 0.029885
4 0.642000 0.043000 0.640000 0.050000 0.624811 0.045660 0.626811 0.038660
6 0.638000 0.050000 0.636000 0.057000 0.616849 0.051528 0.618849 0.044528
6 0.637092 0.058028 0.635000 0.065000 0.614908 0.058972 0.617000 0.052000
4 0.634103 0.065016 0.633000 0.072000 0.613897 0.068984 0.615000 0.062000
6 0.593000 0.016000 0.591769 0.022154 0.576769 0.019154 0.578000 0.013000
4 0.587000 0.113000 0.583000 0.127000 0.576000 0.125000 0.580000 0.111000
6 0.549000 0.193000 0.543000 0.208000 0.535931 0.205172 0.541931 0.190172
4 0.495105 0.205037 0.493000 0.211000 0.475895 0.204963 0.478000 0.199000
4 0.488000 0.212000 0.485599 0.218860 0.465599 0.211860 0.468000 0.205000
4 0.508000 0.218000 0.506096 0.224030 0.487000 0.218000 0.488904 0.211970
4 0.498000 0.919000 0.490000 0.919000 0.490000 0.903000 0.498000 0.903000
4 0.509000 0.920000 0.500000 0.920000 0.500000 0.902000 0.509000 0.902000
6 0.572000 0.921000 0.562000 0.921000 0.562000 0.903000 0.572000 0.903000
6 0.501000 0.881000 0.492000 0.881000 0.492000 0.865000 0.501000 0.865000
4 0.553000 0.883000 0.544000 0.883000 0.544000 0.868000 0.553000 0.868000
4 0.661000 0.883000 0.654000 0.883000 0.654000 0.871000 0.661000 0.871000
4 0.232000 0.889000 0.214000 0.889000 0.214000 0.883000 0.232000 0.883000
4 0.233000 0.849000 0.215000 0.849000 0.215000 0.842000 0.233000 0.842000
4 0.235000 0.859000 0.215000 0.859000 0.215000 0.851000 0.235000 0.851000
4 0.233000 0.865000 0.216000 0.865000 0.216000 0.859000 0.233000 0.859000
4 0.191000 0.839000 0.173000 0.839000 0.173000 0.831000 0.191000 0.831000
4 0.235000 0.825000 0.216000 0.825000 0.216000 0.817000 0.235000 0.817000
4 0.237000 0.791000 0.216000 0.791000 0.216000 0.782000 0.237000 0.782000
4 0.170000 0.903000 0.148000 0.903000 0.148000 0.894000 0.170000 0.894000
4 0.137000 0.902000 0.117000 0.902000 0.117000 0.894000 0.137000 0.894000
4 0.110000 0.901000 0.089000 0.901000 0.089000 0.893000 0.110000 0.893000
4 0.173000 0.872000 0.171969 0.890554 0.162000 0.890000 0.163031 0.871446
4 0.048000 0.888000 0.039000 0.888000 0.039000 0.870000 0.048000 0.870000
4 0.068000 0.887000 0.061000 0.887000 0.061000 0.872000 0.068000 0.872000
4 0.159000 0.245000 0.151629 0.256582 0.146000 0.253000 0.153371 0.241418
4 0.215300 0.271100 0.213300 0.277100 0.198000 0.272000 0.200000 0.266000
6 0.863000 0.064000 0.860600 0.071200 0.839600 0.064200 0.842000 0.057000
4 0.872000 0.041000 0.870148 0.048039 0.851000 0.043000 0.852852 0.035961
6 0.868000 0.049000 0.866000 0.056000 0.849887 0.051396 0.851887 0.044396
6 0.873030 0.015929 0.867882 0.028284 0.860000 0.025000 0.865148 0.012645
4 0.885091 0.016807 0.877000 0.034000 0.868909 0.030193 0.877000 0.013000
6 0.926000 0.018000 0.925000 0.026000 0.909000 0.024000 0.910000 0.016000
4 0.923000 0.034000 0.921782 0.042117 0.901782 0.039117 0.903000 0.031000
6 0.907273 0.066059 0.906000 0.072000 0.891727 0.068941 0.893000 0.063000
4 0.905541 0.072912 0.904000 0.081000 0.883000 0.077000 0.884541 0.068912
6 0.901318 0.082071 0.900000 0.088000 0.881682 0.083929 0.883000 0.078000
6 0.980000 0.245000 0.962000 0.245000 0.962000 0.238000 0.980000 0.238000
4 0.947000 0.168000 0.943000 0.188000 0.935885 0.186577 0.939885 0.166577
6 0.043000 0.155000 0.037000 0.169000 0.030000 0.166000 0.036000 0.152000
30 0.805092 0.439016 0.803000 0.451000 0.739908 0.439984 0.742000 0.428000
6 0.584797 0.141249 0.583000 0.147000 0.567000 0.142000 0.568797 0.136249
6 0.373263 0.076429 0.367263 0.089429 0.362000 0.087000 0.368000 0.074000
4 0.397000 0.085000 0.387786 0.101380 0.380000 0.097000 0.389214 0.080620
4 0.406088 0.089853 0.397000 0.105000 0.388912 0.100147 0.398000 0.085000
4 0.668000 0.278000 0.654000 0.278000 0.654000 0.273000 0.668000 0.273000
6 0.709069 0.050828 0.703069 0.065828 0.696000 0.063000 0.702000 0.048000
