5 0.196000 0.705000 0.192000 0.710000 0.180000 0.701000 0.183000 0.695000
6 0.100000 0.450000 0.097000 0.462000 0.089000 0.461000 0.091000 0.448000
6 0.084000 0.455000 0.064000 0.455000 0.064000 0.448000 0.084000 0.448000
6 0.119000 0.431000 0.119000 0.438000 0.102000 0.436000 0.103000 0.429000
6 0.137000 0.507000 0.136000 0.523000 0.127000 0.522000 0.129000 0.507000
6 0.155000 0.511000 0.154000 0.524000 0.146000 0.524000 0.147000 0.511000
6 0.167000 0.511000 0.164000 0.528000 0.156000 0.528000 0.159000 0.510000
6 0.121000 0.591000 0.114000 0.606000 0.105000 0.602000 0.112000 0.587000
6 0.130000 0.595000 0.124000 0.606000 0.118000 0.604000 0.124000 0.593000
4 0.197000 0.625000 0.191000 0.639000 0.184000 0.636000 0.190000 0.622000
6 0.184000 0.673000 0.178000 0.684000 0.171000 0.681000 0.177000 0.670000
6 0.201000 0.683000 0.194000 0.693000 0.188000 0.689000 0.195000 0.680000
6 0.208000 0.930000 0.188000 0.930000 0.188000 0.922000 0.208000 0.922000
6 0.205000 0.938000 0.187000 0.938000 0.187000 0.931000 0.205000 0.931000
3 0.096000 0.960000 0.088000 0.961000 0.086000 0.948000 0.094000 0.947000
4 0.325000 0.760000 0.317000 0.777000 0.310000 0.774000 0.317000 0.756000
3 0.255000 0.717000 0.248000 0.729000 0.242000 0.726000 0.248000 0.713000
4 0.323000 0.707000 0.321000 0.715000 0.301000 0.709000 0.303000 0.701000
6 0.267000 0.685000 0.262000 0.698000 0.254000 0.695000 0.259000 0.682000
3 0.258000 0.682000 0.252000 0.694000 0.246000 0.691000 0.251000 0.679000
4 0.292000 0.656000 0.285000 0.670000 0.279000 0.667000 0.286000 0.653000
4 0.301000 0.657000 0.294000 0.675000 0.286000 0.671000 0.294000 0.654000
6 0.329000 0.687000 0.327000 0.692000 0.314000 0.688000 0.315000 0.682000
6 0.356000 0.674000 0.353000 0.685000 0.347000 0.683000 0.350000 0.672000
4 0.234000 0.593000 0.226000 0.610000 0.219000 0.607000 0.227000 0.590000
6 0.346000 0.535000 0.341000 0.549000 0.333000 0.547000 0.338000 0.533000
4 0.343000 0.390000 0.334000 0.402000 0.326000 0.397000 0.335000 0.384000
6 0.347000 0.364000 0.345000 0.381000 0.337000 0.380000 0.340000 0.364000
6 0.412000 0.414000 0.409000 0.427000 0.401000 0.426000 0.404000 0.413000
4 0.490000 0.456000 0.488000 0.463000 0.469000 0.459000 0.470000 0.453000
6 0.392000 0.655000 0.391000 0.662000 0.377000 0.660000 0.377000 0.654000
5 0.388000 0.674000 0.386000 0.683000 0.362000 0.676000 0.364000 0.667000
6 0.493000 0.846000 0.487000 0.846000 0.487000 0.834000 0.493000 0.834000
5 0.646000 0.979000 0.640000 0.992000 0.633000 0.988000 0.640000 0.975000
6 0.569000 0.845000 0.560000 0.847000 0.557000 0.831000 0.566000 0.829000
3 0.584000 0.844000 0.575000 0.844000 0.575000 0.826000 0.584000 0.826000
3 0.582000 0.821000 0.575000 0.821000 0.575000 0.806000 0.582000 0.806000
5 0.570000 0.818000 0.564000 0.818000 0.564000 0.806000 0.570000 0.806000
6 0.559000 0.236000 0.538000 0.236000 0.538000 0.228000 0.559000 0.228000
6 0.423000 0.221000 0.420000 0.228000 0.403000 0.222000 0.405000 0.216000
6 0.600000 0.111000 0.592000 0.111000 0.592000 0.097000 0.600000 0.097000
6 0.550000 0.111000 0.542000 0.111000 0.542000 0.094000 0.550000 0.094000
6 0.492000 0.107000 0.484000 0.107000 0.484000 0.088000 0.492000 0.088000
6 0.544000 0.009000 0.523000 0.012000 0.523000 0.003000 0.543000 0.001000
3 0.747000 0.084000 0.740000 0.085000 0.735000 0.069000 0.741000 0.067000
3 0.758000 0.083000 0.750000 0.086000 0.745000 0.069000 0.752000 0.066000
6 0.834000 0.117000 0.826000 0.119000 0.822000 0.105000 0.830000 0.103000
6 0.744000 0.199000 0.737000 0.200000 0.734000 0.186000 0.742000 0.184000
4 0.790000 0.190000 0.781000 0.191000 0.778000 0.175000 0.787000 0.174000
6 0.819000 0.589000 0.818000 0.603000 0.811000 0.602000 0.813000 0.589000
4 0.804000 0.589000 0.803000 0.597000 0.784000 0.595000 0.784000 0.586000
4 0.803000 0.597000 0.802000 0.603000 0.786000 0.601000 0.786000 0.594000
6 0.803000 0.605000 0.802000 0.612000 0.781000 0.608000 0.783000 0.602000
4 0.649000 0.702000 0.640000 0.702000 0.640000 0.685000 0.649000 0.685000
6 0.680000 0.846000 0.661000 0.846000 0.661000 0.840000 0.680000 0.840000
6 0.730000 0.848000 0.708000 0.849000 0.708000 0.841000 0.729000 0.839000
11 0.823000 0.856000 0.801000 0.856000 0.801000 0.849000 0.823000 0.849000
6 0.679000 0.985000 0.663000 0.986000 0.663000 0.980000 0.679000 0.979000
4 0.939000 0.845000 0.922000 0.856000 0.917000 0.848000 0.935000 0.838000
5 0.840000 0.874000 0.818000 0.874000 0.818000 0.866000 0.840000 0.866000
6 0.988000 0.771000 0.982000 0.784000 0.974000 0.780000 0.980000 0.767000
6 0.987000 0.746000 0.981000 0.762000 0.973000 0.759000 0.979000 0.743000
6 0.998000 0.711000 0.996000 0.726000 0.987000 0.725000 0.988000 0.711000
6 0.943000 0.708000 0.942000 0.725000 0.934000 0.724000 0.935000 0.707000
4 0.933000 0.709000 0.931000 0.726000 0.923000 0.725000 0.924000 0.708000
6 0.934000 0.750000 0.925000 0.750000 0.925000 0.739000 0.934000 0.739000
6 0.893000 0.737000 0.891000 0.753000 0.883000 0.753000 0.884000 0.736000
4 0.882000 0.724000 0.874000 0.724000 0.874000 0.709000 0.882000 0.709000
6 0.859000 0.723000 0.851000 0.723000 0.851000 0.708000 0.859000 0.708000
6 0.937000 0.524000 0.921000 0.525000 0.921000 0.519000 0.937000 0.518000
4 0.937000 0.516000 0.917000 0.517000 0.916000 0.510000 0.937000 0.509000
4 0.936000 0.509000 0.915000 0.509000 0.915000 0.501000 0.936000 0.501000
6 0.901000 0.177000 0.900000 0.184000 0.882000 0.180000 0.884000 0.174000
6 0.911000 0.204000 0.904000 0.205000 0.901000 0.191000 0.908000 0.190000
6 0.920000 0.097000 0.912000 0.099000 0.908000 0.083000 0.916000 0.081000
4 0.990000 0.078000 0.970000 0.083000 0.969000 0.076000 0.988000 0.070000
6 0.950000 0.088000 0.940000 0.091000 0.935000 0.076000 0.945000 0.073000
