2 0.344667 0.024000 0.389333 0.034000 0.391333 0.025333 0.346667 0.015333
2 0.524667 0.080667 0.492667 0.059333 0.488667 0.065333 0.520000 0.086667
2 0.516667 0.084000 0.488667 0.064667 0.484000 0.071333 0.512000 0.090667
2 0.523333 0.096667 0.480667 0.070000 0.476667 0.076667 0.518667 0.103333
2 0.530000 0.102000 0.583333 0.124667 0.586667 0.114667 0.535333 0.092000
2 0.524000 0.108000 0.574667 0.131333 0.578667 0.122667 0.528000 0.099333
7 0.036000 0.142000 0.033333 0.170667 0.044667 0.172000 0.048000 0.143333
7 0.012667 0.216000 0.014667 0.198667 0.008667 0.197333 0.006000 0.215333
7 0.028667 0.194667 0.028000 0.214000 0.036667 0.214000 0.037333 0.195333
7 0.082667 0.234000 0.078000 0.272000 0.090667 0.274000 0.095333 0.236000
7 0.058000 0.269333 0.053333 0.293333 0.064667 0.295333 0.069333 0.272000
7 0.072667 0.298667 0.070000 0.312000 0.076000 0.313333 0.079333 0.300000
7 0.080000 0.300000 0.084000 0.281333 0.075333 0.280000 0.072000 0.298000
2 0.031333 0.486667 0.021333 0.510000 0.029333 0.514000 0.040000 0.490667
2 0.047333 0.488000 0.027333 0.515333 0.034667 0.521333 0.055333 0.494000
8 0.937333 0.134000 0.856667 0.042000 0.828000 0.066667 0.908667 0.158667
8 0.989333 0.315333 1.005333 0.281333 0.978000 0.268000 0.962000 0.302000
9 0.872000 0.656000 0.874667 0.634000 0.840667 0.630667 0.838000 0.652000
9 0.792667 0.866000 0.796667 0.831333 0.754667 0.827333 0.750000 0.861333
