4 0.876250 0.313333 0.838750 0.320000 1.116667 0.305000 1.166667 0.298333
4 0.935000 0.061667 0.925000 0.061667 1.231667 0.035000 1.246667 0.035000
6 0.960000 0.221667 0.951250 0.225000 1.260000 0.203333 1.273333 0.200000
11 0.996250 0.326667 0.982500 0.333333 1.296667 0.296667 1.313333 0.290000
6 0.518750 0.925000 0.502500 0.938333 0.665000 0.928333 0.685000 0.916667
6 0.525000 0.936667 0.503750 0.953333 0.665000 0.941667 0.693333 0.925000
6 0.555000 0.720000 0.547500 0.726667 0.711667 0.698333 0.721667 0.691667
6 0.535000 0.450000 0.513750 0.458333 0.683333 0.450000 0.710000 0.441667
4 0.463750 0.233333 0.441250 0.236667 0.586667 0.226667 0.616667 0.223333
6 0.382500 0.341667 0.371250 0.345000 0.488333 0.316667 0.503333 0.313333
5 0.370000 0.261667 0.358750 0.263333 0.473333 0.233333 0.488333 0.230000
4 0.358750 0.153333 0.346250 0.153333 0.461667 0.125000 0.478333 0.125000
6 0.301250 0.113333 0.277500 0.111667 0.370000 0.101667 0.401667 0.101667
