6 0.036000 0.304000 0.033000 0.313000 0.009000 0.302000 0.013000 0.293000
6 0.146000 0.312000 0.143000 0.320000 0.121000 0.310000 0.124000 0.303000
6 0.257000 0.254000 0.243000 0.277000 0.233000 0.271000 0.248000 0.248000
6 0.214000 0.175000 0.212000 0.181000 0.193000 0.176000 0.194000 0.170000
6 0.258000 0.101000 0.256000 0.108000 0.236000 0.103000 0.237000 0.096000
4 0.039000 0.219000 0.030000 0.233000 0.021000 0.228000 0.032000 0.214000
4 0.225000 0.072000 0.223000 0.083000 0.199000 0.077000 0.201000 0.066000
32 0.911000 0.411000 0.853000 0.512000 0.742000 0.449000 0.801000 0.348000
6 1.000000 0.634000 0.984000 0.627000 0.988000 0.620000 1.000000 0.625000
4 0.073000 0.435000 0.061000 0.451000 0.051000 0.445000 0.063000 0.429000
4 0.026000 0.466000 0.023000 0.474000 0.000000 0.467000 0.003000 0.458000
4 0.156000 0.446000 0.151000 0.461000 0.140000 0.456000 0.147000 0.441000
4 0.012000 0.532000 0.000000 0.551000 0.000000 0.532000 0.003000 0.526000
4 0.265000 0.522000 0.264000 0.532000 0.241000 0.530000 0.241000 0.520000
6 0.757000 0.657000 0.755000 0.663000 0.734000 0.654000 0.737000 0.647000
6 0.783000 0.665000 0.779000 0.674000 0.759000 0.665000 0.763000 0.656000
6 0.755000 0.707000 0.753000 0.715000 0.733000 0.708000 0.735000 0.701000
6 0.763000 0.765000 0.755000 0.781000 0.742000 0.774000 0.750000 0.758000
4 0.478000 0.799000 0.475000 0.808000 0.451000 0.800000 0.454000 0.791000
6 0.409000 0.750000 0.407000 0.758000 0.382000 0.752000 0.385000 0.744000
5 0.271000 0.700000 0.268000 0.708000 0.241000 0.699000 0.243000 0.690000
6 0.261000 0.752000 0.254000 0.763000 0.246000 0.759000 0.255000 0.748000
4 0.224000 0.680000 0.222000 0.688000 0.201000 0.683000 0.203000 0.675000
6 0.165000 0.684000 0.163000 0.691000 0.141000 0.684000 0.144000 0.677000
4 0.170000 0.660000 0.167000 0.670000 0.145000 0.664000 0.147000 0.654000
3 0.329000 0.656000 0.313000 0.680000 0.304000 0.674000 0.320000 0.650000
6 0.401000 0.700000 0.394000 0.712000 0.386000 0.707000 0.393000 0.695000
6 0.213000 0.560000 0.208000 0.570000 0.201000 0.567000 0.207000 0.557000
9 0.233000 0.349000 0.206000 0.389000 0.156000 0.355000 0.183000 0.316000
9 0.068000 0.624000 0.054000 0.659000 0.012000 0.642000 0.027000 0.607000
9 0.939000 0.607000 0.902000 0.654000 0.857000 0.619000 0.895000 0.572000
9 0.734000 0.864000 0.697000 0.911000 0.660000 0.882000 0.696000 0.835000
5 0.845000 0.804000 0.843000 0.811000 0.819000 0.802000 0.822000 0.795000
4 0.984000 0.823000 0.980000 0.839000 0.971000 0.836000 0.975000 0.820000
4 0.944000 0.974000 0.942000 0.980000 0.922000 0.973000 0.925000 0.967000
6 0.988000 0.779000 0.980000 0.793000 0.974000 0.789000 0.981000 0.775000
4 0.061000 0.924000 0.053000 0.941000 0.043000 0.937000 0.051000 0.920000
6 0.105000 0.979000 0.103000 0.987000 0.081000 0.981000 0.083000 0.972000
21 0.996000 0.305000 0.742000 0.425000 0.622000 0.298000 0.885000 0.181000
4 0.811000 0.699000 0.802000 0.717000 0.791000 0.711000 0.799000 0.693000
