18 0.258500 0.751000 0.286500 0.742000 0.285500 0.737000 0.257500 0.746500
0 0.250500 0.766500 0.292000 0.752000 0.289000 0.742000 0.247000 0.755500
2 0.546000 0.843000 0.618000 0.896500 0.625500 0.886000 0.553500 0.832500
0 0.660500 0.324500 0.636500 0.312000 0.633500 0.316500 0.658500 0.329000
18 0.608500 0.303000 0.622000 0.310000 0.625000 0.305500 0.610500 0.297500
0 0.286500 0.373500 0.252500 0.373500 0.252500 0.381500 0.286500 0.380500
0 0.298000 0.748500 0.329500 0.736000 0.327500 0.729500 0.296000 0.742000
0 0.296000 0.742000 0.327500 0.729500 0.325000 0.724500 0.294000 0.737000
18 0.268000 0.743000 0.281500 0.738500 0.279500 0.735000 0.266000 0.739500
7 0.113000 0.818000 0.125500 0.813500 0.125000 0.811000 0.111500 0.815500
7 0.111500 0.812500 0.125000 0.807500 0.124000 0.804500 0.110500 0.810000
7 0.111500 0.809000 0.124000 0.804500 0.123000 0.802000 0.110500 0.806500
7 0.110500 0.806500 0.123000 0.802000 0.121000 0.798500 0.109500 0.803000
18 0.058500 0.022500 0.053500 0.004000 0.050000 0.005000 0.055000 0.023500
7 0.112500 0.815500 0.125000 0.811000 0.124000 0.807500 0.111500 0.812500
8 0.000500 0.223500 0.118000 0.194500 0.117000 0.188500 0.000000 0.217500
