0 0.509000 0.175000 0.373000 0.081000 0.365000 0.093000 0.501000 0.188000
0 0.503000 0.158000 0.419000 0.099000 0.411000 0.109000 0.496000 0.168000
0 0.448000 0.058000 0.373000 0.040000 0.371000 0.052000 0.444000 0.070000
22 0.986000 0.865000 0.948000 0.840000 0.938000 0.854000 0.976000 0.881000
2 0.809000 0.770000 0.900000 0.831000 0.909000 0.815000 0.821000 0.754000
2 0.832000 0.722000 0.876000 0.659000 0.867000 0.654000 0.823000 0.715000
2 0.878000 0.658000 0.826000 0.733000 0.834000 0.738000 0.888000 0.665000
2 0.986000 0.484000 0.934000 0.559000 0.944000 0.565000 0.996000 0.490000
7 0.807000 0.754000 0.821000 0.736000 0.815000 0.731000 0.801000 0.750000
2 0.944000 0.815000 0.999000 0.851000 1.005000 0.842000 0.951000 0.805000
2 0.935000 0.827000 0.997000 0.869000 1.005000 0.857000 0.943000 0.815000
