2 0.162530 0.000000 0.000000 0.196439 0.000000 0.086628 0.053756 0.000000
2 0.426667 0.610000 0.418333 0.627500 0.235000 0.593750 0.241250 0.577500
2 0.405000 0.625000 0.396667 0.640000 0.221250 0.607500 0.227500 0.592500
2 0.551667 0.647500 0.543333 0.662500 0.342500 0.636250 0.348750 0.620000
2 0.556667 0.668750 0.548333 0.682500 0.331250 0.650000 0.336250 0.635000
2 0.538333 0.703750 0.530000 0.720000 0.317500 0.687500 0.323750 0.671250
2 0.550000 0.686250 0.541667 0.701250 0.323750 0.667500 0.330000 0.652500
2 0.496667 0.856250 0.448333 0.916250 0.320000 0.906250 0.356250 0.846250
2 0.396667 0.926250 0.388333 0.941250 0.213750 0.910000 0.220000 0.893750
2 0.278333 0.863750 0.268333 0.881250 0.117500 0.850000 0.123750 0.832500
2 0.263333 0.885000 0.255000 0.900000 0.115000 0.868750 0.121250 0.853750
2 0.121667 0.838750 0.111667 0.856250 0.012500 0.826250 0.018750 0.810000
