4 0.803750 0.958333 0.770000 0.958333 1.026667 0.948333 1.071667 0.948333
4 0.302500 0.960000 0.278750 0.961667 0.370000 0.951667 0.403333 0.950000
6 0.380000 0.960000 0.356250 0.960000 0.475000 0.948333 0.506667 0.948333
6 0.418750 0.960000 0.390000 0.960000 0.520000 0.948333 0.558333 0.948333
4 0.451250 0.958333 0.427500 0.958333 0.570000 0.948333 0.601667 0.948333
6 0.483750 0.958333 0.453750 0.960000 0.605000 0.948333 0.645000 0.948333
14 0.777500 0.571667 0.718750 0.570000 0.956667 0.438333 1.036667 0.438333
14 0.855000 0.571667 0.796250 0.571667 1.061667 0.438333 1.140000 0.438333
14 0.935000 0.440000 0.933750 0.573333 1.166667 0.573333 1.166667 0.438333
14 1.000000 0.573333 0.953750 0.573333 1.271667 0.436667 1.333333 0.436667
14 0.811250 0.796667 0.750000 0.795000 1.000000 0.661667 1.080000 0.661667
14 0.890000 0.795000 0.830000 0.795000 1.106667 0.661667 1.186667 0.661667
14 0.968750 0.795000 0.910000 0.795000 1.213333 0.661667 1.290000 0.661667
32 0.390000 0.303333 0.381250 0.545000 0.206667 0.531667 0.218333 0.288333
