9 0.513333 0.101250 0.408333 0.102500 0.305000 0.060000 0.385000 0.058750
6 0.893333 0.565000 0.856667 0.565000 0.642500 0.556250 0.670000 0.556250
6 0.806667 0.565000 0.768333 0.563750 0.576250 0.556250 0.605000 0.557500
4 0.670000 0.556250 0.668333 0.565000 0.476250 0.565000 0.476250 0.556250
6 0.581667 0.565000 0.546667 0.565000 0.410000 0.557500 0.436250 0.557500
6 0.495000 0.563750 0.446667 0.563750 0.333750 0.555000 0.371250 0.553750
6 0.360000 0.563750 0.315000 0.563750 0.236250 0.555000 0.270000 0.555000
6 0.161667 0.356250 0.130000 0.356250 0.097500 0.347500 0.121250 0.346250
4 0.133333 0.937500 0.120000 0.937500 0.090000 0.918750 0.100000 0.918750
4 0.135000 0.870000 0.111667 0.871250 0.082500 0.840000 0.100000 0.838750
4 0.133333 0.727500 0.116667 0.727500 0.088750 0.707500 0.100000 0.708750
6 0.135000 0.802500 0.121667 0.802500 0.091250 0.783750 0.101250 0.783750
4 0.136667 0.777500 0.121667 0.777500 0.092500 0.761250 0.102500 0.761250
4 0.136667 0.680000 0.120000 0.680000 0.091250 0.658750 0.102500 0.658750
6 0.196667 0.733750 0.181667 0.733750 0.136250 0.715000 0.147500 0.715000
4 0.196667 0.708750 0.180000 0.708750 0.136250 0.691250 0.147500 0.692500
4 0.196667 0.685000 0.183333 0.685000 0.137500 0.665000 0.147500 0.665000
4 0.196667 0.657500 0.181667 0.657500 0.136250 0.637500 0.147500 0.637500
6 0.198333 0.631250 0.181667 0.631250 0.136250 0.610000 0.148750 0.608750
4 0.200000 0.951250 0.183333 0.952500 0.137500 0.931250 0.148750 0.931250
6 0.195000 0.926250 0.180000 0.926250 0.133750 0.907500 0.146250 0.907500
4 0.198333 0.890000 0.181667 0.890000 0.136250 0.867500 0.148750 0.867500
4 0.196667 0.863750 0.181667 0.865000 0.135000 0.842500 0.146250 0.841250
9 0.236667 0.530000 0.235000 0.578750 0.080000 0.575000 0.081250 0.527500
6 0.118333 0.462500 0.111667 0.472500 0.060000 0.461250 0.063750 0.452500
