6 0.363750 0.878333 0.342500 0.901667 0.446667 0.890000 0.475000 0.866667
6 0.380000 0.900000 0.361250 0.923333 0.473333 0.913333 0.496667 0.890000
4 0.241250 0.403333 0.240000 0.416667 0.288333 0.410000 0.291667 0.396667
6 0.270000 0.263333 0.262500 0.270000 0.333333 0.246667 0.345000 0.240000
6 0.256250 0.286667 0.246250 0.290000 0.320000 0.256667 0.333333 0.253333
6 0.146250 0.270000 0.131250 0.288333 0.165000 0.276667 0.185000 0.258333
6 0.158750 0.338333 0.151250 0.348333 0.180000 0.330000 0.190000 0.320000
6 0.140000 0.361667 0.132500 0.371667 0.155000 0.348333 0.166667 0.338333
6 0.702500 0.158333 0.695000 0.165000 0.911667 0.145000 0.921667 0.136667
4 0.673750 0.185000 0.666250 0.193333 0.871667 0.173333 0.881667 0.165000
6 0.702500 0.248333 0.693750 0.256667 0.906667 0.230000 0.918333 0.221667
6 0.637500 0.215000 0.630000 0.223333 0.823333 0.201667 0.833333 0.193333
6 0.621250 0.218333 0.615000 0.225000 0.806667 0.210000 0.815000 0.203333
6 0.615000 0.231667 0.608750 0.238333 0.796667 0.220000 0.806667 0.213333
6 0.603750 0.236667 0.596250 0.243333 0.783333 0.226667 0.793333 0.220000
6 0.575000 0.263333 0.567500 0.270000 0.743333 0.251667 0.753333 0.245000
6 0.566250 0.273333 0.558750 0.281667 0.730000 0.261667 0.740000 0.253333
4 0.556250 0.285000 0.547500 0.293333 0.713333 0.270000 0.725000 0.261667
4 0.536250 0.303333 0.528750 0.313333 0.683333 0.290000 0.693333 0.281667
4 0.650000 0.296667 0.642500 0.305000 0.838333 0.285000 0.848333 0.275000
4 0.630000 0.316667 0.621250 0.326667 0.808333 0.305000 0.820000 0.293333
4 0.522500 0.403333 0.510000 0.413333 0.658333 0.380000 0.675000 0.370000
4 0.366250 0.448333 0.358750 0.456667 0.458333 0.433333 0.468333 0.425000
4 0.787500 0.426667 0.780000 0.435000 1.021667 0.410000 1.033333 0.401667
4 0.755000 0.451667 0.746250 0.460000 0.980000 0.436667 0.991667 0.428333
16 0.720000 0.445000 0.715000 0.450000 0.928333 0.416667 0.936667 0.410000
6 0.723750 0.478333 0.715000 0.486667 0.936667 0.463333 0.948333 0.455000
4 0.700000 0.498333 0.691250 0.506667 0.905000 0.480000 0.916667 0.473333
4 0.610000 0.478333 0.602500 0.486667 0.785000 0.465000 0.795000 0.456667
4 0.658750 0.535000 0.650000 0.541667 0.846667 0.513333 0.858333 0.505000
6 0.646250 0.540000 0.636250 0.546667 0.836667 0.525000 0.848333 0.518333
4 0.635000 0.548333 0.626250 0.555000 0.818333 0.530000 0.830000 0.523333
4 0.615000 0.561667 0.606250 0.571667 0.790000 0.546667 0.801667 0.538333
4 0.583750 0.595000 0.575000 0.603333 0.751667 0.581667 0.763333 0.573333
6 0.572500 0.603333 0.563750 0.613333 0.736667 0.593333 0.746667 0.583333
6 0.540000 0.630000 0.532500 0.638333 0.693333 0.618333 0.705000 0.610000
5 0.520000 0.650000 0.510000 0.660000 0.660000 0.633333 0.671667 0.623333
6 0.461250 0.693333 0.452500 0.701667 0.585000 0.676667 0.596667 0.668333
9 0.380000 0.616667 0.291250 0.726667 0.295000 0.625000 0.413333 0.515000
6 0.355000 0.580000 0.336250 0.596667 0.440000 0.585000 0.465000 0.568333
6 0.833750 0.983333 0.828750 0.993333 1.080000 0.978333 1.086667 0.968333
14 1.000000 0.830318 0.952322 0.833345 1.263333 0.698333 1.333333 0.695000
