14 0.540000 0.797000 0.496000 0.796000 0.495000 0.717000 0.540000 0.716000
14 0.467000 0.797000 0.423000 0.797000 0.422000 0.717000 0.467000 0.717000
14 0.383000 0.797000 0.338000 0.798000 0.338000 0.719000 0.382000 0.719000
14 0.515000 1.000000 0.470000 1.000000 0.470000 0.932000 0.515000 0.932000
14 0.442000 1.000000 0.395000 1.000000 0.395000 0.933000 0.442000 0.933000
14 0.368000 1.000000 0.323000 1.000000 0.323000 0.934000 0.368000 0.934000
6 0.089000 0.692000 0.082000 0.695000 0.075000 0.681000 0.082000 0.677000
6 0.100000 0.715000 0.094000 0.718000 0.088000 0.705000 0.094000 0.702000
4 0.122000 0.724000 0.114000 0.727000 0.107000 0.711000 0.115000 0.708000
4 0.112000 0.740000 0.106000 0.744000 0.098000 0.728000 0.104000 0.725000
4 0.132000 0.743000 0.126000 0.746000 0.118000 0.731000 0.124000 0.728000
4 0.124000 0.760000 0.119000 0.762000 0.114000 0.750000 0.118000 0.748000
4 0.142000 0.759000 0.135000 0.762000 0.129000 0.748000 0.135000 0.745000
4 0.158000 0.777000 0.152000 0.782000 0.142000 0.768000 0.148000 0.763000
6 0.173000 0.794000 0.167000 0.799000 0.158000 0.788000 0.164000 0.783000
4 0.184000 0.811000 0.178000 0.815000 0.169000 0.801000 0.176000 0.797000
4 0.198000 0.826000 0.191000 0.831000 0.182000 0.818000 0.188000 0.813000
4 0.243000 0.921000 0.236000 0.923000 0.232000 0.909000 0.239000 0.907000
5 0.087000 0.824000 0.078000 0.827000 0.071000 0.810000 0.079000 0.807000
5 0.120000 0.827000 0.119000 0.834000 0.103000 0.829000 0.105000 0.823000
4 0.085000 0.889000 0.068000 0.890000 0.068000 0.883000 0.085000 0.882000
3 0.129000 0.885000 0.118000 0.885000 0.118000 0.857000 0.129000 0.857000
6 0.142000 0.902000 0.134000 0.903000 0.132000 0.886000 0.139000 0.885000
3 0.131000 0.908000 0.122000 0.908000 0.121000 0.886000 0.131000 0.886000
3 0.120000 0.924000 0.109000 0.925000 0.109000 0.913000 0.119000 0.912000
3 0.093000 0.910000 0.086000 0.910000 0.086000 0.897000 0.093000 0.897000
4 0.037000 0.924000 0.027000 0.924000 0.027000 0.910000 0.036000 0.910000
4 0.034000 0.904000 0.015000 0.904000 0.015000 0.899000 0.034000 0.899000
4 0.036000 0.897000 0.015000 0.897000 0.015000 0.890000 0.036000 0.890000
3 0.034000 0.887000 0.009000 0.888000 0.009000 0.878000 0.034000 0.878000
3 0.036000 0.877000 0.011000 0.878000 0.010000 0.869000 0.036000 0.869000
6 0.037000 0.859000 0.018000 0.860000 0.017000 0.854000 0.036000 0.853000
6 0.031000 0.850000 0.011000 0.851000 0.010000 0.844000 0.031000 0.843000
6 0.032000 0.842000 0.014000 0.842000 0.014000 0.835000 0.031000 0.834000
6 0.032000 0.831000 0.013000 0.832000 0.013000 0.826000 0.032000 0.825000
