32 0.389000 0.577000 0.207000 0.625000 0.168000 0.479000 0.350000 0.431000
14 0.746000 0.109000 0.698000 0.110000 0.697000 0.030000 0.745000 0.031000
14 0.681000 0.110000 0.633000 0.111000 0.633000 0.031000 0.681000 0.031000
14 0.617000 0.111000 0.569000 0.111000 0.569000 0.031000 0.617000 0.031000
14 0.496000 0.031000 0.495000 0.112000 0.448000 0.112000 0.448000 0.031000
14 0.432000 0.112000 0.384000 0.113000 0.384000 0.032000 0.432000 0.031000
14 0.369000 0.113000 0.320000 0.112000 0.320000 0.032000 0.368000 0.031000
4 0.910000 0.174000 0.884000 0.172000 0.885000 0.165000 0.910000 0.167000
4 0.907000 0.156000 0.906000 0.165000 0.884000 0.164000 0.884000 0.155000
4 0.908000 0.122000 0.907000 0.128000 0.887000 0.128000 0.887000 0.121000
4 0.908000 0.137000 0.890000 0.137000 0.890000 0.131000 0.908000 0.131000
4 0.908000 0.220000 0.889000 0.221000 0.889000 0.214000 0.907000 0.213000
6 0.907000 0.203000 0.887000 0.203000 0.887000 0.195000 0.907000 0.195000
4 0.837000 0.237000 0.815000 0.238000 0.814000 0.231000 0.837000 0.230000
4 0.773000 0.973000 0.772000 0.983000 0.751000 0.981000 0.751000 0.972000
6 0.989000 0.830000 0.988000 0.837000 0.968000 0.836000 0.968000 0.829000
6 0.987000 0.847000 0.967000 0.844000 0.968000 0.839000 0.987000 0.841000
6 0.987000 0.856000 0.967000 0.855000 0.968000 0.849000 0.987000 0.850000
4 0.992000 0.876000 0.970000 0.875000 0.971000 0.868000 0.992000 0.869000
4 0.989000 0.887000 0.988000 0.893000 0.966000 0.891000 0.966000 0.885000
4 0.984000 0.905000 0.983000 0.911000 0.962000 0.910000 0.963000 0.904000
6 0.985000 0.920000 0.965000 0.920000 0.964000 0.914000 0.985000 0.913000
6 0.982000 0.942000 0.955000 0.941000 0.955000 0.934000 0.982000 0.934000
6 0.985000 0.956000 0.964000 0.956000 0.964000 0.950000 0.985000 0.950000
4 0.988000 0.972000 0.970000 0.973000 0.969000 0.965000 0.988000 0.965000
4 0.989000 0.976000 0.988000 0.981000 0.973000 0.980000 0.973000 0.975000
