6 0.275000 0.252000 0.263000 0.267000 0.257000 0.261000 0.269000 0.247000
4 0.183000 0.204000 0.172000 0.219000 0.166000 0.215000 0.177000 0.200000
5 0.192000 0.211000 0.180000 0.225000 0.173000 0.220000 0.185000 0.205000
4 0.200000 0.214000 0.190000 0.228000 0.185000 0.224000 0.195000 0.210000
6 0.210000 0.221000 0.200000 0.233000 0.194000 0.228000 0.204000 0.215000
4 0.226000 0.230000 0.215000 0.242000 0.210000 0.238000 0.221000 0.226000
6 0.236000 0.234000 0.226000 0.246000 0.219000 0.241000 0.229000 0.228000
4 0.247000 0.235000 0.236000 0.250000 0.230000 0.246000 0.242000 0.231000
4 0.255000 0.243000 0.245000 0.255000 0.240000 0.251000 0.251000 0.239000
6 0.283000 0.257000 0.274000 0.270000 0.267000 0.265000 0.277000 0.252000
4 0.173000 0.199000 0.164000 0.213000 0.157000 0.209000 0.167000 0.195000
6 0.153000 0.193000 0.145000 0.205000 0.138000 0.200000 0.146000 0.188000
4 0.139000 0.181000 0.127000 0.196000 0.121000 0.192000 0.133000 0.177000
5 0.120000 0.172000 0.109000 0.187000 0.103000 0.182000 0.114000 0.167000
4 0.195000 0.158000 0.185000 0.171000 0.179000 0.166000 0.189000 0.154000
4 0.181000 0.146000 0.169000 0.160000 0.163000 0.154000 0.175000 0.141000
4 0.056000 0.380000 0.053000 0.386000 0.036000 0.378000 0.038000 0.372000
6 0.060000 0.374000 0.058000 0.379000 0.040000 0.369000 0.043000 0.364000
4 0.067000 0.366000 0.064000 0.371000 0.047000 0.362000 0.050000 0.357000
5 0.073000 0.361000 0.070000 0.366000 0.054000 0.357000 0.057000 0.352000
6 0.080000 0.353000 0.076000 0.359000 0.061000 0.350000 0.064000 0.344000
4 0.024000 0.285000 0.007000 0.295000 0.003000 0.288000 0.020000 0.278000
4 1.000000 0.567000 0.988000 0.574000 0.984000 0.568000 1.000000 0.559000
4 0.995000 0.559000 0.981000 0.568000 0.978000 0.562000 0.992000 0.554000
4 0.986000 0.456000 0.969000 0.463000 0.967000 0.457000 0.984000 0.451000
4 0.995000 0.473000 0.977000 0.480000 0.975000 0.474000 0.993000 0.467000
4 1.000000 0.490000 0.991000 0.494000 0.988000 0.487000 1.000000 0.482000
6 1.000000 0.480000 0.983000 0.487000 0.980000 0.481000 0.998000 0.475000
4 0.989000 0.465000 0.975000 0.470000 0.973000 0.465000 0.987000 0.460000
6 1.000000 0.439000 0.983000 0.446000 0.981000 0.440000 1.000000 0.431000
6 0.949000 0.316000 0.943000 0.321000 0.931000 0.306000 0.937000 0.301000
4 0.912000 0.247000 0.896000 0.255000 0.893000 0.249000 0.909000 0.241000
3 0.716000 0.390000 0.691000 0.389000 0.691000 0.382000 0.716000 0.383000
6 0.310000 0.209000 0.299000 0.224000 0.293000 0.220000 0.305000 0.205000
6 0.300000 0.206000 0.292000 0.218000 0.285000 0.214000 0.294000 0.202000
6 0.290000 0.203000 0.281000 0.214000 0.274000 0.209000 0.283000 0.197000
6 0.280000 0.198000 0.268000 0.210000 0.264000 0.205000 0.276000 0.194000
6 0.270000 0.193000 0.261000 0.205000 0.255000 0.201000 0.264000 0.189000
6 0.262000 0.187000 0.251000 0.200000 0.245000 0.195000 0.255000 0.182000
6 0.245000 0.177000 0.232000 0.190000 0.227000 0.185000 0.240000 0.172000
4 0.236000 0.172000 0.222000 0.188000 0.216000 0.183000 0.230000 0.167000
4 0.223000 0.172000 0.213000 0.184000 0.207000 0.178000 0.217000 0.166000
4 0.214000 0.167000 0.205000 0.179000 0.199000 0.174000 0.209000 0.163000
14 0.735000 0.704000 0.685000 0.714000 0.659000 0.634000 0.708000 0.625000
14 0.797000 0.693000 0.747000 0.702000 0.722000 0.623000 0.772000 0.614000
14 0.860000 0.682000 0.811000 0.691000 0.785000 0.611000 0.834000 0.602000
5 0.515000 0.611000 0.511000 0.618000 0.490000 0.606000 0.494000 0.599000
6 0.526000 0.601000 0.521000 0.609000 0.500000 0.596000 0.505000 0.589000
6 0.265000 0.248000 0.254000 0.261000 0.248000 0.256000 0.259000 0.242000
15 0.415000 0.696000 0.401000 0.737000 0.321000 0.718000 0.336000 0.678000
5 0.051000 0.552000 0.047000 0.561000 0.039000 0.558000 0.043000 0.549000
