5 0.625000 0.982500 0.610000 0.982500 0.456250 0.955000 0.468750 0.955000
4 0.898333 0.836250 0.868333 0.836250 0.651250 0.827500 0.673750 0.827500
4 0.938333 0.742500 0.906667 0.742500 0.680000 0.732500 0.703750 0.732500
4 0.860000 0.706250 0.823333 0.706250 0.618750 0.697500 0.645000 0.697500
4 0.686667 0.797500 0.670000 0.797500 0.502500 0.777500 0.515000 0.777500
4 0.730000 0.835000 0.691667 0.835000 0.518750 0.825000 0.547500 0.825000
6 0.630000 0.857500 0.616667 0.858750 0.462500 0.837500 0.471250 0.837500
6 0.621667 0.800000 0.608333 0.801250 0.456250 0.781250 0.465000 0.781250
4 0.601667 0.760000 0.563333 0.760000 0.422500 0.750000 0.451250 0.750000
4 0.526667 0.422500 0.511667 0.423750 0.381250 0.407500 0.392500 0.406250
4 0.478333 0.422500 0.463333 0.423750 0.346250 0.406250 0.356250 0.406250
4 0.481667 0.487500 0.466667 0.487500 0.350000 0.463750 0.361250 0.463750
4 0.508333 0.703750 0.490000 0.703750 0.367500 0.678750 0.380000 0.677500
5 0.445000 0.703750 0.428333 0.703750 0.320000 0.682500 0.333750 0.681250
4 0.393333 0.670000 0.361667 0.675000 0.268750 0.665000 0.292500 0.660000
4 0.393333 0.655000 0.361667 0.665000 0.267500 0.653750 0.291250 0.645000
4 0.256667 0.751250 0.220000 0.751250 0.165000 0.742500 0.192500 0.742500
4 0.220000 0.750000 0.185000 0.750000 0.137500 0.743750 0.165000 0.742500
4 0.098333 0.883750 0.096667 0.891250 0.056250 0.890000 0.057500 0.882500
5 0.060000 0.683750 0.058333 0.705000 0.032500 0.705000 0.033750 0.683750
4 0.086667 0.703750 0.070000 0.705000 0.052500 0.683750 0.065000 0.683750
4 0.108333 0.707500 0.091667 0.708750 0.068750 0.686250 0.080000 0.686250
4 0.116667 0.661250 0.088333 0.673750 0.061250 0.665000 0.082500 0.653750
6 0.120000 0.625000 0.091667 0.638750 0.063750 0.630000 0.085000 0.616250
4 0.115000 0.571250 0.086667 0.581250 0.061250 0.573750 0.082500 0.562500
4 0.108333 0.556250 0.080000 0.575000 0.052500 0.566250 0.073750 0.548750
6 0.123333 0.483750 0.090000 0.483750 0.067500 0.476250 0.092500 0.476250
6 0.228333 0.520000 0.213333 0.521250 0.158750 0.500000 0.170000 0.500000
4 0.308333 0.516250 0.303333 0.523750 0.202500 0.515000 0.206250 0.506250
5 0.305000 0.500000 0.300000 0.507500 0.203750 0.495000 0.207500 0.487500
4 0.293333 0.482500 0.256667 0.483750 0.192500 0.473750 0.220000 0.472500
6 0.351667 0.468750 0.340000 0.475000 0.242500 0.457500 0.250000 0.451250
4 0.396667 0.432500 0.378333 0.432500 0.283750 0.410000 0.296250 0.408750
4 0.373333 0.431250 0.355000 0.432500 0.265000 0.411250 0.278750 0.411250
6 0.351667 0.433750 0.335000 0.433750 0.250000 0.411250 0.263750 0.411250
4 0.333333 0.433750 0.318333 0.433750 0.238750 0.411250 0.250000 0.411250
4 0.315000 0.433750 0.300000 0.433750 0.225000 0.411250 0.235000 0.411250
4 0.293333 0.430000 0.278333 0.430000 0.208750 0.408750 0.220000 0.408750
6 0.161667 0.435000 0.146667 0.435000 0.110000 0.413750 0.121250 0.413750
4 0.245000 0.050000 0.238333 0.070000 0.167500 0.067500 0.172500 0.046250
4 0.228333 0.098750 0.226667 0.118750 0.160000 0.118750 0.160000 0.097500
5 0.496667 0.192500 0.451667 0.193750 0.337500 0.185000 0.372500 0.183750
5 0.543333 0.192500 0.496667 0.193750 0.372500 0.182500 0.407500 0.181250
4 0.633333 0.190000 0.598333 0.190000 0.448750 0.180000 0.475000 0.180000
4 0.695000 0.148750 0.678333 0.148750 0.508750 0.128750 0.520000 0.128750
4 0.786667 0.208750 0.771667 0.208750 0.577500 0.191250 0.588750 0.190000
6 0.818333 0.173750 0.781667 0.177500 0.585000 0.168750 0.612500 0.165000
4 0.866667 0.167500 0.826667 0.172500 0.618750 0.161250 0.648750 0.157500
5 0.930000 0.158750 0.888333 0.163750 0.663750 0.153750 0.695000 0.148750
4 0.758333 0.992500 0.723333 0.993750 0.542500 0.986250 0.568750 0.985000
