34 0.411111 0.131111 0.337778 0.201111 0.273333 0.135556 0.344444 0.063333
34 0.198889 0.485556 0.095556 0.497778 0.085556 0.408889 0.190000 0.396667
29 0.203333 0.583333 0.115556 0.594444 0.106667 0.511111 0.194444 0.501111
34 0.397778 0.458889 0.300000 0.474444 0.286667 0.382222 0.386667 0.367778
29 0.231111 0.806667 0.128889 0.812222 0.120000 0.700000 0.223333 0.694444
29 0.245556 0.931111 0.145556 0.942222 0.134444 0.833333 0.231111 0.821111
17 0.438889 0.853333 0.387778 0.856667 0.383333 0.806667 0.434444 0.801111
12 0.567778 0.126667 0.545556 0.171111 0.500000 0.145556 0.522222 0.103333
19 0.574444 0.090000 0.528889 0.115556 0.506667 0.075556 0.552222 0.050000
17 0.638889 0.117778 0.588889 0.122222 0.585556 0.068889 0.636667 0.065556
17 0.798889 0.050000 0.765556 0.091111 0.728889 0.062222 0.761111 0.021111
17 0.801111 0.136667 0.747778 0.151111 0.736667 0.104444 0.788889 0.091111
17 0.817778 0.162222 0.798889 0.210000 0.750000 0.188889 0.770000 0.143333
17 0.805556 0.226667 0.784444 0.271111 0.737778 0.246667 0.757778 0.204444
17 1.000000 0.306111 0.966667 0.308889 0.962222 0.255556 1.000000 0.252407
17 1.000000 0.242459 0.953333 0.244444 0.951111 0.192222 1.000000 0.190142
13 1.000000 0.180179 0.940458 0.183368 0.937778 0.133333 1.000000 0.130000
12 0.985380 0.136109 0.935518 0.106645 0.961111 0.063333 1.010973 0.092797
13 0.979925 1.000000 0.912448 1.000000 0.909297 0.976762 0.975556 0.967778
19 0.983333 0.957778 0.908889 0.966667 0.901111 0.900000 0.977778 0.892222
17 0.816667 0.951111 0.768889 0.955556 0.765556 0.904444 0.813333 0.902222
33 0.686186 1.000000 0.593483 1.000000 0.584150 0.973437 0.666667 0.944444
