7 0.076000 0.312000 0.068000 0.326000 0.064000 0.323000 0.071000 0.309000
6 0.931000 0.550000 0.923000 0.553000 0.918000 0.537000 0.926000 0.534000
5 0.904000 0.604000 0.894000 0.604000 0.893000 0.585000 0.904000 0.585000
6 0.870000 0.605000 0.862000 0.607000 0.858000 0.591000 0.865000 0.589000
4 0.857000 0.607000 0.849000 0.608000 0.847000 0.591000 0.855000 0.589000
6 0.845000 0.608000 0.838000 0.609000 0.835000 0.593000 0.843000 0.592000
6 0.831000 0.608000 0.822000 0.609000 0.820000 0.594000 0.829000 0.593000
6 0.818000 0.612000 0.809000 0.614000 0.804000 0.597000 0.813000 0.594000
6 0.806000 0.613000 0.799000 0.615000 0.793000 0.600000 0.800000 0.597000
6 0.792000 0.614000 0.784000 0.618000 0.778000 0.604000 0.786000 0.600000
6 0.768000 0.622000 0.761000 0.625000 0.756000 0.610000 0.763000 0.607000
6 0.747000 0.628000 0.739000 0.633000 0.728000 0.616000 0.736000 0.611000
6 0.736000 0.634000 0.729000 0.639000 0.716000 0.621000 0.723000 0.616000
6 0.714000 0.643000 0.707000 0.647000 0.698000 0.632000 0.705000 0.627000
6 0.897000 0.555000 0.887000 0.559000 0.879000 0.540000 0.888000 0.536000
4 0.875000 0.556000 0.867000 0.559000 0.861000 0.543000 0.869000 0.540000
6 0.858000 0.559000 0.851000 0.561000 0.846000 0.546000 0.853000 0.544000
6 0.848000 0.563000 0.840000 0.565000 0.835000 0.549000 0.844000 0.546000
6 0.833000 0.563000 0.824000 0.563000 0.823000 0.547000 0.832000 0.546000
4 0.819000 0.564000 0.811000 0.566000 0.808000 0.549000 0.815000 0.547000
5 0.807000 0.567000 0.798000 0.570000 0.792000 0.549000 0.802000 0.547000
4 0.746000 0.574000 0.740000 0.576000 0.734000 0.561000 0.741000 0.559000
4 0.730000 0.579000 0.723000 0.584000 0.713000 0.568000 0.720000 0.563000
6 0.708000 0.586000 0.701000 0.592000 0.689000 0.577000 0.695000 0.572000
6 0.696000 0.592000 0.690000 0.597000 0.679000 0.582000 0.685000 0.578000
6 0.683000 0.597000 0.677000 0.602000 0.666000 0.590000 0.672000 0.584000
4 0.672000 0.605000 0.666000 0.610000 0.657000 0.596000 0.663000 0.592000
4 0.664000 0.611000 0.657000 0.616000 0.646000 0.600000 0.654000 0.595000
4 0.655000 0.615000 0.648000 0.621000 0.636000 0.606000 0.643000 0.601000
6 0.640000 0.621000 0.634000 0.627000 0.622000 0.614000 0.627000 0.608000
6 0.384000 0.625000 0.382000 0.631000 0.367000 0.626000 0.369000 0.620000
11 0.433000 0.647000 0.406000 0.645000 0.407000 0.637000 0.433000 0.639000
5 0.488000 0.649000 0.444000 0.648000 0.444000 0.639000 0.488000 0.640000
