9 0.521667 0.400000 0.381667 0.428750 0.261250 0.340000 0.366250 0.311250
9 0.913333 0.755000 0.813333 0.805000 0.567500 0.742500 0.642500 0.692500
6 0.826667 0.336250 0.793333 0.336250 0.595000 0.327500 0.620000 0.327500
6 0.788333 0.336250 0.753333 0.336250 0.563750 0.327500 0.591250 0.327500
6 0.281667 0.211250 0.268333 0.218750 0.185000 0.200000 0.195000 0.192500
4 0.311667 0.051250 0.296667 0.050000 0.223750 0.030000 0.233750 0.031250
4 0.293333 0.031250 0.291667 0.051250 0.208750 0.051250 0.208750 0.031250
6 0.238333 0.047500 0.221667 0.047500 0.166250 0.027500 0.178750 0.026250
6 0.211667 0.037500 0.198333 0.037500 0.148750 0.017500 0.158750 0.017500
6 0.180000 0.040000 0.171667 0.046250 0.116250 0.032500 0.123750 0.026250
5 0.171667 0.052500 0.160000 0.060000 0.103750 0.040000 0.112500 0.033750
6 0.135000 0.062500 0.125000 0.067500 0.083750 0.052500 0.091250 0.047500
6 0.121667 0.068750 0.111667 0.075000 0.070000 0.058750 0.077500 0.052500
6 0.076667 0.087500 0.068333 0.095000 0.036250 0.081250 0.041250 0.073750
6 0.060000 0.096250 0.051667 0.101250 0.025000 0.087500 0.032500 0.081250
5 0.048333 0.105000 0.038333 0.111250 0.016250 0.096250 0.022500 0.090000
6 0.033333 0.111250 0.021667 0.118750 0.002500 0.100000 0.012500 0.093750
6 0.958333 0.027500 0.941667 0.028750 0.705000 0.011250 0.717500 0.011250
6 0.871667 0.097500 0.853333 0.113750 0.633750 0.108750 0.646250 0.091250
4 0.853333 0.096250 0.836667 0.111250 0.620000 0.106250 0.632500 0.090000
6 0.925000 0.337500 0.893333 0.336250 0.670000 0.328750 0.693750 0.328750
6 0.991667 0.365000 0.956667 0.363750 0.717500 0.353750 0.743750 0.355000
6 1.000000 0.381250 0.980000 0.381250 0.735000 0.372500 0.750000 0.372500
6 0.128333 0.283750 0.115000 0.292500 0.071250 0.273750 0.081250 0.266250
4 0.070000 0.263750 0.043333 0.276250 0.026250 0.266250 0.046250 0.253750
4 0.103333 0.203750 0.076667 0.216250 0.052500 0.207500 0.072500 0.195000
4 0.076667 0.188750 0.050000 0.201250 0.031250 0.192500 0.052500 0.180000
6 0.041667 0.702500 0.016667 0.712500 0.010000 0.706250 0.027500 0.696250
5 0.040000 0.691250 0.010000 0.703750 0.002500 0.696250 0.025000 0.682500
6 0.285000 0.813750 0.258333 0.826250 0.190000 0.818750 0.210000 0.807500
4 0.270000 0.803750 0.243333 0.816250 0.177500 0.808750 0.197500 0.796250
6 0.223333 0.862500 0.193333 0.876250 0.140000 0.868750 0.162500 0.855000
6 0.210000 0.851250 0.183333 0.865000 0.132500 0.857500 0.152500 0.845000
6 0.486667 0.886250 0.458333 0.900000 0.337500 0.890000 0.358750 0.877500
6 0.606667 0.887500 0.576667 0.901250 0.426250 0.892500 0.448750 0.877500
6 0.576667 0.846250 0.546667 0.862500 0.403750 0.852500 0.426250 0.837500
4 0.506667 0.525000 0.478333 0.537500 0.355000 0.530000 0.375000 0.517500
6 0.381667 0.546250 0.370000 0.552500 0.266250 0.533750 0.275000 0.527500
6 0.336667 0.436250 0.305000 0.450000 0.223750 0.441250 0.247500 0.427500
6 0.171667 0.510000 0.141667 0.521250 0.102500 0.515000 0.123750 0.502500
6 0.058333 0.560000 0.023333 0.575000 0.011250 0.566250 0.038750 0.550000
6 0.408333 0.053750 0.398333 0.055000 0.297500 0.041250 0.305000 0.040000
6 0.473333 0.116250 0.460000 0.116250 0.345000 0.090000 0.355000 0.090000
6 0.478333 0.206250 0.458333 0.207500 0.343750 0.190000 0.357500 0.190000
6 0.410000 0.181250 0.395000 0.181250 0.296250 0.163750 0.307500 0.165000
6 0.410000 0.203750 0.395000 0.203750 0.295000 0.185000 0.306250 0.183750
6 0.406667 0.258750 0.393333 0.258750 0.295000 0.236250 0.305000 0.236250
4 0.406667 0.276250 0.393333 0.276250 0.295000 0.258750 0.305000 0.258750
6 0.598333 0.337500 0.563333 0.337500 0.422500 0.328750 0.448750 0.328750
6 0.475000 0.302500 0.473333 0.321250 0.345000 0.320000 0.346250 0.302500
6 0.475000 0.298750 0.460000 0.298750 0.345000 0.277500 0.356250 0.276250
6 0.538333 0.456250 0.530000 0.462500 0.383750 0.445000 0.391250 0.440000
6 0.575000 0.555000 0.566667 0.560000 0.411250 0.542500 0.418750 0.537500
6 0.618333 0.595000 0.606667 0.600000 0.442500 0.582500 0.451250 0.576250
6 0.701667 0.661250 0.693333 0.668750 0.503750 0.652500 0.510000 0.646250
6 0.910000 0.892500 0.886667 0.900000 0.662500 0.893750 0.678750 0.886250
6 0.908333 0.836250 0.893333 0.843750 0.657500 0.826250 0.668750 0.818750
6 0.855000 0.297500 0.840000 0.296250 0.630000 0.276250 0.641250 0.276250
6 0.855000 0.300000 0.853333 0.318750 0.628750 0.317500 0.630000 0.298750
6 0.685000 0.273750 0.671667 0.273750 0.503750 0.256250 0.512500 0.256250
6 0.683333 0.298750 0.681667 0.317500 0.500000 0.316250 0.501250 0.297500
6 0.043333 1.000000 0.030000 1.000000 0.018750 0.993750 0.026250 0.990000
