6 0.287500 0.695000 0.283750 0.708333 0.338333 0.693333 0.343333 0.680000
6 0.438750 0.156667 0.417500 0.166667 0.551667 0.153333 0.581667 0.143333
4 0.446250 0.175000 0.427500 0.183333 0.566667 0.171667 0.591667 0.163333
4 0.455000 0.201667 0.426250 0.203333 0.568333 0.191667 0.606667 0.191667
3 0.493750 0.293333 0.456250 0.296667 0.608333 0.278333 0.656667 0.276667
3 0.401250 0.271667 0.366250 0.271667 0.488333 0.251667 0.535000 0.253333
3 0.393750 0.290000 0.353750 0.291667 0.471667 0.275000 0.525000 0.273333
5 0.223750 0.376667 0.218750 0.393333 0.250000 0.375000 0.258333 0.358333
6 0.095000 0.368333 0.078750 0.393333 0.093333 0.383333 0.115000 0.358333
6 0.065000 0.315000 0.056250 0.343333 0.060000 0.336667 0.071667 0.308333
4 0.048750 0.306667 0.043750 0.335000 0.043333 0.331667 0.050000 0.303333
4 0.307500 0.236667 0.300000 0.246667 0.378333 0.223333 0.390000 0.213333
4 0.292500 0.246667 0.282500 0.255000 0.361667 0.230000 0.375000 0.221667
4 0.283750 0.258333 0.276250 0.268333 0.346667 0.245000 0.358333 0.235000
4 0.273750 0.263333 0.265000 0.275000 0.331667 0.251667 0.343333 0.240000
6 0.255000 0.270000 0.245000 0.276667 0.313333 0.250000 0.326667 0.243333
4 0.243750 0.273333 0.232500 0.281667 0.295000 0.258333 0.310000 0.248333
6 0.232500 0.285000 0.222500 0.293333 0.281667 0.266667 0.295000 0.260000
4 0.218750 0.288333 0.208750 0.295000 0.265000 0.268333 0.278333 0.261667
6 0.203750 0.291667 0.192500 0.296667 0.246667 0.271667 0.260000 0.265000
4 0.191250 0.296667 0.180000 0.303333 0.230000 0.280000 0.243333 0.273333
4 0.236250 0.243333 0.226250 0.251667 0.286667 0.226667 0.300000 0.218333
5 0.225000 0.250000 0.217500 0.258333 0.270000 0.231667 0.280000 0.223333
4 0.211250 0.258333 0.202500 0.263333 0.255000 0.235000 0.266667 0.230000
6 0.198750 0.263333 0.187500 0.268333 0.238333 0.241667 0.253333 0.236667
4 0.185000 0.266667 0.173750 0.273333 0.218333 0.243333 0.233333 0.236667
4 0.170000 0.271667 0.161250 0.276667 0.201667 0.250000 0.213333 0.243333
4 0.157500 0.276667 0.147500 0.283333 0.185000 0.255000 0.198333 0.248333
6 0.141250 0.283333 0.128750 0.286667 0.165000 0.258333 0.181667 0.255000
6 0.248750 0.235000 0.238750 0.245000 0.303333 0.223333 0.316667 0.213333
4 0.267500 0.233333 0.258750 0.241667 0.323333 0.215000 0.333333 0.206667
4 0.276250 0.221667 0.266250 0.231667 0.336667 0.208333 0.348333 0.198333
6 0.287500 0.215000 0.277500 0.223333 0.355000 0.200000 0.368333 0.191667
4 0.300000 0.206667 0.290000 0.215000 0.371667 0.191667 0.385000 0.183333
6 0.313750 0.205000 0.303750 0.213333 0.386667 0.185000 0.400000 0.175000
6 0.368750 0.126667 0.337500 0.128333 0.450000 0.113333 0.491667 0.113333
6 0.330000 0.130000 0.297500 0.131667 0.396667 0.116667 0.438333 0.115000
5 0.280000 0.091667 0.263750 0.091667 0.348333 0.041667 0.370000 0.040000
6 0.252500 0.105000 0.248750 0.116667 0.301667 0.103333 0.306667 0.091667
6 0.243750 0.115000 0.238750 0.128333 0.285000 0.113333 0.291667 0.100000
4 0.240000 0.131667 0.236250 0.145000 0.275000 0.126667 0.280000 0.115000
6 0.227500 0.145000 0.222500 0.156667 0.265000 0.138333 0.270000 0.126667
6 0.216250 0.158333 0.211250 0.168333 0.253333 0.148333 0.261667 0.138333
6 0.200000 0.168333 0.193750 0.178333 0.236667 0.158333 0.246667 0.148333
5 0.190000 0.180000 0.181250 0.190000 0.223333 0.165000 0.235000 0.155000
6 0.175000 0.186667 0.165000 0.195000 0.203333 0.168333 0.216667 0.160000
5 0.832500 0.716667 0.806250 0.723333 1.073333 0.711667 1.106667 0.703333
6 0.803750 0.725000 0.778750 0.725000 1.038333 0.713333 1.071667 0.713333
4 0.768750 0.730000 0.743750 0.731667 0.990000 0.720000 1.023333 0.716667
6 0.646250 0.658333 0.643750 0.673333 0.813333 0.663333 0.816667 0.650000
5 0.411250 0.628333 0.407500 0.641667 0.505000 0.626667 0.510000 0.613333
5 0.370000 0.600000 0.365000 0.613333 0.448333 0.596667 0.455000 0.583333
5 0.410000 0.566667 0.407500 0.580000 0.503333 0.570000 0.505000 0.558333
5 0.160000 0.643333 0.132500 0.653333 0.173333 0.640000 0.210000 0.630000
5 0.198750 0.628333 0.171250 0.640000 0.225000 0.626667 0.261667 0.615000
5 0.076250 0.216667 0.062500 0.218333 0.080000 0.183333 0.098333 0.181667
5 0.090000 0.216667 0.077500 0.218333 0.100000 0.186667 0.115000 0.183333
4 0.102500 0.213333 0.091250 0.213333 0.120000 0.185000 0.135000 0.183333
4 0.116250 0.211667 0.103750 0.213333 0.136667 0.183333 0.153333 0.181667
4 0.132500 0.206667 0.118750 0.211667 0.153333 0.183333 0.170000 0.180000
6 0.148750 0.206667 0.136250 0.211667 0.171667 0.183333 0.188333 0.178333
4 0.162500 0.198333 0.151250 0.205000 0.188333 0.176667 0.203333 0.170000
