6 0.175000 0.458333 0.173750 0.483333 0.213333 0.483333 0.213333 0.456667
4 0.592500 0.993333 0.581250 0.993333 0.773333 0.963333 0.790000 0.961667
4 0.590000 0.955000 0.577500 0.955000 0.770000 0.928333 0.786667 0.928333
6 0.596250 0.920000 0.582500 0.920000 0.775000 0.886667 0.795000 0.886667
16 0.880000 0.530000 0.845000 0.530000 1.126667 0.516667 1.173333 0.516667
4 0.803750 0.285000 0.770000 0.285000 1.026667 0.275000 1.071667 0.275000
4 0.066250 0.770000 0.055000 0.771667 0.071667 0.746667 0.086667 0.745000
4 0.065000 0.636667 0.052500 0.638333 0.066667 0.618333 0.083333 0.616667
4 0.063750 0.610000 0.052500 0.610000 0.068333 0.583333 0.085000 0.581667
4 0.302500 0.286667 0.278750 0.288333 0.370000 0.278333 0.403333 0.276667
6 0.380000 0.286667 0.356250 0.286667 0.475000 0.275000 0.506667 0.275000
6 0.418750 0.286667 0.390000 0.286667 0.520000 0.275000 0.558333 0.275000
4 0.451250 0.285000 0.427500 0.285000 0.570000 0.275000 0.601667 0.275000
6 0.483750 0.285000 0.453750 0.286667 0.605000 0.275000 0.645000 0.275000
14 0.811250 0.123333 0.750000 0.123333 1.000000 0.000000 1.081667 0.000000
14 0.890000 0.121667 0.830000 0.121667 1.106667 0.000000 1.186667 0.000000
14 0.967500 0.120000 0.908750 0.120000 1.211667 0.000000 1.290000 0.000000
4 0.560000 0.951667 0.545000 0.953333 0.725000 0.925000 0.745000 0.923333
4 0.288750 0.665000 0.278750 0.665000 0.371667 0.638333 0.385000 0.638333
