6 0.708750 0.053333 0.697500 0.075000 0.918333 0.066667 0.931667 0.045000
5 0.772500 0.100000 0.751250 0.120000 0.991667 0.110000 1.020000 0.086667
4 0.840000 0.190000 0.821250 0.208333 1.086667 0.196667 1.111667 0.176667
4 0.856250 0.213333 0.841250 0.231667 1.113333 0.221667 1.133333 0.201667
4 0.867500 0.225000 0.851250 0.241667 1.126667 0.231667 1.150000 0.213333
6 0.952500 0.291667 0.938750 0.305000 1.245000 0.296667 1.263333 0.281667
4 0.918750 0.411667 0.900000 0.433333 1.191667 0.423333 1.216667 0.401667
6 0.531250 0.111667 0.515000 0.130000 0.678333 0.120000 0.700000 0.101667
6 0.518750 0.098333 0.500000 0.120000 0.656667 0.108333 0.681667 0.086667
5 0.446250 0.131667 0.428750 0.151667 0.563333 0.143333 0.586667 0.120000
5 0.456250 0.143333 0.437500 0.165000 0.575000 0.155000 0.600000 0.133333
4 0.463750 0.161667 0.447500 0.183333 0.586667 0.173333 0.608333 0.151667
6 0.627500 0.351667 0.612500 0.371667 0.806667 0.361667 0.826667 0.343333
4 0.655000 0.386667 0.643750 0.406667 0.846667 0.398333 0.861667 0.376667
6 0.710000 0.451667 0.696250 0.471667 0.920000 0.465000 0.936667 0.445000
4 0.733750 0.478333 0.717500 0.500000 0.946667 0.490000 0.968333 0.470000
4 0.067500 0.048333 0.052500 0.063333 0.061667 0.053333 0.083333 0.038333
6 0.163750 0.076667 0.147500 0.091667 0.190000 0.081667 0.211667 0.068333
6 0.123750 0.131667 0.105000 0.148333 0.133333 0.138333 0.156667 0.120000
6 0.206250 0.133333 0.190000 0.150000 0.246667 0.141667 0.268333 0.125000
4 0.250000 0.266667 0.242500 0.276667 0.301667 0.256667 0.311667 0.246667
4 0.036250 0.583333 0.017500 0.601667 0.015000 0.591667 0.040000 0.571667
7 0.053750 0.595000 0.033750 0.623333 0.033333 0.608333 0.058333 0.583333
7 0.090000 0.603333 0.065000 0.630000 0.076667 0.616667 0.110000 0.590000
25 0.136250 0.533333 0.128750 0.546667 0.143333 0.520000 0.151667 0.508333
6 0.356250 0.558333 0.350000 0.568333 0.448333 0.550000 0.456667 0.541667
6 0.368750 0.548333 0.362500 0.558333 0.460000 0.538333 0.468333 0.528333
4 0.433750 0.543333 0.417500 0.558333 0.548333 0.550000 0.570000 0.533333
6 0.471250 0.586667 0.453750 0.608333 0.595000 0.596667 0.618333 0.575000
6 0.563750 0.700000 0.547500 0.718333 0.723333 0.708333 0.745000 0.691667
5 0.701250 0.758333 0.685000 0.778333 0.905000 0.770000 0.926667 0.750000
6 0.831250 0.971667 0.822500 0.983333 1.071667 0.958333 1.083333 0.946667
6 0.281250 0.825000 0.275000 0.835000 0.346667 0.815000 0.353333 0.808333
6 0.258750 0.798333 0.252500 0.805000 0.316667 0.786667 0.325000 0.778333
6 0.215000 0.935000 0.196250 0.956667 0.251667 0.945000 0.276667 0.925000
6 0.246250 0.970000 0.227500 0.995000 0.293333 0.985000 0.318333 0.960000
6 0.858750 0.013333 0.843750 0.031667 1.116667 0.023333 1.138333 0.003333
4 0.870000 0.020000 0.856250 0.035000 1.135000 0.026667 1.153333 0.011667
6 0.892500 0.043333 0.882500 0.055000 1.168333 0.045000 1.183333 0.035000
6 0.966250 0.130000 0.952500 0.145000 1.261667 0.135000 1.280000 0.120000
