6 0.196000 0.916000 0.182000 0.929000 0.176000 0.923000 0.189000 0.910000
4 0.187000 0.909000 0.175000 0.924000 0.166000 0.917000 0.178000 0.902000
6 0.169000 0.899000 0.155000 0.913000 0.148000 0.906000 0.162000 0.892000
6 0.157000 0.892000 0.146000 0.905000 0.140000 0.900000 0.152000 0.887000
5 0.151000 0.886000 0.136000 0.903000 0.129000 0.896000 0.144000 0.879000
6 0.139000 0.881000 0.127000 0.895000 0.120000 0.889000 0.132000 0.875000
5 0.130000 0.876000 0.116000 0.892000 0.108000 0.885000 0.123000 0.869000
5 0.119000 0.868000 0.106000 0.884000 0.098000 0.878000 0.111000 0.861000
4 0.106000 0.866000 0.096000 0.877000 0.089000 0.871000 0.100000 0.860000
4 0.152000 0.943000 0.139000 0.958000 0.133000 0.953000 0.147000 0.938000
5 0.143000 0.936000 0.128000 0.952000 0.121000 0.945000 0.136000 0.929000
4 0.131000 0.933000 0.119000 0.946000 0.112000 0.941000 0.124000 0.927000
4 0.123000 0.927000 0.110000 0.942000 0.103000 0.936000 0.116000 0.921000
4 0.112000 0.922000 0.100000 0.936000 0.093000 0.930000 0.105000 0.916000
6 0.101000 0.918000 0.091000 0.931000 0.084000 0.926000 0.094000 0.913000
4 0.093000 0.910000 0.082000 0.924000 0.075000 0.919000 0.085000 0.905000
6 0.084000 0.906000 0.072000 0.919000 0.066000 0.913000 0.078000 0.900000
6 0.072000 0.900000 0.062000 0.913000 0.056000 0.908000 0.066000 0.895000
5 0.062000 0.893000 0.051000 0.909000 0.044000 0.904000 0.056000 0.888000
6 0.043000 0.850000 0.038000 0.859000 0.017000 0.847000 0.022000 0.838000
4 0.021000 0.871000 0.009000 0.887000 0.000000 0.880000 0.012000 0.864000
6 0.022000 0.821000 0.010000 0.838000 0.001000 0.833000 0.013000 0.815000
4 0.972000 0.919000 0.969000 0.925000 0.950000 0.914000 0.954000 0.908000
4 0.928000 0.879000 0.925000 0.885000 0.909000 0.875000 0.912000 0.869000
4 0.981000 0.898000 0.976000 0.904000 0.961000 0.893000 0.965000 0.886000
4 0.982000 0.883000 0.978000 0.890000 0.960000 0.879000 0.964000 0.872000
4 0.949000 0.877000 0.945000 0.883000 0.929000 0.873000 0.932000 0.867000
4 0.920000 0.859000 0.916000 0.866000 0.900000 0.856000 0.904000 0.849000
4 0.956000 0.867000 0.951000 0.874000 0.934000 0.863000 0.938000 0.856000
4 0.930000 0.852000 0.925000 0.859000 0.908000 0.847000 0.913000 0.840000
4 0.818000 0.828000 0.801000 0.836000 0.797000 0.828000 0.814000 0.820000
6 0.886000 0.799000 0.870000 0.807000 0.865000 0.798000 0.881000 0.790000
6 0.825000 0.799000 0.801000 0.808000 0.798000 0.799000 0.822000 0.791000
4 0.882000 0.775000 0.863000 0.785000 0.858000 0.777000 0.877000 0.767000
6 0.918000 0.757000 0.902000 0.768000 0.898000 0.761000 0.913000 0.750000
4 0.076000 0.496000 0.074000 0.504000 0.056000 0.499000 0.059000 0.491000
4 0.194000 0.572000 0.192000 0.579000 0.174000 0.572000 0.176000 0.565000
4 0.262000 0.582000 0.259000 0.589000 0.238000 0.581000 0.241000 0.574000
4 0.749000 0.759000 0.744000 0.766000 0.728000 0.756000 0.733000 0.749000
3 0.620000 0.745000 0.615000 0.754000 0.587000 0.739000 0.592000 0.730000
4 0.666000 0.754000 0.663000 0.760000 0.644000 0.752000 0.647000 0.745000
4 0.694000 0.765000 0.690000 0.773000 0.669000 0.763000 0.672000 0.756000
6 0.673000 0.770000 0.670000 0.777000 0.653000 0.770000 0.656000 0.763000
4 0.714000 0.777000 0.711000 0.783000 0.697000 0.777000 0.700000 0.771000
4 0.703000 0.785000 0.700000 0.791000 0.684000 0.783000 0.687000 0.777000
6 0.754000 0.855000 0.738000 0.862000 0.735000 0.856000 0.751000 0.848000
4 0.744000 0.844000 0.727000 0.851000 0.724000 0.844000 0.741000 0.837000
4 0.718000 0.859000 0.702000 0.867000 0.698000 0.860000 0.714000 0.852000
3 0.679000 0.887000 0.659000 0.897000 0.655000 0.889000 0.675000 0.879000
6 0.654000 0.885000 0.639000 0.893000 0.636000 0.886000 0.651000 0.879000
3 0.578000 0.934000 0.547000 0.951000 0.543000 0.943000 0.573000 0.926000
6 0.426000 0.935000 0.418000 0.942000 0.403000 0.926000 0.411000 0.919000
6 0.447000 0.924000 0.440000 0.930000 0.428000 0.916000 0.435000 0.910000
6 0.466000 0.881000 0.452000 0.891000 0.446000 0.883000 0.461000 0.873000
4 0.758000 0.585000 0.750000 0.591000 0.737000 0.575000 0.745000 0.569000
6 0.805000 0.529000 0.800000 0.533000 0.788000 0.519000 0.793000 0.515000
6 0.820000 0.547000 0.813000 0.552000 0.803000 0.538000 0.810000 0.533000
6 0.912000 0.584000 0.906000 0.590000 0.893000 0.576000 0.899000 0.570000
3 0.293000 0.204000 0.288000 0.216000 0.258000 0.204000 0.262000 0.192000
6 0.266000 0.236000 0.263000 0.244000 0.245000 0.237000 0.248000 0.229000
5 0.384000 0.272000 0.381000 0.280000 0.359000 0.272000 0.361000 0.264000
6 0.447000 0.300000 0.443000 0.308000 0.420000 0.298000 0.423000 0.290000
6 0.502000 0.319000 0.498000 0.327000 0.477000 0.318000 0.480000 0.310000
4 0.898000 0.746000 0.890000 0.751000 0.880000 0.735000 0.889000 0.730000
6 0.180000 0.976000 0.171000 0.976000 0.171000 0.962000 0.180000 0.962000
9 0.892000 0.820000 0.859000 0.884000 0.704000 0.805000 0.736000 0.741000
