2 0.952750 0.128250 0.940750 0.141250 0.943250 0.143750 0.955250 0.131000
18 0.929250 0.138500 0.915250 0.152750 0.917750 0.155500 0.931500 0.141250
2 0.945500 0.176500 0.941750 0.190250 0.944000 0.190750 0.948000 0.177250
2 0.887000 0.043750 0.856500 0.073250 0.862000 0.079500 0.892750 0.050000
2 0.939250 0.142500 0.921000 0.160250 0.923500 0.163000 0.941750 0.145250
18 0.934000 0.139750 0.918750 0.154500 0.920500 0.156750 0.936000 0.142000
18 0.942750 0.121500 0.934000 0.130000 0.936000 0.132250 0.944500 0.123750
18 0.947500 0.121000 0.937000 0.131250 0.938750 0.133500 0.950000 0.123250
2 0.948000 0.177250 0.944500 0.190750 0.947000 0.191250 0.950750 0.178250
2 0.950750 0.177750 0.947000 0.191250 0.950000 0.192000 0.953250 0.178250
2 0.955750 0.193500 0.960000 0.180000 0.956500 0.178750 0.952250 0.192000
18 0.936000 0.141250 0.921000 0.156250 0.923500 0.158250 0.938250 0.143500
18 0.730250 0.076500 0.730250 0.101500 0.734000 0.101500 0.733500 0.076500
2 0.195000 0.094750 0.203250 0.110000 0.206500 0.108500 0.198500 0.093000
2 0.181250 0.111750 0.190250 0.124750 0.193250 0.122500 0.184500 0.109500
2 0.173000 0.120250 0.183000 0.131250 0.185000 0.129000 0.175250 0.118000
2 0.162750 0.124250 0.171500 0.134500 0.174000 0.132250 0.165250 0.122000
2 0.194500 0.099250 0.201750 0.112500 0.204250 0.111250 0.197000 0.097750
2 0.192250 0.101000 0.199500 0.114000 0.201750 0.113000 0.194500 0.099750
2 0.340000 0.153500 0.345750 0.177250 0.349250 0.176500 0.343500 0.152750
2 0.432000 0.222000 0.458500 0.227250 0.459500 0.223750 0.432500 0.218000
2 0.496500 0.225000 0.522000 0.233500 0.523000 0.230500 0.497500 0.222000
18 0.391250 0.002250 0.392250 0.019250 0.395500 0.019250 0.395000 0.002000
18 0.390750 0.020250 0.390750 0.031250 0.394500 0.031250 0.394000 0.020250
2 0.467750 0.352750 0.480250 0.369250 0.484500 0.365750 0.472000 0.350000
24 0.360500 0.527000 0.362000 0.536250 0.366750 0.535750 0.365250 0.526000
0 0.357500 0.542000 0.363750 0.597500 0.373000 0.596500 0.366250 0.541250
24 0.369000 0.603750 0.370000 0.613500 0.374500 0.613000 0.373500 0.603250
2 0.321500 0.537250 0.327250 0.642000 0.342250 0.641250 0.337000 0.536250
2 0.347500 0.785750 0.344000 0.731750 0.332500 0.732750 0.336000 0.786750
2 0.336000 0.703750 0.333000 0.673250 0.328750 0.673250 0.331500 0.704000
0 0.680250 0.825500 0.688250 0.842500 0.691250 0.841250 0.683000 0.824250
2 0.685500 0.693000 0.692750 0.717000 0.696500 0.715750 0.688750 0.692000
2 0.691250 0.684500 0.716250 0.691500 0.717750 0.688000 0.692250 0.681000
2 0.754750 0.703250 0.785500 0.710750 0.787000 0.704500 0.756500 0.697000
2 0.849500 0.724750 0.909500 0.739750 0.912000 0.729500 0.852250 0.714500
0 0.750750 0.640250 0.795000 0.652250 0.797000 0.644750 0.752750 0.632250
0 0.826250 0.661250 0.853750 0.667500 0.854750 0.662500 0.827750 0.656250
0 0.819500 0.653750 0.846000 0.660000 0.847000 0.656250 0.820500 0.650000
0 0.584000 0.609000 0.594000 0.641250 0.600000 0.639000 0.589750 0.607250
0 0.576750 0.553750 0.575750 0.571500 0.579250 0.571500 0.580250 0.553750
0 0.554250 0.503750 0.561500 0.530500 0.565750 0.529500 0.558500 0.502750
2 0.524500 0.458500 0.534500 0.471500 0.537500 0.469250 0.527250 0.456250
2 0.225250 0.324250 0.186000 0.385250 0.196000 0.391500 0.235000 0.330500
2 0.222500 0.418750 0.237750 0.395750 0.234500 0.393500 0.219500 0.416250
2 0.250750 0.371000 0.266750 0.350500 0.264250 0.348250 0.248000 0.368750
2 0.250750 0.377250 0.268750 0.354000 0.265250 0.351500 0.247500 0.375000
18 0.284500 0.057750 0.295500 0.057750 0.295500 0.055500 0.284500 0.055500
0 0.671500 0.491250 0.683000 0.491250 0.683000 0.489000 0.671500 0.489000
28 0.614750 0.772000 0.602250 0.788500 0.605750 0.790750 0.618250 0.774250
18 0.982000 0.526000 0.976250 0.546000 0.979250 0.547000 0.984500 0.527250
2 0.947500 0.130500 0.961500 0.115750 0.959500 0.113500 0.945500 0.128250
22 0.940250 0.140250 0.949000 0.132750 0.945500 0.128750 0.937000 0.136750
28 0.615750 0.777750 0.606500 0.790250 0.610000 0.793000 0.619000 0.780000
7 0.619000 0.780000 0.616750 0.783500 0.618750 0.784500 0.621000 0.781250
8 0.920000 0.724750 0.928250 0.722750 0.921500 0.688000 0.912750 0.689750
8 0.930750 0.722500 0.937000 0.721000 0.930250 0.690750 0.923500 0.692000
8 0.304750 0.100500 0.390750 0.115250 0.392250 0.107750 0.306250 0.093000
8 0.422500 0.077750 0.427750 0.077750 0.428250 0.060250 0.423500 0.060250
8 0.431500 0.079000 0.434000 0.079000 0.434000 0.064000 0.431500 0.064000
8 0.550750 0.128750 0.557000 0.126000 0.548000 0.103250 0.541750 0.106000
8 0.628750 0.147500 0.632000 0.152750 0.646000 0.144750 0.643250 0.139500
8 0.130250 0.177750 0.164750 0.199750 0.234000 0.090250 0.199500 0.068500
8 0.124000 0.014750 0.132000 0.019750 0.140750 0.007250 0.133000 0.002250
8 0.070500 0.126000 0.083500 0.135250 0.177500 0.004750 0.164500 -0.004000
28 0.890000 0.225250 0.892750 0.216750 0.890750 0.216000 0.888000 0.224500
