12 0.357000 0.078000 0.392000 0.113000 0.426000 0.079000 0.390000 0.044000
12 0.532000 0.187000 0.573000 0.154000 0.544000 0.119000 0.503000 0.151000
17 0.676000 0.090000 0.636000 0.119000 0.665000 0.157000 0.705000 0.129000
17 0.573000 0.237000 0.607000 0.207000 0.576000 0.169000 0.542000 0.197000
19 0.294000 0.210000 0.336000 0.172000 0.307000 0.139000 0.265000 0.177000
12 0.365000 0.286000 0.407000 0.253000 0.380000 0.219000 0.338000 0.252000
12 0.396000 0.329000 0.436000 0.297000 0.407000 0.262000 0.369000 0.293000
12 0.434000 0.368000 0.471000 0.336000 0.440000 0.296000 0.401000 0.329000
17 0.215000 0.347000 0.178000 0.379000 0.211000 0.417000 0.248000 0.387000
17 0.296000 0.459000 0.253000 0.489000 0.282000 0.526000 0.323000 0.495000
13 0.286000 0.773000 0.276000 0.829000 0.323000 0.837000 0.332000 0.781000
29 0.365000 0.730000 0.301000 0.790000 0.357000 0.851000 0.421000 0.789000
17 0.423000 0.845000 0.430000 0.800000 0.384000 0.794000 0.378000 0.838000
19 0.430000 0.940000 0.401000 0.902000 0.361000 0.930000 0.390000 0.970000
15 0.103000 0.773000 0.087000 0.786000 0.110000 0.815000 0.126000 0.802000
15 0.121000 0.759000 0.105000 0.772000 0.128000 0.802000 0.144000 0.789000
