9 0.660000 0.439000 0.419000 0.456000 0.406000 0.272000 0.648000 0.256000
5 0.183000 0.199000 0.174000 0.200000 0.171000 0.180000 0.181000 0.179000
4 0.144000 0.200000 0.136000 0.201000 0.134000 0.185000 0.142000 0.185000
6 0.202000 0.083000 0.194000 0.083000 0.193000 0.067000 0.201000 0.066000
4 0.190000 0.083000 0.181000 0.084000 0.179000 0.069000 0.188000 0.068000
4 0.178000 0.082000 0.169000 0.083000 0.168000 0.066000 0.177000 0.066000
4 0.157000 0.058000 0.138000 0.058000 0.138000 0.051000 0.157000 0.051000
6 0.219000 0.035000 0.211000 0.036000 0.209000 0.021000 0.217000 0.021000
4 0.214000 0.010000 0.205000 0.011000 0.203778 0.000000 0.212889 0.000000
4 0.018000 0.015000 0.010000 0.016000 0.008000 0.003000 0.017000 0.002000
5 0.569000 0.165000 0.561000 0.166000 0.557000 0.146000 0.565000 0.145000
16 0.522000 0.292000 0.510000 0.293000 0.505000 0.251000 0.517000 0.250000
5 0.488000 0.293000 0.479000 0.294000 0.477000 0.274000 0.486000 0.273000
4 0.803000 0.381000 0.783000 0.379000 0.784000 0.372000 0.803000 0.374000
5 0.752000 0.442000 0.731000 0.442000 0.731000 0.434000 0.752000 0.435000
6 0.760000 0.421000 0.759000 0.428000 0.739000 0.426000 0.739000 0.419000
4 0.661000 0.425000 0.659000 0.431000 0.642000 0.427000 0.643000 0.421000
4 0.677000 0.410000 0.676000 0.417000 0.656000 0.414000 0.658000 0.407000
4 0.686000 0.361000 0.685000 0.368000 0.666000 0.365000 0.666000 0.359000
6 0.660000 0.352000 0.640000 0.351000 0.640000 0.344000 0.660000 0.345000
5 0.660000 0.368000 0.659000 0.378000 0.630000 0.375000 0.631000 0.365000
4 0.557000 0.347000 0.556000 0.354000 0.538000 0.352000 0.538000 0.346000
6 0.543000 0.329000 0.542000 0.337000 0.521000 0.335000 0.522000 0.328000
6 0.465000 0.339000 0.464000 0.346000 0.442000 0.344000 0.443000 0.337000
5 0.366000 0.325000 0.345000 0.324000 0.345000 0.316000 0.366000 0.317000
4 0.318000 0.338000 0.296000 0.337000 0.297000 0.330000 0.318000 0.331000
6 0.254000 0.328000 0.253000 0.335000 0.233000 0.334000 0.234000 0.327000
4 0.267000 0.321000 0.246000 0.319000 0.246000 0.313000 0.267000 0.314000
6 0.197000 0.318000 0.176000 0.317000 0.176000 0.310000 0.197000 0.311000
4 0.119000 0.319000 0.100000 0.319000 0.100000 0.312000 0.119000 0.312000
4 0.072000 0.332000 0.052000 0.332000 0.052000 0.325000 0.072000 0.325000
4 0.021000 0.317000 0.000000 0.316000 0.000000 0.310000 0.021000 0.310000
6 0.978000 0.786000 0.973000 0.790000 0.962000 0.778000 0.967000 0.773000
6 0.924000 0.790000 0.919000 0.795000 0.905000 0.780000 0.910000 0.775000
4 0.909000 0.791000 0.904000 0.796000 0.889000 0.781000 0.894000 0.776000
6 0.977000 0.630000 0.975000 0.635000 0.957000 0.629000 0.959000 0.624000
6 0.981000 0.620000 0.979000 0.625000 0.961000 0.619000 0.963000 0.614000
6 0.989000 0.613000 0.986000 0.618000 0.968000 0.611000 0.970000 0.605000
6 0.995000 0.602000 0.993000 0.608000 0.974000 0.601000 0.977000 0.595000
6 1.000000 0.592000 0.998000 0.597000 0.978000 0.590000 0.981000 0.584000
4 0.901000 0.709000 0.892000 0.710000 0.891000 0.695000 0.900000 0.694000
4 0.874000 0.711000 0.866000 0.712000 0.864000 0.696000 0.873000 0.695000
6 0.846000 0.714000 0.837000 0.715000 0.835000 0.696000 0.844000 0.695000
4 0.856000 0.664000 0.847000 0.665000 0.844000 0.647000 0.853000 0.646000
4 0.893000 0.658000 0.885000 0.658000 0.884000 0.644000 0.892000 0.643000
4 0.906000 0.639000 0.898000 0.640000 0.895000 0.624000 0.903000 0.622000
4 0.879000 0.642000 0.871000 0.643000 0.869000 0.627000 0.877000 0.626000
5 0.839000 0.645000 0.830000 0.646000 0.830000 0.629000 0.838000 0.629000
6 0.813000 0.648000 0.805000 0.649000 0.803000 0.634000 0.812000 0.633000
4 0.765000 0.671000 0.756000 0.672000 0.754000 0.656000 0.762000 0.654000
4 0.701000 0.683000 0.692000 0.683000 0.692000 0.677000 0.701000 0.677000
4 0.926000 0.586000 0.919000 0.587000 0.916000 0.572000 0.924000 0.571000
4 0.913000 0.587000 0.905000 0.588000 0.904000 0.574000 0.912000 0.573000
6 0.899000 0.591000 0.890000 0.592000 0.889000 0.576000 0.898000 0.575000
4 0.873000 0.589000 0.865000 0.591000 0.863000 0.578000 0.870000 0.576000
4 0.847000 0.592000 0.839000 0.594000 0.835000 0.580000 0.843000 0.578000
6 0.895000 0.557000 0.894000 0.572000 0.885000 0.571000 0.886000 0.556000
4 0.878000 0.552000 0.877000 0.567000 0.870000 0.566000 0.871000 0.551000
4 0.865000 0.554000 0.864000 0.566000 0.857000 0.566000 0.858000 0.553000
4 0.828000 0.546000 0.827000 0.561000 0.819000 0.560000 0.821000 0.546000
4 0.813000 0.546000 0.812000 0.561000 0.805000 0.560000 0.806000 0.545000
4 0.993000 0.528000 0.992000 0.544000 0.984000 0.544000 0.985000 0.528000
4 0.980000 0.528000 0.979000 0.542000 0.972000 0.542000 0.973000 0.528000
6 0.969000 0.527000 0.966000 0.541000 0.958000 0.540000 0.961000 0.526000
4 0.954000 0.525000 0.952000 0.540000 0.945000 0.540000 0.946000 0.524000
4 0.943000 0.522000 0.941000 0.537000 0.933000 0.536000 0.934000 0.521000
4 0.928000 0.521000 0.926000 0.536000 0.919000 0.535000 0.920000 0.520000
4 0.901000 0.536000 0.892000 0.536000 0.893000 0.520000 0.901000 0.521000
4 0.876000 0.517000 0.875000 0.534000 0.867000 0.533000 0.868000 0.517000
4 0.861000 0.517000 0.860000 0.531000 0.853000 0.531000 0.853000 0.517000
6 0.692000 0.582000 0.674000 0.583000 0.674000 0.577000 0.692000 0.576000
4 0.701000 0.562000 0.696000 0.567000 0.682000 0.556000 0.687000 0.551000
4 0.737000 0.530000 0.733000 0.536000 0.720000 0.526000 0.724000 0.520000
6 0.267000 0.384000 0.266000 0.390000 0.248000 0.388000 0.249000 0.381000
4 0.340000 0.396000 0.319000 0.395000 0.319000 0.388000 0.340000 0.389000
6 0.409000 0.403000 0.383000 0.400000 0.384000 0.392000 0.409000 0.395000
4 0.580000 0.414000 0.579000 0.421000 0.560000 0.419000 0.560000 0.412000
4 0.554000 0.497000 0.545000 0.498000 0.543000 0.481000 0.552000 0.480000
6 0.549000 0.469000 0.542000 0.470000 0.541000 0.454000 0.548000 0.453000
4 0.565000 0.471000 0.558000 0.471000 0.556000 0.456000 0.563000 0.456000
4 0.651000 0.794000 0.642000 0.795000 0.640000 0.779000 0.649000 0.778000
4 0.652000 0.971000 0.643000 0.971000 0.643000 0.956000 0.652000 0.956000
3 0.559000 0.912000 0.548000 0.913000 0.546000 0.886000 0.557000 0.885000
4 0.489000 0.704000 0.469000 0.706000 0.469000 0.699000 0.489000 0.698000
4 0.485000 0.685000 0.466000 0.686000 0.465000 0.678000 0.485000 0.677000
4 0.424000 0.660000 0.405000 0.662000 0.404000 0.656000 0.423000 0.654000
4 0.423000 0.640000 0.406000 0.641000 0.406000 0.635000 0.423000 0.634000
6 0.423000 0.631000 0.404000 0.632000 0.404000 0.625000 0.422000 0.624000
4 0.419000 0.614000 0.418000 0.621000 0.399000 0.620000 0.399000 0.614000
6 0.397000 0.642000 0.378000 0.644000 0.377000 0.637000 0.396000 0.635000
4 0.393000 0.622000 0.374000 0.623000 0.374000 0.616000 0.393000 0.615000
6 0.338000 0.667000 0.318000 0.667000 0.318000 0.661000 0.338000 0.660000
4 0.336000 0.656000 0.317000 0.658000 0.316000 0.650000 0.335000 0.649000
4 0.337000 0.646000 0.317000 0.647000 0.317000 0.639000 0.337000 0.639000
4 0.337000 0.637000 0.316000 0.638000 0.316000 0.631000 0.337000 0.630000
4 0.309000 0.638000 0.291000 0.638000 0.291000 0.631000 0.309000 0.631000
4 0.308000 0.628000 0.289000 0.629000 0.288000 0.623000 0.308000 0.622000
4 0.256000 0.683000 0.238000 0.684000 0.238000 0.678000 0.255000 0.676000
4 0.247000 0.641000 0.230000 0.641000 0.230000 0.634000 0.247000 0.634000
4 0.248000 0.631000 0.233000 0.632000 0.233000 0.626000 0.248000 0.625000
6 0.246000 0.621000 0.232000 0.622000 0.232000 0.615000 0.246000 0.614000
6 0.274000 0.970000 0.254000 0.976000 0.252000 0.968000 0.272000 0.963000
5 0.239000 0.848000 0.218000 0.856000 0.215000 0.849000 0.237000 0.841000
4 0.052000 0.738000 0.044000 0.739000 0.042000 0.721000 0.051000 0.721000
6 0.080000 0.696000 0.061000 0.697000 0.061000 0.690000 0.080000 0.689000
4 0.072000 0.656000 0.054000 0.657000 0.054000 0.651000 0.072000 0.650000
4 0.040000 0.641000 0.033000 0.642000 0.031000 0.626000 0.038000 0.625000
5 0.086000 0.575000 0.070000 0.575000 0.070000 0.569000 0.086000 0.568000
