4 0.608750 0.718333 0.598750 0.720000 0.795000 0.690000 0.808333 0.688333
9 0.986250 0.103333 0.932500 0.116667 1.230000 0.055000 1.303333 0.040000
4 0.438750 0.180000 0.413750 0.186667 0.550000 0.173333 0.583333 0.168333
9 0.625000 0.823333 0.582500 0.833333 0.763333 0.768333 0.821667 0.758333
9 0.525000 0.205000 0.483750 0.215000 0.633333 0.151667 0.690000 0.141667
6 0.136250 0.285000 0.113750 0.290000 0.150000 0.278333 0.180000 0.273333
6 0.190000 0.235000 0.165000 0.238333 0.218333 0.226667 0.251667 0.223333
4 0.132500 0.246667 0.108750 0.248333 0.143333 0.235000 0.173333 0.230000
5 0.373750 0.235000 0.346250 0.238333 0.460000 0.223333 0.496667 0.221667
4 0.436250 0.220000 0.417500 0.223333 0.555000 0.211667 0.580000 0.208333
5 0.748750 0.148333 0.722500 0.151667 0.961667 0.138333 0.996667 0.135000
6 0.801250 0.220000 0.791250 0.221667 1.051667 0.196667 1.065000 0.195000
5 0.041250 0.893333 0.015000 0.898333 0.018333 0.886667 0.053333 0.881667
5 0.166250 0.805000 0.165000 0.843333 0.203333 0.843333 0.205000 0.805000
6 0.546250 0.535000 0.535000 0.536667 0.708333 0.500000 0.721667 0.498333
6 0.578750 0.736667 0.568750 0.738333 0.751667 0.698333 0.765000 0.695000
5 0.446250 0.818333 0.416250 0.821667 0.553333 0.805000 0.593333 0.801667
6 0.612500 0.956667 0.603750 0.958333 0.800000 0.923333 0.811667 0.921667
4 0.620000 0.996667 0.610000 0.998333 0.808333 0.965000 0.821667 0.961667
6 0.798750 0.966667 0.788750 0.971667 1.041667 0.945000 1.053333 0.940000
4 0.787500 0.995000 0.777500 0.996667 1.030000 0.965000 1.043333 0.961667
6 0.993750 0.698333 0.972500 0.701667 1.295000 0.688333 1.323333 0.685000
4 0.590000 0.996667 0.580000 0.998333 0.768333 0.965000 0.781667 0.963333
