4 0.280000 0.335000 0.276667 0.342500 0.185000 0.335000 0.188750 0.327500
6 0.288333 0.323750 0.286667 0.332500 0.192500 0.326250 0.193750 0.317500
4 0.260000 0.352500 0.256667 0.361250 0.170000 0.355000 0.172500 0.346250
6 0.156667 0.465000 0.146667 0.471250 0.097500 0.455000 0.105000 0.448750
4 0.083333 0.487500 0.073333 0.491250 0.046250 0.473750 0.052500 0.470000
4 0.061667 0.491250 0.051667 0.495000 0.030000 0.477500 0.037500 0.472500
6 0.041667 0.493750 0.030000 0.497500 0.015000 0.478750 0.023750 0.475000
4 0.038333 0.131250 0.023333 0.150000 0.010000 0.145000 0.021250 0.126250
6 0.058333 0.080000 0.040000 0.097500 0.022500 0.091250 0.036250 0.073750
4 0.036667 0.075000 0.018333 0.092500 0.007500 0.087500 0.020000 0.070000
4 0.038333 0.043750 0.025000 0.061250 0.010000 0.056250 0.020000 0.038750
4 0.485000 0.033750 0.471667 0.038750 0.343750 0.020000 0.353750 0.013750
4 0.465000 0.035000 0.451667 0.038750 0.331250 0.022500 0.341250 0.018750
6 0.448333 0.043750 0.435000 0.048750 0.316250 0.025000 0.326250 0.021250
4 0.426667 0.046250 0.415000 0.050000 0.302500 0.030000 0.311250 0.026250
4 0.406667 0.046250 0.395000 0.050000 0.288750 0.035000 0.298750 0.031250
6 0.371667 0.052500 0.361667 0.057500 0.261250 0.041250 0.270000 0.036250
4 0.351667 0.057500 0.340000 0.061250 0.247500 0.046250 0.256250 0.042500
6 0.333333 0.062500 0.320000 0.067500 0.231250 0.046250 0.241250 0.042500
4 0.315000 0.063750 0.303333 0.067500 0.220000 0.051250 0.228750 0.047500
4 0.300000 0.072500 0.288333 0.076250 0.206250 0.056250 0.215000 0.052500
4 0.445000 0.092500 0.413333 0.097500 0.308750 0.088750 0.332500 0.083750
4 0.485000 0.083750 0.450000 0.090000 0.335000 0.080000 0.361250 0.073750
4 0.683333 0.020000 0.680000 0.030000 0.485000 0.022500 0.487500 0.013750
4 0.755000 0.060000 0.723333 0.066250 0.540000 0.057500 0.563750 0.051250
4 0.743333 0.050000 0.710000 0.056250 0.530000 0.047500 0.555000 0.041250
6 0.735000 0.040000 0.708333 0.046250 0.528750 0.037500 0.548750 0.031250
4 0.796667 0.146250 0.771667 0.152500 0.576250 0.143750 0.595000 0.137500
6 0.641667 0.167500 0.611667 0.173750 0.457500 0.165000 0.480000 0.160000
4 0.773333 0.112500 0.745000 0.118750 0.556250 0.110000 0.577500 0.103750
6 0.758333 0.071250 0.723333 0.080000 0.540000 0.071250 0.566250 0.062500
4 0.356667 0.221250 0.355000 0.228750 0.240000 0.225000 0.241250 0.216250
4 0.611667 0.115000 0.578333 0.123750 0.431250 0.116250 0.456250 0.107500
6 0.666667 0.140000 0.633333 0.146250 0.472500 0.137500 0.497500 0.131250
6 0.663333 0.130000 0.626667 0.135000 0.467500 0.125000 0.495000 0.120000
4 0.643333 0.100000 0.610000 0.105000 0.456250 0.096250 0.481250 0.091250
4 0.638333 0.087500 0.601667 0.092500 0.450000 0.086250 0.476250 0.080000
4 0.625000 0.078750 0.595000 0.083750 0.445000 0.077500 0.467500 0.071250
6 0.618333 0.058750 0.581667 0.066250 0.433750 0.056250 0.461250 0.048750
4 0.581667 0.077500 0.551667 0.081250 0.411250 0.073750 0.433750 0.068750
4 0.588333 0.087500 0.558333 0.092500 0.417500 0.085000 0.438750 0.078750
4 0.476667 0.132500 0.445000 0.140000 0.330000 0.130000 0.353750 0.123750
4 0.676667 0.151250 0.643333 0.157500 0.480000 0.148750 0.506250 0.142500
4 0.446667 0.102500 0.415000 0.108750 0.308750 0.101250 0.332500 0.095000
4 0.620000 0.137500 0.583333 0.143750 0.435000 0.136250 0.462500 0.130000
6 0.518333 0.135000 0.483333 0.142500 0.360000 0.133750 0.386250 0.126250
4 0.491667 0.167500 0.455000 0.175000 0.340000 0.167500 0.367500 0.160000
6 0.541667 0.176250 0.510000 0.182500 0.380000 0.173750 0.403750 0.167500
6 0.548333 0.186250 0.518333 0.192500 0.387500 0.186250 0.410000 0.180000
4 0.515000 0.376250 0.480000 0.383750 0.357500 0.375000 0.383750 0.367500
6 0.988333 0.800000 0.955000 0.808750 0.713750 0.800000 0.738750 0.791250
4 0.826667 0.763750 0.818333 0.771250 0.596250 0.756250 0.602500 0.748750
6 0.791667 0.795000 0.761667 0.801250 0.568750 0.792500 0.591250 0.786250
5 0.645000 0.580000 0.611667 0.587500 0.457500 0.580000 0.481250 0.572500
6 0.648333 0.591250 0.618333 0.597500 0.461250 0.588750 0.483750 0.582500
4 0.680000 0.630000 0.646667 0.637500 0.482500 0.628750 0.507500 0.621250
4 0.698333 0.662500 0.666667 0.668750 0.497500 0.660000 0.521250 0.653750
4 0.713333 0.681250 0.683333 0.687500 0.510000 0.680000 0.533750 0.673750
4 0.720000 0.692500 0.690000 0.697500 0.515000 0.688750 0.537500 0.683750
4 0.735000 0.713750 0.701667 0.720000 0.523750 0.710000 0.548750 0.705000
4 0.743333 0.722500 0.711667 0.731250 0.531250 0.723750 0.555000 0.715000
5 0.978333 0.655000 0.940000 0.663750 0.702500 0.655000 0.732500 0.646250
5 0.948333 0.631250 0.908333 0.638750 0.678750 0.630000 0.708750 0.621250
6 0.985000 0.667500 0.946667 0.673750 0.707500 0.663750 0.736250 0.656250
6 0.988333 0.692500 0.975000 0.696250 0.725000 0.678750 0.735000 0.675000
4 0.975000 0.698750 0.963333 0.702500 0.712500 0.685000 0.721250 0.680000
4 0.353333 0.203750 0.321667 0.203750 0.241250 0.195000 0.265000 0.196250
4 0.331667 0.266250 0.328333 0.273750 0.226250 0.266250 0.228750 0.258750
4 0.276667 0.346250 0.271667 0.355000 0.177500 0.345000 0.180000 0.336250
6 0.015000 0.985000 0.013333 1.000000 0.000000 1.000000 0.000000 0.985000
4 0.710000 0.483750 0.698333 0.487500 0.516250 0.468750 0.523750 0.465000
6 0.530000 0.245000 0.518333 0.248750 0.380000 0.228750 0.388750 0.225000
