19 0.712222 0.337778 0.705556 0.378889 0.656667 0.370000 0.664444 0.330000
19 0.083333 0.553333 0.014444 0.560000 0.006667 0.483333 0.075556 0.476667
13 0.137778 0.437778 0.072222 0.443333 0.067778 0.386667 0.133333 0.381111
19 0.238889 0.596667 0.164444 0.597778 0.163333 0.530000 0.238889 0.528889
19 0.237778 0.766667 0.154444 0.766667 0.154444 0.693333 0.237778 0.693333
34 0.741111 0.445556 0.678889 0.508889 0.614444 0.445556 0.676667 0.382222
29 0.742222 0.550000 0.674444 0.630000 0.601111 0.567778 0.668889 0.487778
19 0.933333 0.552222 0.882222 0.601111 0.827778 0.545556 0.877778 0.495556
19 0.236667 0.781111 0.235556 0.848889 0.161111 0.847778 0.162222 0.781111
29 0.945556 0.762222 0.876667 0.821111 0.812222 0.745556 0.881111 0.686667
