4 0.598333 0.988750 0.593333 0.996250 0.423750 0.986250 0.428750 0.977500
5 0.633333 0.981250 0.628333 0.990000 0.446250 0.980000 0.450000 0.971250
4 0.596667 0.973750 0.591667 0.981250 0.421250 0.971250 0.423750 0.963750
6 0.648333 0.945000 0.645000 0.953750 0.467500 0.948750 0.468750 0.940000
3 0.703333 0.963750 0.698333 0.975000 0.491250 0.960000 0.496250 0.950000
6 0.790000 0.983750 0.773333 0.985000 0.577500 0.963750 0.590000 0.962500
5 0.808333 0.983750 0.795000 0.986250 0.591250 0.963750 0.601250 0.962500
5 0.835000 0.992500 0.816667 0.993750 0.608750 0.968750 0.622500 0.966250
5 0.756667 0.926250 0.745000 0.948750 0.547500 0.945000 0.556250 0.922500
6 0.746667 0.907500 0.735000 0.930000 0.538750 0.925000 0.547500 0.902500
5 0.721667 0.903750 0.713333 0.930000 0.521250 0.926250 0.527500 0.901250
4 0.706667 0.880000 0.691667 0.885000 0.510000 0.863750 0.521250 0.858750
4 0.730000 0.887500 0.711667 0.891250 0.528750 0.866250 0.541250 0.863750
5 0.750000 0.892500 0.733333 0.896250 0.542500 0.867500 0.553750 0.863750
5 0.771667 0.895000 0.753333 0.898750 0.558750 0.871250 0.571250 0.867500
6 0.833333 0.907500 0.820000 0.911250 0.607500 0.890000 0.617500 0.886250
4 0.873333 0.918750 0.858333 0.922500 0.637500 0.900000 0.648750 0.896250
4 0.845000 0.853750 0.818333 0.867500 0.607500 0.858750 0.628750 0.845000
5 0.830000 0.847500 0.800000 0.862500 0.595000 0.853750 0.617500 0.838750
5 0.783333 0.841250 0.756667 0.853750 0.562500 0.846250 0.582500 0.833750
4 0.730000 0.827500 0.703333 0.838750 0.522500 0.831250 0.542500 0.818750
4 0.760000 0.812500 0.733333 0.822500 0.545000 0.813750 0.566250 0.803750
4 0.800000 0.820000 0.775000 0.832500 0.576250 0.825000 0.595000 0.812500
4 0.840000 0.831250 0.813333 0.842500 0.603750 0.833750 0.623750 0.821250
6 0.856667 0.833750 0.831667 0.847500 0.617500 0.840000 0.636250 0.826250
6 0.903333 0.870000 0.873333 0.880000 0.650000 0.871250 0.672500 0.860000
5 0.930000 0.821250 0.916667 0.825000 0.678750 0.800000 0.687500 0.796250
4 0.891667 0.812500 0.875000 0.813750 0.653750 0.790000 0.666250 0.787500
6 0.810000 0.790000 0.796667 0.793750 0.588750 0.772500 0.598750 0.768750
6 0.795000 0.742500 0.761667 0.745000 0.570000 0.735000 0.595000 0.732500
4 0.971667 0.773750 0.968333 0.782500 0.702500 0.775000 0.705000 0.767500
6 0.978333 0.763750 0.943333 0.765000 0.707500 0.755000 0.732500 0.755000
4 0.986667 0.752500 0.955000 0.755000 0.715000 0.746250 0.738750 0.743750
4 0.996667 0.741250 0.963333 0.743750 0.721250 0.735000 0.747500 0.732500
6 1.000000 0.728750 0.970000 0.731250 0.727500 0.721250 0.750000 0.720000
4 0.886667 0.722500 0.875000 0.730000 0.641250 0.712500 0.648750 0.705000
6 0.928333 0.717500 0.918333 0.725000 0.673750 0.711250 0.681250 0.702500
5 0.905000 0.698750 0.895000 0.706250 0.650000 0.687500 0.657500 0.680000
4 0.821667 0.697500 0.788333 0.698750 0.590000 0.690000 0.615000 0.687500
5 0.945000 0.690000 0.938333 0.696250 0.686250 0.683750 0.691250 0.677500
4 0.911667 0.675000 0.903333 0.682500 0.663750 0.668750 0.670000 0.661250
6 0.946667 0.675000 0.938333 0.681250 0.690000 0.668750 0.696250 0.662500
4 0.933333 0.640000 0.923333 0.647500 0.677500 0.632500 0.683750 0.625000
6 0.961667 0.655000 0.955000 0.661250 0.702500 0.646250 0.707500 0.641250
6 0.970000 0.640000 0.961667 0.647500 0.705000 0.633750 0.712500 0.626250
4 0.978333 0.633750 0.970000 0.640000 0.711250 0.622500 0.718750 0.616250
4 0.988333 0.622500 0.980000 0.628750 0.716250 0.613750 0.722500 0.606250
4 0.991667 0.608750 0.985000 0.615000 0.721250 0.601250 0.726250 0.595000
4 0.906667 0.560000 0.868333 0.562500 0.651250 0.551250 0.678750 0.548750
5 0.923333 0.430000 0.913333 0.455000 0.672500 0.451250 0.678750 0.426250
6 0.983333 0.396250 0.968333 0.418750 0.716250 0.413750 0.726250 0.391250
4 0.960000 0.395000 0.945000 0.415000 0.700000 0.410000 0.711250 0.390000
4 0.980000 0.368750 0.965000 0.388750 0.713750 0.383750 0.725000 0.362500
4 0.933333 0.185000 0.921667 0.206250 0.683750 0.202500 0.692500 0.182500
4 0.978333 0.043750 0.968333 0.065000 0.713750 0.061250 0.721250 0.040000
5 0.603333 0.182500 0.591667 0.186250 0.435000 0.168750 0.443750 0.165000
4 0.860000 0.272500 0.850000 0.296250 0.627500 0.293750 0.635000 0.270000
4 0.671667 0.276250 0.640000 0.280000 0.478750 0.272500 0.502500 0.268750
4 0.400000 0.872500 0.385000 0.872500 0.288750 0.851250 0.300000 0.851250
4 0.053333 0.715000 0.021667 0.721250 0.013750 0.712500 0.037500 0.705000
4 0.140000 0.656250 0.111667 0.662500 0.081250 0.652500 0.102500 0.647500
6 0.145000 0.177500 0.130000 0.183750 0.085000 0.162500 0.096250 0.156250
