4 0.533750 0.965000 0.526250 0.976667 0.685000 0.963333 0.695000 0.951667
3 0.537500 0.113333 0.520000 0.113333 0.693333 0.075000 0.716667 0.075000
6 0.401250 0.218333 0.375000 0.218333 0.500000 0.208333 0.535000 0.208333
6 0.691250 0.260000 0.663750 0.260000 0.885000 0.250000 0.921667 0.250000
30 0.793750 0.241667 0.725000 0.243333 0.966667 0.226667 1.058333 0.225000
11 0.913750 0.286667 0.886250 0.288333 1.181667 0.278333 1.216667 0.276667
4 0.945000 0.286667 0.916250 0.286667 1.221667 0.276667 1.260000 0.278333
5 0.980000 0.286667 0.952500 0.286667 1.270000 0.276667 1.306667 0.276667
4 0.858750 0.286667 0.836250 0.286667 1.115000 0.275000 1.145000 0.275000
5 0.373750 0.626667 0.367500 0.638333 0.448333 0.610000 0.458333 0.596667
5 0.430000 0.613333 0.422500 0.628333 0.513333 0.595000 0.523333 0.580000
5 0.428750 0.665000 0.418750 0.678333 0.550000 0.668333 0.563333 0.656667
6 0.600000 0.606667 0.591250 0.616667 0.781667 0.608333 0.793333 0.598333
4 0.745000 0.600000 0.730000 0.616667 0.965000 0.606667 0.985000 0.590000
6 0.732500 0.591667 0.717500 0.606667 0.950000 0.598333 0.968333 0.583333
6 0.707500 0.575000 0.698750 0.586667 0.925000 0.580000 0.935000 0.568333
5 0.593750 0.798333 0.561250 0.798333 0.748333 0.786667 0.791667 0.786667
11 0.033750 0.521667 0.023750 0.538333 0.003333 0.515000 0.018333 0.498333
6 0.193750 0.703333 0.187500 0.715000 0.221667 0.695000 0.230000 0.683333
9 0.197500 0.628333 0.162500 0.693333 0.063333 0.585000 0.108333 0.520000
4 0.111250 0.946667 0.098750 0.946667 0.130000 0.918333 0.146667 0.918333
4 0.142500 0.873333 0.135000 0.873333 0.180000 0.860000 0.190000 0.860000
