6 0.437000 0.160000 0.412000 0.160000 0.412000 0.153000 0.437000 0.153000
6 0.467000 0.159000 0.445000 0.161000 0.444000 0.154000 0.467000 0.152000
6 0.450000 0.132000 0.440000 0.132000 0.440000 0.126000 0.450000 0.126000
6 0.480000 0.132000 0.460000 0.132000 0.461000 0.126000 0.480000 0.126000
6 0.509000 0.133000 0.487000 0.133000 0.487000 0.126000 0.509000 0.126000
6 0.546000 0.132000 0.526000 0.132000 0.526000 0.127000 0.546000 0.127000
6 0.587000 0.133000 0.567000 0.133000 0.567000 0.125000 0.587000 0.125000
5 0.584000 0.160000 0.563000 0.161000 0.563000 0.155000 0.584000 0.154000
4 0.549000 0.161000 0.527000 0.161000 0.527000 0.154000 0.549000 0.154000
4 0.208000 0.020000 0.199000 0.020000 0.199000 0.004000 0.208000 0.005000
4 0.174000 0.076000 0.164000 0.076000 0.165000 0.060000 0.174000 0.061000
6 0.208000 0.070000 0.201000 0.070000 0.201000 0.053000 0.208000 0.054000
6 0.175000 0.014000 0.165000 0.014000 0.165000 0.000000 0.175000 0.000000
4 0.175000 0.041000 0.174000 0.058000 0.165000 0.058000 0.166000 0.041000
6 0.336000 0.134000 0.316000 0.133000 0.316000 0.126000 0.336000 0.127000
4 0.301000 0.134000 0.279000 0.134000 0.279000 0.126000 0.301000 0.125000
4 0.287000 0.161000 0.267000 0.160000 0.267000 0.153000 0.287000 0.153000
4 0.208000 0.285000 0.200000 0.285000 0.200000 0.268000 0.208000 0.268000
4 0.175000 0.294000 0.166000 0.294000 0.165000 0.279000 0.173000 0.278000
6 0.208000 0.304000 0.199000 0.304000 0.200000 0.289000 0.208000 0.289000
6 0.209000 0.337000 0.201000 0.337000 0.200000 0.321000 0.209000 0.321000
6 0.210000 0.361000 0.201000 0.361000 0.201000 0.345000 0.210000 0.345000
4 0.175000 0.320000 0.165000 0.319000 0.165000 0.302000 0.175000 0.302000
4 0.174000 0.367000 0.165000 0.367000 0.165000 0.349000 0.174000 0.349000
6 0.176000 0.406000 0.175000 0.421000 0.166000 0.420000 0.167000 0.405000
6 0.210000 0.433000 0.199000 0.433000 0.199000 0.418000 0.210000 0.418000
4 0.176000 0.635000 0.166000 0.635000 0.167000 0.621000 0.176000 0.621000
4 0.175000 0.701000 0.165000 0.701000 0.165000 0.683000 0.175000 0.683000
4 0.134000 0.887000 0.133000 0.902000 0.124000 0.902000 0.125000 0.886000
4 0.175000 0.651000 0.166000 0.651000 0.165000 0.637000 0.174000 0.636000
9 0.216000 0.168000 0.158000 0.168000 0.158000 0.118000 0.216000 0.119000
9 0.222000 0.515000 0.149000 0.515000 0.149000 0.475000 0.222000 0.475000
9 0.770000 0.501000 0.737000 0.565000 0.662000 0.526000 0.695000 0.462000
4 0.764000 0.399000 0.755000 0.416000 0.747000 0.412000 0.756000 0.395000
6 0.649000 0.487000 0.629000 0.487000 0.629000 0.480000 0.649000 0.480000
6 0.208000 0.602000 0.200000 0.602000 0.200000 0.587000 0.208000 0.587000
6 0.999000 0.918000 0.996000 0.925000 0.978000 0.918000 0.980000 0.911000
4 1.000000 0.906588 0.986582 0.901852 0.989000 0.895000 1.000000 0.898882
4 0.996000 0.928000 0.993000 0.934000 0.972000 0.926000 0.975000 0.920000
6 0.743000 0.340000 0.742000 0.346000 0.723000 0.341000 0.724000 0.335000
4 0.106000 0.865000 0.083000 0.866000 0.083000 0.858000 0.105000 0.858000
6 0.042000 0.866000 0.026000 0.865000 0.026000 0.859000 0.042000 0.859000
6 0.984000 0.940000 0.983000 0.947000 0.964000 0.945000 0.965000 0.938000
6 0.117000 0.479000 0.116000 0.486000 0.101000 0.486000 0.101000 0.479000
6 0.692000 0.185000 0.682000 0.185000 0.682000 0.169000 0.691000 0.169000
6 0.158000 0.243000 0.139000 0.243000 0.139000 0.235000 0.158000 0.235000
6 0.427000 0.865000 0.407000 0.865000 0.407000 0.858000 0.427000 0.858000
6 0.629000 0.487000 0.613000 0.487000 0.613000 0.481000 0.628000 0.480000
6 0.047000 0.133000 0.024000 0.133000 0.024000 0.126000 0.047000 0.126000
6 0.070000 0.133000 0.049000 0.132000 0.049000 0.126000 0.070000 0.127000
6 0.208000 0.242000 0.207000 0.256000 0.200000 0.256000 0.200000 0.242000
