4 0.588750 0.086667 0.586250 0.100000 0.746667 0.090000 0.750000 0.078333
4 0.850000 0.103333 0.842500 0.123333 1.113333 0.116667 1.125000 0.098333
6 0.876250 0.183333 0.873750 0.193333 1.138333 0.186667 1.141667 0.176667
6 0.931250 0.198333 0.930000 0.210000 1.211667 0.205000 1.213333 0.193333
4 0.917500 0.156667 0.915000 0.166667 1.193333 0.160000 1.196667 0.148333
6 0.957500 0.170000 0.955000 0.181667 1.241667 0.170000 1.245000 0.158333
4 0.962500 0.208333 0.961250 0.220000 1.251667 0.211667 1.253333 0.201667
4 0.982500 0.176667 0.981250 0.185000 1.280000 0.176667 1.283333 0.168333
6 0.817500 0.233333 0.810000 0.260000 1.066667 0.255000 1.078333 0.228333
6 0.843750 0.245000 0.837500 0.270000 1.103333 0.265000 1.113333 0.240000
6 0.858750 0.246667 0.853750 0.273333 1.123333 0.268333 1.130000 0.241667
6 0.872500 0.250000 0.866250 0.275000 1.141667 0.270000 1.151667 0.245000
6 0.887500 0.253333 0.881250 0.276667 1.161667 0.270000 1.171667 0.248333
4 0.900000 0.256667 0.892500 0.281667 1.180000 0.276667 1.190000 0.253333
4 0.913750 0.263333 0.907500 0.290000 1.198333 0.286667 1.206667 0.260000
6 0.930000 0.266667 0.922500 0.291667 1.216667 0.286667 1.226667 0.261667
6 0.906250 0.346667 0.900000 0.368333 1.188333 0.363333 1.196667 0.341667
4 0.893750 0.336667 0.888750 0.363333 1.170000 0.360000 1.178333 0.333333
6 0.862500 0.333333 0.857500 0.355000 1.131667 0.350000 1.138333 0.328333
6 0.851250 0.326667 0.843750 0.351667 1.111667 0.346667 1.121667 0.320000
4 0.837500 0.320000 0.832500 0.345000 1.096667 0.341667 1.101667 0.316667
6 0.771250 0.335000 0.766250 0.356667 1.011667 0.355000 1.016667 0.331667
6 0.841250 0.358333 0.833750 0.385000 1.100000 0.380000 1.110000 0.355000
4 0.856250 0.363333 0.848750 0.388333 1.118333 0.383333 1.128333 0.358333
6 0.870000 0.366667 0.863750 0.391667 1.138333 0.388333 1.146667 0.363333
6 0.886250 0.371667 0.878750 0.396667 1.158333 0.390000 1.168333 0.366667
6 0.900000 0.373333 0.892500 0.398333 1.178333 0.393333 1.188333 0.368333
4 0.861250 0.443333 0.852500 0.468333 1.123333 0.463333 1.135000 0.436667
4 0.845000 0.440000 0.837500 0.465000 1.105000 0.461667 1.113333 0.436667
6 0.991250 0.358333 0.980000 0.385000 1.295000 0.378333 1.310000 0.351667
6 0.158750 0.621667 0.156250 0.633333 0.176667 0.625000 0.180000 0.613333
4 0.243750 0.573333 0.233750 0.600000 0.300000 0.595000 0.313333 0.568333
4 0.448750 0.595000 0.440000 0.621667 0.573333 0.616667 0.583333 0.588333
6 0.413750 0.605000 0.408750 0.616667 0.518333 0.603333 0.525000 0.591667
6 0.636250 0.673333 0.628750 0.701667 0.823333 0.696667 0.833333 0.668333
4 0.767500 0.671667 0.765000 0.683333 0.990000 0.673333 0.993333 0.663333
6 0.782500 0.613333 0.781250 0.623333 1.015000 0.618333 1.016667 0.610000
6 0.490000 0.823333 0.472500 0.835000 0.623333 0.823333 0.646667 0.810000
4 0.465000 0.826667 0.462500 0.838333 0.585000 0.830000 0.588333 0.818333
4 0.376250 0.950000 0.375000 0.960000 0.475000 0.955000 0.476667 0.945000
4 0.423750 0.810000 0.421250 0.821667 0.530000 0.815000 0.531667 0.803333
