6 0.105000 0.680000 0.089000 0.680000 0.089000 0.673000 0.105000 0.673000
4 0.113000 0.683000 0.112000 0.690000 0.095000 0.688000 0.096000 0.682000
6 0.114000 0.864000 0.110000 0.868000 0.098000 0.856000 0.102000 0.852000
6 0.095000 0.861000 0.091000 0.867000 0.079000 0.858000 0.083000 0.852000
6 0.078000 0.860000 0.074000 0.866000 0.061000 0.856000 0.065000 0.850000
6 0.066000 0.864000 0.060000 0.870000 0.047000 0.856000 0.052000 0.851000
6 0.044000 0.859000 0.039000 0.864000 0.027000 0.853000 0.032000 0.848000
6 0.030000 0.860000 0.024000 0.866000 0.010000 0.854000 0.015000 0.847000
4 0.038000 0.833000 0.037000 0.848000 0.030000 0.848000 0.030000 0.833000
4 0.050000 0.849000 0.042000 0.849000 0.042000 0.833000 0.050000 0.833000
6 0.070000 0.848000 0.063000 0.849000 0.062000 0.834000 0.069000 0.834000
6 0.083000 0.834000 0.082000 0.848000 0.074000 0.847000 0.075000 0.834000
6 0.099000 0.852000 0.092000 0.852000 0.092000 0.836000 0.099000 0.836000
6 0.123000 0.811000 0.115000 0.811000 0.115000 0.797000 0.123000 0.797000
6 0.111000 0.797000 0.110000 0.811000 0.103000 0.811000 0.103000 0.797000
4 0.099000 0.812000 0.091000 0.812000 0.090000 0.798000 0.098000 0.798000
6 0.088000 0.812000 0.080000 0.812000 0.079000 0.798000 0.087000 0.797000
6 0.075000 0.812000 0.067000 0.812000 0.067000 0.798000 0.075000 0.798000
6 0.064000 0.811000 0.056000 0.812000 0.056000 0.796000 0.064000 0.795000
4 0.052000 0.810000 0.044000 0.810000 0.045000 0.796000 0.052000 0.796000
6 0.040000 0.796000 0.039000 0.810000 0.031000 0.809000 0.032000 0.795000
6 0.045000 0.789000 0.028000 0.787000 0.028000 0.781000 0.045000 0.783000
4 0.118000 0.761000 0.110000 0.761000 0.109000 0.744000 0.117000 0.743000
4 0.106000 0.742000 0.105000 0.758000 0.097000 0.758000 0.097000 0.742000
4 0.092000 0.740000 0.091000 0.756000 0.083000 0.756000 0.084000 0.739000
5 0.366000 0.629000 0.364000 0.647000 0.356000 0.646000 0.358000 0.628000
5 0.377000 0.649000 0.374000 0.669000 0.365000 0.668000 0.368000 0.648000
4 0.364000 0.651000 0.363000 0.668000 0.354000 0.667000 0.355000 0.650000
5 0.351000 0.652000 0.350000 0.671000 0.341000 0.670000 0.342000 0.652000
5 0.362000 0.720000 0.346000 0.734000 0.340000 0.727000 0.356000 0.713000
4 0.489000 0.714000 0.487000 0.727000 0.479000 0.726000 0.481000 0.712000
6 0.455000 0.675000 0.440000 0.676000 0.439000 0.670000 0.455000 0.669000
5 0.433000 0.669000 0.432000 0.676000 0.410000 0.675000 0.410000 0.668000
5 0.429000 0.695000 0.407000 0.693000 0.407000 0.686000 0.429000 0.688000
5 0.426000 0.698000 0.424000 0.706000 0.402000 0.702000 0.403000 0.694000
6 0.452000 0.705000 0.432000 0.706000 0.431000 0.698000 0.451000 0.697000
5 0.540000 0.691000 0.517000 0.690000 0.517000 0.682000 0.540000 0.683000
6 0.531000 0.702000 0.530000 0.710000 0.511000 0.708000 0.512000 0.700000
4 0.517000 0.762000 0.514000 0.778000 0.506000 0.777000 0.509000 0.761000
6 0.484000 0.759000 0.481000 0.774000 0.474000 0.772000 0.477000 0.758000
6 0.448000 0.757000 0.447000 0.770000 0.440000 0.770000 0.442000 0.757000
4 0.438000 0.756000 0.435000 0.767000 0.429000 0.766000 0.431000 0.754000
4 0.426000 0.767000 0.419000 0.767000 0.419000 0.754000 0.425000 0.754000
6 0.320000 0.822000 0.318000 0.836000 0.311000 0.834000 0.314000 0.821000
6 0.309000 0.820000 0.308000 0.834000 0.301000 0.833000 0.302000 0.820000
4 0.296000 0.832000 0.289000 0.832000 0.289000 0.818000 0.296000 0.818000
4 0.286000 0.818000 0.285000 0.833000 0.278000 0.833000 0.278000 0.818000
6 0.261000 0.832000 0.254000 0.831000 0.254000 0.817000 0.261000 0.817000
4 0.249000 0.830000 0.242000 0.830000 0.242000 0.816000 0.249000 0.816000
6 0.238000 0.830000 0.231000 0.830000 0.231000 0.816000 0.238000 0.816000
6 0.228000 0.829000 0.221000 0.829000 0.221000 0.815000 0.228000 0.815000
4 0.217000 0.829000 0.209000 0.829000 0.209000 0.814000 0.217000 0.814000
6 0.407000 0.906000 0.406000 0.912000 0.388000 0.911000 0.389000 0.904000
6 0.287000 0.971000 0.268000 0.970000 0.268000 0.963000 0.287000 0.964000
6 0.318000 0.965000 0.317000 0.972000 0.296000 0.972000 0.296000 0.964000
4 0.316000 0.976000 0.315000 0.983000 0.300000 0.982000 0.300000 0.976000
6 0.319000 0.993000 0.299000 0.993000 0.299000 0.985000 0.319000 0.985000
6 0.316000 1.002000 0.298000 0.999000 0.299000 0.993000 0.317000 0.996000
6 0.296000 0.991000 0.293000 0.998000 0.276000 0.991000 0.278000 0.984000
6 0.258000 0.990000 0.257286 1.000000 0.249286 1.000000 0.250041 0.989432
6 0.249000 0.981000 0.247000 0.996000 0.239000 0.995000 0.241000 0.980000
6 0.911000 0.993000 0.892000 0.993000 0.892000 0.986000 0.911000 0.986000
4 0.913000 0.975000 0.912000 0.981000 0.897000 0.979000 0.898000 0.973000
4 0.913000 0.972000 0.894000 0.969000 0.894000 0.963000 0.913000 0.966000
6 0.919000 0.955000 0.918000 0.962000 0.900000 0.960000 0.901000 0.954000
4 0.922000 0.943000 0.921000 0.950000 0.900000 0.947000 0.901000 0.940000
6 0.704000 0.975000 0.696000 0.976000 0.695000 0.960000 0.703000 0.960000
4 0.670000 0.975000 0.662000 0.975000 0.662000 0.959000 0.670000 0.959000
5 0.660000 0.956000 0.659000 0.976000 0.650000 0.976000 0.650000 0.956000
4 0.715000 0.871000 0.714000 0.878000 0.696000 0.875000 0.697000 0.868000
6 0.719000 0.863000 0.718000 0.868000 0.701000 0.866000 0.702000 0.860000
6 0.995940 0.768191 0.989000 0.766000 0.995060 0.746809 1.002000 0.749000
6 0.695000 0.584000 0.694000 0.600000 0.686000 0.599000 0.687000 0.584000
4 0.874000 0.521000 0.866000 0.521000 0.866000 0.505000 0.874000 0.505000
4 0.728000 0.465000 0.709000 0.464000 0.710000 0.458000 0.728000 0.459000
6 0.747000 0.393000 0.746000 0.401000 0.726000 0.398000 0.727000 0.390000
6 0.863000 0.302000 0.862000 0.317000 0.854000 0.317000 0.855000 0.301000
4 0.812000 0.148000 0.804000 0.148000 0.804000 0.132000 0.811000 0.132000
6 0.566000 0.517000 0.565000 0.524000 0.546000 0.522000 0.547000 0.515000
6 0.330000 0.566000 0.322000 0.566000 0.323000 0.551000 0.330000 0.551000
6 0.267000 0.452000 0.266000 0.459000 0.249000 0.457000 0.250000 0.450000
5 0.271000 0.357000 0.248000 0.356000 0.249000 0.349000 0.271000 0.350000
6 0.396000 0.284000 0.389000 0.283000 0.389000 0.270000 0.396000 0.270000
6 0.382000 0.281000 0.375000 0.281000 0.375000 0.266000 0.381000 0.266000
4 0.367000 0.268000 0.363000 0.285000 0.355000 0.284000 0.358000 0.267000
5 0.498000 0.021000 0.496000 0.037000 0.489000 0.037000 0.490000 0.020000
4 0.626000 0.227000 0.605000 0.225000 0.606000 0.218000 0.626000 0.220000
6 0.628000 0.283000 0.626000 0.297000 0.617000 0.296000 0.620000 0.281000
5 0.601000 0.424000 0.598000 0.444000 0.590000 0.442000 0.593000 0.423000
4 0.574000 0.728000 0.573000 0.742000 0.566000 0.742000 0.567000 0.728000
4 0.563000 0.780000 0.561000 0.794000 0.554000 0.793000 0.556000 0.779000
4 0.553000 0.840000 0.552000 0.854000 0.545000 0.854000 0.546000 0.839000
4 0.539000 0.916000 0.538000 0.932000 0.530000 0.931000 0.531000 0.915000
6 0.532000 0.954000 0.530000 0.966000 0.525000 0.966000 0.526000 0.954000
6 0.780000 0.646000 0.779000 0.652000 0.763000 0.651000 0.763000 0.645000
6 0.747000 0.651000 0.726000 0.650000 0.726000 0.644000 0.747000 0.644000
9 0.598000 0.604000 0.592000 0.644000 0.554000 0.639000 0.561000 0.598000
5 0.524000 0.619000 0.523000 0.626000 0.500000 0.623000 0.501000 0.616000
6 0.511000 0.598000 0.510000 0.604000 0.494000 0.602000 0.495000 0.596000
6 0.488000 0.601000 0.471000 0.601000 0.472000 0.595000 0.488000 0.595000
4 0.474000 0.629000 0.456000 0.627000 0.456000 0.620000 0.474000 0.622000
4 0.452000 0.621000 0.451000 0.628000 0.431000 0.626000 0.431000 0.619000
6 0.295000 0.584000 0.275000 0.581000 0.276000 0.574000 0.295000 0.576000
4 0.105000 0.593000 0.089000 0.592000 0.089000 0.586000 0.105000 0.587000
6 0.119000 0.560000 0.118000 0.567000 0.100000 0.565000 0.101000 0.558000
6 0.093000 0.565000 0.076000 0.564000 0.077000 0.558000 0.093000 0.559000
6 0.219000 0.060000 0.218000 0.075000 0.209000 0.074000 0.210000 0.059000
6 0.221000 0.097000 0.219000 0.120000 0.208000 0.119000 0.211000 0.095000
4 0.216000 0.128000 0.214000 0.144000 0.206000 0.143000 0.208000 0.127000
6 0.181000 0.158000 0.163000 0.158000 0.163000 0.151000 0.181000 0.152000
6 0.153000 0.158000 0.134000 0.158000 0.133000 0.151000 0.152000 0.151000
4 0.205000 0.238000 0.198000 0.238000 0.198000 0.224000 0.205000 0.225000
6 0.186000 0.421000 0.177000 0.421000 0.178000 0.405000 0.186000 0.405000
9 0.204000 0.564000 0.201000 0.605000 0.154000 0.602000 0.157000 0.561000
5 0.165000 0.643000 0.164000 0.663000 0.155000 0.663000 0.156000 0.643000
4 0.160000 0.705000 0.158000 0.720000 0.150000 0.719000 0.151000 0.704000
4 0.180000 0.778000 0.179000 0.794000 0.171000 0.794000 0.172000 0.777000
4 0.170000 0.862000 0.163000 0.862000 0.162000 0.847000 0.169000 0.847000
4 0.195000 0.876000 0.194000 0.893000 0.185000 0.893000 0.186000 0.876000
6 0.204000 0.894000 0.197000 0.894000 0.196000 0.877000 0.204000 0.877000
6 0.216000 0.892000 0.208000 0.893000 0.207000 0.878000 0.215000 0.878000
6 0.227000 0.902000 0.207000 0.904000 0.207000 0.897000 0.227000 0.895000
5 0.202000 0.872000 0.195000 0.872000 0.195000 0.856000 0.202000 0.856000
5 0.214000 0.872000 0.206000 0.872000 0.206000 0.855000 0.214000 0.855000
4 0.223000 0.872000 0.216000 0.872000 0.216000 0.856000 0.223000 0.856000
4 0.236000 0.857000 0.235000 0.872000 0.226000 0.872000 0.227000 0.857000
4 0.247000 0.858000 0.246000 0.873000 0.238000 0.872000 0.239000 0.858000
4 0.259000 0.873000 0.251000 0.873000 0.251000 0.858000 0.259000 0.858000
6 0.271000 0.873000 0.264000 0.873000 0.264000 0.859000 0.271000 0.859000
4 0.283000 0.859000 0.282000 0.874000 0.274000 0.873000 0.275000 0.859000
4 0.295000 0.875000 0.287000 0.875000 0.287000 0.859000 0.294000 0.859000
4 0.305000 0.876000 0.297000 0.876000 0.298000 0.860000 0.305000 0.860000
6 0.316000 0.860000 0.315000 0.875000 0.308000 0.875000 0.308000 0.860000
6 0.244000 0.920000 0.228000 0.921000 0.227000 0.913000 0.244000 0.912000
11 0.246000 0.931000 0.243000 0.938000 0.225000 0.929000 0.229000 0.922000
4 0.214000 0.960000 0.213000 0.967000 0.193000 0.966000 0.193000 0.960000
6 0.237000 0.962000 0.236000 0.969000 0.218000 0.968000 0.218000 0.961000
3 0.238000 0.946000 0.234000 0.952000 0.213000 0.939000 0.217000 0.933000
4 0.137000 0.931000 0.136000 0.949000 0.127000 0.948000 0.128000 0.930000
6 0.133000 0.970000 0.125000 0.970000 0.125000 0.955000 0.132000 0.955000
4 0.132000 0.980000 0.131000 0.998000 0.122000 0.997000 0.123000 0.980000
