9 0.418333 0.076250 0.341667 0.077500 0.255000 0.026250 0.313750 0.025000
4 0.586667 0.068750 0.546667 0.070000 0.410000 0.060000 0.440000 0.060000
4 0.026667 0.731250 0.008333 0.731250 0.006250 0.708750 0.018750 0.708750
4 0.026667 0.710000 0.005000 0.710000 0.003750 0.682500 0.020000 0.683750
4 0.361667 0.293750 0.338333 0.296250 0.250000 0.271250 0.267500 0.268750
4 0.273333 0.160000 0.271667 0.175000 0.171250 0.175000 0.172500 0.158750
6 0.408333 0.311250 0.391667 0.311250 0.293750 0.287500 0.306250 0.287500
4 0.525000 0.376250 0.488333 0.378750 0.365000 0.367500 0.392500 0.365000
4 0.655000 0.707500 0.636667 0.708750 0.476250 0.685000 0.490000 0.683750
6 0.573333 0.786250 0.531667 0.787500 0.397500 0.777500 0.430000 0.776250
6 0.761667 0.781250 0.760000 0.788750 0.548750 0.787500 0.548750 0.778750
4 0.853333 0.808750 0.836667 0.808750 0.626250 0.782500 0.638750 0.782500
9 0.446667 0.780000 0.190000 0.786250 0.141250 0.751250 0.333750 0.745000
3 0.055000 0.950000 0.016667 0.952500 0.012500 0.945000 0.040000 0.942500
5 0.983333 0.930000 0.941667 0.931250 0.706250 0.922500 0.737500 0.921250
5 0.745000 0.916250 0.743333 0.927500 0.527500 0.925000 0.528750 0.915000
