4 0.856250 0.743333 0.836250 0.766667 1.106667 0.755000 1.131667 0.733333
4 0.857500 0.765000 0.842500 0.781667 1.115000 0.771667 1.135000 0.755000
6 0.863750 0.786667 0.843750 0.806667 1.115000 0.795000 1.141667 0.773333
4 0.830000 0.511667 0.811250 0.533333 1.071667 0.521667 1.095000 0.500000
4 0.751250 0.725000 0.737500 0.726667 0.980000 0.696667 0.996667 0.695000
3 0.733750 0.698333 0.712500 0.703333 0.943333 0.646667 0.971667 0.643333
4 0.800000 0.350000 0.772500 0.351667 1.030000 0.340000 1.066667 0.338333
4 0.858750 0.320000 0.833750 0.321667 1.111667 0.308333 1.143333 0.306667
9 0.722500 0.375000 0.643750 0.391667 0.845000 0.313333 0.951667 0.296667
4 0.593750 0.093333 0.568750 0.098333 0.756667 0.086667 0.790000 0.081667
5 0.627500 0.173333 0.596250 0.178333 0.793333 0.165000 0.835000 0.160000
6 0.955000 0.070000 0.922500 0.075000 1.228333 0.060000 1.271667 0.055000
5 0.257500 0.045000 0.216250 0.048333 0.288333 0.031667 0.341667 0.028333
5 0.162500 0.120000 0.150000 0.123333 0.196667 0.096667 0.213333 0.095000
6 0.175000 0.208333 0.163750 0.210000 0.213333 0.183333 0.230000 0.180000
6 0.427500 0.350000 0.415000 0.353333 0.548333 0.326667 0.565000 0.323333
4 0.107500 0.068333 0.080000 0.070000 0.105000 0.056667 0.143333 0.053333
6 0.098750 0.625000 0.071250 0.626667 0.093333 0.613333 0.130000 0.611667
5 0.101250 0.606667 0.068750 0.608333 0.091667 0.593333 0.135000 0.591667
5 0.125000 0.590000 0.120000 0.603333 0.131667 0.588333 0.136667 0.575000
4 0.172500 0.596667 0.142500 0.600000 0.188333 0.585000 0.230000 0.581667
4 0.317500 0.463333 0.305000 0.465000 0.405000 0.436667 0.423333 0.435000
9 0.230000 0.451667 0.142500 0.468333 0.175000 0.376667 0.293333 0.358333
4 0.307500 0.701667 0.281250 0.705000 0.373333 0.691667 0.410000 0.688333
6 0.717500 0.871667 0.691250 0.873333 0.920000 0.861667 0.955000 0.860000
6 0.690000 0.875000 0.666250 0.876667 0.886667 0.866667 0.918333 0.863333
6 0.665000 0.721667 0.638750 0.723333 0.850000 0.711667 0.885000 0.710000
6 0.631250 0.725000 0.598750 0.728333 0.798333 0.713333 0.840000 0.711667
6 0.621250 0.663333 0.593750 0.666667 0.790000 0.655000 0.826667 0.651667
6 0.476250 0.453333 0.462500 0.455000 0.613333 0.425000 0.631667 0.423333
