7 0.653000 0.255000 0.667000 0.273000 0.674000 0.267000 0.661000 0.250000
7 0.691000 0.293000 0.677000 0.271000 0.671000 0.275000 0.684000 0.297000
7 0.715000 0.337000 0.704000 0.322000 0.698000 0.326000 0.709000 0.341000
7 0.738000 0.375000 0.747000 0.390000 0.753000 0.387000 0.743000 0.372000
7 0.755000 0.408000 0.765000 0.432000 0.775000 0.428000 0.765000 0.404000
7 0.732000 0.388000 0.746000 0.409000 0.755000 0.403000 0.741000 0.383000
2 0.810000 0.502000 0.835000 0.543000 0.846000 0.536000 0.822000 0.495000
2 0.810000 0.523000 0.827000 0.555000 0.836000 0.550000 0.818000 0.518000
2 0.729000 0.822000 0.686000 0.761000 0.672000 0.771000 0.715000 0.832000
2 0.772000 0.721000 0.820000 0.772000 0.832000 0.762000 0.784000 0.711000
18 0.696000 0.919000 0.723000 0.964000 0.734000 0.957000 0.707000 0.912000
8 0.347000 0.493000 0.356000 0.484000 0.236000 0.356000 0.228000 0.364000
8 0.804000 0.655000 0.860000 0.629000 0.842000 0.589000 0.786000 0.616000
8 0.205000 0.018000 0.201000 0.009000 0.221000 0.000000 0.225000 0.007000
9 0.160000 0.906000 0.192000 0.890000 0.218000 0.945000 0.186000 0.961000
