6 0.906250 0.298333 0.895000 0.305000 1.181667 0.278333 1.198333 0.271667
4 0.885000 0.290000 0.868750 0.311667 1.148333 0.300000 1.170000 0.280000
4 0.863750 0.318333 0.862500 0.348333 1.133333 0.346667 1.136667 0.316667
4 0.986250 0.060000 0.976250 0.065000 1.288333 0.038333 1.301667 0.031667
5 0.922500 0.716667 0.895000 0.730000 1.188333 0.716667 1.223333 0.703333
4 0.811250 0.645000 0.790000 0.661667 1.045000 0.648333 1.073333 0.631667
4 0.771250 0.760000 0.760000 0.766667 1.000000 0.733333 1.013333 0.728333
4 0.757500 0.560000 0.735000 0.568333 0.976667 0.556667 1.006667 0.546667
4 0.747500 0.531667 0.723750 0.541667 0.960000 0.530000 0.993333 0.520000
6 0.737500 0.505000 0.716250 0.513333 0.951667 0.498333 0.980000 0.491667
4 0.576250 0.396667 0.553750 0.411667 0.733333 0.400000 0.763333 0.385000
6 0.555000 0.368333 0.532500 0.385000 0.703333 0.371667 0.731667 0.355000
4 0.600000 0.280000 0.590000 0.286667 0.773333 0.263333 0.786667 0.256667
6 0.400000 0.295000 0.390000 0.301667 0.506667 0.273333 0.520000 0.266667
4 0.440000 0.576667 0.411250 0.593333 0.541667 0.576667 0.580000 0.560000
5 0.450000 0.593333 0.420000 0.608333 0.553333 0.593333 0.593333 0.576667
6 0.337500 0.593333 0.326250 0.601667 0.420000 0.575000 0.435000 0.566667
4 0.355000 0.705000 0.345000 0.713333 0.441667 0.686667 0.455000 0.678333
4 0.455000 0.803333 0.432500 0.818333 0.571667 0.806667 0.601667 0.791667
4 0.303750 0.943333 0.297500 0.956667 0.368333 0.940000 0.375000 0.926667
6 0.286250 0.951667 0.281250 0.963333 0.350000 0.948333 0.358333 0.936667
5 0.187500 0.748333 0.175000 0.755000 0.216667 0.723333 0.233333 0.715000
4 0.150000 0.768333 0.138750 0.776667 0.168333 0.746667 0.183333 0.738333
4 0.135000 0.775000 0.123750 0.783333 0.148333 0.751667 0.163333 0.743333
4 0.096250 0.416667 0.085000 0.425000 0.095000 0.391667 0.110000 0.383333
4 0.025000 0.403333 0.000000 0.405000 0.000000 0.391667 0.031667 0.390000
4 0.021250 0.425000 0.000000 0.440000 0.000000 0.421667 0.021667 0.411667
9 0.106250 0.350000 0.065000 0.385000 0.043333 0.315000 0.096667 0.280000
4 0.732500 0.108333 0.723750 0.116667 0.946667 0.090000 0.960000 0.081667
4 0.706250 0.115000 0.697500 0.123333 0.911667 0.095000 0.923333 0.086667
