4 0.233750 0.588333 0.211250 0.586667 0.281667 0.571667 0.311667 0.571667
4 0.202500 0.613333 0.173750 0.613333 0.231667 0.598333 0.270000 0.598333
4 0.236250 0.615000 0.208750 0.613333 0.278333 0.600000 0.315000 0.600000
4 0.245000 0.658333 0.233750 0.661667 0.305000 0.628333 0.318333 0.625000
6 0.310000 0.756667 0.281250 0.756667 0.375000 0.746667 0.413333 0.746667
4 0.226250 0.660000 0.215000 0.660000 0.285000 0.631667 0.300000 0.631667
6 0.125000 0.730000 0.113750 0.731667 0.150000 0.705000 0.165000 0.703333
4 0.096250 0.726667 0.085000 0.728333 0.110000 0.705000 0.125000 0.703333
4 0.083750 0.731667 0.072500 0.733333 0.095000 0.703333 0.110000 0.703333
6 0.051250 0.730000 0.040000 0.730000 0.053333 0.706667 0.066667 0.706667
4 0.098750 0.558333 0.097500 0.568333 0.103333 0.568333 0.103333 0.558333
6 0.301250 0.806667 0.277500 0.806667 0.370000 0.796667 0.401667 0.796667
4 0.400000 0.993333 0.383750 0.993333 0.511667 0.983333 0.533333 0.983333
4 0.290000 0.016667 0.288750 0.031667 0.356667 0.028333 0.358333 0.015000
4 0.375000 0.025000 0.373750 0.036667 0.473333 0.031667 0.475000 0.021667
4 0.493750 0.230000 0.483750 0.230000 0.645000 0.213333 0.658333 0.213333
4 0.880000 0.408333 0.878750 0.421667 1.138333 0.416667 1.140000 0.405000
4 0.987500 0.441667 0.966250 0.441667 1.290000 0.431667 1.316667 0.431667
4 0.501250 0.393333 0.500000 0.421667 0.650000 0.420000 0.651667 0.391667
3 0.471250 0.488333 0.453750 0.488333 0.603333 0.423333 0.626667 0.423333
4 0.503750 0.511667 0.492500 0.511667 0.656667 0.486667 0.671667 0.485000
6 0.508750 0.535000 0.507500 0.573333 0.655000 0.573333 0.656667 0.535000
4 0.513750 0.803333 0.502500 0.805000 0.666667 0.778333 0.681667 0.776667
6 0.510000 0.750000 0.500000 0.750000 0.666667 0.725000 0.680000 0.725000
11 0.520000 0.953333 0.506250 0.963333 0.646667 0.913333 0.663333 0.903333
6 0.936250 0.685000 0.925000 0.686667 1.230000 0.663333 1.243333 0.661667
5 0.741250 0.685000 0.728750 0.685000 0.971667 0.660000 0.988333 0.660000
4 0.776250 0.693333 0.766250 0.693333 1.021667 0.666667 1.035000 0.666667
6 0.857500 0.731667 0.856250 0.758333 1.126667 0.758333 1.126667 0.731667
4 0.778750 0.793333 0.768750 0.795000 1.023333 0.770000 1.036667 0.768333
4 0.776250 0.758333 0.766250 0.758333 1.020000 0.735000 1.035000 0.735000
4 0.752500 0.760000 0.737500 0.760000 0.983333 0.731667 1.001667 0.731667
4 0.902500 0.785000 0.890000 0.783333 1.188333 0.760000 1.203333 0.760000
5 0.941250 0.975000 0.907500 0.975000 1.210000 0.963333 1.255000 0.961667
4 0.991250 0.973333 0.965000 0.973333 1.286667 0.960000 1.321667 0.960000
4 0.902500 0.973333 0.880000 0.973333 1.173333 0.965000 1.203333 0.963333
4 0.692500 0.636667 0.670000 0.640000 0.893333 0.628333 0.921667 0.626667
4 0.690000 0.653333 0.667500 0.655000 0.890000 0.641667 0.920000 0.641667
4 0.690000 0.668333 0.662500 0.668333 0.883333 0.655000 0.920000 0.655000
4 0.691250 0.681667 0.665000 0.683333 0.886667 0.671667 0.921667 0.670000
6 0.697500 0.780000 0.675000 0.780000 0.900000 0.768333 0.930000 0.766667
4 0.678750 0.555000 0.655000 0.555000 0.873333 0.540000 0.905000 0.540000
5 0.516250 0.861667 0.505000 0.863333 0.670000 0.836667 0.685000 0.835000
6 0.515000 0.905000 0.503750 0.905000 0.671667 0.875000 0.686667 0.875000
6 0.688750 0.816667 0.665000 0.820000 0.885000 0.808333 0.918333 0.803333
