23 0.175000 0.208000 0.070000 0.057000 0.048000 0.073000 0.153000 0.224000
23 0.251000 0.371000 0.202000 0.284000 0.182000 0.296000 0.232000 0.384000
23 0.278000 0.371000 0.218000 0.262000 0.197000 0.273000 0.257000 0.382000
23 0.480000 0.834000 0.451000 0.788000 0.438000 0.795000 0.468000 0.841000
23 0.513000 0.836000 0.467000 0.766000 0.453000 0.774000 0.502000 0.844000
23 0.528000 0.828000 0.483000 0.760000 0.469000 0.769000 0.513000 0.837000
23 0.491000 0.828000 0.461000 0.784000 0.452000 0.790000 0.482000 0.834000
23 0.572000 0.888000 0.543000 0.842000 0.528000 0.850000 0.558000 0.896000
15 0.732000 0.719000 0.761000 0.703000 0.784000 0.744000 0.755000 0.760000
15 0.429000 0.204000 0.416000 0.178000 0.467000 0.156000 0.478000 0.182000
15 0.445000 0.231000 0.433000 0.206000 0.483000 0.184000 0.493000 0.210000
