19 0.024000 -0.012000 -0.011000 0.010000 0.008000 0.042000 0.044000 0.021000
19 0.092000 0.188000 0.099000 0.161000 0.074000 0.155000 0.067000 0.181000
12 0.155000 0.247000 0.206000 0.221000 0.183000 0.177000 0.133000 0.203000
12 0.108000 0.387000 0.055000 0.373000 0.042000 0.421000 0.095000 0.435000
12 0.146000 0.373000 0.121000 0.324000 0.078000 0.346000 0.102000 0.395000
12 0.121000 0.434000 0.068000 0.447000 0.080000 0.497000 0.133000 0.484000
12 0.162000 0.496000 0.115000 0.522000 0.139000 0.565000 0.186000 0.540000
19 0.278000 0.318000 0.243000 0.252000 0.187000 0.281000 0.222000 0.348000
19 0.364000 0.660000 0.300000 0.694000 0.329000 0.749000 0.394000 0.715000
19 0.402000 0.780000 0.329000 0.765000 0.316000 0.828000 0.389000 0.843000
34 0.372000 0.825000 0.291000 0.853000 0.317000 0.929000 0.398000 0.901000
35 0.431000 0.925000 0.400000 1.006000 0.478000 1.035000 0.508000 0.954000
