9 0.528333 0.143750 0.326667 0.218750 0.188750 0.107500 0.340000 0.032500
6 0.350000 0.525000 0.328333 0.540000 0.240000 0.532500 0.257500 0.518750
4 0.368333 0.530000 0.345000 0.543750 0.252500 0.536250 0.270000 0.522500
4 0.388333 0.530000 0.365000 0.545000 0.267500 0.538750 0.285000 0.522500
4 0.403333 0.535000 0.381667 0.548750 0.280000 0.542500 0.296250 0.527500
4 0.446667 0.538750 0.423333 0.553750 0.311250 0.547500 0.328750 0.531250
4 0.463333 0.543750 0.440000 0.557500 0.323750 0.550000 0.341250 0.536250
6 0.485000 0.545000 0.461667 0.558750 0.340000 0.551250 0.357500 0.537500
6 0.498333 0.552500 0.476667 0.563750 0.352500 0.557500 0.367500 0.545000
6 0.518333 0.552500 0.498333 0.566250 0.368750 0.560000 0.383750 0.546250
6 0.535000 0.556250 0.515000 0.572500 0.378750 0.566250 0.395000 0.550000
6 0.556667 0.560000 0.533333 0.573750 0.395000 0.567500 0.411250 0.552500
6 0.578333 0.561250 0.556667 0.576250 0.411250 0.568750 0.428750 0.553750
6 0.596667 0.566250 0.575000 0.578750 0.426250 0.571250 0.442500 0.560000
6 0.160000 0.548750 0.150000 0.551250 0.106250 0.535000 0.113750 0.531250
6 0.200000 0.560000 0.185000 0.563750 0.130000 0.538750 0.142500 0.535000
6 0.275000 0.573750 0.261667 0.577500 0.188750 0.555000 0.198750 0.551250
4 0.295000 0.575000 0.281667 0.577500 0.203750 0.557500 0.213750 0.553750
6 0.315000 0.578750 0.300000 0.582500 0.218750 0.561250 0.230000 0.557500
6 0.333333 0.580000 0.320000 0.583750 0.233750 0.565000 0.243750 0.561250
6 0.351667 0.585000 0.340000 0.587500 0.248750 0.571250 0.257500 0.567500
6 0.368333 0.582500 0.355000 0.585000 0.261250 0.570000 0.270000 0.566250
4 0.390000 0.591250 0.376667 0.593750 0.277500 0.573750 0.286250 0.571250
6 0.405000 0.590000 0.393333 0.593750 0.288750 0.576250 0.297500 0.572500
6 0.425000 0.595000 0.411667 0.597500 0.303750 0.576250 0.313750 0.573750
6 0.443333 0.600000 0.431667 0.601250 0.320000 0.582500 0.328750 0.581250
6 0.465000 0.603750 0.451667 0.606250 0.333750 0.588750 0.342500 0.586250
6 0.481667 0.606250 0.470000 0.608750 0.347500 0.588750 0.357500 0.587500
6 0.501667 0.610000 0.488333 0.613750 0.361250 0.592500 0.371250 0.590000
4 0.523333 0.615000 0.510000 0.618750 0.376250 0.597500 0.385000 0.593750
4 0.560000 0.622500 0.548333 0.625000 0.406250 0.605000 0.415000 0.602500
4 0.578333 0.621250 0.565000 0.625000 0.418750 0.605000 0.428750 0.602500
6 0.171667 0.576250 0.160000 0.580000 0.113750 0.560000 0.122500 0.557500
6 0.188333 0.580000 0.178333 0.582500 0.127500 0.563750 0.135000 0.561250
6 0.208333 0.583750 0.195000 0.586250 0.140000 0.563750 0.151250 0.561250
6 0.230000 0.586250 0.216667 0.590000 0.153750 0.566250 0.163750 0.563750
6 0.246667 0.588750 0.233333 0.592500 0.168750 0.572500 0.178750 0.568750
4 0.268333 0.600000 0.255000 0.602500 0.186250 0.582500 0.195000 0.580000
4 0.305000 0.598750 0.291667 0.602500 0.212500 0.582500 0.221250 0.580000
4 0.321667 0.601250 0.308333 0.603750 0.226250 0.583750 0.236250 0.581250
6 0.338333 0.600000 0.326667 0.602500 0.241250 0.583750 0.251250 0.581250
6 0.360000 0.613750 0.350000 0.616250 0.256250 0.596250 0.263750 0.593750
6 0.378333 0.612500 0.366667 0.613750 0.270000 0.596250 0.278750 0.593750
6 0.398333 0.616250 0.386667 0.618750 0.282500 0.601250 0.291250 0.597500
4 0.416667 0.620000 0.403333 0.622500 0.297500 0.601250 0.307500 0.598750
6 0.436667 0.627500 0.425000 0.630000 0.312500 0.610000 0.321250 0.607500
6 0.455000 0.630000 0.443333 0.632500 0.326250 0.611250 0.336250 0.608750
4 0.475000 0.631250 0.461667 0.633750 0.340000 0.613750 0.351250 0.610000
6 0.496667 0.635000 0.481667 0.637500 0.356250 0.616250 0.366250 0.612500
6 0.511667 0.633750 0.500000 0.636250 0.370000 0.617500 0.378750 0.615000
4 0.531667 0.636250 0.518333 0.638750 0.382500 0.618750 0.392500 0.616250
6 0.100000 0.603750 0.078333 0.617500 0.052500 0.611250 0.070000 0.597500
6 0.141667 0.608750 0.118333 0.622500 0.082500 0.616250 0.100000 0.601250
6 0.178333 0.616250 0.155000 0.631250 0.110000 0.623750 0.127500 0.608750
6 0.220000 0.620000 0.195000 0.636250 0.138750 0.628750 0.158750 0.611250
6 0.261667 0.627500 0.231667 0.646250 0.166250 0.638750 0.188750 0.618750
6 0.270000 0.637500 0.251667 0.648750 0.182500 0.641250 0.197500 0.630000
6 0.315000 0.637500 0.290000 0.656250 0.210000 0.648750 0.228750 0.631250
6 0.331667 0.642500 0.313333 0.653750 0.230000 0.646250 0.243750 0.635000
6 0.351667 0.646250 0.328333 0.661250 0.238750 0.653750 0.257500 0.638750
4 0.371667 0.650000 0.348333 0.665000 0.255000 0.657500 0.273750 0.642500
6 0.388333 0.653750 0.370000 0.666250 0.271250 0.658750 0.283750 0.646250
6 0.411667 0.655000 0.388333 0.670000 0.286250 0.663750 0.302500 0.648750
6 0.428333 0.658750 0.406667 0.672500 0.300000 0.666250 0.316250 0.652500
6 0.446667 0.667500 0.425000 0.678750 0.312500 0.670000 0.328750 0.658750
4 0.583333 0.655000 0.555000 0.666250 0.411250 0.656250 0.432500 0.645000
4 0.708333 0.657500 0.700000 0.662500 0.511250 0.643750 0.518750 0.638750
4 0.668333 0.670000 0.658333 0.675000 0.481250 0.655000 0.488750 0.650000
6 0.650000 0.673750 0.638333 0.678750 0.468750 0.661250 0.477500 0.656250
6 0.635000 0.681250 0.623333 0.686250 0.456250 0.668750 0.466250 0.663750
6 0.618333 0.685000 0.606667 0.690000 0.443750 0.670000 0.453750 0.665000
6 0.600000 0.688750 0.590000 0.692500 0.433750 0.675000 0.442500 0.671250
6 0.586667 0.693750 0.576667 0.697500 0.422500 0.681250 0.430000 0.676250
6 0.571667 0.697500 0.560000 0.702500 0.408750 0.685000 0.416250 0.678750
4 0.558333 0.702500 0.546667 0.708750 0.397500 0.690000 0.407500 0.683750
6 0.540000 0.707500 0.530000 0.711250 0.387500 0.693750 0.395000 0.690000
6 0.523333 0.712500 0.515000 0.716250 0.375000 0.698750 0.382500 0.693750
4 0.510000 0.717500 0.496667 0.722500 0.362500 0.702500 0.371250 0.697500
6 0.491667 0.722500 0.480000 0.726250 0.351250 0.706250 0.360000 0.702500
4 0.476667 0.725000 0.465000 0.730000 0.338750 0.708750 0.347500 0.705000
4 0.460000 0.733750 0.448333 0.738750 0.325000 0.721250 0.335000 0.716250
6 0.410000 0.745000 0.400000 0.748750 0.290000 0.733750 0.298750 0.728750
6 0.398333 0.752500 0.385000 0.757500 0.278750 0.740000 0.287500 0.733750
6 0.330000 0.030000 0.316667 0.031250 0.233750 0.011250 0.243750 0.010000
6 0.175000 0.971250 0.143333 0.981250 0.103750 0.972500 0.128750 0.962500
6 0.330000 0.521250 0.310000 0.537500 0.225000 0.530000 0.238750 0.513750
6 0.293333 0.516250 0.270000 0.530000 0.196250 0.522500 0.213750 0.508750
4 0.235000 0.506250 0.211667 0.521250 0.151250 0.513750 0.170000 0.498750
6 0.201667 0.498750 0.178333 0.512500 0.127500 0.505000 0.145000 0.491250
5 0.145000 0.488750 0.115000 0.506250 0.081250 0.498750 0.103750 0.481250
4 0.653333 0.551250 0.623333 0.565000 0.462500 0.557500 0.485000 0.543750
6 0.628333 0.550000 0.603333 0.563750 0.447500 0.556250 0.466250 0.541250
6 0.606667 0.546250 0.586667 0.558750 0.433750 0.552500 0.450000 0.538750
6 0.586667 0.541250 0.566667 0.555000 0.418750 0.547500 0.433750 0.535000
6 0.571667 0.536250 0.546667 0.552500 0.402500 0.545000 0.421250 0.528750
4 0.533333 0.530000 0.513333 0.545000 0.377500 0.537500 0.392500 0.522500
6 0.520000 0.523750 0.490000 0.543750 0.361250 0.535000 0.382500 0.516250
6 0.495000 0.523750 0.471667 0.538750 0.347500 0.531250 0.365000 0.516250
6 0.478333 0.520000 0.458333 0.533750 0.337500 0.527500 0.353750 0.513750
6 0.456667 0.520000 0.433333 0.533750 0.318750 0.525000 0.336250 0.512500
6 0.436667 0.513750 0.413333 0.530000 0.302500 0.522500 0.320000 0.506250
6 0.398333 0.508750 0.376667 0.523750 0.276250 0.517500 0.292500 0.502500
6 0.368333 0.500000 0.341667 0.516250 0.248750 0.508750 0.268750 0.491250
5 0.346667 0.496250 0.321667 0.513750 0.233750 0.506250 0.253750 0.488750
6 0.216667 0.475000 0.188333 0.491250 0.136250 0.485000 0.156250 0.467500
5 0.196667 0.472500 0.173333 0.486250 0.123750 0.478750 0.141250 0.463750
4 0.668333 0.520000 0.656667 0.523750 0.482500 0.502500 0.491250 0.498750
6 0.645000 0.512500 0.635000 0.516250 0.468750 0.498750 0.476250 0.495000
4 0.625000 0.511250 0.611667 0.513750 0.453750 0.492500 0.462500 0.490000
6 0.606667 0.508750 0.595000 0.512500 0.438750 0.492500 0.448750 0.488750
4 0.570000 0.501250 0.556667 0.505000 0.408750 0.482500 0.418750 0.478750
6 0.546667 0.497500 0.535000 0.501250 0.392500 0.481250 0.402500 0.477500
4 0.528333 0.496250 0.516667 0.500000 0.380000 0.480000 0.387500 0.476250
4 0.508333 0.491250 0.496667 0.495000 0.365000 0.477500 0.375000 0.473750
6 0.490000 0.491250 0.478333 0.495000 0.350000 0.472500 0.358750 0.468750
6 0.428333 0.481250 0.416667 0.483750 0.306250 0.461250 0.316250 0.458750
4 0.406667 0.472500 0.393333 0.475000 0.288750 0.455000 0.298750 0.452500
4 0.385000 0.468750 0.371667 0.471250 0.272500 0.448750 0.283750 0.446250
4 0.368333 0.466250 0.355000 0.468750 0.258750 0.448750 0.268750 0.446250
6 0.328333 0.462500 0.315000 0.466250 0.228750 0.445000 0.237500 0.442500
6 0.213333 0.442500 0.200000 0.446250 0.141250 0.423750 0.152500 0.420000
6 0.190000 0.435000 0.176667 0.437500 0.126250 0.416250 0.136250 0.413750
6 0.658333 0.493750 0.643333 0.497500 0.476250 0.475000 0.486250 0.472500
4 0.635000 0.485000 0.623333 0.490000 0.458750 0.471250 0.467500 0.466250
6 0.615000 0.483750 0.601667 0.487500 0.445000 0.468750 0.455000 0.465000
6 0.598333 0.481250 0.585000 0.486250 0.430000 0.466250 0.438750 0.461250
6 0.575000 0.478750 0.563333 0.481250 0.416250 0.462500 0.425000 0.460000
4 0.496667 0.461250 0.485000 0.465000 0.353750 0.445000 0.362500 0.441250
6 0.476667 0.461250 0.466667 0.465000 0.342500 0.445000 0.350000 0.442500
4 0.436667 0.453750 0.423333 0.456250 0.310000 0.435000 0.320000 0.432500
6 0.378333 0.445000 0.365000 0.447500 0.266250 0.426250 0.276250 0.422500
6 0.358333 0.441250 0.345000 0.445000 0.252500 0.425000 0.261250 0.421250
6 0.340000 0.440000 0.325000 0.443750 0.237500 0.421250 0.248750 0.418750
6 0.278333 0.427500 0.265000 0.431250 0.192500 0.410000 0.202500 0.407500
6 0.221667 0.421250 0.210000 0.425000 0.151250 0.405000 0.160000 0.402500
6 0.201667 0.418750 0.188333 0.422500 0.135000 0.402500 0.145000 0.398750
6 0.180000 0.412500 0.166667 0.415000 0.120000 0.395000 0.130000 0.392500
6 0.241667 0.362500 0.220000 0.377500 0.157500 0.370000 0.173750 0.355000
6 0.281667 0.368750 0.258333 0.383750 0.187500 0.377500 0.203750 0.361250
6 0.318333 0.376250 0.296667 0.391250 0.216250 0.385000 0.232500 0.370000
6 0.335000 0.380000 0.315000 0.393750 0.230000 0.387500 0.245000 0.373750
6 0.355000 0.382500 0.336667 0.395000 0.247500 0.388750 0.261250 0.376250
4 0.380000 0.383750 0.358333 0.400000 0.261250 0.392500 0.278750 0.377500
4 0.393333 0.391250 0.370000 0.406250 0.272500 0.398750 0.288750 0.385000
6 0.415000 0.391250 0.390000 0.407500 0.287500 0.401250 0.306250 0.385000
6 0.435000 0.393750 0.410000 0.412500 0.301250 0.405000 0.318750 0.387500
6 0.455000 0.398750 0.430000 0.416250 0.315000 0.408750 0.333750 0.390000
6 0.476667 0.401250 0.451667 0.416250 0.333750 0.407500 0.351250 0.393750
4 0.493333 0.406250 0.471667 0.418750 0.348750 0.412500 0.365000 0.398750
4 0.513333 0.408750 0.488333 0.425000 0.360000 0.418750 0.378750 0.402500
4 0.536667 0.408750 0.513333 0.425000 0.378750 0.417500 0.396250 0.402500
4 0.551667 0.415000 0.526667 0.431250 0.388750 0.422500 0.407500 0.407500
6 0.571667 0.416250 0.551667 0.431250 0.406250 0.423750 0.421250 0.408750
4 0.595000 0.421250 0.573333 0.433750 0.423750 0.426250 0.440000 0.412500
6 0.616667 0.427500 0.591667 0.442500 0.437500 0.433750 0.455000 0.418750
6 0.648333 0.431250 0.625000 0.446250 0.462500 0.437500 0.480000 0.423750
6 0.701667 0.451250 0.673333 0.462500 0.500000 0.453750 0.521250 0.442500
6 0.650000 0.403750 0.621667 0.422500 0.458750 0.415000 0.480000 0.396250
6 0.625000 0.402500 0.603333 0.416250 0.446250 0.407500 0.461250 0.395000
4 0.606667 0.396250 0.583333 0.411250 0.431250 0.403750 0.447500 0.388750
6 0.503333 0.383750 0.483333 0.396250 0.357500 0.390000 0.371250 0.376250
6 0.490000 0.377500 0.466667 0.392500 0.343750 0.383750 0.360000 0.370000
6 0.410000 0.366250 0.386667 0.382500 0.282500 0.375000 0.301250 0.358750
6 0.395000 0.361250 0.373333 0.375000 0.273750 0.367500 0.290000 0.353750
6 0.373333 0.357500 0.351667 0.372500 0.258750 0.365000 0.275000 0.351250
6 0.348333 0.357500 0.326667 0.372500 0.238750 0.365000 0.255000 0.351250
6 0.331667 0.353750 0.315000 0.366250 0.228750 0.358750 0.241250 0.346250
6 0.311667 0.351250 0.291667 0.363750 0.213750 0.357500 0.228750 0.345000
6 0.290000 0.348750 0.271667 0.361250 0.197500 0.353750 0.211250 0.341250
6 0.273333 0.343750 0.250000 0.358750 0.182500 0.352500 0.200000 0.337500
4 0.251667 0.340000 0.235000 0.351250 0.171250 0.345000 0.183750 0.333750
4 0.623333 0.362500 0.610000 0.366250 0.450000 0.345000 0.461250 0.342500
6 0.518333 0.342500 0.508333 0.345000 0.377500 0.328750 0.385000 0.326250
6 0.501667 0.345000 0.488333 0.347500 0.361250 0.327500 0.370000 0.325000
6 0.660000 0.277500 0.655000 0.295000 0.481250 0.293750 0.485000 0.275000
6 0.643333 0.275000 0.635000 0.292500 0.467500 0.290000 0.472500 0.271250
6 0.625000 0.271250 0.618333 0.290000 0.453750 0.287500 0.458750 0.268750
6 0.538333 0.236250 0.536667 0.245000 0.380000 0.238750 0.382500 0.230000
6 0.568333 0.207500 0.561667 0.227500 0.412500 0.223750 0.417500 0.205000
6 0.673333 0.227500 0.665000 0.247500 0.487500 0.243750 0.495000 0.223750
4 0.710000 0.232500 0.701667 0.255000 0.515000 0.252500 0.520000 0.230000
5 0.108333 0.328750 0.096667 0.333750 0.062500 0.313750 0.071250 0.308750
4 0.090000 0.335000 0.078333 0.338750 0.050000 0.317500 0.058750 0.313750
6 0.058333 0.343750 0.045000 0.348750 0.023750 0.326250 0.032500 0.321250
6 0.025000 0.350000 0.015000 0.353750 0.001250 0.336250 0.008750 0.332500
6 1.000000 0.863750 0.990000 0.863750 0.742500 0.836250 0.750000 0.836250
6 0.986667 0.862500 0.941667 0.863750 0.706250 0.851250 0.740000 0.851250
6 0.595000 0.857500 0.583333 0.862500 0.426250 0.845000 0.435000 0.840000
6 0.611667 0.853750 0.600000 0.858750 0.438750 0.840000 0.447500 0.835000
