32 0.986000 0.771000 0.819000 0.681000 0.904000 0.525000 1.071000 0.615000
4 0.980000 0.011000 0.972000 0.014000 0.966000 0.000000 0.975000 0.000000
4 0.969000 0.014000 0.960000 0.017000 0.954000 0.000000 0.965000 0.000000
4 0.958000 0.016000 0.949000 0.020000 0.943000 0.002000 0.951000 0.000000
4 0.945000 0.019000 0.937000 0.022000 0.931000 0.006000 0.939000 0.003000
6 0.790000 0.007000 0.776000 0.023000 0.769000 0.018000 0.783000 0.001000
6 0.794000 0.020000 0.783000 0.038000 0.775000 0.032000 0.786000 0.015000
6 0.004000 0.243000 -0.003000 0.228000 0.004000 0.224000 0.012000 0.239000
4 0.037000 0.234000 0.029000 0.238000 0.021000 0.223000 0.029000 0.219000
6 0.023000 0.235000 0.015000 0.239000 0.007000 0.224000 0.015000 0.220000
4 0.054000 0.294000 0.047000 0.298000 0.038000 0.284000 0.045000 0.279000
6 0.043000 0.298000 0.034000 0.302000 0.028000 0.286000 0.036000 0.283000
6 0.208000 0.372000 0.185000 0.378000 0.183000 0.370000 0.206000 0.364000
4 0.269000 0.325000 0.251000 0.330000 0.249000 0.323000 0.267000 0.318000
6 0.229000 0.414000 0.208000 0.418000 0.206000 0.410000 0.227000 0.406000
6 0.150000 0.435000 0.128000 0.442000 0.126000 0.433000 0.148000 0.427000
6 0.105000 0.621000 0.082000 0.628000 0.079000 0.620000 0.103000 0.613000
6 0.094000 0.597000 0.073000 0.603000 0.071000 0.595000 0.092000 0.589000
6 0.082000 0.582000 0.064000 0.588000 0.062000 0.581000 0.080000 0.575000
6 0.105000 0.515000 0.087000 0.520000 0.085000 0.512000 0.102000 0.507000
4 0.090000 0.481000 0.071000 0.488000 0.068000 0.481000 0.087000 0.474000
4 0.055000 0.408000 0.034000 0.415000 0.031000 0.407000 0.052000 0.400000
4 0.077000 0.156000 0.068000 0.159000 0.063000 0.143000 0.072000 0.140000
4 0.088000 0.151000 0.080000 0.155000 0.072000 0.139000 0.081000 0.135000
6 0.081000 0.174000 0.073000 0.178000 0.064000 0.161000 0.072000 0.157000
6 0.092000 0.170000 0.083000 0.175000 0.074000 0.158000 0.083000 0.153000
4 0.069000 0.177000 0.061000 0.181000 0.054000 0.164000 0.062000 0.161000
4 0.057000 0.179000 0.050000 0.182000 0.043000 0.167000 0.050000 0.163000
4 0.045000 0.182000 0.038000 0.186000 0.029000 0.171000 0.036000 0.167000
4 0.036000 0.187000 0.029000 0.191000 0.020000 0.174000 0.028000 0.171000
6 0.007000 0.198000 -0.001000 0.181000 0.007000 0.177000 0.015000 0.195000
6 0.017000 0.175000 0.010000 0.179000 0.001000 0.164000 0.008000 0.160000
4 0.048000 0.162000 0.040000 0.166000 0.033000 0.151000 0.040000 0.147000
4 0.060000 0.159000 0.053000 0.163000 0.045000 0.148000 0.052000 0.144000
4 0.027000 0.169000 0.021000 0.173000 0.012000 0.160000 0.018000 0.156000
4 0.038000 0.165000 0.032000 0.169000 0.022000 0.155000 0.029000 0.151000
6 0.850000 0.085000 0.841000 0.089000 0.833000 0.069000 0.842000 0.065000
6 0.812000 0.335000 0.790000 0.339000 0.789000 0.331000 0.811000 0.327000
6 0.856000 0.159000 0.844000 0.178000 0.837000 0.173000 0.849000 0.154000
6 0.849000 0.147000 0.838000 0.165000 0.831000 0.160000 0.842000 0.143000
6 0.842000 0.137000 0.832000 0.154000 0.824000 0.149000 0.834000 0.132000
6 0.838000 0.123000 0.826000 0.140000 0.818000 0.135000 0.830000 0.117000
6 0.806000 0.047000 0.795000 0.064000 0.787000 0.059000 0.798000 0.042000
6 0.801000 0.032000 0.789000 0.050000 0.782000 0.045000 0.793000 0.027000
