4 0.987000 0.982000 0.986000 0.999000 0.977000 0.998000 0.978000 0.981000
6 0.940000 0.999000 0.931000 0.999000 0.931000 0.984000 0.940000 0.984000
4 0.930000 0.982000 0.927000 0.998000 0.919000 0.997000 0.921000 0.981000
4 0.839000 0.982000 0.837000 0.999000 0.829000 0.998000 0.831000 0.981000
4 0.828000 0.996000 0.820000 0.996000 0.820000 0.980000 0.828000 0.980000
6 0.816000 0.982000 0.815000 0.998000 0.808000 0.998000 0.808000 0.982000
4 0.793000 0.997000 0.785000 0.997000 0.785000 0.980000 0.793000 0.980000
6 0.782000 0.997000 0.773000 0.997000 0.773000 0.981000 0.781000 0.981000
4 0.767000 0.995000 0.760000 0.996000 0.759000 0.983000 0.766000 0.982000
6 0.755000 0.996000 0.747000 0.997000 0.747000 0.982000 0.754000 0.982000
4 0.744000 0.981000 0.743000 0.998000 0.734000 0.997000 0.735000 0.981000
4 0.731000 0.996000 0.722000 0.997000 0.722000 0.981000 0.730000 0.981000
4 0.718000 0.997000 0.711000 0.997000 0.710000 0.981000 0.717000 0.980000
4 0.700000 0.981000 0.699000 0.998000 0.691000 0.998000 0.691000 0.981000
6 0.689000 0.996000 0.681000 0.996000 0.680000 0.982000 0.688000 0.982000
6 0.677000 0.997000 0.668000 0.997000 0.668000 0.983000 0.677000 0.983000
4 0.665000 0.998000 0.657000 0.998000 0.657000 0.983000 0.665000 0.983000
4 0.654000 0.997000 0.646000 0.997000 0.646000 0.980000 0.654000 0.980000
4 0.642000 0.998000 0.634000 0.999000 0.633000 0.983000 0.641000 0.983000
6 0.621000 0.999000 0.613000 1.000000 0.612000 0.983000 0.620000 0.983000
4 0.609000 0.998000 0.600000 0.998000 0.599000 0.981000 0.609000 0.981000
4 0.597000 0.997000 0.589000 0.996000 0.589000 0.985000 0.597000 0.985000
6 0.586000 0.996000 0.578000 0.997000 0.576000 0.983000 0.584000 0.982000
6 0.574000 0.996000 0.566000 0.996000 0.566000 0.980000 0.574000 0.980000
4 0.563000 0.996000 0.555000 0.996000 0.555000 0.982000 0.563000 0.982000
4 0.552000 0.997000 0.543000 0.997000 0.543000 0.981000 0.552000 0.981000
4 0.783000 0.954000 0.774000 0.954000 0.774000 0.937000 0.783000 0.937000
6 0.795000 0.952000 0.788000 0.952000 0.787000 0.938000 0.794000 0.937000
6 0.808000 0.951000 0.799000 0.952000 0.799000 0.936000 0.807000 0.936000
6 0.820000 0.938000 0.819000 0.954000 0.811000 0.954000 0.811000 0.938000
6 0.831000 0.936000 0.830000 0.952000 0.822000 0.952000 0.822000 0.936000
4 0.842000 0.954000 0.834000 0.953000 0.834000 0.937000 0.842000 0.938000
4 0.855000 0.953000 0.845000 0.954000 0.844000 0.936000 0.854000 0.935000
6 0.877000 0.952000 0.868000 0.953000 0.867000 0.936000 0.876000 0.936000
6 0.886000 0.951000 0.879000 0.951000 0.879000 0.937000 0.886000 0.937000
5 0.920000 0.942000 0.915000 0.963000 0.904000 0.960000 0.909000 0.939000
6 0.975000 0.926000 0.967000 0.926000 0.966000 0.912000 0.974000 0.912000
5 0.918000 0.927000 0.910000 0.927000 0.910000 0.912000 0.918000 0.912000
4 0.889000 0.912000 0.887000 0.929000 0.878000 0.928000 0.879000 0.911000
4 0.876000 0.928000 0.867000 0.929000 0.867000 0.914000 0.875000 0.914000
6 0.865000 0.914000 0.864000 0.929000 0.856000 0.929000 0.857000 0.913000
6 0.841000 0.928000 0.834000 0.928000 0.832000 0.913000 0.840000 0.912000
4 0.819000 0.930000 0.811000 0.930000 0.812000 0.913000 0.819000 0.913000
6 0.782000 0.929000 0.775000 0.930000 0.775000 0.914000 0.782000 0.914000
4 0.986000 0.885000 0.978000 0.885000 0.978000 0.871000 0.986000 0.870000
4 0.964000 0.888000 0.955000 0.888000 0.955000 0.871000 0.964000 0.871000
6 0.920000 0.868000 0.919000 0.886000 0.909000 0.885000 0.911000 0.867000
4 0.884000 0.885000 0.876000 0.885000 0.875000 0.869000 0.884000 0.868000
6 0.873000 0.884000 0.864000 0.884000 0.863000 0.870000 0.873000 0.869000
6 0.862000 0.886000 0.854000 0.886000 0.853000 0.871000 0.862000 0.871000
6 0.852000 0.886000 0.844000 0.887000 0.842000 0.871000 0.850000 0.870000
6 0.840000 0.887000 0.832000 0.887000 0.831000 0.871000 0.840000 0.871000
6 0.829000 0.871000 0.828000 0.886000 0.820000 0.886000 0.821000 0.871000
6 0.817000 0.886000 0.810000 0.886000 0.810000 0.871000 0.817000 0.871000
4 0.805000 0.872000 0.804000 0.888000 0.796000 0.888000 0.797000 0.871000
6 0.794000 0.887000 0.786000 0.887000 0.786000 0.872000 0.793000 0.871000
6 0.783000 0.887000 0.774000 0.888000 0.773000 0.871000 0.782000 0.870000
4 1.000000 0.865000 0.977000 0.864000 0.978000 0.857000 1.000000 0.858000
5 0.969000 0.865000 0.942000 0.866000 0.942000 0.858000 0.969000 0.858000
5 0.939000 0.859000 0.938000 0.867000 0.912000 0.866000 0.913000 0.858000
6 0.906000 0.859000 0.905000 0.868000 0.881000 0.866000 0.882000 0.858000
4 0.992000 0.840000 0.983000 0.840000 0.982000 0.823000 0.991000 0.823000
6 0.980000 0.837000 0.972000 0.837000 0.972000 0.823000 0.980000 0.823000
4 0.968000 0.835000 0.959000 0.835000 0.960000 0.820000 0.968000 0.820000
5 0.943000 0.841000 0.933000 0.840000 0.934000 0.819000 0.943000 0.819000
6 0.909000 0.838000 0.898000 0.838000 0.898000 0.819000 0.909000 0.819000
4 0.884000 0.836000 0.875000 0.837000 0.875000 0.823000 0.884000 0.823000
6 0.859000 0.839000 0.852000 0.839000 0.851000 0.824000 0.859000 0.823000
6 0.846000 0.775000 0.845000 0.789000 0.838000 0.789000 0.838000 0.775000
4 0.872000 0.790000 0.862000 0.790000 0.862000 0.774000 0.871000 0.773000
4 0.895000 0.791000 0.886000 0.791000 0.886000 0.775000 0.895000 0.775000
6 0.907000 0.790000 0.899000 0.790000 0.899000 0.775000 0.907000 0.775000
6 0.942000 0.791000 0.934000 0.791000 0.934000 0.776000 0.942000 0.775000
4 0.967000 0.792000 0.958000 0.792000 0.957000 0.776000 0.966000 0.775000
4 1.000000 0.775000 0.992000 0.775000 0.992000 0.757000 1.000000 0.757000
4 0.955000 0.773000 0.947000 0.773000 0.947000 0.757000 0.954000 0.757000
4 0.943000 0.758000 0.942000 0.773000 0.934000 0.772000 0.935000 0.758000
4 0.919000 0.773000 0.910000 0.773000 0.909000 0.755000 0.918000 0.755000
4 0.847000 0.756000 0.846000 0.774000 0.838000 0.774000 0.839000 0.756000
4 0.824000 0.778000 0.815000 0.778000 0.815000 0.761000 0.824000 0.761000
5 0.791000 0.815000 0.765000 0.815000 0.765000 0.808000 0.791000 0.807000
4 0.786000 0.806000 0.767000 0.806000 0.767000 0.798000 0.786000 0.798000
6 0.787000 0.796000 0.766000 0.797000 0.766000 0.789000 0.787000 0.789000
6 0.788000 0.769000 0.766000 0.769000 0.766000 0.762000 0.788000 0.762000
4 0.786000 0.750000 0.764000 0.750000 0.764000 0.743000 0.786000 0.743000
6 0.982000 0.724000 0.973000 0.725000 0.972000 0.709000 0.981000 0.709000
4 0.968000 0.706000 0.967000 0.723000 0.958000 0.723000 0.959000 0.706000
4 0.929000 0.711000 0.928000 0.730000 0.918000 0.729000 0.919000 0.711000
6 0.876000 0.727000 0.867000 0.727000 0.867000 0.712000 0.876000 0.712000
4 0.826000 0.727000 0.819000 0.727000 0.818000 0.710000 0.826000 0.710000
4 0.803000 0.728000 0.795000 0.728000 0.795000 0.710000 0.803000 0.710000
4 0.753000 0.945000 0.746000 0.945000 0.746000 0.930000 0.753000 0.930000
6 0.754000 0.928000 0.746000 0.929000 0.745000 0.913000 0.754000 0.912000
4 0.721000 0.883000 0.702000 0.883000 0.702000 0.877000 0.721000 0.877000
6 0.755000 0.871000 0.754000 0.885000 0.746000 0.884000 0.747000 0.870000
6 0.812000 0.867000 0.793000 0.866000 0.793000 0.858000 0.812000 0.859000
6 0.714000 0.867000 0.695000 0.866000 0.695000 0.859000 0.714000 0.860000
4 0.717000 0.961000 0.697000 0.960000 0.697000 0.953000 0.717000 0.954000
6 0.683000 0.960000 0.666000 0.961000 0.666000 0.954000 0.683000 0.954000
6 0.718000 0.936000 0.700000 0.936000 0.700000 0.930000 0.718000 0.930000
5 0.714000 0.928000 0.697000 0.928000 0.697000 0.920000 0.714000 0.920000
6 0.716000 0.919000 0.698000 0.919000 0.698000 0.912000 0.716000 0.911000
6 0.683000 0.943000 0.662000 0.943000 0.662000 0.935000 0.683000 0.935000
6 0.684000 0.934000 0.666000 0.934000 0.666000 0.927000 0.684000 0.927000
4 0.684000 0.925000 0.664000 0.926000 0.664000 0.919000 0.684000 0.918000
6 0.685000 0.917000 0.663000 0.917000 0.663000 0.910000 0.685000 0.910000
6 0.684000 0.909000 0.665000 0.909000 0.665000 0.902000 0.684000 0.902000
6 0.684000 0.901000 0.665000 0.901000 0.665000 0.893000 0.684000 0.893000
4 0.684000 0.891000 0.665000 0.891000 0.665000 0.884000 0.684000 0.884000
6 0.682000 0.882000 0.661000 0.883000 0.661000 0.875000 0.682000 0.874000
6 0.620000 0.954000 0.600000 0.953000 0.600000 0.945000 0.620000 0.946000
6 0.623000 0.945000 0.602000 0.944000 0.602000 0.937000 0.623000 0.937000
4 0.624000 0.936000 0.603000 0.936000 0.603000 0.929000 0.624000 0.929000
6 0.624000 0.927000 0.602000 0.926000 0.603000 0.919000 0.624000 0.919000
4 0.623000 0.918000 0.602000 0.918000 0.602000 0.911000 0.623000 0.910000
4 0.621000 0.909000 0.600000 0.910000 0.600000 0.903000 0.621000 0.902000
6 0.623000 0.901000 0.603000 0.900000 0.603000 0.893000 0.623000 0.894000
4 0.624000 0.892000 0.603000 0.892000 0.603000 0.885000 0.624000 0.885000
4 0.620000 0.884000 0.600000 0.884000 0.600000 0.876000 0.620000 0.877000
6 0.622000 0.875000 0.601000 0.875000 0.601000 0.867000 0.621000 0.867000
4 0.621000 0.865000 0.601000 0.865000 0.601000 0.858000 0.621000 0.858000
4 0.620000 0.961000 0.599000 0.961000 0.599000 0.955000 0.620000 0.954000
4 0.596000 0.962000 0.575000 0.961000 0.575000 0.954000 0.596000 0.955000
6 0.597000 0.954000 0.577000 0.953000 0.577000 0.946000 0.597000 0.946000
6 0.598000 0.944000 0.578000 0.944000 0.578000 0.937000 0.598000 0.937000
6 0.600000 0.936000 0.581000 0.935000 0.581000 0.928000 0.600000 0.928000
4 0.600000 0.911000 0.599000 0.918000 0.579000 0.918000 0.579000 0.911000
6 0.598000 0.910000 0.578000 0.909000 0.578000 0.902000 0.598000 0.902000
6 0.600000 0.900000 0.579000 0.900000 0.580000 0.893000 0.600000 0.893000
6 0.602000 0.892000 0.583000 0.892000 0.583000 0.885000 0.602000 0.885000
6 0.600000 0.883000 0.579000 0.883000 0.579000 0.876000 0.600000 0.876000
6 0.600000 0.875000 0.578000 0.875000 0.578000 0.867000 0.600000 0.867000
4 0.599000 0.866000 0.578000 0.867000 0.577000 0.859000 0.599000 0.858000
6 0.678000 0.836000 0.670000 0.836000 0.670000 0.822000 0.678000 0.822000
6 0.665000 0.837000 0.657000 0.837000 0.656000 0.822000 0.664000 0.822000
6 0.656000 0.837000 0.647000 0.838000 0.647000 0.821000 0.656000 0.821000
6 0.644000 0.837000 0.635000 0.837000 0.634000 0.821000 0.643000 0.820000
6 0.631000 0.839000 0.622000 0.839000 0.622000 0.823000 0.631000 0.823000
6 0.620000 0.837000 0.612000 0.837000 0.612000 0.822000 0.620000 0.822000
4 0.609000 0.838000 0.600000 0.838000 0.600000 0.822000 0.609000 0.822000
4 0.597000 0.840000 0.589000 0.840000 0.589000 0.824000 0.597000 0.824000
6 0.586000 0.835000 0.578000 0.836000 0.577000 0.821000 0.585000 0.820000
4 0.577000 0.837000 0.567000 0.837000 0.567000 0.822000 0.577000 0.822000
6 0.564000 0.838000 0.555000 0.838000 0.554000 0.820000 0.564000 0.820000
4 0.551000 0.837000 0.543000 0.838000 0.542000 0.822000 0.551000 0.822000
6 0.534000 0.976000 0.515000 0.975000 0.515000 0.968000 0.534000 0.969000
4 0.535000 0.966000 0.517000 0.966000 0.517000 0.959000 0.535000 0.959000
6 0.537000 0.957000 0.516000 0.958000 0.516000 0.950000 0.537000 0.949000
6 0.534000 0.949000 0.514000 0.949000 0.514000 0.941000 0.534000 0.941000
4 0.536000 0.940000 0.515000 0.940000 0.515000 0.933000 0.535000 0.933000
4 0.536000 0.931000 0.514000 0.932000 0.514000 0.924000 0.536000 0.923000
6 0.537000 0.922000 0.520000 0.922000 0.519000 0.916000 0.537000 0.915000
4 0.538000 0.914000 0.515000 0.914000 0.515000 0.906000 0.538000 0.906000
4 0.538000 0.887000 0.517000 0.887000 0.517000 0.880000 0.538000 0.880000
6 0.538000 0.879000 0.518000 0.879000 0.518000 0.872000 0.537000 0.871000
6 0.536000 0.870000 0.516000 0.870000 0.516000 0.863000 0.536000 0.863000
6 0.537000 0.861000 0.518000 0.862000 0.518000 0.854000 0.537000 0.854000
5 0.542000 0.852000 0.513000 0.853000 0.513000 0.843000 0.541000 0.842000
