4 0.086000 0.024000 0.083000 0.041000 0.075000 0.040000 0.078000 0.022000
6 0.168000 0.017000 0.165000 0.033000 0.158000 0.032000 0.161000 0.016000
4 0.168000 0.037000 0.165000 0.051000 0.157000 0.049000 0.160000 0.035000
6 0.215000 0.089000 0.212000 0.104000 0.205000 0.102000 0.208000 0.087000
6 0.068000 0.196000 0.064000 0.213000 0.056000 0.211000 0.060000 0.194000
6 0.152000 0.307000 0.150000 0.314000 0.134000 0.310000 0.135000 0.303000
6 0.052000 0.372000 0.048000 0.390000 0.039000 0.387000 0.044000 0.370000
6 0.067000 0.353000 0.063000 0.367000 0.054000 0.365000 0.057000 0.350000
4 0.033000 0.722000 0.027000 0.729000 0.016000 0.720000 0.022000 0.713000
6 0.388000 0.870000 0.367000 0.875000 0.365000 0.866000 0.386000 0.862000
6 0.215000 0.989000 0.205000 0.989000 0.205000 0.972000 0.215000 0.972000
6 0.253000 0.982000 0.249000 0.999000 0.239000 0.997000 0.243000 0.980000
6 0.518000 0.026000 0.517000 0.034000 0.495000 0.032000 0.495000 0.024000
4 0.386000 0.018000 0.384000 0.036000 0.375000 0.034000 0.378000 0.017000
6 0.497000 0.148000 0.496000 0.164000 0.486000 0.163000 0.487000 0.147000
4 0.518000 0.201000 0.511000 0.206000 0.499000 0.190000 0.506000 0.185000
6 0.363000 0.195000 0.362000 0.211000 0.355000 0.211000 0.355000 0.195000
5 0.417000 0.285000 0.403000 0.303000 0.395000 0.297000 0.409000 0.279000
6 0.430000 0.306000 0.410000 0.307000 0.409000 0.300000 0.430000 0.299000
6 0.438000 0.318000 0.410000 0.319000 0.409000 0.309000 0.437000 0.308000
6 0.510000 0.542000 0.488000 0.546000 0.487000 0.539000 0.509000 0.536000
4 0.504000 0.561000 0.483000 0.564000 0.482000 0.556000 0.503000 0.553000
4 0.464000 0.636000 0.457000 0.639000 0.450000 0.622000 0.458000 0.619000
6 0.576000 0.646000 0.562000 0.649000 0.561000 0.643000 0.574000 0.640000
6 0.627000 0.748000 0.607000 0.753000 0.605000 0.746000 0.625000 0.740000
6 0.665000 0.901000 0.642000 0.901000 0.641000 0.894000 0.665000 0.893000
