6 0.906000 0.010000 0.887000 0.037000 0.878000 0.031000 0.897000 0.004000
31 0.920000 0.022000 0.909000 0.037000 0.902000 0.032000 0.912000 0.017000
31 0.908000 0.039000 0.898000 0.053000 0.891000 0.048000 0.900000 0.034000
31 0.939000 0.007000 0.928000 0.023000 0.923000 0.019000 0.934000 0.003000
31 0.927000 0.026000 0.915000 0.043000 0.910000 0.039000 0.922000 0.022000
31 0.915000 0.045000 0.902000 0.063000 0.897000 0.060000 0.910000 0.041000
31 0.901000 0.065000 0.889000 0.080000 0.885000 0.076000 0.896000 0.061000
31 0.912000 0.068000 0.898000 0.089000 0.892000 0.085000 0.906000 0.064000
31 0.923000 0.051000 0.912000 0.067000 0.906000 0.063000 0.917000 0.047000
31 0.936000 0.033000 0.925000 0.049000 0.919000 0.044000 0.929000 0.028000
31 0.921000 0.075000 0.910000 0.092000 0.902000 0.087000 0.914000 0.070000
31 0.935000 0.057000 0.923000 0.073000 0.916000 0.068000 0.927000 0.052000
31 0.947000 0.038000 0.936000 0.054000 0.929000 0.049000 0.940000 0.033000
31 0.950000 0.013000 0.938000 0.030000 0.932000 0.025000 0.943000 0.009000
31 0.960000 0.018000 0.949000 0.034000 0.942000 0.030000 0.953000 0.014000
31 0.970000 0.024000 0.959000 0.040000 0.952000 0.035000 0.963000 0.019000
31 0.957000 0.043000 0.946000 0.059000 0.939000 0.054000 0.950000 0.039000
31 0.944000 0.061000 0.934000 0.076000 0.927000 0.072000 0.937000 0.056000
31 0.931000 0.080000 0.920000 0.096000 0.913000 0.092000 0.924000 0.076000
31 0.940000 0.086000 0.930000 0.101000 0.923000 0.097000 0.934000 0.082000
31 0.953000 0.070000 0.943000 0.085000 0.935000 0.079000 0.945000 0.065000
31 0.964000 0.055000 0.954000 0.068000 0.947000 0.064000 0.956000 0.050000
31 0.975000 0.038000 0.965000 0.053000 0.958000 0.047000 0.968000 0.033000
31 0.987000 0.021000 0.977000 0.036000 0.969000 0.031000 0.979000 0.016000
31 0.981000 0.006000 0.970000 0.022000 0.963000 0.018000 0.975000 0.002000
31 0.995000 0.005000 0.986000 0.019000 0.979000 0.014000 0.988000 0.001000
31 0.985000 0.042000 0.974000 0.058000 0.967000 0.053000 0.978000 0.038000
31 0.995000 0.026000 0.986000 0.041000 0.979000 0.036000 0.989000 0.022000
31 0.997000 0.043000 0.986000 0.060000 0.979000 0.055000 0.991000 0.039000
31 0.972000 0.059000 0.962000 0.074000 0.955000 0.070000 0.966000 0.055000
31 0.984000 0.062000 0.972000 0.080000 0.965000 0.076000 0.977000 0.057000
31 0.998000 0.062000 0.986000 0.079000 0.979000 0.074000 0.991000 0.057000
31 0.961000 0.076000 0.952000 0.090000 0.944000 0.085000 0.954000 0.071000
31 0.950000 0.092000 0.940000 0.106000 0.934000 0.102000 0.943000 0.088000
31 0.960000 0.097000 0.950000 0.112000 0.943000 0.107000 0.953000 0.092000
31 0.970000 0.081000 0.961000 0.094000 0.955000 0.090000 0.964000 0.077000
31 0.971000 0.099000 0.960000 0.117000 0.953000 0.113000 0.964000 0.095000
31 0.985000 0.081000 0.974000 0.098000 0.967000 0.093000 0.978000 0.076000
31 0.980000 0.107000 0.970000 0.121000 0.963000 0.116000 0.973000 0.102000
31 0.991000 0.089000 0.981000 0.104000 0.974000 0.099000 0.984000 0.085000
31 0.992000 0.109000 0.981000 0.126000 0.974000 0.121000 0.986000 0.104000
6 0.975000 0.171000 0.967000 0.182000 0.963000 0.179000 0.971000 0.168000
6 0.965000 0.185000 0.957000 0.197000 0.953000 0.194000 0.961000 0.182000
4 0.945000 0.212000 0.936000 0.225000 0.933000 0.222000 0.941000 0.210000
6 0.946000 0.227000 0.937000 0.240000 0.932000 0.237000 0.942000 0.224000
4 0.948000 0.196000 0.939000 0.209000 0.934000 0.205000 0.943000 0.192000
6 0.956000 0.183000 0.949000 0.193000 0.944000 0.190000 0.951000 0.180000
6 0.966000 0.168000 0.957000 0.182000 0.952000 0.179000 0.961000 0.165000
31 0.997000 0.296000 0.985000 0.316000 0.979000 0.311000 0.991000 0.292000
31 0.992000 0.269000 0.979000 0.290000 0.971000 0.285000 0.985000 0.264000
31 0.994000 0.245000 0.982000 0.266000 0.975000 0.262000 0.986000 0.241000
31 0.987000 0.293000 0.977000 0.313000 0.969000 0.309000 0.979000 0.289000
31 0.977000 0.289000 0.966000 0.307000 0.960000 0.303000 0.970000 0.285000
31 0.993000 0.195000 0.981000 0.213000 0.973000 0.207000 0.985000 0.190000
31 0.980000 0.213000 0.968000 0.233000 0.961000 0.228000 0.974000 0.209000
31 0.989000 0.217000 0.976000 0.236000 0.970000 0.232000 0.983000 0.213000
31 0.997000 0.223000 0.985000 0.242000 0.977000 0.237000 0.990000 0.218000
31 0.977000 0.236000 0.965000 0.258000 0.957000 0.254000 0.969000 0.232000
31 0.985000 0.239000 0.973000 0.262000 0.966000 0.259000 0.978000 0.236000
31 0.963000 0.256000 0.952000 0.276000 0.944000 0.271000 0.956000 0.252000
31 0.972000 0.262000 0.962000 0.281000 0.954000 0.277000 0.964000 0.258000
31 0.982000 0.267000 0.970000 0.286000 0.963000 0.281000 0.975000 0.262000
31 0.961000 0.280000 0.950000 0.299000 0.942000 0.295000 0.953000 0.276000
31 0.969000 0.285000 0.958000 0.304000 0.952000 0.300000 0.962000 0.281000
31 0.951000 0.275000 0.939000 0.296000 0.931000 0.291000 0.943000 0.271000
31 0.984000 0.191000 0.972000 0.209000 0.964000 0.204000 0.976000 0.186000
31 0.975000 0.187000 0.963000 0.204000 0.956000 0.200000 0.968000 0.182000
31 0.963000 0.205000 0.950000 0.224000 0.943000 0.219000 0.955000 0.200000
31 0.972000 0.209000 0.959000 0.229000 0.952000 0.224000 0.965000 0.204000
31 0.957000 0.229000 0.946000 0.247000 0.939000 0.243000 0.950000 0.224000
31 0.967000 0.234000 0.956000 0.254000 0.947000 0.249000 0.959000 0.229000
31 0.944000 0.249000 0.932000 0.269000 0.924000 0.264000 0.936000 0.244000
31 0.953000 0.254000 0.940000 0.273000 0.934000 0.268000 0.946000 0.250000
31 0.931000 0.270000 0.922000 0.286000 0.914000 0.282000 0.924000 0.266000
31 0.940000 0.273000 0.930000 0.291000 0.923000 0.286000 0.934000 0.269000
31 0.919000 0.270000 0.913000 0.282000 0.906000 0.278000 0.913000 0.266000
6 0.927000 0.256000 0.919000 0.268000 0.912000 0.264000 0.921000 0.251000
6 0.936000 0.243000 0.928000 0.254000 0.922000 0.250000 0.929000 0.239000
6 0.910000 0.265000 0.903000 0.278000 0.896000 0.274000 0.904000 0.261000
6 0.920000 0.252000 0.911000 0.265000 0.904000 0.261000 0.913000 0.247000
6 0.927000 0.240000 0.920000 0.250000 0.914000 0.246000 0.921000 0.236000
6 0.937000 0.227000 0.929000 0.239000 0.923000 0.235000 0.931000 0.223000
6 0.975000 0.155000 0.967000 0.168000 0.961000 0.164000 0.969000 0.152000
6 0.968000 0.151000 0.960000 0.164000 0.953000 0.160000 0.961000 0.147000
6 0.960000 0.147000 0.953000 0.158000 0.947000 0.154000 0.954000 0.143000
6 0.953000 0.159000 0.944000 0.172000 0.937000 0.168000 0.946000 0.154000
6 0.959000 0.165000 0.950000 0.179000 0.943000 0.174000 0.953000 0.160000
6 0.942000 0.172000 0.934000 0.185000 0.928000 0.181000 0.937000 0.168000
6 0.949000 0.180000 0.941000 0.191000 0.935000 0.187000 0.943000 0.176000
6 0.933000 0.187000 0.926000 0.197000 0.921000 0.193000 0.927000 0.183000
6 0.939000 0.194000 0.932000 0.205000 0.926000 0.201000 0.933000 0.190000
4 0.924000 0.199000 0.915000 0.213000 0.909000 0.209000 0.918000 0.195000
6 0.930000 0.206000 0.923000 0.216000 0.918000 0.213000 0.925000 0.203000
6 0.938000 0.211000 0.930000 0.222000 0.924000 0.218000 0.931000 0.207000
6 0.945000 0.150000 0.938000 0.161000 0.932000 0.158000 0.939000 0.147000
6 0.936000 0.162000 0.929000 0.173000 0.924000 0.170000 0.931000 0.159000
6 0.933000 0.149000 0.926000 0.159000 0.922000 0.156000 0.928000 0.146000
6 0.925000 0.163000 0.916000 0.176000 0.910000 0.172000 0.919000 0.159000
6 0.915000 0.178000 0.907000 0.190000 0.901000 0.186000 0.910000 0.174000
6 0.929000 0.174000 0.920000 0.187000 0.915000 0.183000 0.924000 0.170000
6 0.919000 0.189000 0.910000 0.203000 0.904000 0.199000 0.914000 0.185000
6 0.905000 0.192000 0.898000 0.203000 0.893000 0.199000 0.900000 0.188000
6 0.896000 0.205000 0.889000 0.216000 0.884000 0.213000 0.891000 0.201000
6 0.887000 0.217000 0.880000 0.227000 0.876000 0.225000 0.883000 0.214000
6 0.909000 0.204000 0.901000 0.217000 0.895000 0.213000 0.904000 0.200000
6 0.901000 0.219000 0.891000 0.234000 0.884000 0.229000 0.894000 0.214000
6 0.914000 0.215000 0.906000 0.227000 0.900000 0.223000 0.908000 0.211000
4 0.904000 0.227000 0.895000 0.241000 0.890000 0.237000 0.898000 0.224000
6 0.921000 0.220000 0.914000 0.231000 0.909000 0.228000 0.916000 0.216000
4 0.929000 0.223000 0.920000 0.237000 0.914000 0.233000 0.924000 0.219000
6 0.912000 0.232000 0.905000 0.243000 0.900000 0.240000 0.907000 0.229000
6 0.919000 0.237000 0.911000 0.248000 0.906000 0.245000 0.913000 0.234000
6 0.888000 0.236000 0.879000 0.249000 0.872000 0.244000 0.882000 0.231000
5 0.910000 0.248000 0.894000 0.275000 0.883000 0.268000 0.899000 0.242000
5 0.897000 0.242000 0.880000 0.267000 0.871000 0.261000 0.887000 0.236000
3 0.877000 0.249000 0.868000 0.263000 0.861000 0.258000 0.870000 0.244000
3 0.879000 0.232000 0.872000 0.243000 0.865000 0.238000 0.872000 0.228000
3 0.869000 0.243000 0.860000 0.258000 0.853000 0.254000 0.862000 0.239000
6 0.931000 0.137000 0.922000 0.151000 0.915000 0.146000 0.924000 0.132000
6 0.922000 0.152000 0.914000 0.164000 0.907000 0.159000 0.914000 0.147000
6 0.917000 0.140000 0.909000 0.152000 0.902000 0.148000 0.911000 0.135000
6 0.909000 0.138000 0.900000 0.150000 0.894000 0.146000 0.903000 0.134000
6 0.902000 0.133000 0.892000 0.149000 0.886000 0.144000 0.896000 0.129000
6 0.898000 0.120000 0.890000 0.132000 0.885000 0.129000 0.893000 0.117000
6 0.890000 0.134000 0.881000 0.147000 0.876000 0.143000 0.884000 0.130000
6 0.890000 0.118000 0.881000 0.132000 0.875000 0.129000 0.885000 0.114000
6 0.880000 0.133000 0.871000 0.146000 0.865000 0.142000 0.874000 0.129000
6 0.870000 0.146000 0.861000 0.160000 0.856000 0.156000 0.865000 0.142000
6 0.880000 0.147000 0.872000 0.159000 0.866000 0.156000 0.875000 0.144000
6 0.890000 0.149000 0.885000 0.160000 0.879000 0.157000 0.885000 0.146000
6 0.898000 0.152000 0.890000 0.164000 0.885000 0.161000 0.893000 0.149000
6 0.908000 0.156000 0.899000 0.168000 0.893000 0.164000 0.901000 0.151000
6 0.908000 0.174000 0.899000 0.188000 0.892000 0.184000 0.902000 0.170000
6 0.898000 0.171000 0.890000 0.184000 0.884000 0.180000 0.893000 0.167000
6 0.891000 0.166000 0.882000 0.180000 0.874000 0.175000 0.883000 0.161000
6 0.882000 0.162000 0.873000 0.176000 0.866000 0.172000 0.876000 0.158000
6 0.871000 0.177000 0.862000 0.190000 0.856000 0.186000 0.865000 0.172000
6 0.880000 0.180000 0.871000 0.194000 0.865000 0.190000 0.874000 0.176000
6 0.888000 0.185000 0.881000 0.195000 0.876000 0.192000 0.883000 0.181000
6 0.896000 0.190000 0.889000 0.201000 0.883000 0.197000 0.890000 0.186000
6 0.871000 0.194000 0.861000 0.209000 0.855000 0.205000 0.865000 0.190000
6 0.880000 0.197000 0.873000 0.208000 0.867000 0.204000 0.875000 0.193000
6 0.888000 0.201000 0.879000 0.214000 0.874000 0.211000 0.883000 0.197000
6 0.863000 0.191000 0.854000 0.204000 0.848000 0.200000 0.857000 0.187000
6 0.872000 0.162000 0.862000 0.176000 0.856000 0.172000 0.865000 0.158000
6 0.862000 0.177000 0.855000 0.187000 0.850000 0.183000 0.856000 0.173000
6 0.854000 0.188000 0.846000 0.200000 0.840000 0.196000 0.848000 0.184000
6 0.844000 0.202000 0.836000 0.213000 0.830000 0.209000 0.838000 0.197000
5 0.859000 0.240000 0.851000 0.254000 0.845000 0.250000 0.853000 0.236000
5 0.871000 0.224000 0.862000 0.237000 0.855000 0.233000 0.864000 0.219000
6 0.876000 0.216000 0.872000 0.221000 0.866000 0.217000 0.869000 0.211000
6 0.870000 0.209000 0.864000 0.219000 0.858000 0.215000 0.864000 0.205000
5 0.863000 0.219000 0.853000 0.234000 0.846000 0.230000 0.856000 0.215000
5 0.851000 0.235000 0.843000 0.250000 0.836000 0.246000 0.844000 0.231000
5 0.842000 0.232000 0.833000 0.246000 0.827000 0.242000 0.836000 0.227000
4 0.835000 0.216000 0.828000 0.227000 0.821000 0.223000 0.828000 0.212000
4 0.825000 0.227000 0.819000 0.239000 0.813000 0.236000 0.820000 0.224000
4 0.833000 0.230000 0.827000 0.242000 0.823000 0.240000 0.830000 0.228000
6 0.820000 0.221000 0.812000 0.236000 0.805000 0.232000 0.813000 0.217000
6 0.829000 0.209000 0.822000 0.220000 0.815000 0.216000 0.823000 0.205000
6 0.842000 0.189000 0.832000 0.204000 0.826000 0.199000 0.835000 0.185000
6 0.852000 0.173000 0.844000 0.186000 0.838000 0.182000 0.847000 0.170000
6 0.861000 0.161000 0.853000 0.173000 0.847000 0.168000 0.855000 0.157000
6 0.860000 0.101000 0.852000 0.112000 0.846000 0.108000 0.854000 0.097000
6 0.868000 0.104000 0.861000 0.116000 0.855000 0.112000 0.862000 0.101000
6 0.871000 0.114000 0.862000 0.128000 0.855000 0.124000 0.865000 0.110000
6 0.879000 0.121000 0.870000 0.134000 0.863000 0.130000 0.872000 0.117000
6 0.862000 0.130000 0.853000 0.143000 0.846000 0.139000 0.855000 0.125000
6 0.866000 0.137000 0.859000 0.148000 0.854000 0.145000 0.861000 0.134000
6 0.850000 0.144000 0.844000 0.153000 0.838000 0.150000 0.844000 0.140000
6 0.843000 0.154000 0.834000 0.169000 0.828000 0.165000 0.838000 0.151000
6 0.857000 0.150000 0.849000 0.162000 0.844000 0.159000 0.852000 0.147000
4 0.848000 0.163000 0.839000 0.175000 0.834000 0.172000 0.842000 0.159000
6 0.833000 0.170000 0.823000 0.183000 0.817000 0.179000 0.826000 0.165000
6 0.837000 0.178000 0.829000 0.191000 0.824000 0.187000 0.832000 0.174000
6 0.822000 0.185000 0.814000 0.198000 0.808000 0.195000 0.817000 0.182000
6 0.827000 0.191000 0.819000 0.204000 0.815000 0.201000 0.823000 0.188000
6 0.814000 0.200000 0.804000 0.214000 0.798000 0.210000 0.807000 0.196000
6 0.820000 0.206000 0.811000 0.219000 0.806000 0.216000 0.815000 0.202000
6 0.488000 0.045000 0.479000 0.059000 0.471000 0.054000 0.480000 0.040000
6 0.465000 0.128000 0.450000 0.128000 0.449000 0.122000 0.465000 0.121000
5 0.436000 0.110000 0.429000 0.120000 0.423000 0.116000 0.430000 0.106000
6 0.851000 0.205000 0.845000 0.216000 0.839000 0.213000 0.846000 0.202000
