5 0.055000 0.463333 0.052500 0.476667 0.026667 0.463333 0.031667 0.450000
5 0.316250 0.870000 0.312500 0.881667 0.376667 0.866667 0.380000 0.855000
6 0.315000 0.851667 0.312500 0.861667 0.383333 0.851667 0.386667 0.841667
6 0.355000 0.758333 0.352500 0.768333 0.443333 0.758333 0.446667 0.748333
6 0.376250 0.746667 0.373750 0.756667 0.468333 0.748333 0.471667 0.736667
3 0.470000 0.538333 0.467500 0.551667 0.583333 0.541667 0.586667 0.528333
4 0.226250 0.943333 0.222500 0.956667 0.285000 0.951667 0.290000 0.938333
4 0.543750 0.323333 0.541250 0.333333 0.690000 0.323333 0.693333 0.313333
6 0.573750 0.108333 0.567500 0.116667 0.735000 0.098333 0.743333 0.088333
4 0.683750 0.056667 0.675000 0.066667 0.881667 0.041667 0.893333 0.033333
6 0.686250 0.036667 0.678750 0.045000 0.888333 0.021667 0.898333 0.015000
4 0.808750 0.010000 0.798750 0.015000 1.060000 0.000000 1.075000 0.000000
6 0.981250 0.050000 0.970000 0.055000 1.286667 0.028333 1.300000 0.023333
5 0.988750 0.078333 0.978750 0.081667 1.295000 0.056667 1.308333 0.051667
6 0.725000 0.928333 0.722500 0.938333 0.931667 0.930000 0.935000 0.918333
6 0.655000 0.833333 0.653750 0.841667 0.838333 0.833333 0.841667 0.823333
6 0.657500 0.816667 0.656250 0.826667 0.840000 0.818333 0.841667 0.808333
5 0.651250 0.796667 0.648750 0.806667 0.825000 0.796667 0.828333 0.785000
6 0.730000 0.830000 0.722500 0.853333 0.951667 0.848333 0.961667 0.825000
4 0.708750 0.781667 0.700000 0.805000 0.921667 0.800000 0.933333 0.775000
5 0.713750 0.701667 0.710000 0.715000 0.906667 0.701667 0.911667 0.686667
4 0.848750 0.678333 0.847500 0.690000 1.093333 0.680000 1.095000 0.668333
4 0.805000 0.626667 0.801250 0.643333 1.051667 0.636667 1.056667 0.621667
4 0.788750 0.460000 0.786250 0.470000 1.015000 0.461667 1.018333 0.451667
4 0.795000 0.478333 0.792500 0.491667 1.013333 0.476667 1.016667 0.465000
4 0.796250 0.338333 0.772500 0.338333 1.031667 0.326667 1.061667 0.328333
6 0.797500 0.321667 0.770000 0.321667 1.026667 0.310000 1.063333 0.310000
4 0.898750 0.578333 0.897500 0.590000 1.161667 0.586667 1.163333 0.575000
6 0.476250 0.528333 0.475000 0.538333 0.596667 0.530000 0.600000 0.520000
