3 0.801667 0.311250 0.780000 0.315000 0.575000 0.282500 0.591250 0.277500
6 0.888333 0.281250 0.850000 0.282500 0.637500 0.272500 0.666250 0.271250
5 0.881667 0.267500 0.840000 0.268750 0.630000 0.257500 0.661250 0.256250
6 0.840000 0.225000 0.838333 0.233750 0.607500 0.231250 0.608750 0.222500
6 0.835000 0.208750 0.833333 0.220000 0.597500 0.218750 0.598750 0.207500
6 0.920000 0.288750 0.908333 0.293750 0.672500 0.277500 0.681250 0.272500
6 0.943333 0.287500 0.928333 0.291250 0.688750 0.272500 0.698750 0.268750
5 0.970000 0.285000 0.956667 0.291250 0.702500 0.270000 0.712500 0.262500
30 0.856667 0.373750 0.838333 0.377500 0.616250 0.340000 0.630000 0.335000
3 0.828333 0.378750 0.808333 0.382500 0.591250 0.318750 0.606250 0.315000
6 0.918333 0.372500 0.905000 0.377500 0.666250 0.355000 0.676250 0.350000
6 0.936667 0.367500 0.925000 0.372500 0.682500 0.350000 0.691250 0.345000
4 0.956667 0.362500 0.943333 0.368750 0.695000 0.346250 0.705000 0.341250
6 0.975000 0.357500 0.963333 0.362500 0.710000 0.338750 0.718750 0.333750
4 1.000000 0.326250 0.978333 0.331250 0.730000 0.320000 0.750000 0.315000
6 0.930000 0.411250 0.916667 0.417500 0.671250 0.391250 0.680000 0.385000
4 0.975000 0.478750 0.965000 0.482500 0.713750 0.465000 0.722500 0.461250
6 0.985000 0.543750 0.973333 0.547500 0.721250 0.527500 0.730000 0.523750
6 0.993333 0.617500 0.981667 0.621250 0.728750 0.601250 0.736250 0.597500
6 0.938333 0.631250 0.926667 0.636250 0.685000 0.615000 0.693750 0.611250
21 0.801667 0.673750 0.366667 0.791250 0.047500 0.401250 0.375000 0.287500
