6 0.727500 0.130000 0.726250 0.141667 0.936667 0.140000 0.936667 0.128333
4 0.676250 0.161667 0.643750 0.161667 0.858333 0.150000 0.901667 0.148333
4 0.743750 0.283333 0.731250 0.283333 0.973333 0.253333 0.990000 0.251667
4 0.782500 0.281667 0.770000 0.283333 1.025000 0.253333 1.041667 0.251667
6 0.607500 0.248333 0.591250 0.251667 0.785000 0.213333 0.805000 0.211667
6 0.772500 0.556667 0.746250 0.558333 0.995000 0.546667 1.030000 0.545000
6 0.728750 0.906667 0.713750 0.910000 0.946667 0.878333 0.965000 0.875000
4 0.662500 0.878333 0.638750 0.881667 0.850000 0.868333 0.881667 0.865000
6 0.291250 0.471667 0.258750 0.473333 0.345000 0.458333 0.388333 0.455000
6 0.451250 0.035000 0.450000 0.046667 0.563333 0.043333 0.565000 0.030000
6 0.103750 0.163333 0.100000 0.178333 0.091667 0.161667 0.098333 0.146667
6 0.140000 0.168333 0.138750 0.180000 0.148333 0.175000 0.150000 0.163333
6 0.220000 0.540000 0.206250 0.543333 0.270000 0.513333 0.288333 0.511667
4 0.146250 0.640000 0.121250 0.641667 0.161667 0.631667 0.195000 0.628333
