6 0.405000 0.881250 0.400000 0.891250 0.270000 0.881250 0.273750 0.871250
6 0.445000 0.890000 0.440000 0.900000 0.300000 0.891250 0.303750 0.881250
6 0.483333 0.900000 0.480000 0.910000 0.333750 0.901250 0.337500 0.891250
6 0.518333 0.908750 0.513333 0.918750 0.358750 0.911250 0.362500 0.901250
6 0.553333 0.917500 0.550000 0.927500 0.387500 0.918750 0.390000 0.910000
4 0.678333 0.926250 0.673333 0.936250 0.486250 0.930000 0.490000 0.920000
4 0.706667 0.955000 0.701667 0.962500 0.500000 0.952500 0.502500 0.945000
5 0.350000 0.747500 0.335000 0.775000 0.237500 0.770000 0.248750 0.742500
4 0.331667 0.733750 0.323333 0.757500 0.228750 0.753750 0.235000 0.730000
4 0.361667 0.718750 0.345000 0.736250 0.247500 0.727500 0.260000 0.710000
4 0.495000 0.827500 0.466667 0.840000 0.343750 0.830000 0.365000 0.817500
6 0.473333 0.820000 0.451667 0.836250 0.331250 0.828750 0.347500 0.812500
4 0.428333 0.810000 0.425000 0.820000 0.288750 0.810000 0.292500 0.801250
4 0.445000 0.805000 0.440000 0.815000 0.301250 0.803750 0.305000 0.793750
6 0.536667 0.817500 0.531667 0.826250 0.373750 0.817500 0.376250 0.808750
4 0.533333 0.806250 0.530000 0.815000 0.370000 0.805000 0.372500 0.797500
4 0.491667 0.807500 0.488333 0.816250 0.336250 0.806250 0.338750 0.798750
4 0.496667 0.797500 0.491667 0.806250 0.342500 0.797500 0.346250 0.788750
6 0.543333 0.797500 0.538333 0.807500 0.376250 0.797500 0.378750 0.787500
6 0.503333 0.787500 0.498333 0.796250 0.347500 0.788750 0.351250 0.780000
6 0.516667 0.780000 0.511667 0.790000 0.353750 0.778750 0.357500 0.770000
6 0.548333 0.790000 0.543333 0.798750 0.382500 0.788750 0.386250 0.781250
6 0.548333 0.778750 0.545000 0.787500 0.383750 0.778750 0.386250 0.770000
4 0.515000 0.771250 0.511667 0.778750 0.358750 0.770000 0.361250 0.762500
6 0.566667 0.772500 0.561667 0.782500 0.393750 0.772500 0.397500 0.761250
5 0.526667 0.761250 0.523333 0.770000 0.366250 0.761250 0.368750 0.752500
4 0.568333 0.760000 0.563333 0.768750 0.398750 0.761250 0.401250 0.752500
6 0.535000 0.753750 0.531667 0.761250 0.372500 0.752500 0.375000 0.745000
6 0.573333 0.751250 0.570000 0.758750 0.403750 0.752500 0.406250 0.745000
4 0.540000 0.743750 0.536667 0.752500 0.376250 0.745000 0.378750 0.736250
4 0.560000 0.720000 0.556667 0.728750 0.391250 0.721250 0.393750 0.712500
6 0.591667 0.735000 0.583333 0.742500 0.417500 0.726250 0.422500 0.718750
6 0.570000 0.792500 0.558333 0.812500 0.405000 0.806250 0.415000 0.787500
6 0.595000 0.756250 0.588333 0.775000 0.430000 0.771250 0.435000 0.752500
4 0.621667 0.812500 0.613333 0.832500 0.450000 0.828750 0.456250 0.808750
4 0.935000 0.695000 0.930000 0.718750 0.685000 0.716250 0.688750 0.692500
6 0.933333 0.667500 0.923333 0.688750 0.678750 0.683750 0.686250 0.662500
4 0.818333 0.641250 0.815000 0.650000 0.587500 0.643750 0.591250 0.633750
4 0.760000 0.633750 0.756667 0.642500 0.540000 0.633750 0.542500 0.625000
4 0.705000 0.362500 0.703333 0.375000 0.496250 0.370000 0.497500 0.357500
6 0.731667 0.301250 0.730000 0.311250 0.516250 0.306250 0.518750 0.296250
4 0.800000 0.048750 0.798333 0.057500 0.570000 0.053750 0.571250 0.045000
6 0.756667 0.013750 0.750000 0.033750 0.551250 0.031250 0.556250 0.011250
6 0.116667 0.848750 0.103333 0.870000 0.066250 0.865000 0.075000 0.843750
5 0.050000 0.170000 0.045000 0.180000 0.008750 0.171250 0.011250 0.162500
4 0.068333 0.107500 0.063333 0.118750 0.018750 0.111250 0.022500 0.100000
6 0.731667 0.575000 0.725000 0.595000 0.530000 0.590000 0.535000 0.571250
4 0.516667 0.010000 0.515000 0.031250 0.375000 0.030000 0.377500 0.010000
6 0.315000 0.858750 0.310000 0.867500 0.205000 0.857500 0.207500 0.850000
11 0.663333 0.945000 0.660000 0.952500 0.475000 0.945000 0.477500 0.937500
