12 0.177500 0.253333 0.131250 0.295000 0.128333 0.225000 0.191667 0.183333
19 0.115000 0.315000 0.086250 0.338333 0.086667 0.291667 0.125000 0.270000
19 0.067500 0.365000 0.028750 0.398333 0.005000 0.348333 0.056667 0.315000
19 0.541250 0.258333 0.493750 0.308333 0.596667 0.230000 0.661667 0.180000
12 0.477500 0.311667 0.433750 0.358333 0.525000 0.290000 0.583333 0.245000
12 0.347500 0.473333 0.302500 0.520000 0.351667 0.453333 0.411667 0.406667
12 0.197500 0.630000 0.155000 0.676667 0.155000 0.611667 0.213333 0.565000
12 0.123750 0.710000 0.080000 0.755000 0.056667 0.690000 0.116667 0.645000
12 0.020000 0.816667 -0.018100 0.748933 0.035867 0.703933 0.086667 0.771667
19 0.856250 0.363333 0.843750 0.421667 1.071667 0.408333 1.088333 0.350000
19 0.906250 0.363333 0.853750 0.365000 1.136667 0.305000 1.206667 0.303333
