4 0.310000 0.426000 0.291000 0.432000 0.289000 0.425000 0.308000 0.419000
4 0.315000 0.434000 0.294000 0.440000 0.292000 0.434000 0.313000 0.427000
6 0.320000 0.443000 0.306000 0.448000 0.303000 0.441000 0.318000 0.436000
6 0.325000 0.450000 0.303000 0.457000 0.301000 0.449000 0.323000 0.443000
6 0.329000 0.459000 0.307000 0.467000 0.305000 0.460000 0.326000 0.452000
6 0.332000 0.468000 0.313000 0.475000 0.310000 0.468000 0.330000 0.461000
4 0.335000 0.478000 0.317000 0.482000 0.315000 0.476000 0.334000 0.471000
4 0.394000 0.500000 0.386000 0.516000 0.379000 0.512000 0.387000 0.496000
4 0.406000 0.503000 0.397000 0.518000 0.390000 0.514000 0.399000 0.498000
6 0.417000 0.508000 0.410000 0.520000 0.403000 0.516000 0.410000 0.504000
4 0.432000 0.504000 0.423000 0.519000 0.416000 0.515000 0.425000 0.500000
6 0.484000 0.512000 0.481000 0.519000 0.461000 0.511000 0.464000 0.504000
4 0.445000 0.539000 0.436000 0.539000 0.437000 0.523000 0.445000 0.523000
6 0.433000 0.537000 0.424000 0.537000 0.424000 0.521000 0.433000 0.521000
6 0.422000 0.536000 0.413000 0.536000 0.413000 0.520000 0.422000 0.520000
4 0.408000 0.537000 0.400000 0.537000 0.400000 0.522000 0.408000 0.521000
6 0.395000 0.534000 0.387000 0.534000 0.387000 0.519000 0.395000 0.519000
6 0.385000 0.530000 0.377000 0.530000 0.377000 0.516000 0.385000 0.516000
6 0.444000 0.584000 0.435000 0.584000 0.435000 0.569000 0.444000 0.570000
4 0.431000 0.583000 0.422000 0.583000 0.422000 0.567000 0.431000 0.567000
6 0.419000 0.582000 0.409000 0.582000 0.409000 0.568000 0.419000 0.568000
6 0.420000 0.566000 0.411000 0.566000 0.411000 0.550000 0.420000 0.550000
4 0.399000 0.567000 0.389000 0.567000 0.389000 0.550000 0.399000 0.550000
4 0.385000 0.568000 0.376000 0.568000 0.376000 0.552000 0.385000 0.552000
6 0.386000 0.586000 0.377000 0.586000 0.377000 0.570000 0.386000 0.570000
4 0.361000 0.531000 0.355000 0.531000 0.354000 0.517000 0.359000 0.516000
6 0.359000 0.497000 0.358000 0.512000 0.349000 0.512000 0.350000 0.497000
4 0.358000 0.534000 0.353000 0.551000 0.346000 0.549000 0.352000 0.532000
6 0.342000 0.576000 0.326000 0.581000 0.324000 0.574000 0.340000 0.570000
6 0.463000 0.848000 0.458000 0.850000 0.450000 0.834000 0.455000 0.831000
4 0.408000 0.753000 0.402000 0.757000 0.397000 0.749000 0.403000 0.745000
6 0.418000 0.776000 0.413000 0.779000 0.405000 0.766000 0.409000 0.763000
5 0.463000 0.765000 0.443000 0.772000 0.440000 0.765000 0.461000 0.757000
6 0.474000 0.782000 0.456000 0.790000 0.453000 0.783000 0.471000 0.775000
5 0.479000 0.791000 0.456000 0.798000 0.454000 0.790000 0.477000 0.783000
4 0.483000 0.799000 0.464000 0.807000 0.461000 0.800000 0.480000 0.792000
6 0.488000 0.807000 0.469000 0.817000 0.465000 0.808000 0.484000 0.799000
5 0.517000 0.872000 0.494000 0.880000 0.491000 0.873000 0.514000 0.865000
3 0.524000 0.801000 0.523000 0.809000 0.493000 0.806000 0.493000 0.798000
3 0.517000 0.788000 0.516000 0.797000 0.487000 0.795000 0.487000 0.786000
3 0.513000 0.787000 0.482000 0.784000 0.483000 0.775000 0.513000 0.778000
3 0.507000 0.768000 0.506000 0.777000 0.477000 0.773000 0.478000 0.765000
3 0.500000 0.757000 0.499000 0.766000 0.471000 0.762000 0.472000 0.753000
3 0.581000 0.762000 0.580000 0.770000 0.556000 0.766000 0.557000 0.759000
6 0.365000 0.690000 0.364000 0.708000 0.355000 0.708000 0.355000 0.690000
4 0.388000 0.708000 0.379000 0.708000 0.379000 0.691000 0.388000 0.691000
4 0.405000 0.707000 0.395000 0.708000 0.395000 0.691000 0.404000 0.691000
6 0.420000 0.706000 0.410000 0.706000 0.411000 0.689000 0.420000 0.690000
4 0.432000 0.707000 0.422000 0.707000 0.422000 0.690000 0.431000 0.690000
5 0.449000 0.708000 0.440000 0.708000 0.440000 0.688000 0.449000 0.688000
4 0.461000 0.707000 0.452000 0.707000 0.451000 0.690000 0.461000 0.690000
4 0.472000 0.706000 0.464000 0.706000 0.464000 0.694000 0.472000 0.694000
6 0.430000 0.678000 0.415000 0.678000 0.415000 0.670000 0.429000 0.670000
6 0.412000 0.676000 0.393000 0.677000 0.392000 0.670000 0.412000 0.670000
4 0.430000 0.653000 0.421000 0.653000 0.421000 0.642000 0.430000 0.642000
4 0.397000 0.654000 0.387000 0.654000 0.388000 0.644000 0.397000 0.644000
4 0.385000 0.659000 0.376000 0.659000 0.376000 0.643000 0.385000 0.643000
6 0.471000 0.604000 0.462000 0.604000 0.461000 0.591000 0.471000 0.591000
4 0.430000 0.625000 0.421000 0.625000 0.420000 0.608000 0.430000 0.608000
4 0.442000 0.605000 0.421000 0.606000 0.421000 0.600000 0.442000 0.599000
4 0.418000 0.622000 0.409000 0.622000 0.410000 0.608000 0.418000 0.608000
6 0.397000 0.623000 0.389000 0.623000 0.389000 0.607000 0.397000 0.607000
4 0.397000 0.599000 0.396000 0.606000 0.378000 0.605000 0.378000 0.599000
6 0.384000 0.623000 0.376000 0.623000 0.375000 0.609000 0.384000 0.609000
4 0.337000 0.618000 0.315000 0.620000 0.314000 0.613000 0.336000 0.611000
4 0.334000 0.608000 0.314000 0.612000 0.313000 0.605000 0.333000 0.600000
6 0.351000 0.596000 0.350000 0.613000 0.340000 0.612000 0.341000 0.596000
6 0.348000 0.632000 0.338000 0.632000 0.338000 0.616000 0.348000 0.616000
4 0.355000 0.649000 0.347000 0.653000 0.340000 0.637000 0.348000 0.633000
6 0.338000 0.647000 0.328000 0.647000 0.328000 0.628000 0.337000 0.627000
6 0.307000 0.621000 0.299000 0.625000 0.290000 0.607000 0.298000 0.603000
4 0.257000 0.650000 0.237000 0.655000 0.236000 0.649000 0.255000 0.643000
6 0.252000 0.636000 0.233000 0.641000 0.231000 0.634000 0.250000 0.628000
5 0.225000 0.651000 0.202000 0.659000 0.200000 0.652000 0.223000 0.644000
4 0.199000 0.415000 0.194000 0.421000 0.180000 0.411000 0.184000 0.405000
4 0.141000 0.436000 0.136000 0.443000 0.120000 0.433000 0.124000 0.426000
4 0.151000 0.432000 0.147000 0.438000 0.130000 0.427000 0.134000 0.421000
6 0.159000 0.421000 0.154000 0.428000 0.138000 0.419000 0.142000 0.411000
4 0.295000 0.395000 0.273000 0.401000 0.270000 0.393000 0.293000 0.387000
6 0.285000 0.377000 0.265000 0.385000 0.262000 0.378000 0.283000 0.370000
4 0.182000 0.372000 0.178000 0.379000 0.163000 0.370000 0.167000 0.363000
6 0.165000 0.375000 0.161000 0.383000 0.144000 0.373000 0.148000 0.366000
6 0.154000 0.381000 0.150000 0.389000 0.131000 0.380000 0.134000 0.372000
6 0.128000 0.391000 0.123000 0.398000 0.106000 0.386000 0.111000 0.379000
4 0.094000 0.402000 0.088000 0.409000 0.075000 0.396000 0.080000 0.390000
4 0.055000 0.497000 0.047000 0.502000 0.038000 0.486000 0.046000 0.482000
4 0.074000 0.534000 0.069000 0.535000 0.067000 0.526000 0.072000 0.525000
6 0.084000 0.551000 0.075000 0.556000 0.066000 0.539000 0.075000 0.534000
6 0.135000 0.639000 0.127000 0.646000 0.115000 0.632000 0.123000 0.625000
31 0.230000 0.710000 0.229000 0.724000 0.139000 0.718000 0.140000 0.703000
5 0.058000 0.786000 0.049000 0.789000 0.041000 0.770000 0.050000 0.766000
5 0.081000 0.855000 0.056000 0.863000 0.053000 0.854000 0.078000 0.845000
10 0.068000 0.830000 0.029000 0.842000 0.027000 0.834000 0.066000 0.822000
11 0.054000 0.953000 0.043000 0.959000 0.028000 0.934000 0.038000 0.928000
30 0.283000 0.904000 0.274000 0.970000 0.248000 0.967000 0.258000 0.900000
4 0.229000 0.950000 0.222000 0.955000 0.213000 0.940000 0.220000 0.936000
6 0.169000 0.844000 0.163000 0.848000 0.158000 0.839000 0.164000 0.836000
4 0.160000 0.825000 0.152000 0.830000 0.143000 0.818000 0.151000 0.812000
4 0.372000 0.452000 0.371000 0.467000 0.361000 0.467000 0.362000 0.452000
4 0.385000 0.465000 0.376000 0.465000 0.376000 0.450000 0.385000 0.450000
6 0.397000 0.467000 0.388000 0.467000 0.388000 0.449000 0.397000 0.449000
6 0.408000 0.465000 0.399000 0.465000 0.399000 0.451000 0.408000 0.451000
6 0.420000 0.468000 0.411000 0.468000 0.411000 0.450000 0.419000 0.450000
6 0.432000 0.468000 0.422000 0.468000 0.422000 0.451000 0.432000 0.451000
6 0.445000 0.467000 0.435000 0.468000 0.435000 0.452000 0.445000 0.452000
6 0.361000 0.446000 0.352000 0.446000 0.352000 0.431000 0.361000 0.431000
4 0.373000 0.448000 0.364000 0.448000 0.364000 0.432000 0.372000 0.432000
6 0.385000 0.446000 0.376000 0.446000 0.376000 0.432000 0.385000 0.432000
4 0.398000 0.446000 0.389000 0.446000 0.388000 0.429000 0.398000 0.429000
6 0.418000 0.448000 0.409000 0.448000 0.408000 0.433000 0.417000 0.433000
6 0.322000 0.417000 0.314000 0.422000 0.303000 0.403000 0.311000 0.398000
6 0.332000 0.410000 0.324000 0.414000 0.317000 0.401000 0.325000 0.396000
6 0.343000 0.407000 0.336000 0.411000 0.329000 0.396000 0.336000 0.393000
6 0.357000 0.402000 0.348000 0.405000 0.340000 0.388000 0.349000 0.384000
6 0.368000 0.402000 0.361000 0.403000 0.360000 0.392000 0.366000 0.391000
6 0.392000 0.402000 0.384000 0.402000 0.383000 0.394000 0.392000 0.394000
6 0.414000 0.402000 0.405000 0.402000 0.405000 0.387000 0.414000 0.387000
6 0.425000 0.401000 0.416000 0.401000 0.416000 0.391000 0.425000 0.391000
6 0.435000 0.402000 0.426000 0.402000 0.426000 0.391000 0.435000 0.391000
4 0.491000 0.465000 0.468000 0.464000 0.468000 0.457000 0.491000 0.458000
4 0.492000 0.475000 0.473000 0.474000 0.473000 0.468000 0.492000 0.468000
6 0.488000 0.455000 0.468000 0.455000 0.468000 0.449000 0.488000 0.448000
6 0.490000 0.445000 0.469000 0.446000 0.469000 0.439000 0.490000 0.439000
6 0.492000 0.437000 0.472000 0.438000 0.472000 0.431000 0.492000 0.431000
4 0.476000 0.340000 0.463000 0.341000 0.463000 0.335000 0.476000 0.335000
6 0.193000 0.319000 0.172000 0.319000 0.172000 0.312000 0.193000 0.312000
6 0.214000 0.318000 0.195000 0.318000 0.195000 0.311000 0.214000 0.311000
4 0.243000 0.318000 0.219000 0.317000 0.219000 0.310000 0.243000 0.311000
4 0.268000 0.318000 0.244000 0.318000 0.244000 0.311000 0.268000 0.312000
4 0.359000 0.317000 0.338000 0.317000 0.338000 0.312000 0.359000 0.311000
4 0.417000 0.318000 0.400000 0.319000 0.400000 0.314000 0.417000 0.313000
6 0.545000 0.318000 0.524000 0.317000 0.524000 0.310000 0.545000 0.311000
6 0.709000 0.341000 0.690000 0.342000 0.690000 0.335000 0.709000 0.335000
4 0.737000 0.342000 0.716000 0.342000 0.716000 0.335000 0.737000 0.335000
6 0.763000 0.343000 0.745000 0.343000 0.745000 0.335000 0.763000 0.335000
6 0.788000 0.340000 0.771000 0.341000 0.771000 0.335000 0.788000 0.335000
6 0.817000 0.341000 0.804000 0.341000 0.804000 0.335000 0.817000 0.335000
6 0.737000 0.318000 0.712000 0.319000 0.711000 0.312000 0.736000 0.311000
6 0.784000 0.318000 0.761000 0.318000 0.761000 0.310000 0.784000 0.311000
6 0.864000 0.318000 0.850000 0.319000 0.850000 0.312000 0.864000 0.312000
6 0.644000 0.257000 0.634000 0.257000 0.634000 0.239000 0.644000 0.239000
4 0.644000 0.221000 0.634000 0.221000 0.635000 0.203000 0.644000 0.203000
4 0.644000 0.155000 0.636000 0.155000 0.636000 0.139000 0.644000 0.139000
4 0.644000 0.112000 0.636000 0.112000 0.636000 0.095000 0.644000 0.095000
6 0.645000 0.089000 0.636000 0.089000 0.636000 0.074000 0.645000 0.074000
4 0.614000 0.064000 0.607000 0.064000 0.606000 0.051000 0.613000 0.051000
4 0.613000 0.154000 0.606000 0.154000 0.606000 0.143000 0.613000 0.143000
4 0.322000 0.130000 0.295000 0.128000 0.295000 0.123000 0.322000 0.124000
6 0.172000 0.766000 0.164000 0.771000 0.155000 0.755000 0.163000 0.750000
4 0.182000 0.758000 0.175000 0.763000 0.165000 0.748000 0.173000 0.743000
5 0.205000 0.771000 0.197000 0.775000 0.189000 0.759000 0.197000 0.755000
6 0.193000 0.780000 0.185000 0.784000 0.177000 0.770000 0.185000 0.766000
6 0.186000 0.791000 0.178000 0.796000 0.168000 0.779000 0.177000 0.774000
6 0.208000 0.803000 0.200000 0.807000 0.193000 0.792000 0.201000 0.789000
4 0.222000 0.831000 0.214000 0.835000 0.206000 0.819000 0.214000 0.815000
6 0.239000 0.833000 0.231000 0.837000 0.223000 0.822000 0.231000 0.818000
6 0.235000 0.852000 0.227000 0.856000 0.219000 0.842000 0.226000 0.838000
4 0.249000 0.876000 0.240000 0.882000 0.229000 0.864000 0.238000 0.858000
4 0.258000 0.896000 0.249000 0.900000 0.241000 0.883000 0.249000 0.879000
6 0.929000 0.136000 0.923000 0.136000 0.923000 0.123000 0.929000 0.123000
14 0.658000 0.832000 0.608000 0.833000 0.606000 0.752000 0.655000 0.751000
14 0.715000 0.830000 0.668000 0.831000 0.664000 0.750000 0.713000 0.749000
6 0.960000 0.778000 0.941000 0.778000 0.941000 0.772000 0.960000 0.772000
4 0.311000 0.970000 0.304000 0.974000 0.297000 0.959000 0.303000 0.955000
5 0.322000 0.987000 0.313000 0.992000 0.304000 0.976000 0.312000 0.971000
4 0.329000 1.000000 0.318000 1.000000 0.315000 0.994000 0.323000 0.989000
5 0.017000 0.677000 0.000000 0.679000 0.000000 0.671000 0.017000 0.670000
9 0.244000 1.004000 0.214000 0.950000 0.295000 0.906000 0.324000 0.959000
9 0.229000 0.702000 0.228000 0.736000 0.069000 0.730000 0.070000 0.696000
