19 0.135714 0.904286 0.084286 0.908571 0.080000 0.854286 0.131429 0.851429
19 0.187143 0.888571 0.144286 0.894286 0.137143 0.845714 0.180000 0.838571
19 0.231429 0.887143 0.188571 0.890000 0.185714 0.840000 0.228571 0.837143
19 0.294286 0.895714 0.241429 0.901429 0.235714 0.844286 0.290000 0.840000
19 0.157143 0.902857 0.120000 0.904286 0.118571 0.867143 0.155714 0.865714
19 0.138571 0.901429 0.134286 0.927143 0.101429 0.922857 0.104286 0.897143
19 0.122857 0.950000 0.071429 0.954286 0.068571 0.910000 0.120000 0.905714
19 0.144286 0.982857 0.091429 0.987143 0.087143 0.934286 0.140000 0.930000
19 0.558571 0.965714 0.504286 0.970000 0.500000 0.917143 0.555714 0.912857
19 0.562398 1.000000 0.521633 1.000000 0.518571 0.971429 0.558874 0.967110
19 0.807143 0.767143 0.805714 0.805714 0.768571 0.805714 0.770000 0.765714
19 0.834286 0.812857 0.807143 0.814286 0.805714 0.780000 0.834286 0.780000
19 0.875714 0.807143 0.822857 0.807143 0.822857 0.752857 0.874286 0.752857
19 0.982857 0.891429 0.958572 0.870000 0.979291 0.846518 1.003577 0.867946
