11 0.133750 0.960000 0.081250 0.998333 0.098333 0.981667 0.170000 0.943333
5 0.207500 0.928333 0.172500 0.936667 0.226667 0.921667 0.273333 0.913333
4 0.986250 0.236667 0.977500 0.258333 1.290000 0.251667 1.303333 0.230000
4 0.918750 0.343333 0.908750 0.368333 1.195000 0.358333 1.210000 0.333333
4 0.916250 0.530000 0.911250 0.543333 1.185000 0.526667 1.193333 0.513333
4 0.718750 0.883333 0.712500 0.895000 0.925000 0.880000 0.931667 0.866667
6 0.748750 0.911667 0.743750 0.921667 0.965000 0.905000 0.973333 0.893333
4 0.613750 0.926667 0.593750 0.945000 0.785000 0.936667 0.810000 0.916667
15 0.276250 0.261667 0.240000 0.350000 0.258333 0.325000 0.303333 0.235000
15 0.312500 0.166667 0.277500 0.256667 0.305000 0.230000 0.348333 0.145000
