9 0.838333 0.201250 0.788333 0.210000 0.581250 0.165000 0.618750 0.157500
9 0.996667 0.698750 0.920000 0.711250 0.675000 0.638750 0.731250 0.627500
4 0.928333 0.296250 0.908333 0.301250 0.678750 0.292500 0.695000 0.288750
4 0.925000 0.287500 0.903333 0.290000 0.676250 0.282500 0.692500 0.277500
6 0.926667 0.276250 0.901667 0.277500 0.675000 0.271250 0.693750 0.268750
4 0.823333 0.301250 0.811667 0.302500 0.606250 0.285000 0.615000 0.283750
4 0.833333 0.332500 0.823333 0.333750 0.613750 0.313750 0.621250 0.312500
6 0.846667 0.371250 0.835000 0.373750 0.622500 0.357500 0.632500 0.356250
4 0.853333 0.395000 0.840000 0.396250 0.626250 0.376250 0.636250 0.373750
4 0.958333 0.438750 0.945000 0.443750 0.698750 0.423750 0.707500 0.418750
4 0.873333 0.467500 0.858333 0.470000 0.640000 0.448750 0.651250 0.446250
4 0.883333 0.500000 0.871667 0.501250 0.650000 0.482500 0.658750 0.481250
4 0.928333 0.505000 0.913333 0.506250 0.681250 0.483750 0.692500 0.482500
4 0.893333 0.526250 0.880000 0.528750 0.656250 0.506250 0.665000 0.503750
4 0.901667 0.555000 0.888333 0.557500 0.661250 0.532500 0.671250 0.531250
4 0.910000 0.586250 0.898333 0.587500 0.670000 0.563750 0.678750 0.563750
4 0.790000 0.562500 0.775000 0.563750 0.578750 0.545000 0.590000 0.543750
4 0.810000 0.530000 0.798333 0.532500 0.596250 0.516250 0.605000 0.515000
6 0.785000 0.538750 0.770000 0.541250 0.575000 0.522500 0.586250 0.521250
4 0.761667 0.541250 0.746667 0.542500 0.557500 0.525000 0.568750 0.523750
4 0.738333 0.543750 0.725000 0.545000 0.541250 0.526250 0.551250 0.525000
6 0.718333 0.545000 0.705000 0.545000 0.523750 0.526250 0.533750 0.525000
5 0.061667 0.255000 0.028333 0.258750 0.020000 0.250000 0.045000 0.246250
5 0.228333 0.190000 0.226667 0.217500 0.157500 0.217500 0.160000 0.188750
6 0.778333 0.135000 0.766667 0.137500 0.570000 0.116250 0.580000 0.113750
4 0.818333 0.122500 0.808333 0.125000 0.602500 0.106250 0.610000 0.103750
4 0.875000 0.690000 0.845000 0.692500 0.633750 0.681250 0.655000 0.680000
5 0.775000 0.681250 0.736667 0.687500 0.550000 0.676250 0.578750 0.670000
4 0.580000 0.707500 0.551667 0.712500 0.411250 0.703750 0.433750 0.698750
4 0.488333 0.730000 0.451667 0.735000 0.337500 0.726250 0.363750 0.718750
