6 0.068333 0.775000 0.066667 0.791250 0.040000 0.790000 0.040000 0.773750
6 0.093333 0.788750 0.080000 0.791250 0.055000 0.777500 0.065000 0.773750
6 0.063333 0.835000 0.053333 0.843750 0.025000 0.828750 0.033750 0.821250
6 0.118333 0.993750 0.100000 0.996250 0.071250 0.973750 0.083750 0.971250
4 0.715000 0.411250 0.698333 0.412500 0.520000 0.390000 0.532500 0.387500
6 0.955000 0.233750 0.931667 0.253750 0.690000 0.246250 0.707500 0.227500
6 0.713333 0.123750 0.678333 0.122500 0.508750 0.113750 0.535000 0.113750
6 0.185000 0.372500 0.150000 0.373750 0.112500 0.367500 0.138750 0.365000
6 0.223333 0.368750 0.188333 0.371250 0.141250 0.362500 0.166250 0.360000
6 0.261667 0.363750 0.225000 0.367500 0.167500 0.358750 0.195000 0.355000
4 0.181667 0.360000 0.150000 0.362500 0.112500 0.355000 0.135000 0.352500
6 0.191667 0.296250 0.160000 0.305000 0.117500 0.297500 0.140000 0.288750
6 0.160000 0.290000 0.123333 0.295000 0.091250 0.287500 0.118750 0.282500
6 0.176667 0.310000 0.141667 0.321250 0.102500 0.312500 0.128750 0.302500
6 0.496667 0.288750 0.480000 0.291250 0.356250 0.270000 0.368750 0.267500
4 0.401667 0.156250 0.385000 0.158750 0.282500 0.133750 0.296250 0.130000
6 0.203333 0.192500 0.163333 0.196250 0.121250 0.187500 0.151250 0.183750
4 0.185000 0.182500 0.155000 0.185000 0.116250 0.178750 0.137500 0.175000
4 0.318333 0.115000 0.280000 0.117500 0.210000 0.108750 0.238750 0.106250
5 0.671667 0.015000 0.668333 0.041250 0.488750 0.041250 0.490000 0.013750
4 0.945000 0.497500 0.943333 0.522500 0.696250 0.521250 0.697500 0.497500
4 0.871667 0.548750 0.835000 0.550000 0.626250 0.541250 0.652500 0.540000
6 0.816667 0.487500 0.800000 0.488750 0.598750 0.468750 0.611250 0.467500
4 0.763333 0.550000 0.728333 0.552500 0.545000 0.543750 0.571250 0.541250
4 0.548333 0.468750 0.533333 0.470000 0.398750 0.451250 0.410000 0.450000
4 0.533333 0.412500 0.518333 0.415000 0.385000 0.393750 0.396250 0.391250
4 0.486667 0.437500 0.470000 0.438750 0.350000 0.417500 0.362500 0.416250
6 0.500000 0.485000 0.486667 0.488750 0.358750 0.467500 0.370000 0.465000
9 0.586667 0.591250 0.506667 0.600000 0.372500 0.541250 0.431250 0.532500
4 0.390000 0.530000 0.356667 0.537500 0.263750 0.527500 0.290000 0.518750
4 0.405000 0.558750 0.371667 0.561250 0.277500 0.552500 0.302500 0.550000
4 0.593333 0.627500 0.578333 0.630000 0.430000 0.610000 0.442500 0.608750
4 0.780000 0.883750 0.751667 0.883750 0.563750 0.875000 0.585000 0.875000
4 0.778333 0.871250 0.751667 0.873750 0.562500 0.865000 0.582500 0.862500
4 0.775000 0.850000 0.745000 0.852500 0.557500 0.842500 0.580000 0.840000
4 0.773333 0.861250 0.750000 0.863750 0.561250 0.855000 0.578750 0.852500
4 0.791667 0.893750 0.763333 0.896250 0.571250 0.886250 0.592500 0.883750
6 0.803333 0.950000 0.771667 0.951250 0.578750 0.942500 0.602500 0.941250
4 0.796667 0.917500 0.758333 0.921250 0.567500 0.911250 0.596250 0.907500
4 0.798333 0.930000 0.765000 0.932500 0.572500 0.921250 0.597500 0.918750
6 0.793333 0.905000 0.756667 0.908750 0.566250 0.898750 0.593750 0.895000
4 0.773333 0.835000 0.736667 0.838750 0.551250 0.831250 0.578750 0.827500
6 0.766667 0.825000 0.731667 0.827500 0.547500 0.818750 0.575000 0.816250
6 0.635000 0.761250 0.620000 0.763750 0.461250 0.745000 0.473750 0.742500
6 0.626667 0.741250 0.610000 0.742500 0.456250 0.721250 0.468750 0.720000
4 0.608333 0.770000 0.593333 0.771250 0.442500 0.750000 0.452500 0.747500
4 0.590000 0.783750 0.573333 0.786250 0.427500 0.763750 0.438750 0.761250
6 0.290000 0.720000 0.260000 0.723750 0.193750 0.713750 0.216250 0.711250
6 0.496667 0.818750 0.458333 0.820000 0.343750 0.811250 0.372500 0.810000
6 0.401667 0.826250 0.366667 0.831250 0.273750 0.823750 0.300000 0.817500
4 0.360000 0.841250 0.325000 0.845000 0.242500 0.837500 0.268750 0.832500
4 0.451667 0.886250 0.415000 0.890000 0.308750 0.880000 0.337500 0.875000
6 0.231667 0.920000 0.216667 0.921250 0.160000 0.900000 0.171250 0.898750
4 0.193333 0.922500 0.176667 0.925000 0.128750 0.898750 0.141250 0.897500
4 0.176667 0.923750 0.158333 0.926250 0.113750 0.905000 0.127500 0.902500
6 0.038333 0.950000 0.006667 0.952500 0.003750 0.943750 0.028750 0.941250
7 0.100000 0.946250 0.060000 0.946250 0.045000 0.933750 0.075000 0.935000
4 0.100000 0.832500 0.065000 0.833750 0.048750 0.826250 0.073750 0.825000
6 0.281667 0.050000 0.251667 0.052500 0.187500 0.046250 0.210000 0.042500
