4 0.520000 0.652500 0.500000 0.655000 0.370000 0.631250 0.385000 0.628750
6 0.803333 0.240000 0.766667 0.243750 0.572500 0.231250 0.601250 0.227500
6 0.811667 0.171250 0.776667 0.172500 0.582500 0.161250 0.608750 0.158750
11 0.230000 0.052500 0.191667 0.056250 0.142500 0.046250 0.171250 0.042500
9 0.143333 0.560000 0.036667 0.570000 0.022500 0.528750 0.102500 0.518750
4 0.035000 0.133750 0.018333 0.136250 0.010000 0.111250 0.022500 0.110000
4 0.048333 0.186250 0.026667 0.187500 0.016250 0.158750 0.031250 0.156250
4 0.513333 0.627500 0.495000 0.630000 0.367500 0.607500 0.380000 0.605000
6 0.156667 0.961250 0.136667 0.963750 0.098750 0.940000 0.112500 0.937500
6 0.941667 0.546250 0.925000 0.548750 0.690000 0.525000 0.703750 0.522500
