6 0.592000 0.073000 0.569000 0.073000 0.568000 0.066000 0.592000 0.065000
6 0.590000 0.055000 0.569000 0.055000 0.569000 0.048000 0.590000 0.047000
4 0.588000 0.035000 0.568000 0.035000 0.568000 0.028000 0.588000 0.027000
6 0.228000 0.727000 0.217000 0.727000 0.218000 0.709000 0.228000 0.710000
6 0.686000 0.908000 0.677000 0.909000 0.677000 0.892000 0.686000 0.891000
4 0.424000 0.652000 0.418000 0.657000 0.405000 0.643000 0.411000 0.638000
4 0.388000 0.656000 0.379000 0.657000 0.377000 0.639000 0.386000 0.638000
6 0.375000 0.656000 0.369000 0.656000 0.368000 0.640000 0.374000 0.639000
6 0.368000 0.601000 0.363000 0.606000 0.349000 0.592000 0.354000 0.586000
4 0.311000 0.552000 0.305000 0.559000 0.288000 0.543000 0.293000 0.537000
6 0.212000 0.497000 0.208000 0.503000 0.194000 0.494000 0.197000 0.488000
4 0.195000 0.512000 0.184000 0.524000 0.179000 0.519000 0.189000 0.507000
6 0.207000 0.517000 0.194000 0.533000 0.186000 0.526000 0.200000 0.510000
6 0.232000 0.537000 0.221000 0.549000 0.216000 0.543000 0.226000 0.531000
6 0.241000 0.542000 0.229000 0.556000 0.222000 0.551000 0.234000 0.537000
6 0.264000 0.558000 0.253000 0.570000 0.248000 0.565000 0.259000 0.553000
4 0.275000 0.565000 0.262000 0.578000 0.256000 0.571000 0.269000 0.559000
4 0.288000 0.574000 0.276000 0.588000 0.270000 0.582000 0.281000 0.569000
6 0.339000 0.603000 0.328000 0.614000 0.323000 0.609000 0.334000 0.597000
6 0.484000 0.803000 0.482000 0.811000 0.463000 0.806000 0.466000 0.798000
4 0.485000 0.789000 0.465000 0.796000 0.462000 0.788000 0.482000 0.781000
4 0.400000 0.743000 0.392000 0.743000 0.391000 0.729000 0.399000 0.728000
4 0.399000 0.767000 0.393000 0.773000 0.379000 0.760000 0.384000 0.755000
4 0.374000 0.749000 0.369000 0.755000 0.354000 0.742000 0.359000 0.737000
6 0.388000 0.850000 0.372000 0.862000 0.367000 0.856000 0.383000 0.843000
6 0.370000 0.837000 0.358000 0.848000 0.352000 0.842000 0.364000 0.830000
4 0.341000 0.879000 0.330000 0.889000 0.326000 0.885000 0.337000 0.875000
4 0.333000 0.870000 0.319000 0.882000 0.314000 0.876000 0.328000 0.865000
6 0.300000 0.821000 0.294000 0.827000 0.281000 0.814000 0.287000 0.809000
6 0.204000 0.850000 0.199000 0.857000 0.187000 0.847000 0.192000 0.840000
4 0.409000 0.053000 0.386000 0.053000 0.386000 0.043000 0.409000 0.042000
4 0.339000 0.064000 0.329000 0.063000 0.330000 0.043000 0.339000 0.043000
4 0.410000 0.164000 0.388000 0.164000 0.388000 0.156000 0.410000 0.155000
4 0.374000 0.202000 0.362000 0.202000 0.361000 0.184000 0.373000 0.183000
4 0.341000 0.195000 0.329000 0.195000 0.329000 0.177000 0.341000 0.177000
6 0.339000 0.217000 0.337000 0.237000 0.328000 0.236000 0.330000 0.216000
6 0.372000 0.252000 0.369000 0.268000 0.358000 0.266000 0.362000 0.250000
4 0.334000 0.259000 0.328000 0.274000 0.320000 0.271000 0.326000 0.256000
6 0.322000 0.287000 0.312000 0.301000 0.304000 0.296000 0.314000 0.281000
5 0.332000 0.325000 0.321000 0.337000 0.315000 0.331000 0.326000 0.320000
6 0.254000 0.294000 0.250000 0.302000 0.231000 0.293000 0.235000 0.285000
4 0.233000 0.284000 0.229000 0.291000 0.210000 0.280000 0.215000 0.273000
6 0.118000 0.249000 0.115000 0.256000 0.095000 0.246000 0.098000 0.239000
6 0.088000 0.234000 0.085000 0.241000 0.066000 0.232000 0.070000 0.225000
6 0.066000 0.223000 0.062000 0.229000 0.045000 0.220000 0.048000 0.213000
4 0.042000 0.212000 0.038000 0.218000 0.023000 0.210000 0.026000 0.204000
6 0.050000 0.143000 0.042000 0.155000 0.035000 0.150000 0.043000 0.138000
4 0.040000 0.156000 0.030000 0.171000 0.023000 0.167000 0.033000 0.152000
6 0.460000 0.602000 0.455000 0.607000 0.437000 0.590000 0.442000 0.584000
6 0.549000 0.668000 0.543000 0.674000 0.530000 0.659000 0.536000 0.654000
6 0.542000 0.683000 0.537000 0.688000 0.524000 0.674000 0.530000 0.669000
4 0.557000 0.715000 0.552000 0.721000 0.539000 0.707000 0.545000 0.702000
4 0.653000 0.780000 0.645000 0.786000 0.631000 0.769000 0.639000 0.763000
6 0.665000 0.814000 0.657000 0.820000 0.645000 0.805000 0.653000 0.799000
4 0.739000 0.877000 0.732000 0.883000 0.719000 0.865000 0.727000 0.860000
6 0.739000 0.898000 0.733000 0.903000 0.720000 0.888000 0.727000 0.883000
4 0.787000 0.931000 0.779000 0.938000 0.767000 0.922000 0.776000 0.916000
6 0.774000 0.938000 0.767000 0.944000 0.754000 0.928000 0.761000 0.922000
4 0.832000 0.983000 0.824000 0.989000 0.813000 0.973000 0.821000 0.967000
6 0.919000 0.900000 0.894000 0.913000 0.889000 0.903000 0.914000 0.890000
6 0.899000 0.895000 0.881000 0.903000 0.878000 0.897000 0.895000 0.888000
6 0.923000 0.884000 0.903000 0.894000 0.899000 0.887000 0.919000 0.876000
16 0.717000 0.759000 0.708000 0.767000 0.676000 0.730000 0.684000 0.723000
6 0.056000 0.821000 0.036000 0.821000 0.036000 0.813000 0.056000 0.813000
6 0.059000 0.831000 0.038000 0.831000 0.038000 0.822000 0.059000 0.822000
4 0.080000 0.839000 0.058000 0.839000 0.058000 0.831000 0.080000 0.831000
6 0.078000 0.847000 0.058000 0.847000 0.057000 0.840000 0.078000 0.839000
4 0.057000 0.857000 0.037000 0.857000 0.037000 0.849000 0.057000 0.849000
4 0.044000 0.914000 0.034000 0.914000 0.035000 0.896000 0.044000 0.896000
4 0.081000 0.913000 0.070000 0.913000 0.070000 0.896000 0.081000 0.896000
4 0.177000 0.783000 0.162000 0.795000 0.157000 0.789000 0.172000 0.777000
6 0.217000 0.769000 0.204000 0.783000 0.197000 0.776000 0.210000 0.762000
6 0.239000 0.753000 0.226000 0.764000 0.220000 0.757000 0.233000 0.746000
9 0.887000 0.943000 0.790000 1.000000 0.752000 0.936000 0.848000 0.879000
4 0.080000 0.764000 0.062000 0.764000 0.062000 0.758000 0.080000 0.758000
6 0.299000 0.173000 0.281000 0.173000 0.281000 0.166000 0.299000 0.166000
6 0.302000 0.205000 0.284000 0.205000 0.284000 0.199000 0.302000 0.199000
