12 0.117000 0.051000 0.090000 0.008000 0.051000 0.033000 0.078000 0.076000
20 0.038000 0.259000 0.081000 0.326000 0.145000 0.286000 0.103000 0.219000
12 0.220000 0.342000 0.260000 0.316000 0.236000 0.279000 0.196000 0.305000
17 0.226000 0.155000 0.252000 0.193000 0.289000 0.168000 0.263000 0.130000
13 0.300000 0.102000 0.331000 0.149000 0.366000 0.126000 0.336000 0.079000
33 0.546000 0.884000 0.468000 0.897000 0.481000 0.973000 0.559000 0.959000
35 0.539000 0.591000 0.513000 0.515000 0.442000 0.539000 0.467000 0.615000
19 0.626000 0.612000 0.699000 0.557000 0.640000 0.477000 0.567000 0.532000
12 0.652000 0.644000 0.698000 0.624000 0.680000 0.585000 0.634000 0.605000
29 0.679000 0.932000 0.767000 0.895000 0.734000 0.816000 0.646000 0.852000
13 0.811000 0.985000 0.812000 0.932000 0.769000 0.931000 0.768000 0.984000
19 0.929000 0.992000 0.934000 0.901000 0.834000 0.895000 0.829000 0.986000
12 0.988000 0.986000 0.997000 0.937000 0.953000 0.929000 0.945000 0.978000
