6 0.696000 0.220000 0.684000 0.220000 0.684000 0.214000 0.696000 0.215000
4 0.480000 0.170000 0.478000 0.182000 0.472000 0.181000 0.474000 0.169000
10 0.473000 0.188000 0.471000 0.213000 0.460000 0.212000 0.462000 0.187000
5 0.484000 0.181000 0.479000 0.194000 0.473000 0.191000 0.478000 0.179000
6 0.532000 0.016000 0.529000 0.023000 0.512000 0.017000 0.515000 0.010000
5 0.525000 0.042000 0.523000 0.051000 0.500000 0.044000 0.502000 0.036000
4 0.517000 0.068000 0.515000 0.076000 0.491000 0.070000 0.493000 0.062000
5 0.509000 0.094000 0.508000 0.101000 0.483000 0.098000 0.484000 0.091000
6 0.501000 0.103000 0.500000 0.109000 0.480000 0.107000 0.481000 0.100000
4 0.561000 0.116000 0.559000 0.122000 0.549000 0.119000 0.551000 0.113000
4 0.558000 0.124000 0.557000 0.129000 0.548000 0.127000 0.550000 0.121000
5 0.645000 0.185000 0.636000 0.190000 0.627000 0.173000 0.635000 0.168000
6 0.682000 0.110000 0.676000 0.124000 0.667000 0.121000 0.673000 0.106000
5 0.695000 0.111000 0.688000 0.128000 0.680000 0.124000 0.686000 0.108000
6 0.708000 0.117000 0.699000 0.137000 0.688000 0.132000 0.698000 0.112000
6 0.717000 0.123000 0.710000 0.137000 0.702000 0.133000 0.710000 0.119000
5 0.731000 0.125000 0.723000 0.144000 0.715000 0.140000 0.723000 0.121000
6 0.743000 0.130000 0.736000 0.145000 0.727000 0.140000 0.735000 0.126000
5 0.734000 0.174000 0.731000 0.181000 0.710000 0.173000 0.713000 0.166000
4 0.726000 0.183000 0.724000 0.190000 0.705000 0.182000 0.708000 0.175000
6 0.747000 0.201000 0.743000 0.209000 0.725000 0.201000 0.728000 0.193000
5 0.828000 0.209000 0.826000 0.219000 0.797000 0.210000 0.799000 0.201000
3 0.716000 0.018000 0.706000 0.020000 0.702000 0.000000 0.712400 0.000000
5 0.730000 0.023000 0.720000 0.024000 0.718000 0.005000 0.728000 0.004000
6 0.742000 0.027000 0.733000 0.028000 0.731000 0.010000 0.741000 0.009000
6 0.756000 0.032000 0.746000 0.033000 0.745000 0.011000 0.755000 0.011000
6 0.898000 0.060000 0.887000 0.077000 0.879000 0.072000 0.890000 0.055000
4 0.542000 0.283000 0.531000 0.286000 0.524000 0.265000 0.535000 0.262000
6 0.650000 0.307000 0.647000 0.315000 0.628000 0.309000 0.631000 0.301000
5 0.637000 0.356000 0.630000 0.378000 0.621000 0.375000 0.627000 0.353000
5 0.626000 0.337000 0.621000 0.356000 0.611000 0.353000 0.617000 0.334000
6 0.765000 0.335000 0.761000 0.356000 0.752000 0.354000 0.755000 0.334000
4 0.487000 0.404000 0.486000 0.413000 0.463000 0.408000 0.465000 0.399000
4 0.557000 0.394000 0.556000 0.401000 0.530000 0.397000 0.531000 0.390000
5 0.551000 0.410000 0.550000 0.418000 0.526000 0.415000 0.527000 0.407000
6 0.545000 0.428000 0.544000 0.436000 0.524000 0.433000 0.525000 0.425000
4 0.539000 0.445000 0.538000 0.452000 0.520000 0.449000 0.521000 0.442000
6 0.538000 0.462000 0.517000 0.461000 0.517000 0.453000 0.538000 0.454000
4 0.520000 0.511000 0.519000 0.519000 0.498000 0.517000 0.499000 0.509000
6 0.976000 0.019000 0.952000 0.021000 0.951000 0.013000 0.975000 0.011000
3 0.690000 0.360000 0.685000 0.383000 0.674000 0.381000 0.679000 0.357000
7 0.525000 0.691000 0.520000 0.712000 0.510000 0.709000 0.515000 0.689000
5 0.597000 0.722000 0.595000 0.730000 0.574000 0.725000 0.576000 0.717000
5 0.605000 0.752000 0.600000 0.773000 0.589000 0.770000 0.595000 0.749000
5 0.599000 0.775000 0.593000 0.793000 0.583000 0.790000 0.589000 0.772000
5 0.577000 0.769000 0.573000 0.787000 0.564000 0.785000 0.567000 0.768000
6 0.565000 0.767000 0.561000 0.785000 0.552000 0.783000 0.556000 0.765000
6 0.553000 0.768000 0.549000 0.784000 0.540000 0.782000 0.545000 0.766000
5 0.544000 0.765000 0.538000 0.784000 0.529000 0.781000 0.534000 0.762000
4 0.583000 0.819000 0.578000 0.836000 0.570000 0.833000 0.575000 0.817000
4 0.551000 0.815000 0.546000 0.831000 0.536000 0.828000 0.542000 0.812000
4 0.545000 0.833000 0.538000 0.849000 0.530000 0.846000 0.537000 0.830000
6 0.558000 0.830000 0.550000 0.852000 0.541000 0.849000 0.550000 0.827000
4 0.663000 0.900000 0.657000 0.906000 0.644000 0.893000 0.650000 0.887000
6 0.643000 0.910000 0.636000 0.917000 0.625000 0.905000 0.633000 0.898000
4 0.635000 0.919000 0.627000 0.925000 0.616000 0.911000 0.623000 0.905000
6 0.618000 0.931000 0.611000 0.937000 0.599000 0.924000 0.605000 0.918000
6 0.583000 0.959000 0.577000 0.965000 0.561000 0.949000 0.568000 0.942000
5 0.565000 0.971000 0.558000 0.977000 0.544000 0.961000 0.551000 0.955000
6 0.548000 0.994000 0.526000 0.998000 0.525000 0.991000 0.547000 0.987000
5 0.945000 0.933000 0.941000 0.943000 0.912000 0.931000 0.916000 0.921000
5 0.985000 0.060000 0.983000 0.069000 0.958000 0.064000 0.960000 0.054000
5 0.559000 0.978000 0.552000 0.986000 0.535000 0.970000 0.543000 0.963000
6 0.600000 0.943000 0.594000 0.949000 0.581000 0.937000 0.587000 0.931000
4 0.608000 0.938000 0.602000 0.943000 0.589000 0.930000 0.595000 0.925000
10 0.964000 0.857000 0.935000 0.867000 0.931000 0.857000 0.961000 0.847000
5 0.649000 0.355000 0.644000 0.374000 0.635000 0.371000 0.640000 0.352000
6 0.501000 0.111000 0.500000 0.119000 0.478000 0.117000 0.479000 0.108000
5 0.515000 0.077000 0.513000 0.086000 0.489000 0.079000 0.492000 0.070000
5 0.520000 0.060000 0.518000 0.067000 0.494000 0.061000 0.496000 0.054000
5 0.523000 0.051000 0.522000 0.059000 0.496000 0.053000 0.498000 0.045000
6 0.528000 0.034000 0.525000 0.042000 0.504000 0.035000 0.506000 0.027000
6 0.531000 0.025000 0.529000 0.032000 0.507000 0.025000 0.509000 0.018000
6 0.540000 0.008000 0.537000 0.016000 0.515000 0.008000 0.518000 0.001000
5 0.635000 0.191000 0.627000 0.196000 0.617000 0.179000 0.625000 0.174000
5 0.650000 0.172000 0.643000 0.177000 0.634000 0.163000 0.641000 0.158000
5 0.824000 0.220000 0.820000 0.230000 0.789000 0.220000 0.793000 0.210000
6 0.884000 0.027000 0.879000 0.032000 0.866000 0.020000 0.871000 0.015000
