6 0.037000 0.997000 0.016000 0.998000 0.016000 0.991000 0.037000 0.989000
3 0.626000 0.967000 0.625000 0.978000 0.589000 0.974000 0.590000 0.963000
6 0.717000 0.955000 0.715000 0.968000 0.707000 0.967000 0.709000 0.953000
6 0.732000 0.958000 0.724000 0.974000 0.715000 0.969000 0.723000 0.954000
6 0.748000 0.964000 0.738000 0.980000 0.728000 0.974000 0.738000 0.957000
6 0.772000 0.973000 0.763000 0.987000 0.756000 0.982000 0.764000 0.968000
6 0.783000 0.984000 0.770000 0.996000 0.765000 0.989000 0.778000 0.978000
4 0.776308 1.001461 0.772000 0.995000 0.787000 0.985000 0.791308 0.991461
6 0.911000 0.995000 0.903000 1.000000 0.895000 0.986000 0.903000 0.981000
6 0.734000 0.844000 0.719000 0.853000 0.715000 0.846000 0.730000 0.837000
6 0.727000 0.801000 0.710000 0.810000 0.706000 0.802000 0.722000 0.793000
6 0.725000 0.777000 0.706000 0.790000 0.700000 0.782000 0.720000 0.769000
6 0.675000 0.860000 0.665000 0.861000 0.664000 0.845000 0.673000 0.844000
4 0.673000 0.844000 0.663000 0.845000 0.662000 0.828000 0.672000 0.828000
4 0.670000 0.819000 0.659000 0.822000 0.656000 0.804000 0.667000 0.802000
5 0.651000 0.853000 0.641000 0.854000 0.638000 0.834000 0.649000 0.833000
4 0.660000 0.758000 0.649000 0.759000 0.646000 0.741000 0.658000 0.740000
6 0.657000 0.738000 0.647000 0.741000 0.643000 0.723000 0.654000 0.721000
4 0.648000 0.701000 0.637000 0.701000 0.637000 0.685000 0.648000 0.685000
4 0.645000 0.679000 0.634000 0.680000 0.632000 0.662000 0.643000 0.661000
6 0.642000 0.658000 0.632000 0.659000 0.630000 0.644000 0.640000 0.643000
6 0.640000 0.639000 0.629000 0.641000 0.628000 0.625000 0.638000 0.624000
4 0.685000 0.446000 0.669000 0.460000 0.664000 0.453000 0.679000 0.440000
4 0.686000 0.459000 0.674000 0.469000 0.669000 0.463000 0.681000 0.453000
6 0.691000 0.472000 0.675000 0.484000 0.669000 0.477000 0.685000 0.464000
4 0.664000 0.307000 0.649000 0.320000 0.643000 0.313000 0.657000 0.300000
4 0.601000 0.435000 0.590000 0.436000 0.588000 0.418000 0.598000 0.417000
3 0.587000 0.419000 0.570000 0.422000 0.566000 0.388000 0.583000 0.386000
6 0.635000 0.610000 0.623000 0.611000 0.621000 0.592000 0.632000 0.591000
4 0.640000 0.210000 0.618000 0.211000 0.618000 0.204000 0.640000 0.203000
4 0.687000 0.192000 0.667000 0.193000 0.667000 0.185000 0.686000 0.184000
9 0.578000 0.225000 0.515000 0.235000 0.507000 0.188000 0.571000 0.178000
6 0.813000 0.228000 0.792000 0.230000 0.791000 0.223000 0.813000 0.221000
5 0.976000 0.094000 0.973000 0.115000 0.960000 0.113000 0.962000 0.093000
4 0.992000 0.111000 0.980000 0.112000 0.979000 0.094000 0.991000 0.094000
4 0.475000 0.056000 0.455000 0.059000 0.454000 0.052000 0.474000 0.049000
5 0.502000 0.104000 0.477000 0.107000 0.476000 0.099000 0.501000 0.096000
6 0.764000 0.042000 0.738000 0.045000 0.737000 0.036000 0.763000 0.033000
5 0.206000 0.027000 0.173000 0.029000 0.173000 0.019000 0.205000 0.017000
5 0.130000 0.072000 0.120000 0.074000 0.118000 0.058000 0.128000 0.057000
6 0.140000 0.125000 0.131000 0.126000 0.128000 0.110000 0.138000 0.108000
6 0.342000 0.210000 0.332000 0.212000 0.329000 0.196000 0.339000 0.194000
4 0.086000 0.041000 0.064000 0.042000 0.063000 0.034000 0.086000 0.032000
6 0.258000 0.791000 0.244000 0.793000 0.236000 0.745000 0.250000 0.743000
6 0.173000 0.712000 0.151000 0.714000 0.151000 0.706000 0.173000 0.705000
6 0.079000 0.375000 0.057000 0.376000 0.056000 0.368000 0.078000 0.367000
5 0.081000 0.364000 0.055000 0.365000 0.055000 0.356000 0.081000 0.355000
5 0.100000 0.354000 0.096000 0.362000 0.079000 0.353000 0.082000 0.345000
4 0.138000 0.358000 0.114000 0.360000 0.113000 0.351000 0.138000 0.349000
4 0.254000 0.278000 0.244000 0.279000 0.243000 0.262000 0.254000 0.261000
9 0.184000 0.271000 0.114000 0.281000 0.105000 0.226000 0.176000 0.215000
4 0.246000 0.421000 0.225000 0.423000 0.224000 0.415000 0.246000 0.413000
6 0.350000 0.657000 0.328000 0.658000 0.327000 0.650000 0.350000 0.649000
4 0.360000 0.720000 0.338000 0.721000 0.338000 0.714000 0.360000 0.713000
6 0.379000 0.781000 0.367000 0.783000 0.364000 0.765000 0.377000 0.763000
6 0.387000 0.820000 0.376000 0.823000 0.373000 0.806000 0.383000 0.804000
6 0.347000 0.827000 0.337000 0.828000 0.335000 0.812000 0.345000 0.811000
6 0.309000 0.831000 0.300000 0.833000 0.298000 0.815000 0.306000 0.814000
4 0.298000 0.833000 0.289000 0.835000 0.285000 0.818000 0.294000 0.816000
4 0.303000 0.877000 0.293000 0.879000 0.291000 0.862000 0.301000 0.861000
6 0.328000 0.875000 0.318000 0.876000 0.316000 0.859000 0.326000 0.858000
4 0.340000 0.873000 0.330000 0.874000 0.329000 0.858000 0.339000 0.857000
6 0.544000 0.846000 0.532000 0.848000 0.530000 0.830000 0.542000 0.828000
5 0.474000 0.808000 0.453000 0.810000 0.453000 0.798000 0.473000 0.797000
4 0.554000 0.618000 0.528000 0.618000 0.528000 0.611000 0.553000 0.610000
6 0.574000 0.523000 0.553000 0.524000 0.552000 0.517000 0.573000 0.516000
6 0.552000 0.525000 0.533000 0.526000 0.532000 0.520000 0.551000 0.518000
6 0.532000 0.433000 0.511000 0.434000 0.510000 0.427000 0.531000 0.426000
6 0.505000 0.435000 0.479000 0.437000 0.479000 0.428000 0.504000 0.427000
6 0.497000 0.398000 0.475000 0.400000 0.474000 0.393000 0.496000 0.391000
6 0.381000 0.272000 0.370000 0.273000 0.368000 0.255000 0.379000 0.254000
