4 0.150000 0.827000 0.145000 0.836000 0.125000 0.826000 0.130000 0.816000
6 0.257000 0.876000 0.251000 0.885000 0.236000 0.875000 0.242000 0.866000
32 0.951000 0.394000 0.907000 0.538000 0.731000 0.483000 0.775000 0.340000
32 0.456000 0.329000 0.426000 0.434000 0.304000 0.400000 0.334000 0.295000
4 0.025000 0.265000 0.008000 0.276000 0.004000 0.270000 0.021000 0.259000
6 0.042000 0.269000 0.026000 0.282000 0.020000 0.274000 0.036000 0.261000
4 0.063000 0.247000 0.056000 0.266000 0.047000 0.262000 0.054000 0.244000
5 0.040000 0.239000 0.032000 0.259000 0.021000 0.255000 0.029000 0.234000
4 0.026000 0.234000 0.020000 0.252000 0.012000 0.249000 0.018000 0.232000
4 0.007000 0.250000 -0.001000 0.246000 0.006000 0.229000 0.014000 0.232000
4 0.097000 0.201000 0.090000 0.219000 0.082000 0.216000 0.089000 0.198000
6 0.084000 0.203000 0.076000 0.219000 0.067000 0.215000 0.074000 0.199000
4 0.071000 0.196000 0.063000 0.211000 0.055000 0.208000 0.063000 0.193000
11 0.058000 0.190000 0.049000 0.212000 0.038000 0.208000 0.047000 0.186000
6 0.077000 0.254000 0.069000 0.271000 0.058000 0.266000 0.067000 0.249000
21 0.407000 0.836000 0.172000 0.687000 0.250000 0.563000 0.485000 0.712000
