6 0.034000 0.441000 0.013000 0.444000 0.012000 0.436000 0.033000 0.433000
3 0.043000 0.453000 0.011000 0.457000 0.009000 0.447000 0.042000 0.443000
3 0.073000 0.568000 0.046000 0.568000 0.046000 0.559000 0.073000 0.559000
4 0.085000 0.625000 0.061000 0.628000 0.060000 0.620000 0.085000 0.617000
4 0.106000 0.682000 0.081000 0.686000 0.079000 0.677000 0.104000 0.672000
6 0.263000 0.118000 0.242000 0.121000 0.240000 0.112000 0.262000 0.109000
5 0.239000 0.116000 0.212000 0.121000 0.210000 0.112000 0.237000 0.106000
6 0.326000 0.198000 0.319000 0.201000 0.313000 0.188000 0.321000 0.185000
16 0.442000 0.240000 0.413000 0.245000 0.411000 0.235000 0.441000 0.230000
4 0.476000 0.313000 0.451000 0.316000 0.450000 0.306000 0.474000 0.302000
4 0.502000 0.375000 0.476000 0.380000 0.474000 0.371000 0.500000 0.366000
4 0.450000 0.133000 0.427000 0.138000 0.424000 0.128000 0.448000 0.123000
6 0.441000 0.124000 0.419000 0.129000 0.417000 0.119000 0.439000 0.115000
6 0.441000 0.229000 0.420000 0.232000 0.419000 0.224000 0.440000 0.221000
6 0.553000 0.509000 0.531000 0.516000 0.529000 0.507000 0.550000 0.501000
4 0.530000 0.517000 0.506000 0.521000 0.505000 0.511000 0.528000 0.508000
5 0.894000 0.042000 0.885000 0.047000 0.877000 0.034000 0.885000 0.028000
4 0.832000 0.150000 0.810000 0.156000 0.807000 0.148000 0.829000 0.141000
6 0.846000 0.115000 0.823000 0.120000 0.821000 0.111000 0.844000 0.106000
4 0.759000 0.145000 0.741000 0.153000 0.737000 0.145000 0.755000 0.137000
11 0.732000 0.166000 0.720000 0.185000 0.708000 0.178000 0.721000 0.158000
6 0.716000 0.185000 0.708000 0.205000 0.696000 0.200000 0.703000 0.180000
4 0.668000 0.250000 0.643000 0.251000 0.642000 0.242000 0.667000 0.240000
5 0.704000 0.209000 0.703000 0.224000 0.695000 0.224000 0.695000 0.209000
4 0.771000 0.316000 0.762000 0.320000 0.755000 0.301000 0.765000 0.298000
6 0.826000 0.354000 0.802000 0.359000 0.800000 0.350000 0.824000 0.346000
6 0.717000 0.386000 0.696000 0.391000 0.694000 0.383000 0.715000 0.378000
4 0.724000 0.404000 0.702000 0.409000 0.700000 0.399000 0.722000 0.395000
4 0.797000 0.387000 0.786000 0.391000 0.780000 0.374000 0.791000 0.370000
6 0.797000 0.494000 0.788000 0.498000 0.780000 0.479000 0.788000 0.475000
6 0.778000 0.444000 0.770000 0.448000 0.762000 0.429000 0.771000 0.426000
4 0.877000 0.494000 0.861000 0.497000 0.860000 0.489000 0.876000 0.487000
6 0.872000 0.582000 0.862000 0.587000 0.855000 0.570000 0.864000 0.566000
4 0.614000 0.657000 0.594000 0.663000 0.591000 0.653000 0.611000 0.647000
6 0.634000 0.716000 0.611000 0.721000 0.609000 0.713000 0.632000 0.708000
4 0.561000 0.695000 0.551000 0.699000 0.544000 0.680000 0.554000 0.676000
4 0.811000 0.661000 0.787000 0.666000 0.785000 0.658000 0.809000 0.653000
4 0.883000 0.656000 0.875000 0.662000 0.864000 0.646000 0.872000 0.641000
4 0.891000 0.672000 0.881000 0.677000 0.872000 0.661000 0.882000 0.656000
4 0.981000 0.671000 0.960000 0.680000 0.956000 0.670000 0.977000 0.661000
5 0.996000 0.683000 0.979000 0.691000 0.975000 0.682000 0.992000 0.675000
4 1.000000 0.689000 0.988000 0.695000 0.984000 0.688000 1.000000 0.681000
4 0.929000 0.715000 0.918000 0.722000 0.906000 0.704000 0.917000 0.697000
6 0.987000 0.781000 0.979000 0.788000 0.965000 0.771000 0.973000 0.765000
4 0.922000 0.757000 0.902000 0.764000 0.898000 0.755000 0.918000 0.748000
6 0.978000 0.872000 0.974000 0.861000 0.997000 0.853000 1.001000 0.864000
6 0.707000 0.163000 0.703000 0.171000 0.686000 0.163000 0.691000 0.154000
6 0.829000 0.021000 0.803000 0.027000 0.800000 0.014000 0.826000 0.008000
4 0.728000 0.952000 0.717000 0.968000 0.707000 0.962000 0.718000 0.945000
6 0.757000 0.894000 0.736000 0.902000 0.733000 0.893000 0.754000 0.885000
4 0.693000 0.837000 0.667000 0.846000 0.664000 0.837000 0.690000 0.828000
6 0.673000 0.787000 0.646000 0.795000 0.643000 0.784000 0.670000 0.776000
4 0.434000 0.761000 0.411000 0.766000 0.409000 0.757000 0.432000 0.752000
4 0.434000 0.736000 0.410000 0.740000 0.409000 0.732000 0.433000 0.728000
4 0.398000 0.743000 0.375000 0.745000 0.374000 0.735000 0.397000 0.733000
6 0.349000 0.776000 0.323000 0.777000 0.323000 0.769000 0.349000 0.768000
11 0.268000 0.787000 0.241000 0.791000 0.240000 0.784000 0.267000 0.780000
5 0.592000 0.973000 0.569000 0.983000 0.566000 0.976000 0.588000 0.966000
5 0.122000 0.943000 0.109000 0.946000 0.103000 0.922000 0.116000 0.918000
4 0.101000 0.984000 0.091000 0.987000 0.086000 0.969000 0.096000 0.966000
6 0.106000 0.892000 0.097000 0.894000 0.092000 0.872000 0.101000 0.870000
6 0.102000 0.871000 0.091000 0.874000 0.085000 0.849000 0.096000 0.846000
9 0.994000 0.094000 0.932000 0.132000 0.899000 0.078000 0.962000 0.041000
6 0.104000 0.432000 0.097000 0.433000 0.096000 0.423000 0.103000 0.422000
5 0.152000 0.897000 0.120000 0.905000 0.118000 0.896000 0.149000 0.888000
