4 0.071000 0.299000 0.069000 0.319000 0.061000 0.318000 0.063000 0.298000
6 0.167000 0.351000 0.166000 0.358000 0.143000 0.357000 0.143000 0.350000
4 0.170000 0.362000 0.169000 0.369000 0.149000 0.367000 0.150000 0.359000
6 0.643000 0.744000 0.628000 0.762000 0.620000 0.755000 0.634000 0.737000
6 0.600000 0.540000 0.599000 0.548000 0.578000 0.546000 0.579000 0.538000
6 0.504000 0.511000 0.494000 0.511000 0.494000 0.494000 0.504000 0.494000
4 0.568000 0.451000 0.567000 0.459000 0.543000 0.456000 0.544000 0.448000
6 0.412000 0.481000 0.393000 0.481000 0.393000 0.474000 0.412000 0.474000
6 0.435000 0.480000 0.433000 0.487000 0.418000 0.482000 0.420000 0.476000
6 0.481000 0.166000 0.480000 0.175000 0.453000 0.174000 0.453000 0.165000
4 0.397000 0.089000 0.394000 0.105000 0.386000 0.103000 0.389000 0.087000
4 0.395000 0.107000 0.393000 0.121000 0.385000 0.120000 0.386000 0.106000
6 0.625000 0.130000 0.614000 0.130000 0.614000 0.112000 0.625000 0.112000
9 0.152000 0.115000 0.146000 0.182000 0.083000 0.175000 0.089000 0.108000
4 0.113000 0.875000 0.097000 0.884000 0.093000 0.877000 0.108000 0.868000
6 0.677000 0.900000 0.662000 0.912000 0.657000 0.906000 0.671000 0.894000
6 0.968000 0.900000 0.955000 0.911000 0.949000 0.904000 0.962000 0.893000
6 0.801000 0.646000 0.782000 0.645000 0.782000 0.637000 0.801000 0.637000
4 0.857000 0.612000 0.856000 0.629000 0.847000 0.629000 0.849000 0.611000
4 0.868000 0.543000 0.865000 0.561000 0.859000 0.560000 0.861000 0.542000
4 0.786000 0.528000 0.770000 0.527000 0.770000 0.519000 0.786000 0.520000
4 0.794000 0.256000 0.785000 0.257000 0.783000 0.239000 0.791000 0.238000
6 0.840000 0.120000 0.839000 0.138000 0.829000 0.138000 0.830000 0.120000
6 0.839000 0.161000 0.829000 0.161000 0.829000 0.144000 0.839000 0.144000
6 0.855000 0.145000 0.854000 0.165000 0.844000 0.164000 0.845000 0.145000
5 0.999000 0.109000 0.994000 0.116000 0.976000 0.106000 0.980000 0.098000
6 0.997000 0.204000 0.983000 0.211000 0.979000 0.205000 0.994000 0.197000
4 0.981000 0.364000 0.979000 0.373000 0.958000 0.370000 0.959000 0.361000
9 0.522000 0.731000 0.499000 0.774000 0.390000 0.715000 0.413000 0.672000
9 0.929000 0.939000 0.888000 0.999000 0.746000 0.899000 0.788000 0.840000
