4 0.440000 0.303000 0.430000 0.303000 0.430000 0.284000 0.440000 0.284000
4 0.453000 0.354000 0.445000 0.355000 0.444000 0.338000 0.452000 0.337000
6 0.480000 0.329000 0.472000 0.329000 0.472000 0.314000 0.480000 0.314000
3 0.481000 0.331000 0.479000 0.356000 0.468000 0.355000 0.469000 0.331000
3 0.765000 0.445000 0.753000 0.448000 0.745000 0.412000 0.757000 0.409000
5 0.636000 0.415000 0.611000 0.415000 0.611000 0.408000 0.636000 0.408000
6 0.633000 0.396000 0.610000 0.396000 0.610000 0.389000 0.633000 0.389000
6 0.629000 0.378000 0.611000 0.379000 0.611000 0.372000 0.629000 0.372000
9 0.591000 0.247000 0.533000 0.248000 0.532000 0.169000 0.591000 0.169000
4 0.492000 0.220000 0.469000 0.220000 0.469000 0.213000 0.492000 0.213000
4 0.438000 0.196000 0.437000 0.204000 0.417000 0.204000 0.417000 0.195000
4 0.449000 0.192000 0.427000 0.191000 0.428000 0.182000 0.449000 0.183000
9 0.273000 0.245000 0.185000 0.246000 0.185000 0.169000 0.272000 0.169000
4 0.326000 0.198000 0.301000 0.197000 0.301000 0.188000 0.326000 0.189000
4 0.367000 0.211000 0.366000 0.220000 0.338000 0.219000 0.338000 0.211000
6 0.211000 0.224000 0.185000 0.223000 0.185000 0.214000 0.211000 0.215000
4 0.189000 0.195000 0.167000 0.195000 0.167000 0.188000 0.189000 0.188000
4 0.098000 0.195000 0.075000 0.195000 0.075000 0.188000 0.098000 0.187000
6 0.023000 0.631000 0.003000 0.630000 0.003000 0.623000 0.023000 0.624000
5 0.027000 0.664000 0.007000 0.663000 0.007000 0.655000 0.027000 0.656000
5 0.168000 0.629000 0.145000 0.629000 0.145000 0.622000 0.168000 0.622000
9 0.269000 0.672000 0.186000 0.673000 0.185000 0.619000 0.269000 0.617000
4 0.043000 0.968000 0.042000 0.986000 0.033000 0.986000 0.034000 0.968000
5 0.171000 0.984000 0.163000 0.984000 0.162000 0.968000 0.170000 0.967000
4 0.308000 0.972000 0.298000 0.972000 0.298000 0.955000 0.307000 0.955000
6 0.471000 0.810000 0.450000 0.810000 0.450000 0.802000 0.471000 0.802000
6 0.325000 0.892000 0.312000 0.908000 0.305000 0.903000 0.318000 0.886000
4 0.349000 0.891000 0.339000 0.905000 0.333000 0.900000 0.343000 0.886000
6 0.452000 0.870000 0.439000 0.885000 0.432000 0.879000 0.445000 0.864000
6 0.463000 0.870000 0.452000 0.883000 0.446000 0.878000 0.457000 0.865000
4 0.462000 0.888000 0.449000 0.904000 0.442000 0.898000 0.456000 0.882000
6 0.526000 0.971000 0.521000 0.978000 0.505000 0.968000 0.510000 0.961000
4 0.524000 0.983000 0.520000 0.990000 0.503000 0.980000 0.507000 0.973000
5 0.319000 0.014000 0.315638 0.006155 0.338690 -0.003724 0.342052 0.004121
5 0.877000 0.116000 0.861000 0.126000 0.857000 0.119000 0.873000 0.110000
5 0.892000 0.144000 0.874000 0.160000 0.868000 0.153000 0.886000 0.137000
6 0.954000 0.218000 0.934000 0.217000 0.934000 0.209000 0.954000 0.210000
6 0.838000 0.217000 0.814000 0.217000 0.814000 0.207000 0.838000 0.208000
6 0.987000 0.470000 0.978000 0.470000 0.977000 0.452000 0.986000 0.452000
3 0.958000 0.454000 0.947000 0.468000 0.940000 0.462000 0.951000 0.448000
3 0.930000 0.454000 0.919000 0.467000 0.913000 0.462000 0.924000 0.449000
3 0.984000 0.508000 0.962000 0.508000 0.962000 0.500000 0.984000 0.500000
3 0.987000 0.516000 0.969000 0.516000 0.968000 0.509000 0.987000 0.509000
3 0.988000 0.525000 0.969000 0.525000 0.969000 0.518000 0.988000 0.518000
3 0.989000 0.534000 0.970000 0.534000 0.970000 0.527000 0.989000 0.527000
3 0.990000 0.544000 0.970000 0.544000 0.970000 0.536000 0.990000 0.536000
3 0.989000 0.553000 0.970000 0.554000 0.969000 0.546000 0.989000 0.546000
3 0.989000 0.563000 0.969000 0.563000 0.969000 0.555000 0.989000 0.555000
3 0.989000 0.571000 0.970000 0.571000 0.970000 0.564000 0.989000 0.564000
3 0.989000 0.581000 0.972000 0.580000 0.972000 0.573000 0.989000 0.573000
3 0.990000 0.590000 0.972000 0.590000 0.972000 0.582000 0.990000 0.582000
6 1.000000 0.757000 0.983000 0.757000 0.983000 0.750000 1.000000 0.750000
6 1.000000 0.766684 0.986633 0.765981 0.987000 0.759000 1.000000 0.759684
5 1.000000 0.795792 0.981000 0.795000 0.981376 0.785974 1.000000 0.786750
4 1.000000 0.817000 0.986000 0.817000 0.986000 0.810000 1.000000 0.810000
6 1.000000 0.827000 0.981000 0.827000 0.981000 0.820000 1.000000 0.820000
4 0.846000 0.648000 0.824000 0.648000 0.824000 0.640000 0.846000 0.641000
9 0.797000 0.659000 0.724000 0.659000 0.724000 0.610000 0.797000 0.610000
4 0.827000 0.782000 0.814000 0.794000 0.809000 0.789000 0.822000 0.776000
4 0.850000 0.785000 0.837000 0.798000 0.832000 0.793000 0.845000 0.780000
5 0.888000 0.784000 0.873000 0.801000 0.866000 0.795000 0.880000 0.778000
5 0.774000 0.996000 0.764000 0.996000 0.763000 0.976000 0.773000 0.976000
6 0.042000 0.105000 0.033000 0.105000 0.033000 0.088000 0.042000 0.088000
6 0.441000 0.354000 0.432000 0.354000 0.433000 0.338000 0.441000 0.339000
6 0.781000 0.251000 0.771000 0.251000 0.771000 0.233000 0.780000 0.233000
