19 0.191000 0.644000 0.237000 0.642000 0.235000 0.608000 0.189000 0.610000
19 0.324000 0.579000 0.361000 0.575000 0.357000 0.543000 0.321000 0.547000
19 0.803000 0.445000 0.848000 0.443000 0.847000 0.407000 0.802000 0.409000
19 0.733000 0.422000 0.696000 0.424000 0.697000 0.457000 0.735000 0.456000
19 0.656000 0.441000 0.664000 0.405000 0.631000 0.397000 0.623000 0.433000
19 0.733000 0.466000 0.687000 0.470000 0.689000 0.504000 0.736000 0.501000
19 0.719000 0.501000 0.695000 0.528000 0.714000 0.545000 0.737000 0.518000
19 0.736000 0.509000 0.738000 0.543000 0.771000 0.540000 0.768000 0.507000
19 0.561000 0.508000 0.598000 0.508000 0.597000 0.476000 0.560000 0.476000
19 0.527000 0.516000 0.530000 0.554000 0.562000 0.551000 0.559000 0.514000
19 0.483000 0.435000 0.445000 0.436000 0.447000 0.468000 0.484000 0.467000
19 0.489000 0.478000 0.443000 0.482000 0.445000 0.516000 0.492000 0.512000
19 0.320000 0.482000 0.357000 0.474000 0.350000 0.442000 0.314000 0.450000
19 0.278000 0.467000 0.241000 0.467000 0.241000 0.501000 0.278000 0.500000
19 0.144000 0.750000 0.141000 0.712000 0.109000 0.714000 0.112000 0.752000
19 0.286000 0.922000 0.247000 0.925000 0.249000 0.958000 0.288000 0.955000
19 0.462000 0.909000 0.424000 0.911000 0.427000 0.944000 0.465000 0.941000
26 0.690000 0.075000 0.760000 0.075000 0.760000 0.012000 0.690000 0.012000
26 0.908000 0.078000 0.952000 0.078000 0.952000 0.035000 0.908000 0.035000
26 0.895000 0.261000 0.938000 0.261000 0.938000 0.217000 0.895000 0.217000
