9 0.426000 0.947000 0.379000 0.962000 0.367000 0.922000 0.414000 0.908000
9 0.673000 0.412000 0.626000 0.424000 0.611000 0.365000 0.658000 0.353000
9 0.296000 0.474000 0.244000 0.486000 0.230000 0.429000 0.281000 0.417000
4 0.821000 0.018000 0.799000 0.022000 0.798000 0.014000 0.820000 0.011000
4 0.822000 0.030000 0.804000 0.032000 0.803000 0.024000 0.821000 0.022000
5 0.440000 0.100000 0.413000 0.102000 0.413000 0.096000 0.440000 0.094000
4 0.786000 0.137000 0.771000 0.142000 0.768000 0.132000 0.783000 0.127000
4 0.785000 0.146000 0.774000 0.161000 0.767000 0.156000 0.776000 0.141000
6 0.770000 0.149000 0.759000 0.165000 0.752000 0.160000 0.763000 0.144000
4 0.755000 0.156000 0.742000 0.168000 0.736000 0.161000 0.749000 0.149000
5 0.694000 0.165000 0.676000 0.182000 0.667000 0.172000 0.685000 0.156000
4 0.659000 0.167000 0.648000 0.186000 0.639000 0.181000 0.649000 0.162000
4 0.644000 0.172000 0.631000 0.186000 0.622000 0.177000 0.636000 0.164000
4 0.224000 0.279000 0.216000 0.280000 0.213000 0.269000 0.221000 0.268000
3 0.412000 0.327000 0.386000 0.330000 0.386000 0.321000 0.411000 0.317000
4 0.491000 0.260000 0.473000 0.262000 0.472000 0.253000 0.491000 0.251000
4 0.362000 0.308000 0.354000 0.310000 0.351000 0.298000 0.358000 0.296000
6 0.354000 0.312000 0.345000 0.314000 0.341000 0.299000 0.351000 0.297000
6 0.086000 0.040000 0.073000 0.045000 0.066000 0.023000 0.080000 0.019000
6 0.157000 0.041000 0.148000 0.044000 0.143000 0.028000 0.152000 0.025000
4 0.186000 0.150000 0.178000 0.152000 0.172000 0.133000 0.181000 0.130000
4 0.193000 0.168000 0.184000 0.171000 0.179000 0.151000 0.187000 0.149000
6 0.817000 0.428000 0.806000 0.431000 0.802000 0.415000 0.813000 0.412000
3 0.181000 0.705000 0.176000 0.717000 0.139000 0.703000 0.143000 0.691000
4 0.193000 0.747000 0.184000 0.749000 0.180000 0.731000 0.189000 0.729000
5 0.182000 0.755000 0.169000 0.758000 0.163000 0.734000 0.176000 0.731000
5 0.265000 0.532000 0.253000 0.535000 0.247000 0.509000 0.258000 0.506000
4 0.277000 0.587000 0.266000 0.588000 0.264000 0.570000 0.275000 0.569000
6 0.321000 0.615000 0.308000 0.618000 0.304000 0.595000 0.317000 0.593000
4 0.476000 0.475000 0.469000 0.476000 0.467000 0.464000 0.474000 0.463000
6 0.499000 0.485000 0.482000 0.487000 0.481000 0.480000 0.499000 0.478000
4 0.436000 0.487000 0.413000 0.491000 0.412000 0.483000 0.434000 0.479000
4 0.437000 0.497000 0.416000 0.499000 0.415000 0.490000 0.437000 0.488000
4 0.439000 0.504000 0.418000 0.507000 0.416000 0.500000 0.437000 0.496000
5 0.446000 0.513000 0.424000 0.517000 0.423000 0.507000 0.446000 0.504000
5 0.517000 0.564000 0.491000 0.566000 0.490000 0.557000 0.516000 0.555000
4 0.485000 0.595000 0.464000 0.599000 0.461000 0.590000 0.483000 0.586000
6 0.500000 0.644000 0.478000 0.646000 0.476000 0.635000 0.499000 0.633000
4 0.704000 0.666000 0.695000 0.669000 0.688000 0.651000 0.697000 0.647000
4 0.649000 0.466000 0.639000 0.469000 0.634000 0.449000 0.644000 0.447000
5 0.662000 0.515000 0.650000 0.518000 0.643000 0.494000 0.655000 0.490000
4 0.733000 0.566000 0.724000 0.571000 0.715000 0.558000 0.724000 0.552000
4 0.927000 0.471000 0.904000 0.473000 0.903000 0.463000 0.927000 0.461000
6 0.999000 0.695000 0.998000 0.705000 0.984000 0.704000 0.985000 0.694000
4 0.916000 0.613000 0.895000 0.616000 0.894000 0.607000 0.914000 0.603000
4 0.918000 0.621000 0.899000 0.625000 0.897000 0.617000 0.917000 0.612000
6 0.930000 0.665000 0.912000 0.668000 0.911000 0.658000 0.929000 0.655000
4 0.936000 0.681000 0.912000 0.685000 0.910000 0.675000 0.934000 0.671000
4 0.917000 0.697000 0.894000 0.700000 0.893000 0.690000 0.915000 0.687000
4 0.918000 0.706000 0.897000 0.708000 0.896000 0.699000 0.917000 0.697000
4 0.923000 0.713000 0.901000 0.716000 0.900000 0.707000 0.922000 0.705000
4 0.926000 0.721000 0.904000 0.725000 0.902000 0.716000 0.924000 0.711000
4 0.931000 0.730000 0.908000 0.733000 0.907000 0.724000 0.930000 0.721000
5 0.934000 0.746000 0.917000 0.749000 0.916000 0.742000 0.933000 0.739000
4 0.936000 0.754000 0.914000 0.758000 0.912000 0.751000 0.935000 0.748000
4 0.939000 0.764000 0.915000 0.768000 0.914000 0.759000 0.938000 0.756000
6 0.938000 0.772000 0.919000 0.773000 0.919000 0.766000 0.938000 0.765000
6 0.941000 0.780000 0.921000 0.785000 0.919000 0.776000 0.939000 0.772000
6 0.946000 0.788000 0.924000 0.791000 0.923000 0.784000 0.944000 0.780000
4 0.944000 0.798000 0.925000 0.801000 0.924000 0.794000 0.942000 0.791000
4 0.945000 0.808000 0.930000 0.809000 0.929000 0.801000 0.944000 0.799000
4 0.948000 0.831000 0.930000 0.835000 0.927000 0.824000 0.946000 0.820000
4 0.927000 0.834000 0.902000 0.837000 0.901000 0.828000 0.925000 0.824000
3 0.583000 0.760000 0.556000 0.765000 0.554000 0.755000 0.581000 0.751000
6 0.572000 0.742000 0.550000 0.745000 0.549000 0.736000 0.570000 0.733000
4 0.496000 0.719000 0.475000 0.723000 0.473000 0.712000 0.494000 0.708000
6 0.523000 0.816000 0.500000 0.818000 0.498000 0.807000 0.521000 0.805000
6 0.544000 0.814000 0.521000 0.813000 0.521000 0.804000 0.544000 0.805000
4 0.742000 0.795000 0.731000 0.798000 0.726000 0.779000 0.737000 0.776000
4 0.746000 0.815000 0.737000 0.817000 0.733000 0.800000 0.742000 0.798000
4 0.909000 0.794000 0.888000 0.799000 0.886000 0.790000 0.907000 0.785000
4 0.909000 0.804000 0.887000 0.807000 0.886000 0.798000 0.907000 0.795000
4 0.875000 0.855000 0.852000 0.857000 0.852000 0.848000 0.873000 0.845000
6 0.861000 0.846000 0.840000 0.848000 0.839000 0.840000 0.860000 0.838000
4 0.831000 0.852000 0.807000 0.856000 0.806000 0.847000 0.829000 0.843000
6 0.646000 0.883000 0.624000 0.888000 0.622000 0.879000 0.644000 0.874000
6 0.619000 0.887000 0.598000 0.890000 0.596000 0.881000 0.618000 0.878000
4 0.500000 0.909000 0.480000 0.913000 0.478000 0.903000 0.498000 0.899000
4 0.479000 0.912000 0.455000 0.915000 0.454000 0.906000 0.478000 0.903000
