9 0.791667 0.925000 0.685000 0.925000 0.515000 0.868750 0.593750 0.868750
9 0.815000 0.526250 0.671667 0.527500 0.502500 0.466250 0.610000 0.463750
9 0.803333 0.642500 0.801667 0.746250 0.510000 0.745000 0.511250 0.642500
9 0.796667 0.247500 0.795000 0.327500 0.507500 0.325000 0.510000 0.246250
6 1.001667 0.308750 0.958333 0.307500 0.718750 0.300000 0.751250 0.300000
4 0.885000 0.278750 0.841667 0.278750 0.631250 0.268750 0.663750 0.268750
6 0.845000 0.225000 0.833333 0.247500 0.613750 0.242500 0.622500 0.221250
4 0.775000 0.966250 0.763333 0.966250 0.572500 0.948750 0.581250 0.948750
6 0.776667 0.937500 0.763333 0.937500 0.572500 0.917500 0.582500 0.917500
4 0.778333 0.870000 0.776667 0.887500 0.570000 0.887500 0.571250 0.870000
6 0.776667 0.855000 0.761667 0.855000 0.571250 0.833750 0.582500 0.833750
6 0.776667 0.830000 0.761667 0.830000 0.571250 0.807500 0.582500 0.807500
6 0.776667 0.780000 0.761667 0.780000 0.571250 0.758750 0.582500 0.758750
4 0.341667 0.950000 0.326667 0.950000 0.245000 0.925000 0.256250 0.925000
3 0.385000 0.901250 0.335000 0.901250 0.251250 0.887500 0.288750 0.888750
6 0.476667 0.855000 0.475000 0.865000 0.331250 0.861250 0.332500 0.851250
6 0.596667 0.676250 0.556667 0.676250 0.417500 0.668750 0.447500 0.668750
4 0.450000 0.728750 0.408333 0.730000 0.306250 0.721250 0.337500 0.720000
6 0.313333 0.728750 0.271667 0.728750 0.203750 0.720000 0.235000 0.720000
6 0.315000 0.676250 0.266667 0.676250 0.200000 0.665000 0.236250 0.665000
6 0.258333 0.675000 0.220000 0.673750 0.165000 0.666250 0.193750 0.666250
6 0.206667 0.675000 0.165000 0.676250 0.123750 0.666250 0.155000 0.666250
5 0.465000 0.550000 0.463333 0.573750 0.337500 0.573750 0.338750 0.550000
3 0.666667 0.502500 0.578333 0.503750 0.433750 0.488750 0.498750 0.488750
4 0.775000 0.607500 0.760000 0.607500 0.570000 0.583750 0.581250 0.583750
5 0.775000 0.576250 0.755000 0.575000 0.567500 0.547500 0.581250 0.547500
4 0.775000 0.470000 0.758333 0.470000 0.568750 0.446250 0.581250 0.446250
4 0.775000 0.421250 0.773333 0.443750 0.570000 0.443750 0.570000 0.421250
4 0.718333 0.480000 0.703333 0.480000 0.526250 0.458750 0.538750 0.457500
4 0.720000 0.431250 0.718333 0.450000 0.526250 0.448750 0.527500 0.431250
5 0.776667 0.373750 0.760000 0.373750 0.570000 0.347500 0.582500 0.347500
6 0.716667 0.347500 0.715000 0.368750 0.526250 0.368750 0.526250 0.347500
5 0.351667 0.482500 0.305000 0.485000 0.228750 0.473750 0.262500 0.471250
4 0.213333 0.425000 0.175000 0.423750 0.131250 0.412500 0.160000 0.413750
6 0.526667 0.356250 0.525000 0.377500 0.381250 0.377500 0.382500 0.355000
6 0.395000 0.307500 0.356667 0.307500 0.267500 0.300000 0.295000 0.298750
6 0.203333 0.305000 0.165000 0.306250 0.122500 0.297500 0.151250 0.296250
4 0.763333 0.116250 0.761667 0.138750 0.560000 0.138750 0.561250 0.115000
4 0.713333 0.127500 0.701667 0.128750 0.525000 0.108750 0.533750 0.108750
4 0.461667 0.180000 0.460000 0.203750 0.335000 0.202500 0.335000 0.178750
6 0.218333 0.205000 0.200000 0.205000 0.151250 0.183750 0.163750 0.185000
5 0.163333 0.121250 0.145000 0.121250 0.108750 0.095000 0.121250 0.095000
6 0.106667 0.275000 0.068333 0.276250 0.050000 0.268750 0.078750 0.267500
6 0.030000 0.581250 0.011667 0.581250 0.008750 0.561250 0.021250 0.561250
4 0.028333 0.605000 0.011667 0.605000 0.010000 0.583750 0.021250 0.583750
6 0.028333 0.632500 0.013333 0.632500 0.008750 0.612500 0.020000 0.611250
4 0.030000 0.797500 0.015000 0.797500 0.012500 0.778750 0.022500 0.778750
6 0.925000 0.558750 0.908333 0.558750 0.681250 0.536250 0.693750 0.536250
6 0.965000 0.561250 0.950000 0.562500 0.711250 0.542500 0.723750 0.541250
5 0.876667 0.597500 0.831667 0.597500 0.623750 0.588750 0.657500 0.588750
6 0.981667 0.675000 0.945000 0.676250 0.708750 0.667500 0.736250 0.667500
6 0.880000 0.723750 0.878333 0.732500 0.627500 0.731250 0.627500 0.723750
6 0.921667 0.732500 0.886667 0.731250 0.665000 0.723750 0.691250 0.725000
4 0.993333 0.733750 0.963333 0.733750 0.722500 0.725000 0.745000 0.725000
6 0.831667 0.786250 0.801667 0.793750 0.598750 0.786250 0.621250 0.778750
4 0.916667 0.875000 0.898333 0.891250 0.666250 0.885000 0.680000 0.870000
6 0.940000 0.878750 0.920000 0.893750 0.683750 0.887500 0.698750 0.872500
6 0.993333 0.895000 0.955000 0.895000 0.716250 0.885000 0.745000 0.885000
