17 0.901000 0.348000 0.940000 0.318000 0.913000 0.284000 0.875000 0.314000
17 0.989000 0.431000 0.960000 0.393000 0.926000 0.420000 0.955000 0.458000
17 0.946000 0.465000 0.916000 0.426000 0.882000 0.452000 0.912000 0.491000
19 0.907000 0.497000 0.880000 0.464000 0.845000 0.494000 0.873000 0.526000
19 0.864000 0.532000 0.839000 0.497000 0.805000 0.521000 0.830000 0.556000
17 0.825000 0.564000 0.795000 0.525000 0.759000 0.551000 0.789000 0.591000
19 0.734000 0.632000 0.716000 0.611000 0.697000 0.628000 0.715000 0.649000
19 0.697000 0.658000 0.673000 0.631000 0.645000 0.655000 0.669000 0.683000
17 0.946000 0.707000 0.916000 0.668000 0.880000 0.695000 0.910000 0.734000
17 0.840000 0.788000 0.810000 0.750000 0.776000 0.776000 0.806000 0.814000
19 0.573000 0.752000 0.548000 0.717000 0.511000 0.744000 0.536000 0.778000
20 0.640000 0.955000 0.593000 0.892000 0.535000 0.936000 0.582000 0.998000
