6 0.952500 0.566667 0.942500 0.568333 1.251667 0.546667 1.265000 0.545000
6 0.995000 0.335000 0.975000 0.338333 1.298333 0.326667 1.325000 0.325000
4 0.933750 0.346667 0.910000 0.350000 1.211667 0.336667 1.243333 0.333333
4 0.963750 0.340000 0.941250 0.346667 1.251667 0.333333 1.283333 0.328333
6 0.953750 0.395000 0.933750 0.398333 1.240000 0.385000 1.268333 0.380000
6 0.918750 0.398333 0.902500 0.401667 1.201667 0.390000 1.223333 0.386667
4 0.888750 0.405000 0.867500 0.408333 1.155000 0.395000 1.185000 0.393333
6 0.861250 0.410000 0.843750 0.411667 1.123333 0.400000 1.148333 0.398333
6 0.836250 0.413333 0.816250 0.416667 1.086667 0.405000 1.113333 0.401667
4 0.811250 0.415000 0.786250 0.418333 1.048333 0.406667 1.081667 0.403333
6 0.876250 0.355000 0.855000 0.358333 1.140000 0.346667 1.165000 0.343333
4 0.840000 0.363333 0.815000 0.366667 1.086667 0.353333 1.120000 0.351667
6 0.797500 0.370000 0.772500 0.373333 1.030000 0.360000 1.061667 0.356667
4 0.721250 0.268333 0.706250 0.286667 0.931667 0.275000 0.950000 0.256667
4 0.715000 0.250000 0.702500 0.266667 0.926667 0.258333 0.943333 0.241667
4 0.682500 0.210000 0.672500 0.211667 0.893333 0.185000 0.906667 0.183333
4 0.713750 0.211667 0.697500 0.231667 0.920000 0.223333 0.941667 0.201667
6 0.712500 0.190000 0.697500 0.210000 0.921667 0.200000 0.941667 0.180000
5 0.710000 0.171667 0.692500 0.193333 0.913333 0.183333 0.938333 0.161667
4 0.707500 0.151667 0.695000 0.168333 0.918333 0.160000 0.935000 0.141667
6 0.706250 0.135000 0.691250 0.151667 0.913333 0.141667 0.933333 0.126667
4 0.706250 0.116667 0.690000 0.135000 0.911667 0.125000 0.933333 0.106667
4 0.701250 0.095000 0.688750 0.111667 0.910000 0.103333 0.926667 0.086667
4 0.701250 0.073333 0.685000 0.095000 0.906667 0.086667 0.926667 0.065000
4 0.700000 0.058333 0.683750 0.073333 0.903333 0.061667 0.923333 0.046667
6 0.698750 0.036667 0.685000 0.051667 0.905000 0.041667 0.925000 0.028333
4 0.697500 0.018333 0.683750 0.036667 0.903333 0.026667 0.921667 0.010000
4 0.625000 0.126667 0.613750 0.128333 0.816667 0.105000 0.831667 0.103333
4 0.636250 0.090000 0.628750 0.090000 0.838333 0.076667 0.848333 0.076667
6 0.623750 0.088333 0.613750 0.088333 0.816667 0.066667 0.830000 0.065000
4 0.637500 0.051667 0.627500 0.051667 0.836667 0.030000 0.850000 0.030000
4 0.620000 0.050000 0.610000 0.050000 0.813333 0.026667 0.825000 0.026667
6 0.511250 0.020000 0.493750 0.038333 0.650000 0.026667 0.675000 0.008333
6 0.512500 0.038333 0.495000 0.056667 0.651667 0.046667 0.675000 0.028333
6 0.513750 0.058333 0.496250 0.076667 0.653333 0.065000 0.676667 0.048333
4 0.511250 0.083333 0.496250 0.098333 0.655000 0.088333 0.675000 0.073333
6 0.518750 0.096667 0.501250 0.118333 0.658333 0.108333 0.681667 0.085000
4 0.515000 0.145000 0.502500 0.161667 0.660000 0.151667 0.676667 0.135000
4 0.520000 0.166667 0.502500 0.181667 0.663333 0.171667 0.686667 0.156667
4 0.521250 0.185000 0.505000 0.203333 0.663333 0.193333 0.686667 0.175000
4 0.522500 0.206667 0.506250 0.225000 0.666667 0.215000 0.688333 0.196667
4 0.528750 0.225000 0.510000 0.240000 0.673333 0.231667 0.698333 0.215000
6 0.530000 0.245000 0.512500 0.265000 0.675000 0.255000 0.698333 0.235000
4 0.531250 0.265000 0.512500 0.285000 0.676667 0.275000 0.700000 0.255000
6 0.530000 0.286667 0.516250 0.305000 0.680000 0.296667 0.698333 0.278333
6 0.533750 0.306667 0.515000 0.328333 0.678333 0.318333 0.701667 0.296667
4 0.533750 0.330000 0.521250 0.346667 0.685000 0.338333 0.701667 0.320000
9 0.703750 0.451667 0.565000 0.485000 0.738333 0.408333 0.925000 0.375000
4 0.738750 0.603333 0.722500 0.621667 0.953333 0.611667 0.975000 0.593333
4 0.742500 0.621667 0.728750 0.638333 0.963333 0.628333 0.983333 0.611667
4 0.610000 0.481667 0.606250 0.511667 0.793333 0.510000 0.796667 0.480000
4 0.567500 0.686667 0.561250 0.700000 0.735000 0.693333 0.743333 0.680000
4 0.612500 0.720000 0.602500 0.721667 0.798333 0.695000 0.811667 0.691667
6 0.895000 0.978333 0.872500 0.980000 1.161667 0.968333 1.190000 0.965000
4 0.930000 0.915000 0.905000 0.918333 1.205000 0.905000 1.238333 0.900000
6 0.897500 0.920000 0.872500 0.923333 1.161667 0.910000 1.193333 0.905000
4 0.865000 0.983333 0.841250 0.986667 1.120000 0.975000 1.151667 0.970000
4 0.838750 0.933333 0.813750 0.933333 1.085000 0.918333 1.118333 0.918333
6 0.728750 0.930000 0.722500 0.941667 0.935000 0.921667 0.945000 0.910000
4 0.062500 0.560000 0.036250 0.565000 0.046667 0.551667 0.081667 0.546667
4 0.016250 0.465000 0.005000 0.468333 0.001667 0.441667 0.016667 0.438333
4 0.032500 0.466667 0.022500 0.470000 0.025000 0.441667 0.038333 0.438333
4 0.061250 0.455000 0.050000 0.458333 0.061667 0.428333 0.076667 0.425000
4 0.056250 0.423333 0.047500 0.425000 0.056667 0.396667 0.070000 0.395000
6 0.011250 0.435000 0.000000 0.436667 0.000000 0.405000 0.011667 0.405000
4 0.053750 0.390000 0.042500 0.391667 0.053333 0.373333 0.068333 0.371667
4 0.015000 0.125000 0.002500 0.128333 0.000000 0.111667 0.016667 0.108333
4 0.008750 0.105000 0.000000 0.106667 0.000000 0.078333 0.008333 0.078333
4 0.152500 0.491667 0.126250 0.496667 0.166667 0.481667 0.201667 0.476667
6 0.328750 0.511667 0.310000 0.516667 0.411667 0.505000 0.438333 0.500000
4 0.342500 0.456667 0.325000 0.463333 0.430000 0.451667 0.451667 0.445000
6 0.377500 0.453333 0.350000 0.458333 0.463333 0.445000 0.501667 0.440000
4 0.361250 0.510000 0.341250 0.513333 0.453333 0.500000 0.480000 0.496667
4 0.393750 0.503333 0.373750 0.506667 0.496667 0.495000 0.523333 0.491667
4 0.426250 0.500000 0.401250 0.501667 0.535000 0.490000 0.566667 0.488333
6 0.467500 0.490000 0.441250 0.493333 0.588333 0.480000 0.621667 0.478333
4 0.583750 0.876667 0.571250 0.890000 0.751667 0.878333 0.768333 0.865000
4 0.580000 0.851667 0.561250 0.871667 0.738333 0.861667 0.763333 0.841667
4 0.960000 0.908333 0.938750 0.913333 1.250000 0.900000 1.276667 0.893333
4 0.978750 0.961667 0.955000 0.965000 1.271667 0.953333 1.303333 0.950000
4 0.976250 0.998333 0.957500 1.000000 1.276667 0.990000 1.300000 0.986667
