4 0.676000 0.467000 0.668000 0.467000 0.668000 0.448000 0.676000 0.448000
6 0.690000 0.555000 0.681000 0.556000 0.678000 0.535000 0.686000 0.533000
5 0.808000 0.776000 0.798000 0.780000 0.788000 0.755000 0.798000 0.751000
7 0.820000 0.803000 0.809000 0.807000 0.800000 0.782000 0.811000 0.778000
4 0.750000 0.425000 0.749000 0.441000 0.741000 0.441000 0.743000 0.425000
4 0.902000 0.170000 0.890000 0.185000 0.884000 0.180000 0.896000 0.165000
4 0.940000 0.114000 0.930000 0.131000 0.924000 0.127000 0.934000 0.111000
4 0.972000 0.068000 0.964000 0.084000 0.956000 0.080000 0.964000 0.064000
6 0.984000 0.048000 0.975000 0.064000 0.968000 0.060000 0.977000 0.044000
4 0.996000 0.033000 0.987000 0.048000 0.981000 0.044000 0.990000 0.029000
4 0.913000 0.092000 0.904000 0.107000 0.896000 0.102000 0.905000 0.087000
4 0.772000 0.295000 0.763000 0.310000 0.755000 0.306000 0.764000 0.290000
4 0.759000 0.316000 0.748000 0.335000 0.739000 0.330000 0.750000 0.311000
6 0.861000 0.922000 0.842000 0.931000 0.839000 0.924000 0.857000 0.915000
4 0.905000 0.285000 0.901000 0.308000 0.891000 0.306000 0.895000 0.283000
4 0.916000 0.285000 0.912000 0.310000 0.902000 0.308000 0.906000 0.283000
6 0.950000 0.291000 0.948000 0.308000 0.938000 0.307000 0.941000 0.290000
6 0.999000 0.354000 0.994000 0.374000 0.985000 0.372000 0.990000 0.352000
6 0.986000 0.351000 0.985000 0.367000 0.975000 0.366000 0.976000 0.351000
4 0.954000 0.347000 0.951000 0.362000 0.942000 0.360000 0.945000 0.345000
4 0.906000 0.338000 0.905000 0.354000 0.897000 0.354000 0.898000 0.338000
4 0.973000 0.618000 0.952000 0.621000 0.951000 0.613000 0.972000 0.610000
5 0.978000 0.627000 0.959000 0.629000 0.958000 0.621000 0.977000 0.619000
6 0.983000 0.649000 0.960000 0.652000 0.959000 0.645000 0.982000 0.642000
4 0.981000 0.658000 0.966000 0.660000 0.965000 0.653000 0.980000 0.651000
4 0.988000 0.675000 0.967000 0.680000 0.965000 0.671000 0.986000 0.666000
4 0.992000 0.684000 0.970000 0.688000 0.969000 0.680000 0.991000 0.677000
5 0.993000 0.695000 0.971000 0.697000 0.970000 0.689000 0.992000 0.686000
4 0.258000 0.014000 0.240000 0.002000 0.245000 -0.003000 0.263000 0.008000
4 0.356000 0.103000 0.339000 0.115000 0.333000 0.107000 0.350000 0.095000
14 0.280000 0.768000 0.232000 0.771000 0.232000 0.688000 0.280000 0.687000
14 0.348000 0.769000 0.298000 0.772000 0.296000 0.687000 0.343000 0.686000
14 0.463000 0.765000 0.414000 0.765000 0.410000 0.685000 0.457000 0.684000
14 0.523000 0.762000 0.478000 0.763000 0.475000 0.684000 0.519000 0.682000
14 0.469000 0.928000 0.422000 0.930000 0.418000 0.847000 0.467000 0.846000
14 0.532000 0.925000 0.485000 0.928000 0.480000 0.846000 0.530000 0.846000
14 0.636000 0.923000 0.589000 0.924000 0.586000 0.842000 0.633000 0.841000
14 0.701000 0.921000 0.652000 0.923000 0.648000 0.842000 0.697000 0.840000
