6 0.011250 0.545000 0.001250 0.545000 0.001667 0.518333 0.015000 0.518333
6 0.027500 0.528333 0.026250 0.556667 0.020000 0.556667 0.020000 0.528333
4 0.063750 0.558333 0.061250 0.590000 0.065000 0.588333 0.068333 0.558333
4 0.106250 0.593333 0.103750 0.621667 0.123333 0.620000 0.126667 0.591667
4 0.120000 0.633333 0.108750 0.633333 0.145000 0.605000 0.160000 0.605000
4 0.137500 0.616667 0.135000 0.645000 0.163333 0.641667 0.168333 0.615000
5 0.150000 0.626667 0.148750 0.661667 0.181667 0.660000 0.185000 0.626667
6 0.167500 0.676667 0.155000 0.675000 0.206667 0.640000 0.223333 0.641667
6 0.181250 0.655000 0.178750 0.678333 0.226667 0.678333 0.230000 0.655000
4 0.197500 0.668333 0.196250 0.696667 0.248333 0.695000 0.248333 0.668333
6 0.211250 0.701667 0.201250 0.701667 0.268333 0.676667 0.281667 0.676667
6 0.228750 0.690000 0.227500 0.716667 0.290000 0.715000 0.290000 0.690000
6 0.245000 0.705000 0.243750 0.731667 0.311667 0.731667 0.311667 0.705000
6 0.260000 0.715000 0.258750 0.745000 0.331667 0.743333 0.331667 0.715000
6 0.273750 0.755000 0.263750 0.755000 0.351667 0.728333 0.365000 0.728333
6 0.290000 0.768333 0.278750 0.768333 0.373333 0.740000 0.386667 0.740000
6 0.303750 0.778333 0.293750 0.778333 0.391667 0.753333 0.405000 0.753333
6 0.318750 0.790000 0.307500 0.790000 0.411667 0.763333 0.425000 0.763333
6 0.335000 0.803333 0.325000 0.803333 0.431667 0.778333 0.445000 0.776667
6 0.351250 0.820000 0.341250 0.820000 0.455000 0.791667 0.468333 0.791667
6 0.368750 0.828333 0.357500 0.830000 0.475000 0.801667 0.490000 0.801667
6 0.381250 0.841667 0.370000 0.840000 0.495000 0.813333 0.508333 0.815000
6 0.397500 0.828333 0.395000 0.858333 0.511667 0.856667 0.515000 0.826667
6 0.412500 0.843333 0.410000 0.873333 0.531667 0.871667 0.535000 0.841667
4 0.428750 0.880000 0.417500 0.878333 0.558333 0.851667 0.571667 0.851667
4 0.446250 0.865000 0.445000 0.893333 0.576667 0.891667 0.578333 0.865000
6 0.461250 0.876667 0.457500 0.908333 0.596667 0.906667 0.600000 0.875000
6 0.475000 0.918333 0.463750 0.918333 0.618333 0.891667 0.633333 0.891667
6 0.495000 0.903333 0.493750 0.933333 0.641667 0.933333 0.643333 0.903333
4 0.643750 0.916667 0.631250 0.916667 0.840000 0.886667 0.856667 0.886667
5 0.660000 0.903333 0.647500 0.906667 0.860000 0.875000 0.875000 0.873333
4 0.672500 0.885000 0.663750 0.888333 0.878333 0.860000 0.890000 0.856667
4 0.685000 0.866667 0.675000 0.868333 0.896667 0.843333 0.910000 0.841667
5 0.701250 0.856667 0.687500 0.858333 0.913333 0.821667 0.931667 0.820000
6 0.713750 0.831667 0.702500 0.835000 0.930000 0.808333 0.945000 0.803333
6 0.725000 0.816667 0.715000 0.818333 0.948333 0.791667 0.963333 0.790000
6 0.757500 0.885000 0.736250 0.883333 0.981667 0.873333 1.010000 0.873333
6 0.783750 0.860000 0.762500 0.860000 1.015000 0.846667 1.045000 0.846667
4 0.738750 0.803333 0.728750 0.806667 0.966667 0.778333 0.980000 0.776667
4 0.751250 0.788333 0.741250 0.790000 0.985000 0.760000 0.998333 0.758333
5 0.766250 0.770000 0.756250 0.771667 1.003333 0.745000 1.016667 0.743333
6 0.795000 0.741667 0.782500 0.743333 1.036667 0.713333 1.053333 0.710000
6 0.833750 0.681667 0.822500 0.683333 1.093333 0.656667 1.106667 0.653333
6 0.822500 0.746667 0.806250 0.766667 1.065000 0.756667 1.085000 0.735000
6 0.862500 0.753333 0.860000 0.770000 1.113333 0.766667 1.115000 0.748333
6 0.877500 0.733333 0.876250 0.745000 1.135000 0.740000 1.136667 0.728333
6 0.888750 0.718333 0.886250 0.731667 1.151667 0.726667 1.153333 0.713333
6 0.902500 0.703333 0.900000 0.716667 1.168333 0.711667 1.171667 0.698333
6 0.910000 0.688333 0.908750 0.701667 1.180000 0.698333 1.181667 0.685000
4 0.841250 0.515000 0.826250 0.535000 1.090000 0.525000 1.110000 0.503333
6 0.981250 0.428333 0.965000 0.448333 1.278333 0.438333 1.300000 0.418333
5 0.985000 0.325000 0.965000 0.351667 1.276667 0.341667 1.303333 0.315000
4 0.860000 0.218333 0.842500 0.241667 1.113333 0.231667 1.136667 0.206667
4 0.828750 0.190000 0.812500 0.213333 1.073333 0.205000 1.095000 0.181667
6 0.780000 0.156667 0.766250 0.176667 1.008333 0.163333 1.028333 0.143333
6 0.661250 0.266667 0.642500 0.290000 0.846667 0.278333 0.870000 0.255000
6 0.511250 0.145000 0.497500 0.165000 0.653333 0.156667 0.673333 0.135000
