6 0.298750 0.313333 0.291250 0.315000 0.385000 0.293333 0.395000 0.291667
4 0.112500 0.501667 0.092500 0.506667 0.121667 0.491667 0.148333 0.488333
6 0.218750 0.786667 0.192500 0.786667 0.258333 0.776667 0.291667 0.776667
6 0.953750 0.215000 0.948750 0.240000 1.251667 0.235000 1.260000 0.211667
15 0.987500 0.655000 0.961250 0.728333 1.123333 0.688333 1.153333 0.613333
4 0.618750 0.818333 0.615000 0.846667 0.806667 0.845000 0.810000 0.816667
6 0.567500 0.913333 0.556250 0.913333 0.741667 0.885000 0.756667 0.885000
4 0.555000 0.910000 0.542500 0.908333 0.725000 0.883333 0.740000 0.883333
4 0.728750 0.921667 0.718750 0.920000 0.958333 0.893333 0.971667 0.893333
9 0.311250 0.168333 0.240000 0.171667 0.318333 0.073333 0.411667 0.071667
