4 0.081250 0.888333 0.071250 0.913333 0.083333 0.905000 0.096667 0.881667
4 0.167500 0.828333 0.156250 0.846667 0.196667 0.836667 0.213333 0.818333
6 0.396250 0.961667 0.392500 0.973333 0.488333 0.958333 0.493333 0.946667
4 0.368750 0.965000 0.363750 0.975000 0.451667 0.958333 0.456667 0.946667
6 0.401250 0.985000 0.396250 0.995000 0.491667 0.973333 0.498333 0.963333
6 0.266250 0.861667 0.257500 0.881667 0.331667 0.875000 0.341667 0.855000
4 0.296250 0.810000 0.282500 0.835000 0.363333 0.826667 0.381667 0.800000
6 0.071250 0.623333 0.058750 0.650000 0.065000 0.641667 0.081667 0.615000
4 0.028750 0.420000 0.013750 0.450000 0.006667 0.440000 0.025000 0.411667
6 0.056250 0.396667 0.042500 0.423333 0.045000 0.415000 0.063333 0.388333
4 0.136250 0.276667 0.122500 0.300000 0.153333 0.291667 0.170000 0.268333
4 0.243750 0.261667 0.227500 0.290000 0.290000 0.280000 0.311667 0.251667
4 0.211250 0.316667 0.198750 0.341667 0.251667 0.333333 0.268333 0.308333
6 0.143750 0.441667 0.132500 0.458333 0.166667 0.448333 0.181667 0.431667
6 0.018750 0.568333 0.015000 0.581667 0.000000 0.570000 0.000000 0.555000
4 0.122500 0.591667 0.118750 0.601667 0.128333 0.588333 0.133333 0.578333
4 0.221250 0.493333 0.205000 0.520000 0.260000 0.508333 0.283333 0.483333
4 0.310000 0.310000 0.295000 0.333333 0.381667 0.321667 0.401667 0.300000
6 0.191250 0.533333 0.175000 0.560000 0.221667 0.550000 0.243333 0.523333
6 0.376250 0.405000 0.361250 0.433333 0.466667 0.423333 0.488333 0.395000
6 0.390000 0.355000 0.378750 0.376667 0.493333 0.370000 0.508333 0.346667
6 0.506250 0.520000 0.496250 0.540000 0.650000 0.531667 0.661667 0.511667
4 0.445000 0.443333 0.432500 0.471667 0.565000 0.465000 0.581667 0.436667
5 0.583750 0.563333 0.571250 0.586667 0.748333 0.578333 0.765000 0.555000
6 0.470000 0.403333 0.458750 0.426667 0.601667 0.418333 0.616667 0.396667
5 0.481250 0.613333 0.470000 0.635000 0.611667 0.625000 0.626667 0.603333
6 0.281250 0.576667 0.266250 0.601667 0.345000 0.593333 0.365000 0.568333
6 0.196250 0.633333 0.192500 0.645000 0.223333 0.633333 0.228333 0.621667
6 0.231250 0.695000 0.226250 0.708333 0.266667 0.691667 0.271667 0.680000
4 0.283750 0.686667 0.280000 0.700000 0.338333 0.683333 0.343333 0.670000
6 0.371250 0.776667 0.366250 0.788333 0.455000 0.770000 0.461667 0.758333
4 0.406250 0.795000 0.401250 0.808333 0.506667 0.793333 0.513333 0.781667
4 0.635000 0.520000 0.623750 0.543333 0.821667 0.536667 0.836667 0.513333
6 0.653750 0.495000 0.638750 0.518333 0.840000 0.508333 0.860000 0.485000
6 0.750000 0.546667 0.736250 0.576667 0.968333 0.566667 0.986667 0.538333
6 0.731250 0.581667 0.720000 0.608333 0.943333 0.600000 0.958333 0.571667
6 0.681250 0.605000 0.662500 0.628333 0.873333 0.618333 0.898333 0.593333
4 0.673750 0.653333 0.660000 0.676667 0.870000 0.670000 0.890000 0.646667
4 0.653750 0.643333 0.635000 0.665000 0.838333 0.655000 0.861667 0.633333
4 0.631250 0.636667 0.627500 0.648333 0.803333 0.633333 0.808333 0.623333
6 0.810000 0.846667 0.806250 0.858333 1.035000 0.840000 1.041667 0.826667
4 0.810000 0.810000 0.806250 0.823333 1.040000 0.806667 1.045000 0.795000
6 0.701250 0.968333 0.696250 0.981667 0.896667 0.966667 0.901667 0.955000
4 0.907500 0.826667 0.895000 0.851667 1.180000 0.843333 1.198333 0.818333
4 0.963750 0.703333 0.950000 0.728333 1.256667 0.720000 1.273333 0.695000
5 0.970000 0.596667 0.967500 0.608333 1.255000 0.598333 1.260000 0.585000
4 0.962500 0.640000 0.958750 0.651667 1.240000 0.635000 1.246667 0.623333
6 0.950000 0.268333 0.948750 0.281667 1.230000 0.276667 1.233333 0.263333
6 0.966250 0.440000 0.963750 0.448333 1.256667 0.438333 1.260000 0.428333
6 0.848750 0.466667 0.835000 0.490000 1.103333 0.481667 1.121667 0.458333
6 0.826250 0.455000 0.811250 0.476667 1.070000 0.468333 1.090000 0.445000
6 0.635000 0.448333 0.631250 0.460000 0.803333 0.443333 0.808333 0.433333
4 0.753750 0.206667 0.750000 0.235000 0.985000 0.233333 0.990000 0.203333
4 0.598750 0.320000 0.587500 0.345000 0.771667 0.336667 0.786667 0.313333
4 0.595000 0.161667 0.592500 0.190000 0.775000 0.188333 0.780000 0.160000
6 0.595000 0.130000 0.593750 0.156667 0.780000 0.155000 0.781667 0.130000
4 0.623750 0.278333 0.611250 0.305000 0.801667 0.296667 0.818333 0.270000
4 0.535000 0.281667 0.521250 0.305000 0.683333 0.296667 0.701667 0.273333
6 0.546250 0.396667 0.542500 0.406667 0.686667 0.391667 0.690000 0.381667
4 0.453750 0.345000 0.448750 0.356667 0.563333 0.341667 0.570000 0.328333
6 0.381250 0.301667 0.376250 0.315000 0.471667 0.298333 0.478333 0.285000
4 0.292500 0.250000 0.287500 0.265000 0.348333 0.248333 0.355000 0.235000
4 0.316250 0.220000 0.311250 0.231667 0.385000 0.216667 0.390000 0.203333
4 0.275000 0.141667 0.263750 0.166667 0.338333 0.158333 0.353333 0.133333
6 0.240000 0.218333 0.237500 0.231667 0.278333 0.218333 0.283333 0.205000
6 0.207500 0.153333 0.203750 0.166667 0.231667 0.151667 0.236667 0.138333
4 0.146250 0.165000 0.142500 0.176667 0.156667 0.161667 0.163333 0.150000
4 0.098750 0.135000 0.095000 0.148333 0.093333 0.135000 0.098333 0.121667
6 0.072500 0.120000 0.068750 0.133333 0.058333 0.120000 0.063333 0.106667
4 0.021250 0.091667 0.017500 0.103333 0.000000 0.091667 0.000000 0.078333
4 0.112500 0.008333 0.111250 0.021667 0.115000 0.020000 0.115000 0.006667
6 0.286250 0.036667 0.258750 0.035000 0.345000 0.023333 0.381667 0.025000
4 0.477500 0.058333 0.445000 0.056667 0.593333 0.041667 0.636667 0.043333
6 0.722500 0.005000 0.720000 0.038333 0.945000 0.036667 0.946667 0.005000
4 0.798750 0.078333 0.771250 0.078333 1.028333 0.066667 1.065000 0.066667
6 0.808750 0.115000 0.782500 0.115000 1.045000 0.103333 1.078333 0.103333
4 0.891250 0.121667 0.890000 0.135000 1.151667 0.130000 1.153333 0.116667
4 0.903750 0.090000 0.901250 0.101667 1.163333 0.093333 1.165000 0.081667
4 0.922500 0.131667 0.920000 0.146667 1.193333 0.138333 1.196667 0.123333
6 0.442500 0.038333 0.441250 0.053333 0.548333 0.051667 0.550000 0.035000
6 0.256250 0.023333 0.255000 0.038333 0.303333 0.035000 0.305000 0.018333
6 0.975000 0.910000 0.967500 0.925000 1.261667 0.908333 1.270000 0.893333
6 1.000000 0.885000 0.995000 0.898333 1.286667 0.876667 1.293333 0.863333
6 0.648750 0.086667 0.647500 0.100000 0.826667 0.098333 0.826667 0.085000
6 0.735000 0.108333 0.708750 0.106667 0.945000 0.095000 0.980000 0.096667
