22 0.529000 0.163000 0.524000 0.139500 0.512500 0.142500 0.517500 0.165000
24 0.514000 0.155500 0.510500 0.139500 0.506500 0.139500 0.511000 0.156000
2 0.541000 0.172000 0.533500 0.143500 0.525000 0.144500 0.534500 0.173500
24 0.453500 0.022000 0.463500 0.034500 0.467000 0.031000 0.458000 0.018500
28 0.472500 0.155000 0.472500 0.134500 0.467000 0.134500 0.466500 0.154500
28 0.463500 0.100500 0.446000 0.098000 0.445500 0.105500 0.463000 0.106000
28 0.446500 0.097500 0.462000 0.098500 0.462000 0.096000 0.447000 0.094000
28 0.448000 0.093500 0.462500 0.094000 0.462500 0.092500 0.448000 0.090500
28 0.448500 0.127000 0.449500 0.107000 0.445000 0.107000 0.444000 0.127000
7 0.449000 0.175000 0.449500 0.163000 0.446500 0.163000 0.446500 0.175000
7 0.445500 0.173500 0.446500 0.163000 0.442500 0.163000 0.442000 0.173500
7 0.441500 0.172500 0.441500 0.163000 0.439000 0.163000 0.439000 0.172500
7 0.417000 0.181000 0.416000 0.169000 0.414000 0.169000 0.415000 0.181000
7 0.413000 0.181500 0.413500 0.169500 0.412000 0.169500 0.411500 0.181500
7 0.410500 0.182000 0.411000 0.168500 0.408500 0.168500 0.408000 0.181500
7 0.407500 0.181000 0.408500 0.168500 0.404500 0.168500 0.404000 0.181000
7 0.404000 0.180500 0.404000 0.168500 0.402000 0.168500 0.402000 0.180500
7 0.409500 0.157000 0.409500 0.167500 0.411500 0.167500 0.411500 0.157000
7 0.406500 0.156000 0.406500 0.168000 0.408500 0.168000 0.409000 0.156000
7 0.402500 0.156000 0.402500 0.167500 0.405000 0.167500 0.404500 0.156000
28 0.384000 0.177000 0.384000 0.159000 0.377500 0.159000 0.377500 0.177000
28 0.372500 0.156000 0.373000 0.175000 0.377500 0.175000 0.377000 0.156000
28 0.403500 0.131500 0.402500 0.152000 0.409000 0.152000 0.410000 0.131500
28 0.406500 0.107000 0.404000 0.127000 0.411000 0.127000 0.412500 0.108500
28 0.388000 0.106000 0.387500 0.126000 0.395000 0.126000 0.396000 0.106000
28 0.412500 0.081000 0.412500 0.101500 0.419000 0.102000 0.419500 0.081000
28 0.406500 0.081000 0.405000 0.101000 0.412500 0.101500 0.412500 0.081000
28 0.408000 0.054500 0.406500 0.077000 0.412500 0.077000 0.413000 0.055000
28 0.390000 0.078000 0.388500 0.102000 0.396000 0.102000 0.397500 0.079500
28 0.383500 0.077000 0.382000 0.102000 0.388000 0.102000 0.389500 0.077500
28 0.391000 0.052500 0.389000 0.077000 0.396000 0.077000 0.398000 0.053000
28 0.412500 0.043500 0.394000 0.042000 0.392500 0.047000 0.412500 0.047500
28 0.412500 0.048500 0.392500 0.047500 0.392000 0.052000 0.412500 0.053000
28 0.344500 0.004500 0.363000 0.006500 0.363500 0.001500 0.345500 -0.001000
28 0.387500 0.039500 0.391500 0.015500 0.385000 0.014500 0.381500 0.038500
28 0.359500 0.027500 0.361000 0.008500 0.358000 0.007000 0.356500 0.027000
28 0.363000 0.029500 0.365000 0.009000 0.362000 0.008500 0.360000 0.028000
28 0.366500 0.028000 0.370000 0.008500 0.366000 0.007000 0.364000 0.027500
28 0.372500 0.029500 0.374500 0.006000 0.370500 0.006000 0.367000 0.028000
28 0.355000 0.030500 0.353500 0.047500 0.357500 0.047500 0.359000 0.031000
28 0.359500 0.030500 0.359000 0.050000 0.363500 0.050500 0.364000 0.031000
28 0.365000 0.031000 0.364000 0.052000 0.370500 0.052000 0.371500 0.031000
28 0.371500 0.034000 0.371000 0.048000 0.375000 0.048500 0.375000 0.034500
28 0.361000 0.072500 0.362000 0.051000 0.356500 0.050500 0.354500 0.072500
28 0.366000 0.068500 0.366500 0.053000 0.362500 0.053000 0.362000 0.068500
28 0.354000 0.072500 0.354000 0.089500 0.360500 0.089500 0.360500 0.072500
28 0.361000 0.072000 0.360500 0.089000 0.364500 0.089500 0.365000 0.072500
28 0.354000 0.090000 0.354500 0.109000 0.361500 0.109000 0.361000 0.090000
28 0.365500 0.108500 0.365000 0.090500 0.361500 0.092000 0.362000 0.108500
28 0.338500 0.082000 0.338500 0.061000 0.334000 0.061000 0.334000 0.082000
28 0.335500 0.035000 0.335500 0.052500 0.339500 0.052500 0.339500 0.035000
28 0.340000 0.034500 0.340000 0.052500 0.345500 0.052500 0.345500 0.034500
7 0.347500 0.017500 0.347500 0.006500 0.345500 0.006500 0.345500 0.017500
7 0.345000 0.017000 0.345000 0.006500 0.342000 0.006500 0.342000 0.017000
7 0.341000 0.017500 0.342000 0.006500 0.339000 0.006500 0.338000 0.017500
2 0.635000 0.975500 0.721000 0.975500 0.721000 0.959000 0.635000 0.959000
18 0.914000 0.943500 0.940000 0.914500 0.934500 0.908500 0.908500 0.937500
9 0.798500 0.294000 0.808500 0.277000 0.827000 0.288500 0.817000 0.305500
9 0.964500 0.386000 0.975000 0.369000 0.994000 0.381000 0.984000 0.397500
9 0.905500 0.093500 0.915500 0.076500 0.934500 0.087500 0.924500 0.104500
