0 0.208333 0.005000 0.180000 0.126250 0.115000 0.123750 0.136250 0.001250
0 0.185000 0.207500 0.178333 0.212500 0.092500 0.183750 0.097500 0.177500
7 0.173333 0.190000 0.168333 0.196250 0.111250 0.186250 0.115000 0.180000
2 0.326667 0.530000 0.223333 0.595000 0.161250 0.587500 0.238750 0.522500
2 0.005431 0.762246 -0.010000 0.747500 0.091250 0.670000 0.102823 0.684746
2 0.001342 0.738942 -0.013333 0.725000 0.084999 0.649999 0.096006 0.663941
2 0.876667 0.328750 0.566667 0.530000 0.386250 0.487500 0.618750 0.285000
22 0.765000 0.455000 0.646667 0.533750 0.456250 0.501250 0.545000 0.422500
0 0.803333 0.453750 0.608333 0.600000 0.441250 0.585000 0.588750 0.440000
2 0.950000 1.000000 0.846112 1.000000 0.574726 0.986187 0.578750 0.968750
