1 0.131667 0.460000 0.123333 0.488750 0.006250 0.470000 0.012500 0.440000
28 0.335000 0.493750 0.333333 0.503750 0.211250 0.493750 0.212500 0.485000
28 0.398333 0.506250 0.396667 0.513750 0.258750 0.503750 0.260000 0.496250
28 0.396667 0.513750 0.395000 0.521250 0.255000 0.512500 0.256250 0.505000
28 0.393333 0.521250 0.391667 0.528750 0.252500 0.521250 0.255000 0.515000
28 0.393333 0.528750 0.391667 0.536250 0.248750 0.528750 0.250000 0.522500
28 0.390000 0.537500 0.386667 0.545000 0.250000 0.536250 0.251250 0.528750
28 0.390000 0.547500 0.386667 0.555000 0.250000 0.545000 0.251250 0.537500
28 0.386667 0.555000 0.385000 0.561250 0.248750 0.552500 0.250000 0.545000
28 0.381667 0.576250 0.380000 0.586250 0.241250 0.577500 0.241250 0.567500
28 0.386667 0.561250 0.383333 0.571250 0.247500 0.561250 0.248750 0.551250
28 0.381667 0.568750 0.378333 0.577500 0.243750 0.568750 0.247500 0.561250
28 0.475000 0.517500 0.471667 0.525000 0.312500 0.512500 0.315000 0.505000
28 0.468333 0.525000 0.461667 0.533750 0.306250 0.520000 0.308750 0.510000
28 0.475000 0.533750 0.448333 0.568750 0.326250 0.562500 0.348750 0.530000
28 0.506667 0.571250 0.498333 0.580000 0.345000 0.561250 0.351250 0.552500
28 0.510000 0.556250 0.508333 0.561250 0.352500 0.546250 0.353750 0.541250
28 0.506667 0.563750 0.500000 0.568750 0.346250 0.550000 0.351250 0.545000
28 0.516667 0.551250 0.511667 0.556250 0.355000 0.541250 0.356250 0.537500
28 0.525000 0.542500 0.521667 0.550000 0.358750 0.538750 0.361250 0.531250
28 0.530000 0.537500 0.525000 0.542500 0.362500 0.532500 0.363750 0.526250
28 0.531667 0.530000 0.530000 0.536250 0.362500 0.526250 0.365000 0.520000
28 0.546667 0.560000 0.535000 0.561250 0.400000 0.546250 0.407500 0.543750
28 0.565000 0.548750 0.560000 0.551250 0.410000 0.542500 0.415000 0.538750
28 0.575000 0.548750 0.568333 0.552500 0.412500 0.533750 0.420000 0.530000
28 0.596667 0.533750 0.595000 0.540000 0.416250 0.528750 0.418750 0.522500
28 0.590000 0.517500 0.540000 0.526250 0.402500 0.518750 0.440000 0.511250
28 0.443333 0.470000 0.435000 0.491250 0.316250 0.488750 0.321250 0.467500
28 0.421667 0.481250 0.391667 0.477500 0.295000 0.467500 0.316250 0.471250
28 0.498333 0.498750 0.455000 0.497500 0.341250 0.491250 0.373750 0.493750
28 0.546667 0.490000 0.545000 0.493750 0.381250 0.488750 0.381250 0.483750
28 0.545000 0.496250 0.543333 0.502500 0.377500 0.496250 0.378750 0.488750
28 0.543333 0.502500 0.540000 0.512500 0.372500 0.505000 0.375000 0.493750
28 0.660000 0.573750 0.598333 0.570000 0.450000 0.563750 0.495000 0.566250
28 0.660000 0.573750 0.658333 0.582500 0.447500 0.580000 0.448750 0.570000
7 0.746667 0.555000 0.745000 0.571250 0.551250 0.571250 0.553750 0.553750
28 0.728333 0.566250 0.726667 0.572500 0.506250 0.572500 0.506250 0.566250
2 0.845000 0.616250 0.835000 0.636250 0.522500 0.603750 0.528750 0.583750
2 0.871667 0.645000 0.861667 0.670000 0.512500 0.627500 0.520000 0.603750
28 0.933333 0.590000 0.911667 0.643750 0.672500 0.640000 0.688750 0.586250
28 0.953333 0.586250 0.930000 0.655000 0.685000 0.651250 0.701250 0.582500
28 0.966667 0.597500 0.948333 0.652500 0.701250 0.648750 0.712500 0.595000
28 0.975000 0.621250 0.961667 0.661250 0.710000 0.658750 0.720000 0.617500
28 0.503333 0.492500 0.455000 0.490000 0.342500 0.480000 0.377500 0.482500
9 0.376667 0.062500 0.356667 0.098750 0.212500 0.076250 0.226250 0.040000
