0 0.135500 0.014500 0.089000 -0.006500 0.084500 0.003500 0.131500 0.025000
0 0.150500 0.035000 0.218000 0.062500 0.223000 0.052000 0.154500 0.023500
24 0.168000 0.028000 0.174000 0.009000 0.168000 0.007500 0.162500 0.027000
24 0.210500 0.046500 0.217000 0.029000 0.209500 0.026000 0.202500 0.043000
28 0.267000 0.127000 0.279500 0.102000 0.275000 0.100000 0.262500 0.125000
28 0.271000 0.132500 0.283500 0.105500 0.278500 0.103000 0.266000 0.129500
28 0.275500 0.135000 0.288000 0.110000 0.283500 0.107500 0.271000 0.131500
28 0.464000 0.195000 0.431500 0.179000 0.428500 0.185000 0.460500 0.202000
28 0.598000 0.237500 0.626500 0.254000 0.629500 0.247500 0.601500 0.231500
28 0.667000 0.305500 0.680500 0.284000 0.675500 0.281500 0.662500 0.302000
28 0.668000 0.310000 0.676500 0.298500 0.673000 0.295500 0.665000 0.307500
28 0.674000 0.307500 0.681500 0.295500 0.678500 0.294000 0.671000 0.305500
28 0.682500 0.277000 0.697000 0.261000 0.694000 0.257500 0.679500 0.274500
22 0.687000 0.289500 0.715500 0.257000 0.706500 0.250000 0.678500 0.282500
22 0.720000 0.263500 0.701500 0.286000 0.711500 0.295000 0.730500 0.271500
28 0.721000 0.296500 0.740000 0.272500 0.733500 0.268000 0.715000 0.292000
28 0.737500 0.296500 0.748000 0.282500 0.744000 0.279000 0.732500 0.292000
28 0.745000 0.276000 0.740000 0.272500 0.726500 0.289500 0.731500 0.294000
28 0.676500 0.297500 0.683500 0.287000 0.680500 0.284000 0.673000 0.295500
26 0.063500 0.297500 0.063500 0.252000 0.106500 0.252000 0.106500 0.297500
