3 0.975000 0.240000 0.943000 0.254000 0.939000 0.246000 0.971000 0.232000
30 0.942000 0.290000 0.937624 0.279734 0.998624 0.253734 1.003000 0.264000
5 0.955000 0.262000 0.922000 0.277000 0.918000 0.268000 0.951000 0.253000
6 0.794000 0.319000 0.777000 0.327000 0.774000 0.321000 0.791000 0.312000
6 0.791000 0.334000 0.777000 0.341000 0.774000 0.336000 0.789000 0.329000
3 0.838000 0.364000 0.793000 0.383000 0.788000 0.374000 0.833000 0.354000
3 0.808000 0.360000 0.789000 0.368000 0.786000 0.361000 0.804000 0.353000
4 0.732000 0.361000 0.716000 0.368000 0.713000 0.361000 0.729000 0.354000
3 0.703000 0.346000 0.659000 0.365000 0.655000 0.356000 0.699000 0.336000
3 0.725000 0.400000 0.681000 0.420000 0.677000 0.410000 0.721000 0.390000
4 0.662000 0.379000 0.647000 0.387000 0.644000 0.381000 0.658000 0.373000
4 0.643000 0.421000 0.628000 0.428000 0.626000 0.422000 0.641000 0.415000
6 0.597000 0.404000 0.580000 0.412000 0.577000 0.405000 0.594000 0.397000
4 0.581000 0.425000 0.566000 0.432000 0.563000 0.426000 0.578000 0.419000
5 0.517000 0.442000 0.488000 0.455000 0.484000 0.445000 0.513000 0.433000
3 0.531000 0.469000 0.501000 0.483000 0.497000 0.474000 0.527000 0.460000
4 0.526000 0.499000 0.507000 0.507000 0.504000 0.501000 0.523000 0.492000
6 0.449000 0.456000 0.433000 0.462000 0.430000 0.456000 0.446000 0.450000
6 0.455000 0.482000 0.441000 0.489000 0.438000 0.483000 0.453000 0.476000
4 0.405000 0.493000 0.389000 0.501000 0.386000 0.494000 0.402000 0.486000
4 0.432000 0.492000 0.420000 0.498000 0.417000 0.492000 0.429000 0.486000
6 0.344000 0.514000 0.326000 0.523000 0.323000 0.517000 0.341000 0.508000
3 0.427000 0.517000 0.370000 0.543000 0.366000 0.534000 0.423000 0.508000
4 0.279000 0.559000 0.262000 0.567000 0.259000 0.560000 0.276000 0.553000
5 0.259000 0.554000 0.230000 0.567000 0.226000 0.559000 0.255000 0.546000
6 0.200000 0.565000 0.185000 0.572000 0.182000 0.566000 0.197000 0.559000
3 0.241000 0.627000 0.196000 0.647000 0.192000 0.637000 0.237000 0.617000
4 0.167000 0.608000 0.151000 0.615000 0.149000 0.609000 0.165000 0.602000
6 0.121000 0.599000 0.105000 0.607000 0.102000 0.601000 0.118000 0.593000
6 0.130000 0.610000 0.115000 0.618000 0.112000 0.612000 0.127000 0.604000
4 0.082000 0.647000 0.067000 0.655000 0.063000 0.647000 0.078000 0.639000
3 0.002000 0.667000 -0.001540 0.658802 0.042460 0.639802 0.046000 0.648000
4 0.056000 0.691000 0.039000 0.699000 0.036000 0.693000 0.053000 0.685000
6 0.001000 0.702000 -0.001157 0.697069 0.015000 0.690000 0.017157 0.694931
4 0.494429 1.000000 0.485857 1.000000 0.481935 0.993899 0.488000 0.990000
6 0.514000 0.994000 0.508000 0.998000 0.499000 0.986000 0.505000 0.982000
4 0.605000 1.002000 0.596000 0.988000 0.601357 0.984556 0.610357 0.998556
6 0.600000 0.982000 0.594000 0.985000 0.586000 0.973000 0.591000 0.970000
6 0.619000 0.991000 0.614000 0.994000 0.608000 0.984000 0.613000 0.981000
4 0.620000 0.975000 0.614000 0.979000 0.605000 0.966000 0.611000 0.962000
4 0.628000 0.970000 0.622000 0.974000 0.613000 0.961000 0.619000 0.957000
6 0.636000 0.984000 0.632000 0.987000 0.625000 0.977000 0.630000 0.974000
4 0.647000 0.981000 0.642000 0.985000 0.634000 0.973000 0.639000 0.969000
4 0.656000 0.978000 0.651000 0.981000 0.642000 0.968000 0.648000 0.965000
4 0.665000 0.973000 0.660000 0.977000 0.652000 0.965000 0.657000 0.962000
6 0.708000 1.000000 0.699857 1.000000 0.691965 0.989956 0.697000 0.986000
6 0.716000 0.994000 0.711000 0.998000 0.703000 0.988000 0.708000 0.984000
4 0.725000 0.993000 0.720000 0.997000 0.711000 0.983000 0.717000 0.980000
4 0.734000 0.989000 0.729000 0.993000 0.720000 0.980000 0.726000 0.977000
4 0.744000 0.985000 0.739000 0.989000 0.730000 0.976000 0.735000 0.972000
6 0.683000 0.965000 0.677000 0.968000 0.669000 0.955000 0.675000 0.952000
4 0.665000 0.956000 0.659000 0.959000 0.650000 0.945000 0.656000 0.941000
4 0.674000 0.951000 0.669000 0.955000 0.659000 0.941000 0.664000 0.937000
4 0.702000 0.957000 0.696000 0.962000 0.687000 0.948000 0.692000 0.944000
4 0.692000 0.943000 0.686000 0.947000 0.676000 0.933000 0.682000 0.929000
6 0.711000 0.953000 0.705000 0.956000 0.698000 0.945000 0.704000 0.942000
6 0.700000 0.940000 0.695000 0.943000 0.687000 0.929000 0.692000 0.926000
4 0.719000 0.950000 0.713000 0.954000 0.705000 0.941000 0.711000 0.937000
6 0.710000 0.935000 0.704000 0.938000 0.696000 0.926000 0.701000 0.922000
6 0.729000 0.945000 0.724000 0.949000 0.714000 0.936000 0.719000 0.932000
6 0.782000 0.939000 0.766000 0.947000 0.763000 0.941000 0.778000 0.933000
4 0.777000 0.932000 0.762000 0.940000 0.759000 0.934000 0.774000 0.926000
4 0.771000 0.925000 0.755000 0.933000 0.752000 0.926000 0.768000 0.919000
6 0.761000 0.910000 0.747000 0.917000 0.745000 0.911000 0.758000 0.905000
11 0.849000 0.009000 0.819000 0.023000 0.815000 0.015000 0.845000 0.000000
