8 0.807000 0.546000 0.687000 0.618000 0.508000 0.318000 0.628000 0.247000
16 0.837000 0.986000 0.808000 0.999000 0.804000 0.991000 0.833000 0.978000
11 0.998000 0.186000 0.972000 0.198000 0.968000 0.190000 0.994000 0.178000
11 0.999000 0.193000 0.979000 0.204000 0.976000 0.198000 0.995000 0.188000
6 0.844000 0.008000 0.826000 0.016000 0.825000 0.011000 0.841000 0.003000
6 0.811000 0.029000 0.799000 0.034000 0.796000 0.030000 0.810000 0.024000
6 0.801000 0.016000 0.788000 0.023000 0.785000 0.018000 0.797000 0.011000
6 0.801000 0.008000 0.786000 0.016000 0.782000 0.010000 0.797000 0.002000
6 0.796000 0.000000 0.780000 0.009000 0.776000 0.003000 0.782000 0.000000
6 0.758000 0.008000 0.743000 0.016000 0.740000 0.010000 0.756000 0.002000
6 0.792000 0.062000 0.777000 0.070000 0.774000 0.064000 0.789000 0.056000
6 0.801000 0.074000 0.784000 0.082000 0.781000 0.076000 0.796000 0.067000
6 0.803000 0.081000 0.789000 0.089000 0.786000 0.084000 0.801000 0.076000
6 0.808000 0.090000 0.793000 0.098000 0.790000 0.092000 0.805000 0.084000
3 0.577000 0.100000 0.570000 0.105000 0.553000 0.079000 0.561000 0.074000
3 0.254000 0.020000 0.207000 0.040000 0.203000 0.030000 0.250000 0.009000
6 0.072000 0.153000 0.057000 0.159000 0.055000 0.153000 0.070000 0.148000
11 0.045000 0.108000 0.026000 0.116000 0.023000 0.108000 0.043000 0.100000
11 0.039000 0.101000 0.022000 0.107000 0.019000 0.100000 0.036000 0.094000
6 0.028000 0.078000 0.009000 0.085000 0.006000 0.079000 0.025000 0.072000
6 0.022000 0.069000 0.001000 0.077000 0.000000 0.072000 0.020000 0.064000
11 0.015000 0.062000 0.000000 0.069000 0.000000 0.061000 0.012000 0.056000
6 0.010000 0.055000 0.000000 0.059000 0.000000 0.053000 0.008000 0.050000
3 0.106000 0.144000 0.100000 0.148000 0.084000 0.124000 0.091000 0.119000
3 0.129000 0.133000 0.120000 0.138000 0.105000 0.111000 0.113000 0.107000
3 0.103000 0.087000 0.091000 0.093000 0.069000 0.056000 0.080000 0.050000
6 0.087000 0.206000 0.086000 0.212000 0.065000 0.208000 0.066000 0.202000
6 0.186000 0.175000 0.180000 0.178000 0.173000 0.165000 0.179000 0.162000
6 0.140000 0.193000 0.135000 0.196000 0.128000 0.185000 0.133000 0.181000
6 0.547000 0.130000 0.530000 0.138000 0.526000 0.129000 0.544000 0.121000
6 0.538000 0.112000 0.526000 0.116000 0.524000 0.110000 0.536000 0.106000
6 0.818000 0.593000 0.811000 0.597000 0.802000 0.582000 0.809000 0.578000
6 0.857000 0.573000 0.854000 0.576000 0.846000 0.563000 0.851000 0.560000
6 0.871000 0.572000 0.864000 0.576000 0.855000 0.561000 0.862000 0.557000
6 0.890000 0.564000 0.882000 0.568000 0.874000 0.554000 0.882000 0.550000
6 0.906000 0.556000 0.900000 0.559000 0.890000 0.543000 0.897000 0.539000
4 0.915000 0.552000 0.910000 0.555000 0.901000 0.539000 0.905000 0.536000
6 0.925000 0.548000 0.917000 0.552000 0.908000 0.536000 0.915000 0.532000
11 0.932000 0.543000 0.928000 0.546000 0.919000 0.531000 0.924000 0.528000
6 0.943000 0.539000 0.936000 0.543000 0.928000 0.528000 0.934000 0.524000
6 0.953000 0.536000 0.945000 0.541000 0.936000 0.524000 0.943000 0.519000
6 0.962000 0.533000 0.956000 0.537000 0.945000 0.517000 0.952000 0.514000
6 0.970000 0.527000 0.964000 0.531000 0.956000 0.516000 0.961000 0.513000
6 0.594000 0.658000 0.588000 0.661000 0.580000 0.646000 0.585000 0.643000
6 0.614000 0.652000 0.607000 0.656000 0.597000 0.638000 0.604000 0.634000
6 0.623000 0.647000 0.616000 0.651000 0.606000 0.634000 0.613000 0.630000
6 0.631000 0.643000 0.625000 0.647000 0.616000 0.631000 0.623000 0.628000
4 0.661000 0.631000 0.653000 0.636000 0.643000 0.618000 0.652000 0.613000
6 0.670000 0.628000 0.664000 0.631000 0.655000 0.615000 0.661000 0.611000
6 0.762000 1.000000 0.751000 1.000000 0.748000 0.997000 0.752000 0.991000
4 0.811000 0.984000 0.807000 0.989000 0.795000 0.976000 0.800000 0.971000
6 0.829000 0.975000 0.824000 0.979000 0.814000 0.969000 0.819000 0.965000
6 0.820000 0.979000 0.814000 0.984000 0.803000 0.973000 0.809000 0.968000
6 0.838000 0.971000 0.833000 0.976000 0.823000 0.965000 0.826000 0.960000
6 0.802000 0.989000 0.797000 0.993000 0.790000 0.982000 0.794000 0.979000
6 0.846000 0.968000 0.841000 0.971000 0.834000 0.960000 0.839000 0.957000
6 0.865000 0.953000 0.848000 0.959000 0.846000 0.953000 0.863000 0.947000
4 0.046000 1.005000 0.042000 0.997000 0.063000 0.986000 0.068000 0.994000
6 0.052000 0.974000 0.039000 0.980000 0.036000 0.974000 0.049000 0.968000
6 0.043000 0.960000 0.038000 0.963000 0.029000 0.948000 0.034000 0.945000
