6 0.189000 0.919000 0.179000 0.922000 0.173000 0.904000 0.182000 0.900000
6 0.138000 0.826000 0.128000 0.829000 0.121000 0.807000 0.132000 0.804000
4 0.147000 0.813000 0.139000 0.816000 0.133000 0.799000 0.141000 0.796000
6 0.117000 0.721000 0.109000 0.724000 0.102000 0.706000 0.110000 0.702000
4 0.021000 0.610000 0.012000 0.613000 0.007000 0.596000 0.015000 0.593000
4 0.061000 0.590000 0.052000 0.592000 0.046000 0.572000 0.055000 0.569000
6 0.020000 0.231000 0.000000 0.232000 0.000000 0.223000 0.019000 0.222000
6 0.024000 0.240000 0.000000 0.244000 -0.001000 0.235000 0.023000 0.232000
6 0.026000 0.148000 0.006000 0.150000 0.006000 0.143000 0.025000 0.141000
6 0.618000 0.675000 0.608000 0.678000 0.601000 0.659000 0.611000 0.655000
6 0.679000 0.706000 0.669000 0.709000 0.664000 0.693000 0.674000 0.690000
6 0.841000 0.631000 0.830000 0.635000 0.824000 0.618000 0.835000 0.615000
4 0.892000 0.754000 0.873000 0.758000 0.872000 0.750000 0.891000 0.746000
4 0.902000 0.780000 0.884000 0.784000 0.883000 0.778000 0.901000 0.774000
4 0.906000 0.788000 0.888000 0.793000 0.887000 0.786000 0.905000 0.782000
4 0.913000 0.808000 0.894000 0.811000 0.893000 0.804000 0.912000 0.801000
4 0.919000 0.825000 0.900000 0.830000 0.898000 0.823000 0.918000 0.818000
6 0.968000 0.758000 0.949000 0.762000 0.947000 0.755000 0.966000 0.751000
6 0.975000 0.776000 0.953000 0.781000 0.952000 0.774000 0.973000 0.769000
4 0.980000 0.794000 0.961000 0.798000 0.960000 0.791000 0.979000 0.787000
6 0.986000 0.811000 0.966000 0.814000 0.965000 0.808000 0.985000 0.805000
6 0.545000 0.877000 0.525000 0.880000 0.524000 0.874000 0.544000 0.870000
4 0.557000 0.912000 0.540000 0.916000 0.538000 0.909000 0.556000 0.906000
6 0.560000 0.921000 0.541000 0.926000 0.539000 0.920000 0.558000 0.915000
6 0.563000 0.931000 0.543000 0.935000 0.541000 0.928000 0.561000 0.924000
6 0.571000 0.949000 0.553000 0.953000 0.551000 0.946000 0.569000 0.942000
6 0.573000 0.957000 0.555000 0.961000 0.554000 0.955000 0.572000 0.950000
6 0.578000 0.967000 0.557000 0.972000 0.556000 0.965000 0.576000 0.961000
4 0.581000 0.976000 0.561000 0.981000 0.559000 0.974000 0.579000 0.969000
4 0.582000 0.984000 0.561000 0.989000 0.559000 0.983000 0.581000 0.977000
4 0.582000 0.992000 0.563000 0.997000 0.562000 0.991000 0.580000 0.987000
6 0.626000 0.916000 0.604000 0.921000 0.602000 0.913000 0.624000 0.908000
6 0.635000 0.946000 0.615000 0.949000 0.614000 0.941000 0.634000 0.939000
6 0.646000 0.971000 0.627000 0.976000 0.625000 0.969000 0.644000 0.964000
6 0.650000 0.979000 0.628000 0.985000 0.626000 0.978000 0.648000 0.972000
6 0.653000 0.989000 0.633000 0.994000 0.631000 0.987000 0.652000 0.982000
