19 0.538571 0.447143 0.477143 0.451429 0.472857 0.387143 0.534286 0.382857
17 0.681429 0.431429 0.617143 0.435714 0.614286 0.371429 0.678571 0.368571
13 0.862857 0.368571 0.798571 0.424286 0.751429 0.370000 0.815714 0.314286
17 0.857143 0.144286 0.848571 0.208571 0.771429 0.198571 0.780000 0.134286
19 0.070000 0.712857 0.062857 0.777143 0.011429 0.772857 0.017143 0.707143
17 0.211429 0.775714 0.151429 0.810000 0.120000 0.757143 0.181429 0.721429
13 0.205714 0.858571 0.125714 0.871429 0.115714 0.807143 0.195714 0.794286
13 0.317143 0.812857 0.254286 0.820000 0.245714 0.747143 0.308571 0.738571
19 0.460000 0.671429 0.405714 0.707143 0.374286 0.657143 0.428571 0.621429
19 0.421429 0.702857 0.397143 0.761429 0.340000 0.738571 0.364286 0.678571
19 0.418571 0.815714 0.351429 0.820000 0.347143 0.757143 0.414286 0.752857
19 0.425714 0.890000 0.362857 0.894286 0.358571 0.830000 0.421429 0.825714
19 0.434286 0.962857 0.377143 0.964286 0.375714 0.902857 0.432857 0.901429
