2 0.547500 0.003500 0.610000 0.056000 0.618500 0.046000 0.555500 -0.006500
2 0.622500 0.066500 0.709000 0.138000 0.722500 0.121500 0.636500 0.050000
2 0.725000 0.151500 0.833500 0.243500 0.848000 0.226500 0.739500 0.134500
2 0.851500 0.257500 0.992000 0.376500 1.006500 0.359500 0.865500 0.241000
24 0.997000 0.591500 0.977500 0.584500 0.975500 0.590000 0.995000 0.597500
24 0.965000 0.676500 0.973000 0.654000 0.966500 0.651500 0.958500 0.674000
2 0.618000 0.611000 0.741000 0.656000 0.748000 0.636500 0.625000 0.592000
2 0.480000 0.559000 0.594500 0.601000 0.601000 0.583500 0.486000 0.541500
2 0.623500 0.811000 0.765500 0.844000 0.770500 0.821000 0.628500 0.788000
24 0.644500 0.790500 0.662500 0.795500 0.664500 0.788500 0.646500 0.783000
24 0.763000 0.824500 0.783500 0.824500 0.783500 0.816500 0.763000 0.816500
24 0.809000 0.857000 0.832500 0.860000 0.833500 0.850500 0.810500 0.847500
