4 0.117500 0.020000 0.116250 0.030000 0.126667 0.025000 0.130000 0.013333
4 0.130000 0.085000 0.106250 0.085000 0.141667 0.073333 0.173333 0.073333
6 0.117500 0.070000 0.103750 0.068333 0.138333 0.060000 0.156667 0.060000
4 0.181250 0.075000 0.180000 0.086667 0.205000 0.086667 0.205000 0.073333
4 0.098750 0.275000 0.088750 0.275000 0.118333 0.246667 0.131667 0.246667
4 0.098750 0.246667 0.090000 0.246667 0.120000 0.220000 0.131667 0.220000
4 0.100000 0.218333 0.090000 0.218333 0.120000 0.188333 0.133333 0.188333
4 0.012500 0.138333 0.002500 0.138333 0.000000 0.115000 0.015000 0.113333
6 0.063750 0.411667 0.053750 0.411667 0.070000 0.390000 0.083333 0.388333
6 0.101250 0.410000 0.091250 0.410000 0.120000 0.390000 0.133333 0.388333
4 0.032500 0.493333 0.021250 0.493333 0.026667 0.461667 0.043333 0.461667
4 0.076250 0.513333 0.051250 0.513333 0.068333 0.503333 0.101667 0.501667
4 0.080000 0.540000 0.053750 0.540000 0.071667 0.528333 0.106667 0.528333
4 0.081250 0.553333 0.055000 0.553333 0.073333 0.541667 0.108333 0.543333
6 0.138750 0.823333 0.127500 0.823333 0.168333 0.806667 0.183333 0.805000
4 0.137500 0.855000 0.128750 0.856667 0.170000 0.828333 0.181667 0.828333
4 0.122500 0.821667 0.121250 0.853333 0.148333 0.853333 0.150000 0.821667
4 0.096250 0.851667 0.086250 0.851667 0.115000 0.826667 0.128333 0.828333
4 0.138750 0.926667 0.113750 0.926667 0.151667 0.915000 0.185000 0.915000
4 0.138750 0.941667 0.113750 0.941667 0.151667 0.930000 0.185000 0.930000
4 0.146250 0.971667 0.121250 0.973333 0.161667 0.960000 0.195000 0.958333
4 0.151250 0.976667 0.150000 0.990000 0.165000 0.988333 0.166667 0.975000
4 0.300000 0.015000 0.290000 0.015000 0.386667 0.000000 0.400000 0.000000
4 0.300000 0.018333 0.298750 0.046667 0.385000 0.046667 0.386667 0.018333
6 0.301250 0.431667 0.300000 0.460000 0.385000 0.458333 0.385000 0.431667
6 0.301250 0.491667 0.290000 0.491667 0.386667 0.466667 0.400000 0.465000
6 0.300000 0.516667 0.290000 0.516667 0.386667 0.493333 0.400000 0.493333
4 0.301250 0.531667 0.300000 0.556667 0.385000 0.556667 0.386667 0.531667
4 0.297500 0.586667 0.287500 0.586667 0.383333 0.560000 0.396667 0.560000
6 0.298750 0.635000 0.290000 0.635000 0.386667 0.605000 0.398333 0.605000
6 0.300000 0.783333 0.288750 0.783333 0.383333 0.755000 0.400000 0.755000
6 0.301250 0.806667 0.300000 0.835000 0.383333 0.833333 0.385000 0.805000
4 0.300000 0.835000 0.298750 0.865000 0.385000 0.865000 0.386667 0.835000
4 0.363750 0.986667 0.353750 0.986667 0.470000 0.960000 0.483333 0.958333
4 0.363750 0.955000 0.352500 0.955000 0.471667 0.926667 0.485000 0.926667
4 0.362500 0.920000 0.352500 0.920000 0.470000 0.893333 0.483333 0.893333
6 0.365000 0.888333 0.353750 0.888333 0.470000 0.856667 0.486667 0.856667
4 0.363750 0.853333 0.352500 0.853333 0.470000 0.825000 0.485000 0.825000
4 0.361250 0.823333 0.350000 0.823333 0.466667 0.795000 0.481667 0.795000
4 0.363750 0.791667 0.352500 0.791667 0.470000 0.760000 0.485000 0.760000
6 0.365000 0.750000 0.355000 0.750000 0.471667 0.718333 0.486667 0.718333
6 0.365000 0.708333 0.352500 0.708333 0.470000 0.681667 0.485000 0.681667
6 0.363750 0.678333 0.353750 0.678333 0.471667 0.650000 0.485000 0.650000
4 0.362500 0.640000 0.352500 0.640000 0.468333 0.611667 0.483333 0.611667
4 0.365000 0.576667 0.363750 0.606667 0.468333 0.606667 0.470000 0.576667
5 0.363750 0.573333 0.350000 0.573333 0.465000 0.518333 0.483333 0.518333
6 0.363750 0.505000 0.353750 0.505000 0.471667 0.476667 0.485000 0.476667
4 0.365000 0.475000 0.353750 0.475000 0.471667 0.445000 0.485000 0.445000
4 0.363750 0.443333 0.353750 0.443333 0.470000 0.415000 0.485000 0.415000
4 0.365000 0.256667 0.352500 0.258333 0.468333 0.230000 0.485000 0.230000
4 0.366250 0.225000 0.353750 0.226667 0.470000 0.195000 0.485000 0.193333
4 0.363750 0.181667 0.352500 0.181667 0.470000 0.155000 0.485000 0.155000
4 0.363750 0.153333 0.352500 0.153333 0.470000 0.125000 0.485000 0.125000
21 1.000000 0.876667 0.760000 0.876667 1.013333 0.255000 1.333333 0.255000
