14 0.692500 0.175000 0.636250 0.293333 0.783333 0.265000 0.860000 0.143333
4 0.453750 0.416667 0.450000 0.426667 0.573333 0.415000 0.575000 0.406667
4 0.382500 0.371667 0.378750 0.383333 0.473333 0.370000 0.480000 0.358333
4 0.455000 0.323333 0.450000 0.336667 0.573333 0.325000 0.580000 0.311667
4 0.431250 0.310000 0.428750 0.320000 0.540000 0.305000 0.545000 0.295000
6 0.403750 0.291667 0.401250 0.303333 0.501667 0.290000 0.506667 0.278333
4 0.373750 0.275000 0.370000 0.286667 0.463333 0.273333 0.468333 0.261667
4 0.306250 0.233333 0.301250 0.245000 0.373333 0.230000 0.380000 0.218333
4 0.325000 0.311667 0.321250 0.321667 0.398333 0.306667 0.405000 0.296667
6 0.200000 0.448333 0.195000 0.461667 0.226667 0.446667 0.233333 0.433333
6 0.107500 0.445000 0.098750 0.471667 0.120000 0.465000 0.133333 0.440000
4 0.083750 0.435000 0.076250 0.455000 0.088333 0.450000 0.098333 0.428333
6 0.136250 0.410000 0.132500 0.423333 0.145000 0.411667 0.151667 0.396667
6 0.111250 0.396667 0.107500 0.410000 0.110000 0.395000 0.116667 0.381667
5 0.036250 0.383333 0.021250 0.415000 0.018333 0.408333 0.038333 0.376667
4 0.036250 0.311667 0.026250 0.335000 0.021667 0.326667 0.035000 0.303333
5 0.523750 0.928333 0.510000 0.950000 0.671667 0.941667 0.690000 0.921667
4 0.496250 0.890000 0.486250 0.911667 0.636667 0.903333 0.648333 0.881667
3 0.517500 0.851667 0.502500 0.885000 0.653333 0.875000 0.673333 0.841667
11 0.386250 0.928333 0.370000 0.961667 0.478333 0.951667 0.498333 0.918333
5 0.670000 0.816667 0.666250 0.826667 0.860000 0.815000 0.865000 0.805000
11 0.591250 0.690000 0.575000 0.725000 0.750000 0.715000 0.775000 0.680000
9 0.697500 0.460000 0.642500 0.581667 0.746667 0.516667 0.820000 0.393333
4 0.791250 0.525000 0.787500 0.535000 1.021667 0.523333 1.025000 0.511667
4 0.918750 0.603333 0.915000 0.613333 1.190000 0.598333 1.195000 0.588333
4 0.968750 0.631667 0.966250 0.641667 1.258333 0.630000 1.263333 0.620000
6 0.792500 0.468333 0.787500 0.481667 1.023333 0.466667 1.030000 0.453333
6 0.766250 0.456667 0.761250 0.468333 0.983333 0.451667 0.990000 0.440000
4 0.767500 0.323333 0.756250 0.351667 0.998333 0.345000 1.013333 0.318333
6 0.793750 0.270000 0.782500 0.296667 1.031667 0.290000 1.045000 0.265000
4 0.776250 0.101667 0.766250 0.125000 1.010000 0.118333 1.023333 0.095000
6 0.791250 0.070000 0.781250 0.096667 1.028333 0.088333 1.041667 0.063333
4 0.961250 0.125000 0.956250 0.135000 1.248333 0.121667 1.250000 0.111667
4 0.986250 0.138333 0.982500 0.148333 1.285000 0.136667 1.290000 0.126667
4 0.981250 0.316667 0.977500 0.325000 1.275000 0.308333 1.280000 0.298333
11 0.987500 0.341667 0.978750 0.356667 1.288333 0.345000 1.298333 0.330000
4 0.025000 0.105000 0.022500 0.115000 0.001667 0.105000 0.005000 0.095000
9 0.142500 0.090000 0.100000 0.195000 0.026667 0.138333 0.081667 0.033333
14 0.776250 0.000000 0.720838 0.120734 0.900000 0.083333 0.950995 0.000000
