5 0.063000 0.608000 0.053000 0.608000 0.052000 0.590000 0.062000 0.590000
4 0.075000 0.607000 0.066000 0.607000 0.066000 0.589000 0.075000 0.590000
5 0.167000 0.590000 0.156000 0.590000 0.157000 0.570000 0.167000 0.571000
5 0.447000 0.629000 0.436000 0.630000 0.434000 0.611000 0.445000 0.610000
5 0.633000 0.689000 0.632000 0.710000 0.621000 0.710000 0.622000 0.689000
4 0.548000 0.768000 0.538000 0.768000 0.537000 0.748000 0.547000 0.747000
4 0.216000 0.964000 0.208000 0.964000 0.208000 0.947000 0.216000 0.947000
4 0.337000 0.949000 0.336000 0.966000 0.327000 0.966000 0.328000 0.949000
7 0.157000 0.233000 0.152000 0.252000 0.142000 0.250000 0.148000 0.230000
4 0.526000 0.687000 0.515000 0.697000 0.509000 0.691000 0.521000 0.681000
8 1.000000 0.430600 0.898000 0.043000 0.963220 0.025837 1.000000 0.165600
