6 0.195000 0.963750 0.193333 0.977500 0.133750 0.976250 0.135000 0.962500
6 0.215000 0.961250 0.210000 0.980000 0.147500 0.977500 0.151250 0.958750
6 0.145000 0.957500 0.140000 0.971250 0.093750 0.968750 0.097500 0.955000
6 0.280000 0.270000 0.276667 0.278750 0.198750 0.275000 0.201250 0.266250
6 0.253333 0.260000 0.245000 0.273750 0.171250 0.268750 0.177500 0.255000
5 0.590000 0.755000 0.585000 0.766250 0.407500 0.758750 0.410000 0.747500
3 0.266667 0.786250 0.260000 0.811250 0.183750 0.808750 0.188750 0.785000
3 0.205000 0.762500 0.186667 0.800000 0.127500 0.796250 0.141250 0.757500
3 0.173333 0.761250 0.156667 0.796250 0.103750 0.792500 0.116250 0.756250
4 0.235000 0.965000 0.225000 0.985000 0.157500 0.981250 0.166250 0.961250
4 0.255000 0.966250 0.246667 0.988750 0.173750 0.986250 0.180000 0.963750
4 0.288333 0.971250 0.278333 0.995000 0.197500 0.991250 0.205000 0.968750
6 0.310000 0.973750 0.298333 0.998750 0.212500 0.996250 0.221250 0.970000
6 0.296667 0.950000 0.290000 0.968750 0.206250 0.966250 0.212500 0.947500
4 0.280000 0.946250 0.271667 0.968750 0.192500 0.966250 0.198750 0.943750
6 0.260000 0.943750 0.251667 0.963750 0.180000 0.960000 0.186250 0.941250
6 0.243333 0.941250 0.235000 0.962500 0.166250 0.958750 0.172500 0.938750
4 0.128333 0.946250 0.120000 0.968750 0.080000 0.966250 0.087500 0.943750
4 0.111667 0.945000 0.101667 0.963750 0.067500 0.961250 0.075000 0.942500
4 0.098333 0.942500 0.088333 0.963750 0.055000 0.960000 0.062500 0.937500
5 0.076667 0.938750 0.066667 0.965000 0.038750 0.961250 0.046250 0.935000
4 0.120000 0.921250 0.113333 0.943750 0.076250 0.941250 0.081250 0.920000
4 0.106667 0.917500 0.101667 0.938750 0.063750 0.937500 0.068750 0.915000
4 0.091667 0.915000 0.080000 0.937500 0.050000 0.933750 0.057500 0.911250
4 0.075000 0.913750 0.061667 0.935000 0.035000 0.930000 0.045000 0.908750
6 0.058333 0.936250 0.048333 0.956250 0.026250 0.952500 0.032500 0.932500
4 0.018333 0.980000 0.016667 1.000000 0.000000 1.000000 0.001250 0.980000
6 0.783333 0.946250 0.780000 0.956250 0.565000 0.952500 0.567500 0.942500
5 0.713333 0.895000 0.711667 0.903750 0.508750 0.901250 0.510000 0.892500
4 0.700000 0.942500 0.696667 0.951250 0.497500 0.946250 0.500000 0.936250
5 0.700000 0.955000 0.696667 0.967500 0.486250 0.957500 0.490000 0.946250
6 0.671667 0.986250 0.670000 0.996250 0.476250 0.992500 0.478750 0.982500
4 0.400000 0.900000 0.385000 0.917500 0.281250 0.912500 0.291250 0.895000
4 0.151667 0.617500 0.148333 0.633750 0.100000 0.631250 0.102500 0.616250
4 0.135000 0.618750 0.131667 0.635000 0.090000 0.633750 0.092500 0.617500
6 0.110000 0.672500 0.108333 0.681250 0.057500 0.677500 0.058750 0.668750
6 0.128333 0.755000 0.120000 0.771250 0.080000 0.767500 0.086250 0.751250
6 0.303333 0.720000 0.293333 0.747500 0.208750 0.743750 0.216250 0.716250
3 0.385000 0.700000 0.381667 0.716250 0.256250 0.710000 0.258750 0.695000
4 0.455000 0.600000 0.440000 0.621250 0.320000 0.616250 0.331250 0.595000
4 0.468333 0.576250 0.458333 0.597500 0.333750 0.593750 0.342500 0.572500
6 0.561667 0.607500 0.551667 0.627500 0.402500 0.622500 0.410000 0.602500
6 0.936667 0.696250 0.925000 0.702500 0.678750 0.682500 0.687500 0.676250
6 0.780000 0.465000 0.763333 0.465000 0.572500 0.431250 0.585000 0.431250
5 0.895000 0.407500 0.870000 0.408750 0.650000 0.368750 0.668750 0.367500
5 0.746667 0.362500 0.743333 0.372500 0.525000 0.363750 0.527500 0.353750
5 0.763333 0.293750 0.761667 0.305000 0.537500 0.301250 0.538750 0.290000
