6 0.976667 0.118750 0.935000 0.117500 0.701250 0.103750 0.732500 0.105000
5 0.918333 0.113750 0.876667 0.116250 0.656250 0.103750 0.687500 0.102500
4 0.940000 0.072500 0.938333 0.081250 0.673750 0.078750 0.675000 0.070000
5 0.836667 0.573750 0.835000 0.585000 0.590000 0.578750 0.591250 0.567500
11 0.646667 0.556250 0.643333 0.568750 0.452500 0.563750 0.453750 0.551250
11 0.513333 0.561250 0.466667 0.558750 0.350000 0.546250 0.385000 0.548750
6 0.628333 0.533750 0.621667 0.542500 0.446250 0.530000 0.451250 0.522500
4 0.545000 0.511250 0.540000 0.518750 0.382500 0.510000 0.385000 0.502500
4 0.450000 0.576250 0.448333 0.583750 0.313750 0.582500 0.313750 0.575000
4 0.401667 0.596250 0.361667 0.596250 0.272500 0.586250 0.301250 0.587500
4 0.788333 0.711250 0.750000 0.711250 0.562500 0.700000 0.591250 0.700000
4 0.616667 0.705000 0.578333 0.705000 0.433750 0.692500 0.462500 0.692500
4 0.231667 0.723750 0.200000 0.725000 0.150000 0.715000 0.173750 0.713750
4 0.160000 0.713750 0.128333 0.715000 0.096250 0.705000 0.120000 0.703750
10 0.665000 0.775000 0.608333 0.786250 0.451250 0.770000 0.493750 0.758750
6 0.765000 0.787500 0.730000 0.791250 0.546250 0.781250 0.572500 0.778750
6 0.761667 0.798750 0.731667 0.798750 0.547500 0.791250 0.571250 0.790000
4 0.751667 0.821250 0.740000 0.821250 0.555000 0.800000 0.563750 0.800000
4 0.666667 0.838750 0.663333 0.861250 0.488750 0.860000 0.490000 0.837500
4 0.601667 0.825000 0.575000 0.826250 0.431250 0.818750 0.451250 0.817500
6 0.673333 0.903750 0.660000 0.906250 0.490000 0.886250 0.498750 0.883750
5 0.728333 0.937500 0.701667 0.972500 0.516250 0.966250 0.536250 0.931250
