4 0.961000 0.472000 0.953000 0.473000 0.950000 0.456000 0.958000 0.454000
6 0.955000 0.448000 0.949000 0.448000 0.947000 0.433000 0.953000 0.432000
6 0.951000 0.429000 0.943000 0.431000 0.938000 0.413000 0.947000 0.411000
4 0.938000 0.387000 0.931000 0.388000 0.928000 0.373000 0.935000 0.372000
6 0.945000 0.407000 0.937000 0.409000 0.932000 0.390000 0.940000 0.388000
4 0.934000 0.369000 0.928000 0.371000 0.924000 0.355000 0.930000 0.353000
6 0.929000 0.348000 0.921000 0.350000 0.916000 0.332000 0.924000 0.330000
6 0.925000 0.326000 0.916000 0.329000 0.910000 0.309000 0.919000 0.306000
6 0.912000 0.285000 0.904000 0.287000 0.901000 0.269000 0.908000 0.268000
6 0.900000 0.248000 0.894000 0.250000 0.889000 0.233000 0.895000 0.231000
6 0.667000 0.202000 0.664000 0.220000 0.656000 0.219000 0.658000 0.201000
6 0.660000 0.127000 0.652000 0.129000 0.649000 0.110000 0.656000 0.108000
6 0.648000 0.095000 0.641000 0.097000 0.638000 0.077000 0.645000 0.076000
6 0.057000 0.127000 0.051000 0.128000 0.050000 0.113000 0.056000 0.112000
5 0.058000 0.148000 0.050000 0.148000 0.048000 0.130000 0.056000 0.129000
6 0.090000 0.137000 0.089000 0.153000 0.082000 0.152000 0.083000 0.136000
3 0.091000 0.190000 0.079000 0.190000 0.078000 0.164000 0.090000 0.164000
5 0.266000 0.281000 0.261000 0.289000 0.243000 0.276000 0.249000 0.268000
5 0.242000 0.281000 0.238000 0.289000 0.216000 0.276000 0.220000 0.268000
6 0.228000 0.287000 0.223000 0.295000 0.201000 0.282000 0.205000 0.274000
5 0.146000 0.306000 0.123000 0.316000 0.119000 0.307000 0.142000 0.297000
5 0.311000 0.510000 0.306000 0.512000 0.299000 0.497000 0.304000 0.495000
5 0.306000 0.523000 0.299000 0.525000 0.292000 0.500000 0.299000 0.498000
5 0.603000 0.861000 0.577000 0.862000 0.577000 0.855000 0.603000 0.854000
6 0.483000 0.855000 0.482000 0.873000 0.473000 0.873000 0.473000 0.854000
6 0.484000 0.842000 0.463000 0.843000 0.463000 0.833000 0.483000 0.833000
6 0.496000 0.873000 0.487000 0.874000 0.485000 0.851000 0.495000 0.850000
6 0.721000 0.626000 0.713000 0.626000 0.714000 0.609000 0.721000 0.609000
6 0.679000 0.688000 0.665000 0.688000 0.665000 0.683000 0.679000 0.682000
6 0.736000 0.672000 0.735000 0.692000 0.725000 0.692000 0.726000 0.672000
6 0.721000 0.672000 0.720000 0.692000 0.711000 0.691000 0.713000 0.671000
6 0.680000 0.691000 0.679000 0.696000 0.666000 0.696000 0.666000 0.690000
3 0.689000 0.637000 0.656000 0.636000 0.657000 0.625000 0.689000 0.627000
6 0.802000 0.697000 0.795000 0.697000 0.796000 0.681000 0.802000 0.681000
4 0.816000 0.683000 0.815000 0.699000 0.807000 0.699000 0.808000 0.682000
6 0.827000 0.699000 0.818000 0.699000 0.819000 0.683000 0.827000 0.683000
6 0.837000 0.685000 0.836000 0.701000 0.828000 0.700000 0.830000 0.684000
6 0.866000 0.688000 0.849000 0.688000 0.849000 0.683000 0.866000 0.682000
4 0.868000 0.692000 0.867000 0.700000 0.846000 0.699000 0.846000 0.691000
4 0.887000 0.687000 0.868000 0.688000 0.868000 0.682000 0.887000 0.682000
6 0.872000 0.711000 0.854000 0.711000 0.854000 0.704000 0.871000 0.704000
4 0.845000 0.721000 0.828000 0.722000 0.828000 0.713000 0.845000 0.713000
6 0.846000 0.712000 0.828000 0.711000 0.828000 0.704000 0.846000 0.705000
3 0.900000 0.702000 0.899000 0.712000 0.876000 0.711000 0.876000 0.702000
6 0.911000 0.697000 0.892000 0.697000 0.892000 0.691000 0.911000 0.691000
6 0.908000 0.689000 0.890000 0.689000 0.890000 0.681000 0.908000 0.681000
6 0.908000 0.756000 0.884000 0.755000 0.884000 0.748000 0.908000 0.749000
4 0.855000 0.756000 0.835000 0.755000 0.835000 0.748000 0.855000 0.748000
4 0.879000 0.787000 0.872000 0.788000 0.871000 0.772000 0.878000 0.771000
6 0.835000 0.776000 0.833000 0.791000 0.825000 0.790000 0.826000 0.775000
6 0.824000 0.788000 0.815000 0.788000 0.816000 0.774000 0.824000 0.775000
6 0.813000 0.788000 0.806000 0.788000 0.806000 0.774000 0.813000 0.774000
6 0.802000 0.775000 0.801000 0.789000 0.794000 0.788000 0.796000 0.774000
6 0.768000 0.804000 0.761000 0.804000 0.761000 0.791000 0.768000 0.792000
6 0.767000 0.816000 0.766000 0.829000 0.759000 0.828000 0.760000 0.815000
6 0.768000 0.814000 0.761000 0.814000 0.760000 0.805000 0.767000 0.805000
6 0.360000 0.345000 0.348000 0.344000 0.348000 0.339000 0.360000 0.339000
6 0.360000 0.356000 0.350000 0.356000 0.350000 0.351000 0.360000 0.351000
6 0.046000 0.890000 0.029000 0.889000 0.029000 0.882000 0.046000 0.883000
6 0.075000 0.888000 0.074000 0.905000 0.067000 0.904000 0.068000 0.888000
5 0.076000 0.885000 0.067000 0.885000 0.067000 0.865000 0.076000 0.865000
5 0.073000 0.863000 0.064000 0.863000 0.064000 0.845000 0.073000 0.846000
6 0.046000 0.899000 0.026000 0.899000 0.027000 0.892000 0.046000 0.893000
5 0.048000 0.908000 0.028000 0.908000 0.028000 0.901000 0.048000 0.901000
5 0.047000 0.918000 0.029000 0.917000 0.029000 0.911000 0.047000 0.911000
4 0.006000 0.892000 0.005000 0.913000 0.000000 0.913000 0.000000 0.892000
4 0.006000 0.884000 0.001000 0.884000 0.000000 0.865000 0.005000 0.865000
4 0.849000 0.090000 0.843000 0.092000 0.839000 0.075000 0.845000 0.074000
4 0.819000 0.093000 0.813000 0.095000 0.809000 0.080000 0.815000 0.079000
6 0.857000 0.110000 0.849000 0.113000 0.845000 0.095000 0.853000 0.092000
11 0.523000 0.522000 0.513000 0.522000 0.513000 0.498000 0.523000 0.497000
14 0.998000 0.134000 0.954000 0.145000 0.928000 0.067000 0.970000 0.057000
6 0.359000 0.014000 0.356000 0.007000 0.375000 -0.001000 0.378000 0.005000
