4 0.393000 0.826000 0.392000 0.835000 0.371000 0.832000 0.372000 0.823000
4 0.563000 0.835000 0.544000 0.835000 0.544000 0.827000 0.563000 0.827000
6 1.000000 0.012000 0.985000 0.008000 0.986000 0.002000 1.000000 0.006000
5 0.211000 0.589000 0.188000 0.588000 0.188000 0.579000 0.211000 0.580000
5 0.168000 0.576000 0.146000 0.577000 0.146000 0.569000 0.168000 0.569000
4 0.022000 0.713000 0.013000 0.714000 0.011000 0.695000 0.020000 0.695000
6 0.019000 0.664000 0.011000 0.664000 0.011000 0.649000 0.018000 0.649000
4 0.019000 0.627000 0.009000 0.628000 0.007000 0.611000 0.017000 0.611000
4 0.013000 0.566000 0.005000 0.566000 0.006000 0.550000 0.013000 0.550000
3 0.016000 0.542000 0.004000 0.542000 0.003000 0.507000 0.015000 0.507000
4 0.011000 0.501000 0.005000 0.501000 0.004000 0.487000 0.011000 0.487000
4 0.011000 0.483000 0.004000 0.484000 0.003000 0.469000 0.010000 0.469000
4 0.009000 0.463000 0.002000 0.463000 0.002000 0.449000 0.009000 0.449000
6 0.009000 0.446000 0.001000 0.447000 0.000000 0.427000 0.007000 0.427000
4 0.009000 0.424000 0.000000 0.425000 0.000000 0.401000 0.008000 0.401000
6 0.108000 0.633000 0.100000 0.633000 0.099000 0.620000 0.107000 0.620000
6 0.113000 0.705000 0.103000 0.705000 0.103000 0.685000 0.113000 0.685000
6 0.111000 0.682000 0.101000 0.682000 0.101000 0.661000 0.111000 0.661000
6 0.108000 0.615000 0.099000 0.616000 0.097000 0.595000 0.106000 0.594000
4 0.101000 0.539000 0.095000 0.540000 0.094000 0.526000 0.101000 0.525000
4 0.101000 0.518000 0.094000 0.518000 0.094000 0.503000 0.101000 0.503000
4 0.100000 0.499000 0.093000 0.499000 0.092000 0.483000 0.100000 0.483000
4 0.099000 0.481000 0.091000 0.481000 0.092000 0.466000 0.099000 0.466000
4 0.099000 0.444000 0.098000 0.457000 0.092000 0.457000 0.092000 0.444000
4 0.098000 0.436000 0.092000 0.436000 0.092000 0.421000 0.098000 0.421000
4 0.097000 0.418000 0.090000 0.418000 0.090000 0.402000 0.097000 0.402000
6 0.095000 0.378000 0.089000 0.378000 0.088000 0.365000 0.094000 0.365000
4 0.094000 0.360000 0.086000 0.360000 0.086000 0.343000 0.094000 0.343000
6 0.093000 0.320000 0.092000 0.337000 0.085000 0.337000 0.085000 0.320000
4 0.089000 0.277000 0.082000 0.277000 0.082000 0.262000 0.089000 0.262000
4 0.088000 0.259000 0.079000 0.259000 0.079000 0.242000 0.086000 0.242000
4 0.086000 0.237000 0.079000 0.237000 0.079000 0.221000 0.086000 0.221000
4 0.086000 0.214000 0.077000 0.214000 0.077000 0.197000 0.086000 0.197000
4 0.085000 0.193000 0.077000 0.194000 0.076000 0.177000 0.085000 0.177000
4 0.082000 0.134000 0.074000 0.134000 0.074000 0.114000 0.082000 0.114000
