6 0.696250 0.665000 0.685000 0.665000 0.915000 0.640000 0.928333 0.640000
6 0.715000 0.440000 0.701250 0.440000 0.933333 0.406667 0.951667 0.406667
6 0.700000 0.270000 0.685000 0.270000 0.915000 0.235000 0.933333 0.235000
4 0.438750 0.198333 0.411250 0.198333 0.548333 0.186667 0.585000 0.185000
6 0.438750 0.183333 0.411250 0.183333 0.548333 0.171667 0.585000 0.171667
4 0.033750 0.261667 0.023750 0.261667 0.031667 0.235000 0.045000 0.233333
6 0.071250 0.315000 0.062500 0.315000 0.081667 0.288333 0.093333 0.286667
4 0.075000 0.348333 0.065000 0.350000 0.086667 0.330000 0.100000 0.328333
6 0.033750 0.301667 0.022500 0.301667 0.030000 0.275000 0.043333 0.275000
6 0.035000 0.955000 0.021250 0.955000 0.030000 0.925000 0.046667 0.926667
4 0.071250 0.988333 0.061250 0.988333 0.081667 0.958333 0.095000 0.958333
4 0.071250 0.945000 0.061250 0.945000 0.080000 0.920000 0.093333 0.920000
4 0.036250 0.906667 0.023750 0.908333 0.030000 0.876667 0.046667 0.875000
6 0.035000 0.850000 0.022500 0.851667 0.030000 0.823333 0.045000 0.821667
6 0.446250 0.626667 0.407500 0.626667 0.543333 0.608333 0.595000 0.610000
6 0.426250 0.536667 0.401250 0.536667 0.535000 0.526667 0.568333 0.526667
4 0.697500 0.881667 0.681250 0.881667 0.906667 0.821667 0.928333 0.821667
6 0.260000 0.008333 0.232500 0.008333 0.310000 0.000000 0.346667 0.000000
