4 0.838750 0.691667 0.837500 0.703333 1.090000 0.701667 1.091667 0.690000
6 0.523750 0.718333 0.521250 0.726667 0.670000 0.718333 0.673333 0.708333
6 0.663750 0.843333 0.648750 0.858333 0.858333 0.848333 0.876667 0.833333
5 0.968750 0.475000 0.955000 0.475000 1.273333 0.438333 1.290000 0.438333
6 0.932500 0.440000 0.931250 0.473333 1.225000 0.473333 1.226667 0.440000
6 0.930000 0.555000 0.916250 0.555000 1.221667 0.525000 1.240000 0.525000
6 0.986250 0.943333 0.978750 0.951667 1.286667 0.931667 1.295000 0.923333
6 0.970000 0.920000 0.962500 0.928333 1.266667 0.908333 1.276667 0.900000
6 0.960000 0.741667 0.950000 0.741667 1.266667 0.715000 1.280000 0.715000
6 0.912500 0.758333 0.901250 0.756667 1.203333 0.728333 1.216667 0.730000
6 0.843750 0.901667 0.825000 0.918333 1.093333 0.906667 1.116667 0.891667
4 0.818750 0.923333 0.795000 0.941667 1.053333 0.930000 1.083333 0.910000
4 0.785000 0.945000 0.763750 0.961667 1.013333 0.951667 1.043333 0.936667
4 0.906250 0.923333 0.888750 0.936667 1.178333 0.926667 1.201667 0.911667
6 0.460000 0.083333 0.445000 0.083333 0.593333 0.073333 0.613333 0.073333
6 0.108750 0.078333 0.087500 0.095000 0.111667 0.085000 0.138333 0.068333
4 0.032500 0.093333 0.015000 0.108333 0.013333 0.100000 0.038333 0.085000
4 0.032500 0.023333 0.011250 0.043333 0.008333 0.033333 0.036667 0.013333
6 0.210000 0.230000 0.200000 0.238333 0.253333 0.215000 0.265000 0.206667
6 0.225000 0.218333 0.215000 0.228333 0.270000 0.205000 0.283333 0.195000
6 0.103750 0.686667 0.083750 0.710000 0.100000 0.696667 0.126667 0.673333
6 0.190000 0.768333 0.166250 0.790000 0.213333 0.776667 0.243333 0.755000
6 0.400000 0.523333 0.377500 0.546667 0.495000 0.538333 0.525000 0.513333
6 0.713750 0.031667 0.691250 0.053333 0.911667 0.041667 0.941667 0.018333
6 0.631250 0.145000 0.610000 0.168333 0.803333 0.156667 0.831667 0.133333
6 0.453750 0.326667 0.433750 0.345000 0.570000 0.333333 0.595000 0.313333
6 0.325000 0.421667 0.303750 0.443333 0.396667 0.435000 0.426667 0.411667
4 0.870000 0.326667 0.866250 0.336667 1.126667 0.321667 1.133333 0.310000
6 0.185000 0.166667 0.166250 0.185000 0.213333 0.173333 0.238333 0.155000
6 0.155000 0.125000 0.137500 0.138333 0.176667 0.128333 0.198333 0.113333
6 0.161250 0.140000 0.145000 0.153333 0.186667 0.145000 0.208333 0.130000
6 0.042500 0.155000 0.038750 0.161667 0.035000 0.145000 0.040000 0.138333
6 0.486250 0.963333 0.477500 0.973333 0.620000 0.953333 0.631667 0.943333
6 0.475000 0.975000 0.466250 0.985000 0.603333 0.961667 0.615000 0.953333
