4 0.023000 0.664000 0.002000 0.669000 0.000000 0.662000 0.021000 0.657000
6 0.026000 0.739000 0.011000 0.744000 0.009000 0.737000 0.024000 0.733000
6 0.016000 0.753000 0.000000 0.759000 -0.001000 0.753000 0.013000 0.747000
6 0.046000 0.759000 0.035000 0.764000 0.032000 0.758000 0.043000 0.754000
4 0.025000 0.769000 0.006000 0.778000 0.003000 0.771000 0.022000 0.762000
6 0.038000 0.783000 0.021000 0.791000 0.018000 0.784000 0.035000 0.776000
6 0.045000 0.790000 0.027000 0.798000 0.024000 0.791000 0.042000 0.783000
6 0.059000 0.778000 0.039000 0.784000 0.037000 0.776000 0.057000 0.770000
6 0.067000 0.786000 0.047000 0.793000 0.044000 0.785000 0.064000 0.777000
6 0.075000 0.795000 0.057000 0.804000 0.054000 0.797000 0.072000 0.788000
6 0.049000 0.798000 0.031000 0.806000 0.027000 0.799000 0.046000 0.790000
6 0.056000 0.806000 0.040000 0.813000 0.037000 0.807000 0.053000 0.799000
6 0.082000 0.804000 0.064000 0.810000 0.062000 0.804000 0.080000 0.798000
6 0.064000 0.811000 0.044000 0.820000 0.041000 0.814000 0.061000 0.805000
6 0.072000 0.819000 0.054000 0.826000 0.051000 0.820000 0.070000 0.812000
6 0.076000 0.826000 0.058000 0.834000 0.055000 0.827000 0.074000 0.820000
4 0.098000 0.816000 0.079000 0.826000 0.076000 0.820000 0.094000 0.809000
6 0.088000 0.834000 0.067000 0.842000 0.064000 0.834000 0.085000 0.826000
6 0.104000 0.825000 0.088000 0.832000 0.085000 0.824000 0.101000 0.817000
4 0.112000 0.832000 0.095000 0.840000 0.092000 0.833000 0.109000 0.825000
4 0.094000 0.840000 0.073000 0.849000 0.070000 0.842000 0.092000 0.833000
6 0.001000 0.842000 -0.001000 0.832000 0.023000 0.824000 0.026000 0.834000
4 0.311000 0.826000 0.290000 0.836000 0.286000 0.828000 0.308000 0.818000
6 0.830000 0.693000 0.823000 0.699000 0.812000 0.684000 0.820000 0.678000
14 0.617000 0.542000 0.572000 0.557000 0.537000 0.482000 0.580000 0.469000
6 0.065000 0.725000 0.049000 0.734000 0.045000 0.727000 0.060000 0.717000
