6 0.841250 0.563333 0.832500 0.595000 1.095000 0.590000 1.103333 0.558333
6 0.758750 0.005000 0.757500 0.016667 0.993333 0.015000 0.993333 0.003333
6 0.803750 0.720000 0.797500 0.745000 1.050000 0.741667 1.058333 0.716667
4 0.545000 0.806667 0.525000 0.806667 0.700000 0.795000 0.726667 0.795000
6 0.581250 0.810000 0.565000 0.810000 0.756667 0.798333 0.775000 0.800000
6 0.533750 0.846667 0.523750 0.848333 0.698333 0.825000 0.711667 0.825000
6 0.626250 0.868333 0.602500 0.868333 0.803333 0.856667 0.835000 0.855000
5 0.493750 0.106667 0.490000 0.140000 0.638333 0.138333 0.643333 0.105000
5 0.511250 0.248333 0.505000 0.283333 0.658333 0.280000 0.668333 0.243333
5 0.492500 0.253333 0.486250 0.293333 0.631667 0.290000 0.640000 0.250000
5 0.481250 0.228333 0.470000 0.261667 0.610000 0.255000 0.623333 0.221667
6 0.348750 0.955000 0.338750 0.956667 0.450000 0.928333 0.463333 0.926667
6 0.242500 0.863333 0.235000 0.886667 0.301667 0.881667 0.313333 0.858333
6 0.203750 0.898333 0.195000 0.903333 0.250000 0.881667 0.260000 0.876667
4 0.073750 0.965000 0.067500 0.973333 0.071667 0.951667 0.080000 0.945000
5 0.990000 0.726667 0.967500 0.726667 1.290000 0.715000 1.320000 0.713333
6 0.623750 0.665000 0.621250 0.676667 0.801667 0.668333 0.803333 0.658333
6 0.596250 0.658333 0.595000 0.671667 0.765000 0.665000 0.768333 0.651667
6 0.571250 0.651667 0.570000 0.665000 0.726667 0.658333 0.728333 0.645000
6 0.648750 0.601667 0.646250 0.613333 0.831667 0.605000 0.833333 0.593333
4 0.812500 0.558333 0.808750 0.585000 1.066667 0.583333 1.071667 0.555000
6 0.786250 0.551667 0.780000 0.575000 1.025000 0.570000 1.033333 0.546667
4 0.771250 0.543333 0.765000 0.571667 1.008333 0.568333 1.016667 0.540000
4 0.837500 0.513333 0.836250 0.525000 1.081667 0.518333 1.085000 0.506667
6 0.808750 0.520000 0.786250 0.511667 1.051667 0.500000 1.078333 0.508333
4 0.776250 0.421667 0.768750 0.445000 1.015000 0.440000 1.025000 0.418333
6 0.763750 0.420000 0.757500 0.445000 0.996667 0.441667 1.006667 0.416667
5 0.822500 0.353333 0.817500 0.365000 1.053333 0.343333 1.060000 0.331667
6 0.893750 0.230000 0.891250 0.241667 1.160000 0.235000 1.161667 0.223333
4 0.868750 0.226667 0.862500 0.236667 1.128333 0.218333 1.138333 0.210000
6 0.850000 0.208333 0.846250 0.218333 1.103333 0.213333 1.103333 0.201667
6 0.816250 0.181667 0.815000 0.191667 1.058333 0.191667 1.058333 0.180000
6 0.223750 0.076667 0.215000 0.118333 0.266667 0.113333 0.276667 0.070000
6 0.206250 0.075000 0.197500 0.118333 0.243333 0.113333 0.251667 0.070000
6 0.185000 0.073333 0.177500 0.115000 0.216667 0.110000 0.226667 0.066667
3 0.163750 0.078333 0.123750 0.115000 0.155000 0.101667 0.210000 0.065000
3 0.147500 0.073333 0.110000 0.108333 0.136667 0.095000 0.186667 0.060000
3 0.130000 0.065000 0.093750 0.103333 0.115000 0.090000 0.163333 0.051667
3 0.112500 0.060000 0.076250 0.100000 0.090000 0.086667 0.138333 0.046667
3 0.097500 0.055000 0.061250 0.093333 0.071667 0.080000 0.120000 0.041667
3 0.076250 0.051667 0.041250 0.090000 0.045000 0.076667 0.093333 0.038333
3 0.060000 0.046667 0.023750 0.088333 0.020000 0.075000 0.068333 0.033333
4 0.492500 0.641667 0.488750 0.666667 0.640000 0.665000 0.645000 0.638333
6 0.480000 0.608333 0.476250 0.635000 0.623333 0.631667 0.626667 0.605000
6 0.496250 0.535000 0.492500 0.563333 0.643333 0.561667 0.648333 0.533333
6 0.536250 0.520000 0.530000 0.548333 0.693333 0.545000 0.701667 0.516667
4 0.508750 0.466667 0.505000 0.493333 0.663333 0.490000 0.668333 0.465000
4 0.548750 0.463333 0.543750 0.485000 0.713333 0.481667 0.721667 0.460000
4 0.563750 0.388333 0.558750 0.413333 0.735000 0.410000 0.741667 0.385000
6 0.546250 0.290000 0.543750 0.316667 0.710000 0.313333 0.715000 0.286667
6 0.553750 0.260000 0.548750 0.283333 0.718333 0.280000 0.726667 0.256667
4 0.563750 0.198333 0.561250 0.225000 0.736667 0.223333 0.741667 0.195000
4 0.570000 0.170000 0.565000 0.193333 0.745000 0.191667 0.750000 0.168333
6 0.578750 0.143333 0.573750 0.168333 0.750000 0.163333 0.758333 0.138333
5 0.617500 0.146667 0.608750 0.146667 0.811667 0.120000 0.823333 0.120000
4 0.593750 0.065000 0.592500 0.081667 0.776667 0.081667 0.778333 0.065000
4 0.600000 0.035000 0.595000 0.063333 0.781667 0.060000 0.788333 0.031667
6 0.640000 0.016667 0.636250 0.041667 0.835000 0.038333 0.843333 0.011667
4 0.955000 0.870000 0.952500 0.881667 1.238333 0.871667 1.241667 0.860000
6 0.967500 0.830000 0.966250 0.840000 1.258333 0.835000 1.261667 0.825000
6 0.942500 0.823333 0.940000 0.835000 1.225000 0.828333 1.228333 0.816667
6 0.920000 0.816667 0.917500 0.828333 1.195000 0.821667 1.196667 0.810000
4 0.895000 0.810000 0.892500 0.820000 1.163333 0.815000 1.165000 0.805000
5 0.871250 0.771667 0.865000 0.808333 1.141667 0.805000 1.148333 0.768333
4 0.846250 0.808333 0.822500 0.803333 1.100000 0.791667 1.128333 0.796667
4 0.762500 0.781667 0.761250 0.791667 0.985000 0.786667 0.986667 0.775000
4 0.728750 0.815000 0.727500 0.828333 0.943333 0.825000 0.943333 0.813333
6 0.703750 0.813333 0.702500 0.823333 0.908333 0.821667 0.908333 0.810000
18 0.732500 0.773333 0.731250 0.785000 0.941667 0.781667 0.943333 0.770000
6 0.647500 0.805000 0.646250 0.816667 0.831667 0.815000 0.831667 0.803333
6 0.627500 0.771667 0.605000 0.771667 0.806667 0.760000 0.836667 0.760000
4 0.596250 0.771667 0.572500 0.771667 0.763333 0.758333 0.795000 0.760000
6 0.617500 0.801667 0.616250 0.813333 0.791667 0.810000 0.793333 0.798333
6 0.395000 0.760000 0.376250 0.761667 0.500000 0.751667 0.526667 0.750000
4 0.372500 0.763333 0.347500 0.765000 0.463333 0.755000 0.495000 0.753333
6 0.335000 0.770000 0.308750 0.773333 0.410000 0.760000 0.445000 0.756667
6 0.376250 0.805000 0.353750 0.805000 0.471667 0.793333 0.501667 0.791667
