6 0.493333 0.838750 0.466667 0.847500 0.345000 0.838750 0.365000 0.828750
6 0.466667 0.806250 0.443333 0.816250 0.327500 0.807500 0.345000 0.797500
6 0.330000 0.736250 0.316667 0.746250 0.220000 0.726250 0.230000 0.717500
4 0.226667 0.906250 0.215000 0.915000 0.146250 0.900000 0.153750 0.891250
4 0.208333 0.913750 0.196667 0.922500 0.128750 0.903750 0.137500 0.895000
4 0.973333 0.995000 0.961667 0.996250 0.720000 0.976250 0.728750 0.976250
4 0.941667 1.000000 0.923333 1.000000 0.686250 0.988750 0.696250 0.983750
4 0.945000 0.977500 0.931667 0.983750 0.686250 0.963750 0.697500 0.957500
4 0.956667 0.618750 0.945000 0.620000 0.705000 0.601250 0.715000 0.600000
6 0.976667 0.617500 0.961667 0.618750 0.718750 0.600000 0.730000 0.598750
4 0.995000 0.615000 0.980000 0.617500 0.731250 0.596250 0.742500 0.593750
4 1.000000 0.593750 0.993333 0.593750 0.738750 0.572500 0.750000 0.570000
4 0.988333 0.593750 0.975000 0.595000 0.728750 0.573750 0.738750 0.571250
6 0.970000 0.598750 0.956667 0.600000 0.713750 0.578750 0.725000 0.577500
4 0.951667 0.598750 0.936667 0.601250 0.697500 0.577500 0.708750 0.576250
6 0.940000 0.670000 0.921667 0.673750 0.686250 0.652500 0.700000 0.648750
6 0.920000 0.673750 0.905000 0.675000 0.675000 0.658750 0.686250 0.656250
4 0.875000 0.643750 0.841667 0.648750 0.630000 0.640000 0.655000 0.636250
4 0.886667 0.630000 0.850000 0.635000 0.635000 0.623750 0.662500 0.618750
4 0.878333 0.618750 0.848333 0.622500 0.633750 0.612500 0.657500 0.608750
5 0.873333 0.607500 0.828333 0.615000 0.620000 0.605000 0.653750 0.597500
5 0.865000 0.596250 0.820000 0.598750 0.615000 0.586250 0.647500 0.583750
4 0.851667 0.580000 0.815000 0.585000 0.608750 0.576250 0.636250 0.571250
5 0.846667 0.560000 0.805000 0.567500 0.601250 0.556250 0.632500 0.548750
5 0.828333 0.547500 0.785000 0.555000 0.587500 0.546250 0.620000 0.538750
4 0.556667 0.776250 0.525000 0.785000 0.390000 0.773750 0.413750 0.765000
4 0.596667 0.811250 0.563333 0.820000 0.420000 0.811250 0.445000 0.802500
4 0.608333 0.823750 0.575000 0.831250 0.428750 0.822500 0.452500 0.813750
6 0.610000 0.835000 0.581667 0.842500 0.433750 0.832500 0.455000 0.826250
6 0.706667 0.928750 0.681667 0.937500 0.507500 0.930000 0.527500 0.921250
4 0.621667 0.973750 0.586667 0.985000 0.436250 0.975000 0.462500 0.963750
6 0.595000 0.946250 0.563333 0.957500 0.418750 0.947500 0.441250 0.937500
4 0.558333 0.900000 0.525000 0.908750 0.390000 0.898750 0.415000 0.888750
4 0.546667 0.891250 0.515000 0.900000 0.383750 0.891250 0.406250 0.882500
4 0.536667 0.882500 0.508333 0.892500 0.376250 0.882500 0.397500 0.872500
4 0.530000 0.872500 0.498333 0.882500 0.368750 0.871250 0.392500 0.861250
4 0.511667 0.852500 0.483333 0.863750 0.356250 0.852500 0.378750 0.841250
4 0.486667 0.826250 0.456667 0.836250 0.338750 0.827500 0.360000 0.816250
