6 0.981000 0.054000 0.977000 0.048000 0.997000 0.035000 1.002000 0.042000
4 0.976000 0.054000 0.960000 0.064000 0.957000 0.059000 0.972000 0.048000
4 0.953000 0.067000 0.938000 0.076000 0.933000 0.068000 0.949000 0.059000
4 0.907000 0.089000 0.888000 0.100000 0.884000 0.093000 0.903000 0.083000
4 0.838000 0.124000 0.820000 0.133000 0.817000 0.126000 0.835000 0.117000
4 0.855000 0.141000 0.838000 0.149000 0.834000 0.141000 0.851000 0.134000
4 0.759000 0.164000 0.735000 0.174000 0.732000 0.167000 0.756000 0.156000
6 0.731000 0.189000 0.711000 0.199000 0.708000 0.193000 0.728000 0.184000
4 0.743000 0.195000 0.729000 0.201000 0.726000 0.195000 0.740000 0.189000
6 0.627000 0.227000 0.610000 0.236000 0.606000 0.229000 0.624000 0.221000
4 0.580000 0.250000 0.565000 0.259000 0.562000 0.253000 0.577000 0.244000
6 0.578000 0.264000 0.564000 0.272000 0.561000 0.266000 0.575000 0.258000
4 0.613000 0.305000 0.607000 0.310000 0.595000 0.297000 0.601000 0.291000
6 0.667000 0.311000 0.649000 0.319000 0.645000 0.312000 0.663000 0.303000
4 0.664000 0.371000 0.657000 0.375000 0.649000 0.360000 0.655000 0.357000
4 0.621000 0.386000 0.615000 0.390000 0.605000 0.375000 0.612000 0.371000
4 0.631000 0.404000 0.624000 0.407000 0.616000 0.390000 0.623000 0.387000
6 0.643000 0.400000 0.634000 0.404000 0.627000 0.389000 0.635000 0.385000
6 0.612000 0.391000 0.604000 0.395000 0.595000 0.381000 0.603000 0.376000
4 0.590000 0.394000 0.583000 0.400000 0.573000 0.386000 0.580000 0.380000
4 0.557000 0.408000 0.550000 0.411000 0.542000 0.395000 0.549000 0.391000
4 0.545000 0.409000 0.537000 0.414000 0.529000 0.398000 0.537000 0.394000
6 0.577000 0.419000 0.570000 0.423000 0.563000 0.409000 0.570000 0.406000
4 0.536000 0.435000 0.530000 0.439000 0.521000 0.426000 0.528000 0.422000
4 0.524000 0.438000 0.517000 0.442000 0.508000 0.426000 0.515000 0.422000
4 0.506000 0.424000 0.497000 0.430000 0.488000 0.415000 0.496000 0.410000
4 0.482000 0.432000 0.476000 0.436000 0.466000 0.420000 0.473000 0.417000
4 0.474000 0.438000 0.466000 0.442000 0.456000 0.426000 0.465000 0.421000
4 0.461000 0.458000 0.453000 0.463000 0.444000 0.448000 0.451000 0.443000
6 0.565000 0.329000 0.561000 0.334000 0.546000 0.321000 0.550000 0.316000
4 0.543000 0.339000 0.539000 0.343000 0.527000 0.331000 0.531000 0.327000
6 0.514000 0.352000 0.510000 0.357000 0.497000 0.345000 0.502000 0.340000
6 0.506000 0.357000 0.500000 0.362000 0.489000 0.350000 0.495000 0.345000
6 0.494000 0.361000 0.489000 0.366000 0.478000 0.354000 0.483000 0.349000
4 0.487000 0.370000 0.481000 0.375000 0.470000 0.360000 0.476000 0.355000
4 0.467000 0.378000 0.461000 0.383000 0.448000 0.368000 0.454000 0.363000
4 0.456000 0.383000 0.449000 0.388000 0.437000 0.372000 0.444000 0.367000
4 0.439000 0.392000 0.434000 0.397000 0.419000 0.382000 0.424000 0.377000
4 0.395000 0.342000 0.379000 0.350000 0.375000 0.342000 0.392000 0.334000
4 0.467000 0.307000 0.450000 0.316000 0.446000 0.308000 0.463000 0.299000
4 0.373000 0.354000 0.356000 0.362000 0.352000 0.353000 0.369000 0.345000
4 0.349000 0.365000 0.333000 0.373000 0.329000 0.366000 0.345000 0.358000
4 0.328000 0.376000 0.311000 0.384000 0.307000 0.377000 0.325000 0.368000
4 0.315000 0.338000 0.314000 0.343000 0.304000 0.340000 0.306000 0.335000
11 0.432000 0.421000 0.403000 0.431000 0.401000 0.425000 0.430000 0.415000
4 0.510000 0.250000 0.507000 0.257000 0.487000 0.248000 0.490000 0.241000
5 0.767000 0.096000 0.749000 0.108000 0.745000 0.101000 0.762000 0.089000
4 0.659000 0.096000 0.654000 0.101000 0.641000 0.086000 0.646000 0.082000
4 0.645000 0.100000 0.641000 0.104000 0.631000 0.091000 0.635000 0.087000
4 0.638000 0.106000 0.632000 0.112000 0.621000 0.099000 0.627000 0.094000
6 0.594000 0.129000 0.589000 0.133000 0.578000 0.121000 0.583000 0.116000
6 0.611000 0.473000 0.604000 0.478000 0.596000 0.465000 0.603000 0.461000
4 0.559000 0.473000 0.551000 0.478000 0.542000 0.460000 0.550000 0.456000
6 0.514000 0.484000 0.507000 0.488000 0.499000 0.474000 0.506000 0.470000
6 0.525000 0.505000 0.519000 0.508000 0.510000 0.493000 0.517000 0.489000
6 0.503000 0.509000 0.497000 0.513000 0.487000 0.499000 0.493000 0.494000
4 0.613000 0.519000 0.605000 0.524000 0.596000 0.507000 0.604000 0.503000
4 0.577000 0.549000 0.570000 0.553000 0.562000 0.538000 0.569000 0.534000
4 0.548000 0.561000 0.541000 0.564000 0.533000 0.549000 0.540000 0.546000
4 0.613000 0.584000 0.606000 0.588000 0.596000 0.572000 0.604000 0.567000
4 0.853000 0.616000 0.845000 0.620000 0.837000 0.604000 0.845000 0.600000
4 0.797000 0.613000 0.789000 0.617000 0.783000 0.602000 0.790000 0.598000
4 0.779000 0.621000 0.772000 0.626000 0.762000 0.611000 0.770000 0.606000
4 0.712000 0.642000 0.704000 0.645000 0.697000 0.628000 0.705000 0.625000
4 0.823000 0.653000 0.814000 0.657000 0.805000 0.640000 0.814000 0.635000
4 0.713000 0.688000 0.706000 0.691000 0.698000 0.676000 0.706000 0.672000
6 0.672000 0.726000 0.665000 0.729000 0.656000 0.712000 0.663000 0.708000
21 1.000000 0.389000 0.826000 0.476000 0.727000 0.278000 1.000000 0.141000
6 0.153000 0.381000 0.151000 0.387000 0.132000 0.381000 0.134000 0.375000
4 0.093000 0.408000 0.089000 0.416000 0.068000 0.406000 0.072000 0.399000
4 0.112000 0.448000 0.102000 0.449000 0.100000 0.434000 0.110000 0.433000
4 0.088000 0.462000 0.079000 0.464000 0.075000 0.444000 0.085000 0.442000
6 0.032000 0.474000 0.030000 0.491000 0.020000 0.490000 0.022000 0.473000
6 0.013000 0.454000 0.000000 0.448000 0.002000 0.441000 0.016000 0.447000
4 0.018000 0.495000 0.009000 0.496000 0.007000 0.478000 0.016000 0.477000
4 0.188000 0.443000 0.172000 0.453000 0.169000 0.447000 0.185000 0.437000
4 0.143000 0.467000 0.124000 0.476000 0.120000 0.469000 0.140000 0.460000
6 0.071000 0.501000 0.055000 0.510000 0.052000 0.504000 0.068000 0.495000
6 0.051000 0.511000 0.032000 0.521000 0.028000 0.514000 0.048000 0.504000
4 0.093000 0.567000 0.091000 0.572000 0.072000 0.564000 0.074000 0.559000
4 0.083000 0.573000 0.080000 0.579000 0.061000 0.570000 0.064000 0.565000
4 0.070000 0.578000 0.068000 0.583000 0.049000 0.576000 0.052000 0.570000
4 0.060000 0.584000 0.057000 0.589000 0.038000 0.580000 0.041000 0.575000
6 0.027000 0.601000 0.025000 0.607000 0.006000 0.599000 0.008000 0.593000
4 0.000000 0.713000 -0.001000 0.705000 0.016000 0.698000 0.018000 0.706000
4 0.037000 0.739000 0.017000 0.746000 0.015000 0.740000 0.035000 0.734000
6 0.045000 0.757000 0.027000 0.762000 0.026000 0.757000 0.044000 0.751000
4 0.057000 0.794000 0.041000 0.800000 0.039000 0.794000 0.055000 0.788000
4 0.073000 0.820000 0.054000 0.827000 0.051000 0.821000 0.070000 0.813000
4 0.085000 0.837000 0.065000 0.844000 0.063000 0.837000 0.083000 0.830000
4 0.092000 0.845000 0.070000 0.852000 0.068000 0.845000 0.089000 0.838000
6 0.028000 0.884000 0.008000 0.890000 0.006000 0.883000 0.027000 0.878000
4 0.050000 0.927000 0.030000 0.934000 0.027000 0.928000 0.047000 0.921000
4 0.150000 0.975000 0.130000 0.981000 0.129000 0.975000 0.148000 0.969000
30 0.428000 0.544000 0.416000 0.552000 0.381000 0.495000 0.393000 0.488000
4 0.363000 0.474000 0.345000 0.480000 0.342000 0.473000 0.360000 0.466000
6 0.606000 0.991000 0.600000 0.994000 0.590000 0.979000 0.596000 0.976000
6 0.730000 0.874000 0.722000 0.878000 0.711000 0.858000 0.719000 0.854000
3 0.742000 0.866000 0.731000 0.872000 0.719000 0.849000 0.730000 0.843000
6 0.946000 0.977000 0.926000 0.985000 0.924000 0.978000 0.943000 0.970000
4 1.000000 0.959000 0.981000 0.965000 0.978000 0.957000 1.000000 0.950000
11 0.765000 0.854000 0.759000 0.862000 0.743000 0.848000 0.749000 0.841000
16 0.188000 0.853000 0.143000 0.866000 0.139000 0.855000 0.185000 0.841000
5 0.278000 0.027000 0.277000 0.047000 0.267000 0.046000 0.269000 0.026000
5 0.275000 0.023000 0.266000 0.024000 0.264000 0.002000 0.274000 0.002000
3 0.055000 0.048000 0.049000 0.058000 0.021000 0.040000 0.026000 0.030000
5 0.394000 0.070000 0.410000 0.089000 0.403000 0.095000 0.387000 0.075000
3 0.357000 0.089000 0.371000 0.109000 0.363000 0.114000 0.349000 0.094000
