6 0.456250 0.526667 0.427500 0.526667 0.570000 0.515000 0.608333 0.515000
4 0.076250 0.540000 0.048750 0.540000 0.065000 0.528333 0.101667 0.528333
4 0.571250 0.526667 0.547500 0.525000 0.730000 0.511667 0.761667 0.513333
6 0.608750 0.523333 0.577500 0.523333 0.770000 0.510000 0.811667 0.510000
4 0.781250 0.516667 0.752500 0.516667 1.003333 0.505000 1.041667 0.503333
5 0.852500 0.513333 0.818750 0.513333 1.093333 0.500000 1.136667 0.501667
6 0.917500 0.378333 0.903750 0.378333 1.205000 0.351667 1.223333 0.351667
6 0.715000 0.046667 0.713750 0.085000 0.933333 0.085000 0.935000 0.046667
4 0.796250 0.145000 0.768750 0.146667 1.025000 0.135000 1.061667 0.133333
6 0.251250 0.258333 0.240000 0.260000 0.318333 0.233333 0.333333 0.233333
6 0.272500 0.256667 0.260000 0.258333 0.345000 0.228333 0.361667 0.226667
6 0.287500 0.263333 0.275000 0.263333 0.366667 0.236667 0.383333 0.236667
5 0.321250 0.265000 0.311250 0.268333 0.410000 0.238333 0.423333 0.235000
6 0.250000 0.035000 0.218750 0.038333 0.291667 0.028333 0.333333 0.025000
4 0.216250 0.040000 0.190000 0.045000 0.251667 0.033333 0.286667 0.028333
4 0.048750 0.695000 0.037500 0.696667 0.050000 0.661667 0.065000 0.661667
6 0.791250 0.660000 0.788750 0.690000 1.036667 0.688333 1.040000 0.658333
6 0.846250 0.705000 0.835000 0.706667 1.113333 0.678333 1.128333 0.678333
