6 0.878000 0.784000 0.877000 0.798000 0.870000 0.798000 0.870000 0.783000
4 0.903000 0.786000 0.902000 0.806000 0.893000 0.805000 0.894000 0.785000
4 0.915000 0.801000 0.905000 0.801000 0.905000 0.785000 0.915000 0.785000
6 0.936000 0.801000 0.929000 0.801000 0.929000 0.785000 0.936000 0.786000
6 0.994000 0.802000 0.986000 0.803000 0.985000 0.786000 0.994000 0.786000
6 0.900000 0.849000 0.893000 0.849000 0.893000 0.834000 0.900000 0.834000
4 0.912000 0.849000 0.904000 0.849000 0.904000 0.834000 0.911000 0.834000
4 0.935000 0.850000 0.927000 0.850000 0.927000 0.834000 0.935000 0.834000
4 0.958000 0.852000 0.950000 0.852000 0.949000 0.834000 0.958000 0.834000
4 0.971000 0.835000 0.970000 0.852000 0.962000 0.852000 0.962000 0.835000
6 0.982000 0.837000 0.981000 0.853000 0.973000 0.852000 0.973000 0.837000
14 0.501000 0.327000 0.500000 0.408000 0.450000 0.407000 0.451000 0.328000
14 0.572000 0.329000 0.570000 0.409000 0.520000 0.408000 0.523000 0.329000
14 0.643000 0.330000 0.641000 0.410000 0.591000 0.410000 0.594000 0.330000
14 0.497000 0.450000 0.495000 0.531000 0.446000 0.530000 0.448000 0.450000
14 0.568000 0.452000 0.567000 0.532000 0.517000 0.531000 0.519000 0.452000
14 0.640000 0.453000 0.638000 0.533000 0.588000 0.532000 0.590000 0.453000
14 0.749000 0.456000 0.746000 0.535000 0.696000 0.534000 0.699000 0.455000
14 0.820000 0.456000 0.817000 0.537000 0.768000 0.536000 0.770000 0.456000
14 0.891000 0.457000 0.888000 0.537000 0.838000 0.537000 0.841000 0.457000
14 0.752000 0.332000 0.750000 0.412000 0.701000 0.412000 0.703000 0.331000
14 0.823000 0.333000 0.821000 0.413000 0.772000 0.413000 0.774000 0.333000
14 0.894000 0.334000 0.892000 0.415000 0.842000 0.414000 0.845000 0.334000
