9 0.825000 0.731667 0.523750 0.760000 0.676667 0.453333 1.080000 0.426667
5 0.228750 0.331667 0.217500 0.333333 0.285000 0.300000 0.301667 0.298333
4 0.180000 0.333333 0.170000 0.335000 0.223333 0.308333 0.236667 0.308333
6 0.252500 0.138333 0.242500 0.138333 0.321667 0.111667 0.335000 0.110000
4 0.237500 0.138333 0.226250 0.140000 0.298333 0.115000 0.313333 0.113333
4 0.222500 0.136667 0.211250 0.138333 0.280000 0.110000 0.295000 0.110000
4 0.196250 0.096667 0.172500 0.096667 0.230000 0.085000 0.261667 0.085000
6 0.273750 0.058333 0.263750 0.060000 0.348333 0.035000 0.361667 0.035000
4 0.266250 0.016667 0.255000 0.018333 0.338333 0.000000 0.353333 0.000000
4 0.022500 0.025000 0.012500 0.026667 0.013333 0.005000 0.028333 0.003333
5 0.711250 0.275000 0.701250 0.276667 0.928333 0.243333 0.941667 0.241667
16 0.652500 0.486667 0.637500 0.488333 0.841667 0.418333 0.861667 0.416667
5 0.610000 0.488333 0.598750 0.490000 0.795000 0.456667 0.810000 0.455000
5 0.940000 0.736667 0.913750 0.736667 1.218333 0.723333 1.253333 0.725000
6 0.950000 0.701667 0.948750 0.713333 1.231667 0.710000 1.231667 0.698333
4 0.826250 0.708333 0.823750 0.718333 1.070000 0.711667 1.071667 0.701667
4 0.846250 0.683333 0.845000 0.695000 1.093333 0.690000 1.096667 0.678333
4 0.857500 0.601667 0.856250 0.613333 1.110000 0.608333 1.110000 0.598333
6 0.825000 0.586667 0.800000 0.585000 1.066667 0.573333 1.100000 0.575000
5 0.825000 0.613333 0.823750 0.630000 1.050000 0.625000 1.051667 0.608333
4 0.696250 0.578333 0.695000 0.590000 0.896667 0.586667 0.896667 0.576667
6 0.678750 0.548333 0.677500 0.561667 0.868333 0.558333 0.870000 0.546667
6 0.581250 0.565000 0.580000 0.576667 0.736667 0.573333 0.738333 0.561667
5 0.457500 0.541667 0.431250 0.540000 0.575000 0.526667 0.610000 0.528333
4 0.397500 0.563333 0.370000 0.561667 0.495000 0.550000 0.530000 0.551667
6 0.317500 0.546667 0.316250 0.558333 0.388333 0.556667 0.390000 0.545000
4 0.333750 0.535000 0.307500 0.531667 0.410000 0.521667 0.445000 0.523333
6 0.246250 0.530000 0.220000 0.528333 0.293333 0.516667 0.328333 0.518333
4 0.148750 0.531667 0.125000 0.531667 0.166667 0.520000 0.198333 0.520000
4 0.090000 0.553333 0.065000 0.553333 0.086667 0.541667 0.120000 0.541667
4 0.026250 0.528333 0.000000 0.526667 0.000000 0.516667 0.035000 0.516667
6 0.865000 0.970000 0.842500 0.971667 1.123333 0.961667 1.153333 0.960000
4 0.876250 0.936667 0.870000 0.945000 1.136667 0.926667 1.145000 0.918333
4 0.921250 0.883333 0.916250 0.893333 1.200000 0.876667 1.206667 0.866667
6 0.333750 0.640000 0.332500 0.650000 0.413333 0.646667 0.415000 0.635000
4 0.425000 0.660000 0.398750 0.658333 0.531667 0.646667 0.566667 0.648333
6 0.511250 0.671667 0.478750 0.666667 0.640000 0.653333 0.681667 0.658333
4 0.725000 0.690000 0.723750 0.701667 0.933333 0.698333 0.933333 0.686667
4 0.692500 0.828333 0.681250 0.830000 0.905000 0.801667 0.920000 0.800000
6 0.686250 0.781667 0.677500 0.783333 0.901667 0.756667 0.913333 0.755000
4 0.706250 0.785000 0.697500 0.785000 0.926667 0.760000 0.938333 0.760000
5 0.107500 0.958333 0.087500 0.958333 0.116667 0.948333 0.143333 0.946667
