6 0.478333 0.192500 0.470000 0.200000 0.333750 0.185000 0.340000 0.177500
4 0.470000 0.201250 0.461667 0.210000 0.326250 0.195000 0.332500 0.186250
6 0.456667 0.210000 0.446667 0.220000 0.316250 0.205000 0.323750 0.195000
4 0.445000 0.217500 0.438333 0.226250 0.308750 0.211250 0.313750 0.203750
4 0.436667 0.227500 0.428333 0.235000 0.302500 0.220000 0.308750 0.212500
6 0.418333 0.231250 0.411667 0.238750 0.292500 0.226250 0.297500 0.218750
6 0.410000 0.238750 0.401667 0.247500 0.281250 0.232500 0.287500 0.223750
4 0.400000 0.247500 0.391667 0.255000 0.276250 0.242500 0.282500 0.235000
4 0.385000 0.255000 0.376667 0.262500 0.266250 0.250000 0.272500 0.241250
4 0.380000 0.265000 0.371667 0.272500 0.260000 0.258750 0.265000 0.251250
4 0.363333 0.270000 0.356667 0.278750 0.250000 0.266250 0.256250 0.258750
6 0.356667 0.281250 0.348333 0.287500 0.242500 0.272500 0.248750 0.266250
4 0.346667 0.288750 0.340000 0.295000 0.235000 0.282500 0.240000 0.275000
4 0.335000 0.295000 0.326667 0.303750 0.225000 0.291250 0.231250 0.282500
4 0.320000 0.303750 0.313333 0.310000 0.217500 0.297500 0.222500 0.291250
4 0.310000 0.312500 0.300000 0.320000 0.207500 0.305000 0.215000 0.297500
6 0.298333 0.320000 0.291667 0.326250 0.201250 0.313750 0.206250 0.306250
4 0.288333 0.325000 0.281667 0.332500 0.193750 0.320000 0.197500 0.312500
4 0.280000 0.335000 0.273333 0.342500 0.183750 0.328750 0.188750 0.321250
6 0.263333 0.341250 0.256667 0.348750 0.176250 0.337500 0.181250 0.330000
4 0.258333 0.350000 0.251667 0.358750 0.166250 0.343750 0.172500 0.335000
4 0.243333 0.356250 0.236667 0.365000 0.161250 0.353750 0.166250 0.345000
4 0.236667 0.367500 0.228333 0.375000 0.150000 0.361250 0.156250 0.353750
4 0.225000 0.375000 0.216667 0.383750 0.141250 0.368750 0.147500 0.361250
6 0.211667 0.382500 0.203333 0.390000 0.135000 0.377500 0.140000 0.368750
4 0.201667 0.390000 0.195000 0.397500 0.130000 0.387500 0.133750 0.380000
4 0.193333 0.400000 0.186667 0.407500 0.116250 0.392500 0.122500 0.383750
6 0.175000 0.405000 0.166667 0.412500 0.107500 0.398750 0.113750 0.390000
4 0.170000 0.416250 0.160000 0.425000 0.096250 0.406250 0.105000 0.396250
6 0.153333 0.422500 0.145000 0.430000 0.091250 0.415000 0.097500 0.407500
6 0.143333 0.428750 0.135000 0.437500 0.081250 0.422500 0.087500 0.415000
6 0.133333 0.438750 0.125000 0.446250 0.076250 0.432500 0.081250 0.425000
4 0.118333 0.443750 0.110000 0.452500 0.065000 0.438750 0.071250 0.431250
6 0.105000 0.451250 0.100000 0.458750 0.057500 0.447500 0.061250 0.440000
4 0.096667 0.457500 0.088333 0.466250 0.048750 0.455000 0.055000 0.446250
4 0.698333 0.166250 0.678333 0.182500 0.501250 0.175000 0.516250 0.160000
6 0.666667 0.188750 0.645000 0.205000 0.476250 0.198750 0.492500 0.182500
6 0.556667 0.265000 0.536667 0.281250 0.396250 0.275000 0.410000 0.258750
4 0.525000 0.288750 0.503333 0.306250 0.368750 0.298750 0.385000 0.281250
4 0.568333 0.220000 0.561667 0.228750 0.400000 0.213750 0.405000 0.206250
4 0.553333 0.228750 0.546667 0.236250 0.392500 0.223750 0.397500 0.216250
6 0.545000 0.238750 0.538333 0.246250 0.383750 0.233750 0.390000 0.226250
4 0.531667 0.245000 0.523333 0.252500 0.375000 0.240000 0.381250 0.232500
4 0.518333 0.253750 0.510000 0.260000 0.363750 0.246250 0.370000 0.238750
4 0.510000 0.261250 0.501667 0.270000 0.352500 0.252500 0.358750 0.243750
4 0.500000 0.268750 0.493333 0.277500 0.353750 0.267500 0.358750 0.258750
5 0.490000 0.278750 0.481667 0.286250 0.341250 0.270000 0.346250 0.262500
6 0.476667 0.287500 0.468333 0.296250 0.331250 0.280000 0.337500 0.272500
6 0.463333 0.293750 0.456667 0.302500 0.323750 0.290000 0.330000 0.282500
4 0.453333 0.302500 0.446667 0.310000 0.316250 0.297500 0.321250 0.290000
6 0.440000 0.308750 0.433333 0.316250 0.306250 0.305000 0.312500 0.296250
6 0.430000 0.316250 0.423333 0.325000 0.298750 0.312500 0.303750 0.305000
6 0.416667 0.326250 0.408333 0.335000 0.287500 0.321250 0.293750 0.312500
6 0.403333 0.335000 0.396667 0.342500 0.282500 0.332500 0.287500 0.325000
6 0.388333 0.342500 0.381667 0.350000 0.270000 0.338750 0.275000 0.332500
6 0.378333 0.351250 0.371667 0.358750 0.260000 0.347500 0.265000 0.338750
6 0.345000 0.376250 0.338333 0.382500 0.238750 0.371250 0.243750 0.363750
4 0.335000 0.382500 0.326667 0.391250 0.227500 0.377500 0.232500 0.370000
4 0.323333 0.395000 0.316667 0.402500 0.217500 0.388750 0.222500 0.380000
6 0.311667 0.403750 0.305000 0.411250 0.208750 0.398750 0.213750 0.391250
6 0.295000 0.410000 0.288333 0.417500 0.200000 0.405000 0.205000 0.398750
4 0.285000 0.420000 0.276667 0.427500 0.188750 0.413750 0.195000 0.406250
4 0.275000 0.427500 0.270000 0.435000 0.183750 0.421250 0.188750 0.415000
6 0.261667 0.432500 0.255000 0.440000 0.175000 0.430000 0.180000 0.421250
4 0.251667 0.442500 0.243333 0.450000 0.165000 0.437500 0.171250 0.428750
6 0.241667 0.450000 0.235000 0.457500 0.158750 0.445000 0.163750 0.437500
6 0.230000 0.457500 0.221667 0.466250 0.146250 0.452500 0.152500 0.443750
6 0.216667 0.466250 0.210000 0.473750 0.140000 0.461250 0.145000 0.453750
4 0.208333 0.473750 0.200000 0.482500 0.127500 0.467500 0.133750 0.458750
6 0.190000 0.480000 0.183333 0.487500 0.121250 0.476250 0.126250 0.470000
6 0.238333 0.488750 0.218333 0.505000 0.155000 0.497500 0.170000 0.481250
6 0.181667 0.490000 0.175000 0.497500 0.115000 0.486250 0.118750 0.478750
6 0.068333 0.447500 0.060000 0.455000 0.027500 0.440000 0.032500 0.432500
6 0.078333 0.437500 0.071667 0.446250 0.035000 0.433750 0.040000 0.426250
6 0.091667 0.431250 0.083333 0.438750 0.045000 0.426250 0.050000 0.418750
5 0.101667 0.421250 0.093333 0.430000 0.046250 0.412500 0.052500 0.403750
6 0.110000 0.412500 0.103333 0.418750 0.062500 0.408750 0.066250 0.402500
6 0.121667 0.406250 0.113333 0.413750 0.066250 0.400000 0.072500 0.392500
4 0.133333 0.397500 0.125000 0.406250 0.076250 0.393750 0.082500 0.385000
4 0.150000 0.390000 0.141667 0.397500 0.087500 0.385000 0.093750 0.377500
4 0.161667 0.382500 0.153333 0.391250 0.095000 0.376250 0.101250 0.368750
4 0.171667 0.376250 0.165000 0.382500 0.103750 0.370000 0.108750 0.362500
4 0.183333 0.366250 0.175000 0.376250 0.111250 0.363750 0.117500 0.353750
4 0.195000 0.360000 0.186667 0.368750 0.120000 0.353750 0.125000 0.345000
6 0.203333 0.352500 0.195000 0.361250 0.128750 0.346250 0.135000 0.338750
6 0.216667 0.343750 0.208333 0.352500 0.137500 0.340000 0.143750 0.331250
4 0.225000 0.333750 0.216667 0.342500 0.145000 0.328750 0.151250 0.320000
6 0.240000 0.328750 0.231667 0.336250 0.155000 0.321250 0.161250 0.313750
6 0.250000 0.320000 0.241667 0.327500 0.161250 0.313750 0.167500 0.306250
6 0.261667 0.311250 0.253333 0.320000 0.173750 0.307500 0.178750 0.300000
4 0.268333 0.303750 0.261667 0.311250 0.180000 0.298750 0.186250 0.291250
4 0.283333 0.296250 0.275000 0.305000 0.187500 0.290000 0.192500 0.282500
5 0.293333 0.290000 0.286667 0.297500 0.195000 0.282500 0.200000 0.275000
6 0.301667 0.280000 0.295000 0.288750 0.201250 0.275000 0.206250 0.267500
5 0.318333 0.272500 0.310000 0.282500 0.208750 0.266250 0.215000 0.256250
6 0.325000 0.265000 0.318333 0.272500 0.223750 0.261250 0.228750 0.255000
4 0.336667 0.255000 0.328333 0.263750 0.226250 0.251250 0.232500 0.242500
4 0.350000 0.250000 0.341667 0.257500 0.235000 0.242500 0.241250 0.233750
6 0.358333 0.241250 0.351667 0.248750 0.246250 0.236250 0.251250 0.228750
6 0.371667 0.233750 0.363333 0.241250 0.255000 0.228750 0.260000 0.221250
6 0.380000 0.225000 0.371667 0.233750 0.262500 0.221250 0.267500 0.212500
4 0.395000 0.218750 0.388333 0.226250 0.273750 0.213750 0.278750 0.206250
5 0.406667 0.210000 0.400000 0.218750 0.276250 0.202500 0.282500 0.195000
4 0.415000 0.202500 0.408333 0.210000 0.287500 0.196250 0.292500 0.188750
6 0.428333 0.196250 0.420000 0.202500 0.298750 0.190000 0.305000 0.183750
4 0.440000 0.186250 0.433333 0.195000 0.303750 0.180000 0.310000 0.172500
4 0.451667 0.177500 0.443333 0.186250 0.312500 0.171250 0.318750 0.163750
6 0.390000 0.133750 0.383333 0.141250 0.268750 0.128750 0.273750 0.121250
4 0.376667 0.142500 0.368333 0.150000 0.258750 0.135000 0.265000 0.127500
6 0.370000 0.152500 0.361667 0.161250 0.252500 0.145000 0.258750 0.136250
6 0.353333 0.157500 0.345000 0.165000 0.240000 0.151250 0.246250 0.142500
5 0.345000 0.166250 0.336667 0.175000 0.231250 0.158750 0.237500 0.150000
6 0.333333 0.172500 0.325000 0.181250 0.223750 0.167500 0.228750 0.160000
6 0.318333 0.181250 0.310000 0.188750 0.216250 0.173750 0.222500 0.167500
6 0.305000 0.186250 0.298333 0.193750 0.207500 0.183750 0.212500 0.176250
6 0.293333 0.193750 0.286667 0.201250 0.200000 0.191250 0.205000 0.183750
6 0.286667 0.203750 0.278333 0.211250 0.193750 0.200000 0.200000 0.192500
6 0.273333 0.211250 0.266667 0.218750 0.182500 0.207500 0.187500 0.200000
6 0.261667 0.218750 0.253333 0.227500 0.172500 0.213750 0.177500 0.206250
6 0.250000 0.226250 0.241667 0.233750 0.163750 0.221250 0.170000 0.213750
5 0.246667 0.238750 0.238333 0.247500 0.155000 0.228750 0.161250 0.220000
6 0.228333 0.242500 0.223333 0.250000 0.148750 0.240000 0.152500 0.232500
4 0.221667 0.252500 0.215000 0.261250 0.140000 0.246250 0.145000 0.238750
4 0.208333 0.260000 0.200000 0.267500 0.131250 0.252500 0.136250 0.246250
4 0.198333 0.267500 0.191667 0.275000 0.122500 0.261250 0.127500 0.253750
4 0.185000 0.276250 0.178333 0.283750 0.113750 0.270000 0.118750 0.262500
6 0.175000 0.285000 0.168333 0.292500 0.106250 0.278750 0.112500 0.271250
4 0.165000 0.292500 0.156667 0.300000 0.100000 0.285000 0.105000 0.278750
4 0.150000 0.297500 0.143333 0.305000 0.088750 0.292500 0.093750 0.285000
4 0.140000 0.305000 0.131667 0.312500 0.081250 0.300000 0.087500 0.292500
6 0.128333 0.311250 0.121667 0.321250 0.070000 0.308750 0.075000 0.300000
4 0.106667 0.328750 0.098333 0.337500 0.053750 0.323750 0.061250 0.315000
4 0.096667 0.338750 0.090000 0.346250 0.046250 0.331250 0.052500 0.323750
4 0.085000 0.345000 0.076667 0.353750 0.037500 0.340000 0.043750 0.331250
6 0.073333 0.352500 0.066667 0.361250 0.031250 0.350000 0.036250 0.341250
6 0.060000 0.361250 0.053333 0.367500 0.023750 0.356250 0.028750 0.350000
6 0.053333 0.370000 0.046667 0.378750 0.015000 0.365000 0.021250 0.356250
4 0.036667 0.376250 0.030000 0.383750 0.005000 0.372500 0.010000 0.365000
4 0.040000 0.268750 0.020000 0.283750 0.007500 0.276250 0.022500 0.262500
6 0.056667 0.275000 0.036667 0.291250 0.020000 0.283750 0.035000 0.268750
5 0.071667 0.283750 0.045000 0.305000 0.025000 0.296250 0.045000 0.275000
4 0.085000 0.290000 0.066667 0.307500 0.041250 0.300000 0.055000 0.282500
21 0.110715 1.062816 -0.096667 0.888750 0.365714 0.497185 0.521250 0.671250
