19 0.345000 0.066000 0.309000 -0.005000 0.253000 0.024000 0.289000 0.095000
35 0.304000 0.270000 0.402000 0.298000 0.428000 0.209000 0.329000 0.181000
35 0.394000 0.402000 0.466000 0.367000 0.434000 0.301000 0.362000 0.336000
33 0.433000 0.493000 0.515000 0.449000 0.473000 0.368000 0.390000 0.412000
17 0.873000 0.227000 0.846000 0.174000 0.800000 0.198000 0.826000 0.250000
20 0.566000 0.707000 0.636000 0.671000 0.600000 0.602000 0.530000 0.639000
33 0.650000 0.860000 0.723000 0.824000 0.685000 0.748000 0.611000 0.784000
17 0.819000 0.609000 0.769000 0.634000 0.793000 0.681000 0.843000 0.656000
12 0.887000 0.861000 0.869000 0.806000 0.820000 0.822000 0.839000 0.877000
19 0.959000 0.855000 0.938000 0.780000 0.875000 0.798000 0.897000 0.873000
