6 0.756667 0.073750 0.736667 0.090000 0.543750 0.081250 0.558750 0.065000
4 0.826667 0.197500 0.818333 0.206250 0.593750 0.193750 0.598750 0.185000
9 0.690000 0.131250 0.655000 0.167500 0.418750 0.116250 0.445000 0.080000
6 0.595000 0.547500 0.573333 0.567500 0.420000 0.558750 0.436250 0.540000
4 0.781667 0.578750 0.765000 0.591250 0.565000 0.582500 0.577500 0.570000
4 0.951667 0.671250 0.930000 0.690000 0.688750 0.682500 0.705000 0.662500
4 0.920000 0.682500 0.893333 0.705000 0.660000 0.696250 0.680000 0.673750
4 0.918333 0.700000 0.891667 0.722500 0.661250 0.715000 0.681250 0.692500
4 0.431667 0.635000 0.411667 0.653750 0.298750 0.646250 0.313750 0.627500
4 0.480000 0.652500 0.463333 0.671250 0.338750 0.665000 0.352500 0.647500
4 0.498333 0.658750 0.481667 0.676250 0.351250 0.670000 0.363750 0.652500
4 0.516667 0.665000 0.500000 0.683750 0.365000 0.677500 0.378750 0.658750
4 0.375000 0.688750 0.355000 0.708750 0.255000 0.701250 0.271250 0.680000
4 0.415000 0.698750 0.391667 0.720000 0.285000 0.712500 0.302500 0.690000
4 0.430000 0.706250 0.408333 0.726250 0.297500 0.720000 0.312500 0.700000
6 0.465000 0.720000 0.443333 0.740000 0.322500 0.731250 0.338750 0.711250
4 0.481667 0.723750 0.458333 0.743750 0.337500 0.737500 0.353750 0.717500
4 0.500000 0.731250 0.475000 0.752500 0.346250 0.743750 0.365000 0.722500
4 0.533333 0.738750 0.525000 0.766250 0.380000 0.762500 0.386250 0.735000
4 0.588333 0.752500 0.571667 0.760000 0.413750 0.735000 0.426250 0.727500
4 0.615000 0.737500 0.605000 0.746250 0.433750 0.728750 0.441250 0.721250
4 0.853333 0.777500 0.828333 0.801250 0.612500 0.793750 0.632500 0.771250
5 0.946667 0.820000 0.923333 0.841250 0.682500 0.833750 0.700000 0.812500
4 0.796667 0.832500 0.771667 0.857500 0.567500 0.848750 0.585000 0.823750
4 0.841667 0.852500 0.821667 0.876250 0.603750 0.868750 0.620000 0.845000
4 0.976667 0.903750 0.956667 0.923750 0.708750 0.916250 0.723750 0.897500
6 0.990000 0.915000 0.973333 0.931250 0.720000 0.922500 0.732500 0.907500
