2 0.275000 0.402500 0.111667 0.402500 0.083750 0.386250 0.206250 0.386250
2 0.268333 0.420000 0.108333 0.420000 0.081250 0.405000 0.201250 0.405000
2 0.671667 0.411250 0.486667 0.417500 0.365000 0.397500 0.503750 0.393750
2 0.236667 0.926250 0.046667 0.926250 0.035000 0.908750 0.177500 0.908750
2 0.240000 0.948750 0.053333 0.948750 0.040000 0.928750 0.180000 0.928750
2 0.546667 0.885000 0.351667 0.891250 0.261250 0.871250 0.410000 0.863750
2 0.546667 0.897500 0.361667 0.906250 0.268750 0.891250 0.410000 0.882500
2 0.550000 0.920000 0.358333 0.920000 0.268750 0.902500 0.412500 0.902500
2 0.541667 0.942500 0.380000 0.942500 0.285000 0.922500 0.406250 0.922500
2 1.000000 0.924534 0.736657 0.953751 0.547500 0.920000 0.750000 0.890044
