2 0.153333 0.233750 0.045000 0.235000 0.033750 0.216250 0.115000 0.215000
2 0.476667 0.151250 0.365000 0.180000 0.268750 0.165000 0.351250 0.136250
2 0.491667 0.160000 0.375000 0.191250 0.277500 0.180000 0.363750 0.148750
18 0.486667 0.180000 0.378333 0.208750 0.277500 0.192500 0.360000 0.163750
2 0.596667 0.247500 0.475000 0.253750 0.355000 0.237500 0.446250 0.231250
2 0.600000 0.262500 0.486667 0.268750 0.363750 0.253750 0.448750 0.247500
2 0.270000 0.512500 0.190000 0.561250 0.132500 0.547500 0.192500 0.500000
2 0.848333 0.066250 0.730000 0.066250 0.547500 0.047500 0.636250 0.047500
2 0.848333 0.081250 0.743333 0.081250 0.557500 0.066250 0.636250 0.066250
18 0.850000 0.083750 0.848333 0.098750 0.556250 0.096250 0.557500 0.081250
