5 0.631000 0.051000 0.626000 0.057000 0.609000 0.042000 0.614000 0.036000
6 0.629000 0.058000 0.625000 0.065000 0.605000 0.054000 0.610000 0.046000
6 0.616000 0.070000 0.614000 0.076000 0.593000 0.068000 0.595000 0.062000
4 0.560000 0.070000 0.538000 0.070000 0.538000 0.062000 0.560000 0.061000
5 0.551000 0.079000 0.528000 0.078000 0.528000 0.071000 0.551000 0.071000
4 0.529000 0.096000 0.528000 0.105000 0.500000 0.104000 0.500000 0.095000
4 0.506000 0.109000 0.505000 0.120000 0.481000 0.119000 0.482000 0.108000
4 0.443000 0.168000 0.439000 0.175000 0.417000 0.164000 0.421000 0.157000
4 0.359000 0.250000 0.355000 0.259000 0.331000 0.247000 0.334000 0.238000
4 0.265000 0.331000 0.258000 0.340000 0.239000 0.326000 0.244000 0.317000
6 0.564000 0.445000 0.554000 0.444000 0.554000 0.436000 0.564000 0.436000
5 0.575000 0.448000 0.567000 0.449000 0.566000 0.437000 0.575000 0.437000
4 0.443000 0.467000 0.432000 0.467000 0.431000 0.451000 0.442000 0.450000
6 0.124000 0.621000 0.118000 0.629000 0.103000 0.616000 0.109000 0.609000
6 0.078000 0.662000 0.073000 0.670000 0.058000 0.660000 0.063000 0.652000
6 0.076000 0.674000 0.071000 0.681000 0.053000 0.668000 0.058000 0.661000
6 0.747000 0.032000 0.736000 0.032000 0.735000 0.010000 0.746000 0.010000
4 0.748000 0.055000 0.738000 0.055000 0.737000 0.033000 0.747000 0.033000
4 0.750000 0.173000 0.749000 0.192000 0.739000 0.192000 0.740000 0.172000
6 0.753000 0.199000 0.751000 0.220000 0.739000 0.218000 0.740000 0.198000
6 0.751000 0.238000 0.740000 0.239000 0.738000 0.221000 0.750000 0.220000
4 0.775000 0.260000 0.761000 0.261000 0.760000 0.237000 0.774000 0.236000
4 0.752000 0.264000 0.743000 0.266000 0.739000 0.247000 0.747000 0.245000
4 0.751000 0.284000 0.739000 0.285000 0.738000 0.262000 0.750000 0.262000
4 0.754000 0.396000 0.743000 0.397000 0.742000 0.378000 0.754000 0.378000
5 0.705000 0.475000 0.674000 0.475000 0.674000 0.467000 0.705000 0.466000
6 0.528000 0.504000 0.505000 0.506000 0.504000 0.499000 0.527000 0.497000
4 0.498000 0.473000 0.474000 0.473000 0.474000 0.465000 0.498000 0.465000
6 0.439000 0.505000 0.415000 0.506000 0.414000 0.498000 0.439000 0.497000
4 0.423000 0.475000 0.400000 0.476000 0.400000 0.468000 0.422000 0.467000
5 0.362000 0.484000 0.339000 0.491000 0.336000 0.484000 0.360000 0.476000
4 0.309000 0.541000 0.293000 0.555000 0.287000 0.548000 0.303000 0.534000
6 0.351000 0.520000 0.331000 0.530000 0.327000 0.524000 0.347000 0.513000
5 0.332000 0.530000 0.309000 0.543000 0.303000 0.534000 0.326000 0.521000
3 0.312000 0.505000 0.293000 0.514000 0.289000 0.505000 0.307000 0.496000
4 0.333000 0.494000 0.311000 0.503000 0.308000 0.495000 0.330000 0.486000
5 0.209000 0.629000 0.183000 0.647000 0.176000 0.637000 0.202000 0.619000
4 0.180000 0.605000 0.165000 0.618000 0.160000 0.612000 0.174000 0.599000
6 0.129000 0.649000 0.120000 0.657000 0.115000 0.652000 0.124000 0.644000
6 0.052000 0.822000 0.047000 0.845000 0.034000 0.843000 0.039000 0.819000
6 0.041000 0.896000 0.040000 0.916000 0.028000 0.915000 0.029000 0.896000
6 0.347000 0.872000 0.343000 0.879000 0.321000 0.866000 0.325000 0.859000
5 0.348000 0.892000 0.317000 0.892000 0.317000 0.883000 0.348000 0.883000
4 0.345000 0.951000 0.323000 0.951000 0.323000 0.943000 0.345000 0.944000
4 0.309000 0.584000 0.304000 0.591000 0.284000 0.578000 0.288000 0.571000
4 0.368000 0.675000 0.358000 0.680000 0.351000 0.667000 0.361000 0.662000
6 0.379000 0.993000 0.370000 0.993000 0.369000 0.978000 0.378000 0.978000
6 0.459000 0.762000 0.441000 0.762000 0.441000 0.754000 0.459000 0.755000
4 0.450000 0.649000 0.431000 0.654000 0.429000 0.647000 0.449000 0.643000
4 0.715000 0.602000 0.689000 0.602000 0.690000 0.593000 0.715000 0.594000
5 0.713000 0.610000 0.687000 0.609000 0.687000 0.602000 0.713000 0.604000
6 0.624000 0.532000 0.613000 0.533000 0.612000 0.514000 0.623000 0.513000
11 0.608000 0.726000 0.593000 0.726000 0.592000 0.717000 0.608000 0.716000
6 0.754000 0.750000 0.744000 0.751000 0.743000 0.732000 0.753000 0.732000
5 0.755000 0.769000 0.744000 0.769000 0.743000 0.749000 0.755000 0.749000
6 0.717000 0.791000 0.694000 0.790000 0.694000 0.783000 0.717000 0.784000
6 0.723000 0.861000 0.701000 0.862000 0.701000 0.854000 0.723000 0.854000
6 0.716000 0.927000 0.697000 0.928000 0.697000 0.920000 0.715000 0.919000
6 0.755000 0.888000 0.746000 0.889000 0.745000 0.873000 0.754000 0.873000
4 0.720000 0.944000 0.719000 0.953000 0.699000 0.952000 0.700000 0.943000
6 0.812000 0.888000 0.802000 0.889000 0.800000 0.869000 0.810000 0.867000
3 0.457000 0.772000 0.436000 0.772000 0.436000 0.765000 0.457000 0.764000
4 0.847000 0.062000 0.826000 0.063000 0.825000 0.055000 0.845000 0.054000
16 0.998000 0.247000 0.963000 0.246000 0.963000 0.237000 0.998000 0.238000
7 0.880000 0.405000 0.849000 0.404000 0.849000 0.395000 0.880000 0.396000
6 0.809000 0.505000 0.799000 0.505000 0.799000 0.489000 0.809000 0.489000
6 0.810000 0.526000 0.798000 0.526000 0.798000 0.507000 0.810000 0.508000
6 0.811000 0.560000 0.800000 0.560000 0.799000 0.541000 0.810000 0.541000
6 0.860000 0.539000 0.841000 0.539000 0.841000 0.533000 0.860000 0.534000
4 0.892000 0.541000 0.866000 0.541000 0.866000 0.535000 0.892000 0.535000
5 0.935000 0.590000 0.916000 0.590000 0.916000 0.583000 0.935000 0.583000
4 0.812000 0.598000 0.811000 0.616000 0.800000 0.616000 0.800000 0.597000
5 0.979000 0.634000 0.978000 0.654000 0.965000 0.654000 0.965000 0.634000
11 0.896000 0.714000 0.880000 0.713000 0.880000 0.707000 0.896000 0.708000
4 0.971000 0.714000 0.963000 0.715000 0.962000 0.696000 0.971000 0.696000
3 0.860000 0.786000 0.828000 0.786000 0.828000 0.777000 0.860000 0.777000
5 0.879000 0.905000 0.856000 0.904000 0.856000 0.897000 0.879000 0.897000
4 0.856000 0.959000 0.833000 0.960000 0.833000 0.952000 0.856000 0.952000
4 0.396000 0.207000 0.392000 0.214000 0.374000 0.204000 0.378000 0.197000
