2 0.776000 0.993000 0.725000 0.949000 0.715000 0.960000 0.766000 1.005000
2 0.717000 0.945000 0.672000 0.906000 0.663000 0.918000 0.707000 0.956000
2 0.789000 0.984000 0.738000 0.940000 0.729000 0.950000 0.779000 0.994000
2 0.804000 0.974000 0.751000 0.927000 0.740000 0.939000 0.794000 0.985000
2 0.815000 0.961000 0.764000 0.917000 0.754000 0.929000 0.805000 0.973000
2 0.566000 0.766000 0.630000 0.738000 0.625000 0.725000 0.561000 0.752000
2 0.574000 0.778000 0.639000 0.750000 0.634000 0.738000 0.569000 0.766000
2 0.578000 0.792000 0.644000 0.764000 0.639000 0.752000 0.573000 0.780000
2 0.585000 0.804000 0.647000 0.778000 0.641000 0.766000 0.580000 0.792000
2 0.650000 0.777000 0.589000 0.804000 0.595000 0.818000 0.657000 0.791000
2 0.653000 0.732000 0.716000 0.705000 0.710000 0.692000 0.648000 0.719000
2 0.662000 0.743000 0.717000 0.719000 0.713000 0.708000 0.657000 0.732000
2 0.672000 0.757000 0.729000 0.732000 0.723000 0.718000 0.665000 0.743000
2 0.732000 0.700000 0.792000 0.674000 0.785000 0.661000 0.727000 0.687000
2 0.796000 0.674000 0.740000 0.697000 0.745000 0.709000 0.800000 0.685000
2 0.802000 0.688000 0.747000 0.711000 0.752000 0.721000 0.807000 0.698000
2 0.758000 0.737000 0.817000 0.712000 0.811000 0.699000 0.753000 0.724000
2 0.800000 0.674000 0.866000 0.646000 0.860000 0.630000 0.794000 0.658000
2 0.818000 0.685000 0.884000 0.657000 0.878000 0.643000 0.812000 0.671000
2 0.894000 0.634000 0.935000 0.616000 0.930000 0.604000 0.888000 0.622000
2 0.890000 0.650000 0.946000 0.626000 0.941000 0.613000 0.885000 0.637000
2 0.897000 0.661000 0.961000 0.634000 0.956000 0.623000 0.893000 0.650000
2 0.907000 0.673000 0.970000 0.646000 0.964000 0.634000 0.902000 0.661000
7 0.933000 0.675000 0.961000 0.663000 0.957000 0.653000 0.929000 0.665000
2 0.327000 0.862000 0.381000 0.839000 0.375000 0.825000 0.322000 0.848000
2 0.456000 0.793000 0.393000 0.819000 0.398000 0.832000 0.461000 0.806000
2 0.482000 0.798000 0.545000 0.771000 0.540000 0.760000 0.477000 0.787000
2 0.490000 0.810000 0.554000 0.783000 0.549000 0.771000 0.485000 0.798000
2 0.503000 0.822000 0.564000 0.796000 0.558000 0.783000 0.498000 0.809000
2 0.510000 0.836000 0.575000 0.808000 0.570000 0.795000 0.505000 0.823000
2 0.456000 0.809000 0.387000 0.837000 0.394000 0.852000 0.462000 0.825000
2 0.462000 0.826000 0.400000 0.851000 0.406000 0.866000 0.468000 0.841000
2 0.571000 0.915000 0.635000 0.887000 0.629000 0.873000 0.565000 0.901000
7 0.272000 0.885000 0.299000 0.873000 0.296000 0.866000 0.269000 0.878000
7 0.428000 0.979000 0.422000 0.996000 0.430000 0.999000 0.436000 0.982000
7 -0.012000 0.907000 0.026000 0.913000 0.026000 0.904000 -0.010000 0.898000
7 0.034000 0.906000 0.070000 0.907000 0.070000 0.901000 0.034000 0.900000
7 0.036000 0.912000 0.069000 0.912000 0.069000 0.908000 0.036000 0.907000
7 0.124000 0.922000 0.094000 0.912000 0.092000 0.919000 0.123000 0.929000
7 0.159000 0.910000 0.133000 0.922000 0.136000 0.928000 0.162000 0.915000
7 0.144000 0.930000 0.164000 0.921000 0.162000 0.917000 0.142000 0.926000
2 0.384000 0.838000 0.349000 0.852000 0.355000 0.865000 0.389000 0.851000
9 0.216000 0.144000 0.245000 0.096000 0.287000 0.122000 0.257000 0.170000
9 0.339000 0.216000 0.368000 0.169000 0.410000 0.194000 0.380000 0.242000
9 0.475000 0.286000 0.504000 0.238000 0.546000 0.264000 0.516000 0.311000
9 0.592000 0.349000 0.621000 0.302000 0.663000 0.327000 0.633000 0.375000
9 0.020000 0.390000 0.040000 0.359000 0.070000 0.377000 0.051000 0.408000
9 0.152000 0.459000 0.171000 0.429000 0.201000 0.447000 0.182000 0.477000
9 0.291000 0.527000 0.307000 0.499000 0.337000 0.517000 0.320000 0.545000
9 0.030000 0.613000 0.044000 0.589000 0.072000 0.605000 0.057000 0.629000
