4 0.720000 0.965000 0.708750 0.963333 0.946667 0.936667 0.960000 0.938333
6 0.675000 0.973333 0.673750 0.996667 0.885000 0.996667 0.885000 0.971667
4 0.673750 0.963333 0.665000 0.963333 0.886667 0.940000 0.898333 0.938333
6 0.673750 0.931667 0.663750 0.931667 0.883333 0.908333 0.896667 0.908333
4 0.677500 0.820000 0.675000 0.851667 0.886667 0.851667 0.886667 0.820000
4 0.675000 0.806667 0.665000 0.806667 0.886667 0.778333 0.900000 0.778333
4 0.675000 0.771667 0.663750 0.771667 0.883333 0.743333 0.898333 0.741667
5 0.662500 0.711667 0.650000 0.720000 0.848333 0.688333 0.863333 0.678333
4 0.442500 0.841667 0.431250 0.841667 0.575000 0.815000 0.590000 0.815000
4 0.440000 0.873333 0.431250 0.873333 0.575000 0.848333 0.586667 0.848333
4 0.342500 0.936667 0.323750 0.951667 0.423333 0.938333 0.448333 0.923333
4 0.075000 0.363333 0.062500 0.363333 0.083333 0.336667 0.098333 0.336667
4 0.705000 0.613333 0.682500 0.611667 0.911667 0.595000 0.940000 0.595000
4 0.736250 0.628333 0.730000 0.638333 0.950000 0.620000 0.958333 0.610000
6 0.750000 0.678333 0.740000 0.678333 0.985000 0.646667 1.000000 0.646667
6 0.746250 0.685000 0.735000 0.708333 0.968333 0.701667 0.983333 0.676667
6 0.728750 0.725000 0.721250 0.748333 0.948333 0.741667 0.960000 0.718333
4 0.720000 0.776667 0.718750 0.803333 0.943333 0.803333 0.945000 0.776667
4 0.675000 0.616667 0.660000 0.628333 0.875000 0.616667 0.895000 0.605000
