13 0.415000 0.350000 0.366250 0.416667 0.438333 0.366667 0.503333 0.301667
17 0.323750 0.543333 0.268750 0.543333 0.358333 0.468333 0.431667 0.468333
13 0.455000 0.570000 0.402500 0.570000 0.536667 0.476667 0.606667 0.476667
13 0.535000 0.573333 0.478750 0.571667 0.640000 0.495000 0.713333 0.496667
19 0.727500 0.568333 0.677500 0.568333 0.903333 0.498333 0.970000 0.498333
12 0.741250 0.663333 0.678750 0.663333 0.905000 0.588333 0.988333 0.588333
35 0.742500 0.778333 0.658750 0.778333 0.878333 0.676667 0.990000 0.676667
12 0.737500 0.866667 0.680000 0.866667 0.906667 0.791667 0.983333 0.791667
13 0.751250 0.956667 0.681250 0.958333 0.908333 0.880000 1.001667 0.878333
20 0.986250 0.643333 0.892500 0.650000 1.185000 0.536667 1.310000 0.531667
