9 0.475000 0.980000 0.323333 0.996250 0.223750 0.871250 0.336250 0.853750
6 0.148333 0.085000 0.135000 0.091250 0.090000 0.073750 0.100000 0.067500
4 0.325000 0.135000 0.313333 0.140000 0.223750 0.120000 0.232500 0.115000
4 0.236667 0.126250 0.203333 0.136250 0.148750 0.127500 0.173750 0.117500
6 0.210000 0.096250 0.178333 0.106250 0.130000 0.097500 0.153750 0.087500
6 0.163333 0.831250 0.153333 0.838750 0.097500 0.820000 0.105000 0.812500
4 0.540000 0.782500 0.530000 0.788750 0.383750 0.773750 0.391250 0.767500
4 0.505000 0.722500 0.493333 0.727500 0.357500 0.711250 0.365000 0.705000
6 0.586667 0.716250 0.576667 0.722500 0.420000 0.707500 0.426250 0.701250
4 0.860000 0.583750 0.856667 0.592500 0.621250 0.585000 0.623750 0.577500
6 0.753333 0.636250 0.725000 0.642500 0.541250 0.633750 0.561250 0.627500
6 0.833333 0.491250 0.830000 0.498750 0.601250 0.488750 0.605000 0.481250
4 0.830000 0.456250 0.825000 0.465000 0.595000 0.453750 0.598750 0.446250
4 0.791667 0.390000 0.776667 0.388750 0.583750 0.367500 0.593750 0.367500
6 0.575000 0.326250 0.573333 0.346250 0.420000 0.346250 0.420000 0.325000
4 0.541667 0.348750 0.526667 0.347500 0.395000 0.326250 0.406250 0.326250
5 0.521667 0.366250 0.488333 0.366250 0.366250 0.356250 0.391250 0.356250
6 0.685000 0.280000 0.653333 0.280000 0.490000 0.270000 0.513750 0.271250
4 0.686667 0.270000 0.655000 0.268750 0.491250 0.260000 0.515000 0.260000
4 0.688333 0.258750 0.655000 0.257500 0.491250 0.247500 0.516250 0.248750
3 0.718333 0.231250 0.716667 0.243750 0.498750 0.240000 0.500000 0.227500
6 0.701667 0.222500 0.671667 0.223750 0.503750 0.216250 0.526250 0.215000
6 0.716667 0.153750 0.705000 0.155000 0.527500 0.135000 0.537500 0.133750
4 0.700000 0.135000 0.698333 0.152500 0.512500 0.152500 0.513750 0.133750
4 0.778333 0.112500 0.761667 0.113750 0.571250 0.095000 0.582500 0.093750
4 0.705000 0.098750 0.691667 0.097500 0.518750 0.077500 0.528750 0.077500
4 0.688333 0.096250 0.673333 0.096250 0.505000 0.076250 0.516250 0.076250
6 0.668333 0.097500 0.653333 0.097500 0.491250 0.075000 0.501250 0.075000
4 0.650000 0.096250 0.635000 0.096250 0.477500 0.075000 0.487500 0.075000
4 0.633333 0.095000 0.618333 0.093750 0.463750 0.073750 0.475000 0.073750
4 0.851667 0.078750 0.833333 0.096250 0.613750 0.088750 0.628750 0.070000
6 0.830000 0.051250 0.815000 0.067500 0.603750 0.063750 0.613750 0.046250
6 0.815000 0.023750 0.803333 0.043750 0.591250 0.038750 0.600000 0.018750
4 0.803333 0.012500 0.788333 0.030000 0.582500 0.023750 0.592500 0.007500
5 0.646667 0.042500 0.631667 0.042500 0.473750 0.013750 0.485000 0.013750
6 0.610000 0.033750 0.596667 0.033750 0.447500 0.016250 0.457500 0.016250
4 0.591667 0.018750 0.590000 0.035000 0.433750 0.033750 0.433750 0.017500
5 0.480000 0.057500 0.466667 0.062500 0.340000 0.040000 0.348750 0.035000
4 0.443333 0.067500 0.433333 0.072500 0.315000 0.055000 0.325000 0.050000
5 0.358333 0.173750 0.345000 0.178750 0.247500 0.153750 0.256250 0.150000
4 0.333333 0.170000 0.323333 0.175000 0.230000 0.156250 0.237500 0.151250
6 0.291667 0.143750 0.280000 0.150000 0.198750 0.130000 0.207500 0.125000
