17 0.527000 0.199000 0.522000 0.245000 0.566000 0.249000 0.570000 0.203000
17 0.580000 0.206000 0.576000 0.250000 0.620000 0.254000 0.624000 0.210000
13 0.469000 0.569000 0.448000 0.515000 0.403000 0.533000 0.424000 0.586000
19 0.528000 0.476000 0.484000 0.496000 0.499000 0.530000 0.543000 0.510000
34 0.622000 0.464000 0.633000 0.370000 0.550000 0.360000 0.539000 0.454000
20 0.709000 0.467000 0.717000 0.385000 0.640000 0.378000 0.632000 0.460000
20 0.811000 0.479000 0.823000 0.397000 0.747000 0.385000 0.735000 0.468000
19 0.903000 0.488000 0.910000 0.406000 0.833000 0.399000 0.826000 0.481000
19 0.989000 0.500000 0.998000 0.419000 0.922000 0.411000 0.913000 0.492000
34 0.863000 0.582000 0.852000 0.676000 0.936000 0.686000 0.947000 0.592000
20 0.776000 0.574000 0.767000 0.658000 0.845000 0.666000 0.854000 0.582000
20 0.686000 0.570000 0.678000 0.649000 0.755000 0.658000 0.763000 0.578000
20 0.599000 0.558000 0.591000 0.638000 0.669000 0.646000 0.676000 0.565000
12 0.575000 0.567000 0.528000 0.589000 0.549000 0.633000 0.596000 0.611000
