5 0.474000 0.994000 0.470000 1.000000 0.449000 0.989000 0.452000 0.983000
4 0.499000 0.965000 0.496000 0.970000 0.479000 0.963000 0.481000 0.958000
6 0.417000 0.925000 0.413000 0.933000 0.395000 0.924000 0.400000 0.916000
6 0.341000 0.935000 0.336000 0.942000 0.322000 0.933000 0.327000 0.926000
6 0.347000 0.905000 0.337000 0.920000 0.330000 0.914000 0.340000 0.900000
4 0.370000 0.903000 0.367000 0.909000 0.348000 0.899000 0.351000 0.893000
4 0.389000 0.914000 0.386000 0.919000 0.367000 0.909000 0.370000 0.903000
4 0.370000 0.880000 0.358000 0.893000 0.351000 0.886000 0.363000 0.873000
6 0.383000 0.865000 0.372000 0.878000 0.365000 0.872000 0.375000 0.859000
4 0.120000 0.916000 0.107000 0.929000 0.100000 0.922000 0.113000 0.909000
6 0.130000 0.920000 0.121000 0.934000 0.113000 0.929000 0.122000 0.915000
6 0.152000 0.933000 0.140000 0.947000 0.133000 0.941000 0.145000 0.927000
4 0.268000 0.930000 0.264000 0.936000 0.246000 0.925000 0.250000 0.919000
5 0.290000 0.917000 0.284000 0.925000 0.263000 0.909000 0.269000 0.901000
4 0.296000 0.895000 0.290000 0.902000 0.275000 0.888000 0.281000 0.881000
6 0.306000 0.890000 0.300000 0.897000 0.285000 0.885000 0.291000 0.877000
4 0.322000 0.882000 0.313000 0.886000 0.305000 0.870000 0.314000 0.866000
4 0.341000 0.846000 0.336000 0.852000 0.321000 0.841000 0.326000 0.834000
6 0.350000 0.837000 0.345000 0.845000 0.328000 0.833000 0.333000 0.825000
6 0.361000 0.829000 0.356000 0.837000 0.338000 0.826000 0.343000 0.818000
6 0.409000 0.873000 0.406000 0.880000 0.388000 0.871000 0.391000 0.864000
4 0.436000 0.836000 0.433000 0.841000 0.415000 0.833000 0.417000 0.828000
4 0.617000 0.984000 0.603000 0.998000 0.596000 0.991000 0.610000 0.977000
6 0.778000 0.965000 0.772000 0.971000 0.758000 0.954000 0.764000 0.949000
6 0.753000 1.002000 0.749000 0.993000 0.769000 0.982000 0.774000 0.992000
4 0.996000 0.694000 0.983000 0.705000 0.978000 0.699000 0.991000 0.688000
6 0.777000 0.814000 0.764000 0.830000 0.757000 0.824000 0.770000 0.808000
6 0.854000 0.785000 0.844000 0.785000 0.844000 0.765000 0.854000 0.766000
6 0.890000 0.778000 0.883000 0.783000 0.873000 0.770000 0.879000 0.765000
5 0.879000 0.784000 0.872000 0.789000 0.861000 0.773000 0.868000 0.768000
4 0.879000 0.756000 0.874000 0.762000 0.858000 0.751000 0.862000 0.745000
6 0.849000 0.700000 0.837000 0.715000 0.830000 0.710000 0.842000 0.694000
4 0.705000 0.740000 0.690000 0.754000 0.685000 0.749000 0.699000 0.735000
6 0.682000 0.748000 0.671000 0.761000 0.665000 0.755000 0.676000 0.743000
4 0.664000 0.735000 0.641000 0.734000 0.641000 0.727000 0.664000 0.728000
4 0.666000 0.728000 0.644000 0.725000 0.645000 0.718000 0.666000 0.720000
6 0.915000 0.944000 0.909000 0.950000 0.896000 0.938000 0.902000 0.931000
4 0.928000 0.940000 0.922000 0.946000 0.909000 0.931000 0.916000 0.925000
4 0.989000 0.984000 0.979000 0.990000 0.976000 0.984000 0.986000 0.979000
4 0.662000 0.631000 0.654000 0.636000 0.644000 0.619000 0.652000 0.614000
4 0.672000 0.622000 0.665000 0.628000 0.652000 0.615000 0.659000 0.608000
4 0.684000 0.605000 0.678000 0.609000 0.669000 0.596000 0.675000 0.592000
6 0.698000 0.588000 0.693000 0.593000 0.684000 0.581000 0.690000 0.577000
4 0.826000 0.633000 0.816000 0.645000 0.810000 0.640000 0.820000 0.628000
6 0.829000 0.646000 0.818000 0.661000 0.811000 0.656000 0.823000 0.641000
4 0.804000 0.562000 0.789000 0.577000 0.784000 0.571000 0.799000 0.556000
6 0.820000 0.586000 0.817000 0.591000 0.803000 0.584000 0.807000 0.578000
4 0.839000 0.588000 0.826000 0.601000 0.820000 0.596000 0.833000 0.582000
6 0.864000 0.611000 0.860000 0.618000 0.842000 0.607000 0.845000 0.601000
4 0.882000 0.619000 0.878000 0.627000 0.864000 0.618000 0.868000 0.611000
4 0.850000 0.576000 0.841000 0.587000 0.835000 0.581000 0.844000 0.571000
4 0.801000 0.498000 0.798000 0.505000 0.780000 0.496000 0.784000 0.489000
6 0.814000 0.493000 0.810000 0.500000 0.789000 0.487000 0.793000 0.481000
4 0.824000 0.555000 0.811000 0.569000 0.807000 0.565000 0.819000 0.551000
6 0.990000 0.453000 0.987000 0.460000 0.968000 0.454000 0.971000 0.446000
4 0.996000 0.452000 0.977000 0.441000 0.981000 0.433000 1.000000 0.444000
21 0.777000 0.210000 0.564000 0.476000 0.346000 0.372000 0.578000 0.110000
5 0.114000 0.895000 0.110000 0.902000 0.088000 0.891000 0.091000 0.884000
6 0.590000 0.878000 0.586000 0.885000 0.567000 0.876000 0.571000 0.868000
4 0.602000 0.897000 0.599000 0.903000 0.584000 0.894000 0.588000 0.888000
6 0.192000 0.598000 0.169000 0.603000 0.168000 0.595000 0.191000 0.590000
6 0.186000 0.590000 0.170000 0.593000 0.169000 0.587000 0.185000 0.584000
6 0.181000 0.582000 0.167000 0.582000 0.167000 0.576000 0.180000 0.576000
6 0.180000 0.571000 0.163000 0.574000 0.162000 0.569000 0.178000 0.565000
6 0.160000 0.525000 0.153000 0.529000 0.144000 0.513000 0.151000 0.509000
4 0.109000 0.538000 0.100000 0.542000 0.092000 0.524000 0.101000 0.520000
4 0.100000 0.519000 0.094000 0.522000 0.090000 0.509000 0.096000 0.507000
4 0.198000 0.464000 0.180000 0.469000 0.178000 0.461000 0.196000 0.456000
