4 0.455000 0.036000 0.454000 0.043000 0.429000 0.040000 0.430000 0.032000
4 0.003000 0.483000 -0.003000 0.480000 0.002000 0.464000 0.009000 0.467000
6 0.083000 0.426000 0.077000 0.441000 0.068000 0.438000 0.074000 0.423000
4 0.042000 0.373000 0.036000 0.389000 0.028000 0.386000 0.034000 0.370000
6 0.074000 0.328000 0.068000 0.345000 0.060000 0.342000 0.066000 0.325000
4 0.082000 0.260000 0.076000 0.276000 0.068000 0.273000 0.073000 0.257000
4 0.121000 0.150000 0.115000 0.167000 0.108000 0.164000 0.113000 0.148000
4 0.166000 0.143000 0.161000 0.158000 0.153000 0.155000 0.158000 0.141000
6 0.160000 0.043000 0.154000 0.059000 0.146000 0.056000 0.151000 0.040000
6 0.177000 0.036000 0.172000 0.051000 0.164000 0.049000 0.169000 0.033000
6 0.222000 0.023000 0.218000 0.039000 0.210000 0.037000 0.214000 0.021000
5 0.325000 0.012000 0.324000 0.019000 0.301000 0.015000 0.303000 0.008000
4 0.365000 0.047000 0.364000 0.053000 0.345000 0.050000 0.345000 0.044000
5 0.406000 0.041000 0.405000 0.049000 0.383000 0.045000 0.384000 0.037000
4 0.568000 0.060000 0.567000 0.066000 0.544000 0.062000 0.545000 0.056000
4 0.603000 0.065000 0.602000 0.071000 0.582000 0.068000 0.583000 0.061000
4 0.631000 0.067000 0.630000 0.074000 0.610000 0.071000 0.611000 0.065000
6 0.658000 0.038000 0.651000 0.041000 0.647000 0.027000 0.653000 0.025000
3 0.750000 0.586000 0.749000 0.596000 0.722000 0.595000 0.723000 0.585000
4 0.709000 0.948000 0.689000 0.949000 0.689000 0.943000 0.709000 0.942000
4 0.710000 0.938000 0.696000 0.938000 0.696000 0.931000 0.710000 0.931000
4 0.863000 0.852000 0.857000 0.865000 0.848000 0.860000 0.855000 0.848000
4 0.914000 0.867000 0.909000 0.883000 0.902000 0.880000 0.907000 0.864000
6 0.383000 0.959000 0.362000 0.960000 0.362000 0.954000 0.383000 0.953000
4 0.448000 0.939000 0.428000 0.940000 0.428000 0.935000 0.448000 0.934000
6 0.458000 0.839000 0.438000 0.840000 0.438000 0.835000 0.457000 0.834000
4 0.543000 0.759000 0.542000 0.773000 0.536000 0.773000 0.536000 0.759000
4 0.507000 0.774000 0.497000 0.774000 0.497000 0.762000 0.506000 0.762000
4 0.465000 0.770000 0.458000 0.770000 0.458000 0.754000 0.465000 0.754000
6 0.433000 0.755000 0.432000 0.771000 0.422000 0.771000 0.423000 0.754000
11 0.394000 0.753000 0.393000 0.764000 0.385000 0.764000 0.386000 0.752000
15 0.109000 0.883000 0.108000 0.927000 0.026000 0.928000 0.029000 0.880000
14 0.091000 0.769000 0.063000 0.768000 0.065000 0.722000 0.091000 0.723000
14 0.132000 0.723000 0.131000 0.769000 0.105000 0.768000 0.107000 0.723000
14 0.172000 0.724000 0.171000 0.770000 0.145000 0.770000 0.147000 0.725000
14 0.089000 0.782000 0.088000 0.829000 0.062000 0.829000 0.064000 0.782000
14 0.130000 0.785000 0.127000 0.831000 0.101000 0.830000 0.104000 0.784000
14 0.169000 0.786000 0.167000 0.832000 0.141000 0.832000 0.144000 0.786000
4 0.563000 0.583000 0.544000 0.583000 0.543000 0.577000 0.563000 0.577000
4 0.621000 0.501000 0.613000 0.501000 0.612000 0.485000 0.621000 0.485000
6 0.612000 0.453000 0.594000 0.453000 0.594000 0.447000 0.611000 0.447000
6 0.616000 0.442000 0.593000 0.442000 0.593000 0.436000 0.616000 0.436000
4 0.612000 0.406000 0.592000 0.406000 0.592000 0.400000 0.612000 0.400000
5 0.532000 0.436000 0.518000 0.452000 0.512000 0.446000 0.526000 0.430000
4 0.515000 0.434000 0.508000 0.447000 0.500000 0.443000 0.507000 0.430000
4 0.499000 0.432000 0.491000 0.446000 0.485000 0.442000 0.493000 0.428000
5 0.489000 0.429000 0.480000 0.444000 0.474000 0.440000 0.482000 0.425000
4 0.478000 0.426000 0.471000 0.441000 0.463000 0.438000 0.471000 0.422000
6 0.466000 0.426000 0.454000 0.440000 0.449000 0.435000 0.461000 0.421000
4 0.453000 0.421000 0.446000 0.436000 0.439000 0.432000 0.447000 0.418000
6 0.443000 0.420000 0.433000 0.433000 0.427000 0.429000 0.437000 0.415000
4 0.433000 0.417000 0.421000 0.432000 0.415000 0.427000 0.427000 0.412000
4 0.421000 0.415000 0.411000 0.430000 0.404000 0.426000 0.414000 0.410000
4 0.444000 0.372000 0.440000 0.389000 0.431000 0.388000 0.435000 0.371000
4 0.456000 0.374000 0.451000 0.390000 0.443000 0.388000 0.448000 0.371000
4 0.468000 0.378000 0.465000 0.393000 0.455000 0.391000 0.459000 0.376000
4 0.480000 0.377000 0.476000 0.390000 0.469000 0.388000 0.473000 0.374000
6 0.488000 0.379000 0.486000 0.395000 0.478000 0.394000 0.480000 0.378000
4 0.499000 0.382000 0.497000 0.398000 0.489000 0.397000 0.492000 0.381000
4 0.513000 0.388000 0.509000 0.400000 0.502000 0.398000 0.506000 0.386000
6 0.267000 0.404000 0.259000 0.405000 0.257000 0.390000 0.265000 0.389000
4 0.254000 0.401000 0.246000 0.404000 0.241000 0.390000 0.249000 0.387000
6 0.205000 0.403000 0.197000 0.403000 0.196000 0.388000 0.205000 0.387000
4 0.191000 0.393000 0.188000 0.408000 0.179000 0.406000 0.182000 0.391000
4 0.245000 0.359000 0.232000 0.365000 0.229000 0.357000 0.242000 0.352000
4 0.547000 0.331000 0.546000 0.338000 0.525000 0.336000 0.526000 0.329000
4 0.717000 0.370000 0.698000 0.370000 0.698000 0.364000 0.717000 0.364000
4 0.805000 0.378000 0.788000 0.377000 0.788000 0.372000 0.805000 0.372000
4 0.856000 0.384000 0.836000 0.384000 0.836000 0.378000 0.856000 0.379000
4 0.682000 0.406000 0.677000 0.418000 0.669000 0.416000 0.673000 0.403000
6 0.731000 0.404000 0.727000 0.422000 0.719000 0.420000 0.723000 0.402000
4 0.753000 0.406000 0.751000 0.420000 0.743000 0.419000 0.745000 0.405000
4 0.783000 0.427000 0.774000 0.427000 0.774000 0.411000 0.783000 0.411000
3 0.831000 0.445000 0.803000 0.450000 0.802000 0.440000 0.830000 0.436000
3 0.868000 0.460000 0.866000 0.469000 0.841000 0.464000 0.843000 0.455000
3 0.876000 0.640000 0.874000 0.665000 0.864000 0.665000 0.865000 0.639000
6 0.872000 0.719000 0.871000 0.728000 0.845000 0.727000 0.845000 0.718000
4 0.871000 0.736000 0.847000 0.735000 0.847000 0.729000 0.871000 0.730000
3 0.867000 0.748000 0.838000 0.745000 0.838000 0.737000 0.867000 0.740000
3 0.867000 0.758000 0.837000 0.757000 0.837000 0.748000 0.867000 0.749000
5 0.867000 0.775000 0.866000 0.781000 0.842000 0.779000 0.843000 0.772000
6 0.863000 0.767000 0.844000 0.767000 0.844000 0.760000 0.863000 0.761000
5 0.826000 0.742000 0.802000 0.743000 0.801000 0.735000 0.826000 0.734000
5 0.822000 0.753000 0.800000 0.762000 0.797000 0.754000 0.819000 0.745000
6 0.766000 0.760000 0.765000 0.778000 0.755000 0.778000 0.756000 0.759000
4 0.918000 0.391000 0.897000 0.390000 0.897000 0.383000 0.918000 0.385000
4 0.990000 0.475000 0.985000 0.491000 0.978000 0.489000 0.982000 0.472000
4 0.997000 0.492000 0.989000 0.489000 0.994000 0.473000 1.002000 0.475000
3 1.000000 0.752000 0.961000 0.744000 0.962000 0.736000 1.000000 0.744000
3 0.997000 0.754000 0.996000 0.763000 0.961000 0.758000 0.962000 0.748000
3 0.998000 0.765000 0.996000 0.774000 0.961000 0.768000 0.963000 0.759000
3 1.000000 0.776000 0.998000 0.786000 0.960000 0.779000 0.962000 0.769000
4 0.985000 0.795000 0.983000 0.806000 0.947000 0.798000 0.949000 0.787000
6 0.927000 0.191000 0.926000 0.197000 0.907000 0.195000 0.908000 0.189000
6 0.824000 0.434000 0.803000 0.436000 0.802000 0.429000 0.823000 0.427000
6 0.710000 0.957000 0.691000 0.958000 0.691000 0.952000 0.710000 0.951000
