4 0.961000 0.055000 0.952000 0.055000 0.952000 0.039000 0.961000 0.039000
6 0.991000 0.126000 0.984000 0.127000 0.982000 0.113000 0.989000 0.112000
6 0.978000 0.130000 0.971000 0.130000 0.971000 0.114000 0.978000 0.114000
4 0.966000 0.134000 0.958000 0.134000 0.958000 0.118000 0.966000 0.118000
4 0.859000 0.609000 0.840000 0.609000 0.840000 0.601000 0.859000 0.602000
4 0.511000 0.407000 0.487000 0.405000 0.487000 0.398000 0.511000 0.400000
4 0.448000 0.403000 0.426000 0.402000 0.426000 0.395000 0.448000 0.395000
6 0.446000 0.381000 0.426000 0.381000 0.426000 0.374000 0.446000 0.374000
6 0.347000 0.379000 0.328000 0.378000 0.328000 0.372000 0.347000 0.373000
4 0.344000 0.383000 0.343000 0.390000 0.324000 0.389000 0.324000 0.382000
6 0.255000 0.397000 0.236000 0.397000 0.236000 0.391000 0.255000 0.391000
6 0.128000 0.386000 0.107000 0.385000 0.107000 0.377000 0.128000 0.379000
6 0.383000 0.401000 0.362000 0.400000 0.362000 0.394000 0.383000 0.394000
5 0.394000 0.448000 0.369000 0.449000 0.368000 0.441000 0.394000 0.440000
4 0.291000 0.464000 0.270000 0.463000 0.270000 0.457000 0.291000 0.458000
4 0.351000 0.470000 0.330000 0.469000 0.330000 0.462000 0.351000 0.463000
6 0.341000 0.479000 0.322000 0.480000 0.321000 0.474000 0.341000 0.473000
5 0.345000 0.490000 0.319000 0.491000 0.319000 0.482000 0.345000 0.481000
4 0.357000 0.496000 0.342000 0.497000 0.342000 0.492000 0.357000 0.491000
6 0.382000 0.543000 0.381000 0.551000 0.361000 0.550000 0.361000 0.542000
3 0.104000 0.643000 0.102000 0.654000 0.059000 0.644000 0.061000 0.634000
6 0.296000 0.802000 0.279000 0.804000 0.279000 0.799000 0.295000 0.796000
3 0.261000 0.798000 0.229000 0.799000 0.229000 0.788000 0.261000 0.788000
6 0.620000 0.055000 0.613000 0.055000 0.613000 0.038000 0.620000 0.038000
4 0.643000 0.054000 0.636000 0.054000 0.636000 0.038000 0.643000 0.039000
4 0.655000 0.053000 0.648000 0.053000 0.647000 0.039000 0.655000 0.039000
6 0.667000 0.054000 0.660000 0.054000 0.659000 0.040000 0.665000 0.039000
6 0.678000 0.054000 0.670000 0.054000 0.670000 0.038000 0.678000 0.038000
6 0.690000 0.053000 0.682000 0.053000 0.682000 0.037000 0.690000 0.037000
4 0.714000 0.037000 0.712000 0.052000 0.706000 0.051000 0.707000 0.036000
6 0.737000 0.090000 0.729000 0.090000 0.728000 0.070000 0.737000 0.070000
4 0.725000 0.088000 0.719000 0.088000 0.718000 0.074000 0.725000 0.074000
4 0.713000 0.091000 0.705000 0.091000 0.706000 0.075000 0.713000 0.075000
4 0.725000 0.108000 0.719000 0.108000 0.719000 0.093000 0.725000 0.093000
4 0.738000 0.108000 0.731000 0.108000 0.731000 0.092000 0.738000 0.092000
6 0.713000 0.110000 0.706000 0.110000 0.706000 0.094000 0.712000 0.094000
4 0.691000 0.075000 0.690000 0.093000 0.683000 0.093000 0.683000 0.074000
6 0.693000 0.113000 0.684000 0.113000 0.684000 0.097000 0.692000 0.097000
4 0.657000 0.111000 0.649000 0.111000 0.649000 0.094000 0.657000 0.094000
4 0.646000 0.093000 0.638000 0.093000 0.637000 0.077000 0.645000 0.076000
4 0.634000 0.074000 0.633000 0.091000 0.626000 0.091000 0.626000 0.074000
6 0.623000 0.109000 0.616000 0.109000 0.616000 0.095000 0.623000 0.095000
6 0.601000 0.113000 0.592000 0.114000 0.591000 0.095000 0.599000 0.094000
4 0.598000 0.093000 0.591000 0.093000 0.591000 0.077000 0.598000 0.077000
5 0.615000 0.136000 0.612000 0.144000 0.589000 0.136000 0.591000 0.128000
4 0.792000 0.183000 0.772000 0.184000 0.772000 0.176000 0.792000 0.175000
3 0.734000 0.223000 0.698000 0.224000 0.698000 0.215000 0.734000 0.214000
4 0.508000 0.190000 0.491000 0.190000 0.491000 0.182000 0.508000 0.182000
4 0.379000 0.259000 0.356000 0.260000 0.356000 0.252000 0.379000 0.252000
4 0.409000 0.272000 0.388000 0.272000 0.388000 0.264000 0.409000 0.264000
4 0.421000 0.193000 0.398000 0.194000 0.397000 0.187000 0.421000 0.186000
4 0.345000 0.195000 0.325000 0.197000 0.324000 0.187000 0.345000 0.186000
4 0.276000 0.199000 0.253000 0.200000 0.253000 0.194000 0.276000 0.193000
4 0.200000 0.274000 0.181000 0.274000 0.181000 0.268000 0.200000 0.268000
4 0.105000 0.266000 0.085000 0.266000 0.084000 0.260000 0.104000 0.259000
6 0.150000 0.206000 0.129000 0.206000 0.128000 0.199000 0.150000 0.199000
5 0.089000 0.208000 0.063000 0.208000 0.063000 0.200000 0.088000 0.199000
4 0.147000 0.057000 0.125000 0.060000 0.124000 0.052000 0.146000 0.048000
5 0.133000 0.038000 0.124000 0.038000 0.123000 0.018000 0.133000 0.018000
6 0.752000 0.935000 0.748000 0.940000 0.736000 0.930000 0.740000 0.925000
4 0.695000 0.847000 0.691000 0.854000 0.675000 0.843000 0.679000 0.836000
4 0.231000 0.508000 0.206000 0.508000 0.206000 0.496000 0.231000 0.496000
4 0.138000 0.422000 0.137000 0.433000 0.111000 0.430000 0.112000 0.419000
6 0.736000 0.052000 0.729000 0.052000 0.729000 0.037000 0.736000 0.037000
4 0.084000 0.024000 0.084000 0.011000 0.091000 0.011000 0.091000 0.024000
