4 0.633000 0.015000 0.621000 0.023000 0.617000 0.018000 0.630000 0.008000
5 0.655000 0.033000 0.651000 0.038000 0.633000 0.026000 0.638000 0.020000
5 0.832000 0.026000 0.811000 0.028000 0.810000 0.019000 0.831000 0.017000
6 0.197000 0.072000 0.193000 0.079000 0.179000 0.068000 0.183000 0.062000
9 0.243000 0.147000 0.212000 0.179000 0.178000 0.146000 0.209000 0.114000
5 0.174000 0.177000 0.158000 0.192000 0.153000 0.186000 0.169000 0.172000
3 0.339000 0.237000 0.334000 0.244000 0.310000 0.225000 0.315000 0.219000
6 0.343000 0.198000 0.326000 0.212000 0.321000 0.206000 0.338000 0.192000
5 0.437000 0.214000 0.425000 0.225000 0.420000 0.219000 0.432000 0.207000
5 0.416000 0.234000 0.402000 0.249000 0.396000 0.243000 0.410000 0.228000
4 0.320000 0.309000 0.306000 0.322000 0.301000 0.316000 0.315000 0.303000
6 0.314000 0.300000 0.301000 0.312000 0.296000 0.306000 0.309000 0.295000
5 0.306000 0.882000 0.293000 0.896000 0.287000 0.891000 0.300000 0.877000
9 0.410000 0.804000 0.376000 0.841000 0.334000 0.803000 0.368000 0.766000
6 0.504000 0.849000 0.492000 0.862000 0.487000 0.857000 0.498000 0.844000
6 0.516000 0.850000 0.505000 0.861000 0.500000 0.856000 0.510000 0.844000
9 0.705000 0.532000 0.674000 0.566000 0.630000 0.526000 0.661000 0.492000
6 0.848000 0.609000 0.836000 0.622000 0.831000 0.617000 0.842000 0.604000
5 0.908000 0.654000 0.896000 0.666000 0.891000 0.661000 0.903000 0.649000
6 0.857000 0.727000 0.845000 0.743000 0.839000 0.737000 0.851000 0.722000
6 0.891000 0.787000 0.878000 0.800000 0.873000 0.795000 0.886000 0.782000
6 0.869000 0.908000 0.857000 0.920000 0.852000 0.915000 0.864000 0.903000
5 0.054000 0.251000 0.048000 0.256000 0.032000 0.242000 0.038000 0.236000
