33 0.821000 0.334000 0.855000 0.261000 0.783000 0.227000 0.749000 0.300000
19 0.739000 0.296000 0.777000 0.217000 0.699000 0.180000 0.661000 0.259000
33 0.663000 0.249000 0.697000 0.176000 0.628000 0.143000 0.593000 0.216000
19 0.587000 0.201000 0.627000 0.116000 0.552000 0.081000 0.512000 0.165000
19 0.501000 0.172000 0.539000 0.091000 0.463000 0.055000 0.425000 0.136000
35 0.383000 0.149000 0.343000 0.053000 0.260000 0.088000 0.300000 0.183000
19 0.384000 0.189000 0.337000 0.268000 0.414000 0.313000 0.461000 0.235000
19 0.641000 0.344000 0.609000 0.387000 0.646000 0.416000 0.679000 0.373000
34 0.470000 0.232000 0.421000 0.315000 0.492000 0.357000 0.542000 0.274000
17 0.958000 0.254000 0.920000 0.211000 0.884000 0.244000 0.922000 0.287000
17 1.000000 0.214000 0.954000 0.172000 0.922000 0.208000 0.967000 0.250000
19 0.494000 0.911000 0.590000 0.912000 0.590000 0.852000 0.495000 0.851000
33 0.901000 0.893000 0.980000 0.930000 1.012000 0.862000 0.933000 0.825000
34 0.854000 0.960000 0.943000 1.013000 0.982000 0.947000 0.894000 0.894000
