2 0.137000 0.408500 0.224500 0.407500 0.224500 0.393500 0.136500 0.395000
2 0.270000 0.410000 0.378500 0.408500 0.378500 0.391500 0.270000 0.393000
28 0.500500 0.366000 0.559000 0.365500 0.559000 0.356000 0.500500 0.356500
28 0.559000 0.348000 0.510000 0.348500 0.510000 0.356500 0.559000 0.356000
28 0.562500 0.357000 0.618000 0.356500 0.618000 0.348500 0.562500 0.349000
28 0.728000 0.369500 0.767500 0.369000 0.767500 0.362500 0.728000 0.363000
28 0.775500 0.361000 0.813000 0.360500 0.813000 0.354000 0.775500 0.354500
28 0.809500 0.348000 0.773000 0.349000 0.773000 0.354000 0.809500 0.353000
28 0.805000 0.342500 0.779000 0.343500 0.779000 0.347500 0.805000 0.346500
28 0.766000 0.356500 0.727000 0.357500 0.727500 0.362500 0.766000 0.361500
28 0.769000 0.349500 0.728000 0.350500 0.728000 0.356000 0.769000 0.355000
28 0.765500 0.343000 0.732000 0.343500 0.732000 0.349000 0.765500 0.348000
28 0.726500 0.355000 0.689500 0.356000 0.689500 0.362500 0.726500 0.361500
28 0.727500 0.349000 0.686500 0.349500 0.686500 0.355500 0.727500 0.354500
28 0.726000 0.343500 0.698000 0.344000 0.698000 0.349000 0.726500 0.348500
28 0.618500 0.365500 0.563000 0.366500 0.563000 0.375000 0.618500 0.374000
28 0.619000 0.356500 0.562500 0.358000 0.562500 0.365500 0.619500 0.364000
7 0.655500 0.902500 0.636000 0.900000 0.634500 0.903000 0.655000 0.905500
7 0.651500 0.885500 0.633500 0.883000 0.633000 0.886500 0.651000 0.889000
7 0.653000 0.905500 0.633000 0.905000 0.632500 0.908500 0.653000 0.909000
7 0.651500 0.913500 0.634000 0.914500 0.634000 0.917000 0.651500 0.916500
7 0.654500 0.950500 0.644500 0.951000 0.644500 0.954000 0.654500 0.953500
7 0.649500 0.909500 0.630500 0.909500 0.630500 0.912500 0.649500 0.912500
7 0.574000 0.992500 0.588500 0.993000 0.588500 0.989000 0.574500 0.988500
7 0.574000 0.996000 0.585000 0.996500 0.585000 0.992500 0.574000 0.992500
7 0.582000 0.928000 0.600000 0.928500 0.600000 0.925000 0.582000 0.924500
7 0.576500 0.909500 0.592500 0.908500 0.592500 0.905500 0.576500 0.906500
7 0.576500 0.902500 0.592000 0.900000 0.592000 0.897000 0.576000 0.899500
7 0.574000 0.906000 0.592500 0.904500 0.592500 0.901500 0.573500 0.903000
7 0.580500 0.920500 0.596000 0.918500 0.595500 0.915000 0.580000 0.917500
7 0.578000 0.917000 0.592500 0.915500 0.592500 0.912000 0.578000 0.913500
7 0.578000 0.913000 0.588000 0.912500 0.588000 0.909500 0.577500 0.909500
7 0.582000 0.923500 0.596500 0.923000 0.596500 0.919500 0.582000 0.920000
7 0.397500 0.790500 0.408500 0.786500 0.407000 0.783000 0.396500 0.786500
7 0.400500 0.794500 0.411000 0.791000 0.408500 0.786500 0.398000 0.790500
7 0.352000 0.795500 0.367500 0.789500 0.367000 0.785500 0.350500 0.791500
7 0.373500 0.805000 0.360000 0.812500 0.363500 0.817000 0.375000 0.809500
7 0.371500 0.802500 0.358500 0.806500 0.360000 0.810500 0.373500 0.806500
7 0.337500 0.741500 0.336000 0.749000 0.339500 0.750000 0.341000 0.743000
7 0.268500 0.719500 0.266000 0.726000 0.269000 0.727000 0.271500 0.721000
7 0.195000 0.742500 0.187000 0.757000 0.191500 0.759500 0.200500 0.745500
2 0.123500 0.898000 0.010000 0.918500 0.014000 0.941500 0.127500 0.921000
2 0.202000 0.865500 0.134500 0.886000 0.138500 0.903000 0.206000 0.882000
