6 0.555000 0.113333 0.531250 0.111667 0.710000 0.101667 0.740000 0.103333
6 0.556250 0.053333 0.555000 0.066667 0.693333 0.063333 0.695000 0.051667
6 0.558750 0.026667 0.530000 0.028333 0.706667 0.015000 0.745000 0.015000
4 0.357500 0.111667 0.355000 0.136667 0.460000 0.133333 0.465000 0.110000
4 0.345000 0.101667 0.342500 0.131667 0.441667 0.130000 0.445000 0.100000
4 0.330000 0.106667 0.327500 0.131667 0.421667 0.130000 0.425000 0.103333
4 0.315000 0.098333 0.313750 0.125000 0.405000 0.125000 0.408333 0.096667
4 0.985000 0.325000 0.983750 0.336667 1.273333 0.335000 1.275000 0.323333
4 0.876250 0.316667 0.850000 0.315000 1.133333 0.303333 1.168333 0.303333
4 0.728750 0.440000 0.720000 0.440000 0.960000 0.416667 0.971667 0.416667
4 0.743750 0.441667 0.733750 0.441667 0.978333 0.416667 0.991667 0.415000
6 0.381250 0.353333 0.356250 0.351667 0.476667 0.340000 0.508333 0.341667
6 0.306250 0.353333 0.280000 0.351667 0.373333 0.341667 0.408333 0.343333
6 0.272500 0.351667 0.246250 0.351667 0.328333 0.341667 0.363333 0.341667
6 0.305000 0.861667 0.288750 0.880000 0.376667 0.870000 0.398333 0.851667
6 0.226250 0.933333 0.221250 0.941667 0.271667 0.928333 0.276667 0.918333
6 0.948750 0.780000 0.921250 0.785000 1.226667 0.771667 1.263333 0.768333
6 0.717500 0.895000 0.703750 0.906667 0.931667 0.896667 0.950000 0.885000
4 0.605000 0.820000 0.600000 0.846667 0.785000 0.843333 0.790000 0.816667
6 0.475000 0.985000 0.463750 0.985000 0.618333 0.948333 0.631667 0.948333
