4 0.798333 0.807500 0.796667 0.828750 0.583750 0.827500 0.585000 0.806250
6 0.768333 0.880000 0.753333 0.880000 0.565000 0.861250 0.576250 0.861250
4 0.465000 0.893750 0.446667 0.893750 0.335000 0.872500 0.347500 0.872500
4 0.288333 0.810000 0.286667 0.822500 0.190000 0.820000 0.191250 0.807500
11 0.701667 0.712500 0.681667 0.713750 0.507500 0.678750 0.523750 0.677500
6 0.396667 0.397500 0.381667 0.397500 0.286250 0.377500 0.297500 0.377500
4 0.360000 0.243750 0.328333 0.243750 0.246250 0.232500 0.270000 0.231250
4 0.616667 0.207500 0.576667 0.208750 0.432500 0.196250 0.461250 0.196250
4 0.643333 0.245000 0.608333 0.245000 0.456250 0.236250 0.482500 0.235000
4 0.968333 0.208750 0.940000 0.210000 0.705000 0.198750 0.726250 0.197500
