4 0.663750 0.546667 0.662500 0.558333 0.840000 0.555000 0.841667 0.543333
4 0.558750 0.448333 0.555000 0.473333 0.726667 0.471667 0.731667 0.446667
5 0.576250 0.446667 0.572500 0.476667 0.748333 0.475000 0.751667 0.445000
5 0.596250 0.441667 0.595000 0.476667 0.776667 0.476667 0.778333 0.441667
4 0.473750 0.446667 0.451250 0.460000 0.596667 0.448333 0.626667 0.435000
5 0.553750 0.408333 0.552500 0.421667 0.695000 0.416667 0.696667 0.403333
4 0.552500 0.393333 0.551250 0.405000 0.698333 0.400000 0.700000 0.388333
4 0.561250 0.373333 0.560000 0.386667 0.703333 0.383333 0.703333 0.370000
5 0.561250 0.355000 0.560000 0.368333 0.703333 0.363333 0.705000 0.350000
5 0.565000 0.338333 0.563750 0.351667 0.710000 0.346667 0.711667 0.333333
5 0.570000 0.321667 0.568750 0.333333 0.715000 0.328333 0.716667 0.316667
5 0.568750 0.303333 0.567500 0.315000 0.715000 0.308333 0.716667 0.296667
5 0.575000 0.283333 0.573750 0.295000 0.721667 0.291667 0.723333 0.280000
5 0.415000 0.278333 0.411250 0.311667 0.528333 0.308333 0.535000 0.275000
5 0.400000 0.238333 0.398750 0.248333 0.495000 0.245000 0.495000 0.233333
6 0.446250 0.205000 0.425000 0.203333 0.568333 0.193333 0.595000 0.195000
4 0.500000 0.215000 0.471250 0.213333 0.628333 0.200000 0.666667 0.203333
5 0.538750 0.208333 0.537500 0.223333 0.673333 0.218333 0.675000 0.205000
4 0.496250 0.273333 0.495000 0.281667 0.636667 0.280000 0.636667 0.270000
5 0.573750 0.088333 0.570000 0.121667 0.743333 0.120000 0.746667 0.086667
5 0.532500 0.070000 0.527500 0.103333 0.686667 0.100000 0.691667 0.066667
5 0.930000 0.071667 0.916250 0.100000 1.208333 0.090000 1.226667 0.063333
6 0.911250 0.068333 0.901250 0.088333 1.191667 0.081667 1.205000 0.061667
5 0.931250 0.045000 0.927500 0.056667 1.200000 0.038333 1.205000 0.026667
5 0.943750 0.028333 0.940000 0.040000 1.213333 0.026667 1.218333 0.013333
