6 0.189000 0.772000 0.180000 0.776000 0.176000 0.764000 0.185000 0.760000
4 0.877000 0.417000 0.865000 0.418000 0.864000 0.411000 0.877000 0.410000
6 0.362000 0.589000 0.352000 0.590000 0.351000 0.576000 0.361000 0.575000
6 0.156000 0.761000 0.148000 0.762000 0.145000 0.745000 0.154000 0.744000
4 0.849000 0.041000 0.848000 0.049000 0.826000 0.047000 0.826000 0.040000
4 0.699000 0.076000 0.691000 0.077000 0.691000 0.062000 0.699000 0.062000
4 0.962000 0.113000 0.954000 0.114000 0.953000 0.097000 0.961000 0.096000
4 0.848000 0.355000 0.827000 0.355000 0.827000 0.348000 0.848000 0.348000
6 0.839000 0.336000 0.815000 0.336000 0.815000 0.329000 0.839000 0.329000
5 0.834000 0.307000 0.809000 0.307000 0.809000 0.298000 0.834000 0.299000
6 0.834000 0.297000 0.811000 0.297000 0.811000 0.289000 0.834000 0.289000
6 0.799000 0.257000 0.791000 0.257000 0.790000 0.240000 0.799000 0.239000
4 0.749000 0.271000 0.740000 0.272000 0.739000 0.260000 0.748000 0.259000
6 0.643000 0.321000 0.634000 0.323000 0.632000 0.307000 0.641000 0.306000
4 0.654000 0.319000 0.645000 0.320000 0.642000 0.302000 0.652000 0.301000
6 0.941000 0.607000 0.929000 0.609000 0.926000 0.592000 0.937000 0.590000
4 0.732000 0.698000 0.711000 0.699000 0.710000 0.691000 0.732000 0.690000
6 0.720000 0.675000 0.701000 0.681000 0.698000 0.673000 0.718000 0.667000
6 0.660000 0.709000 0.638000 0.709000 0.638000 0.702000 0.660000 0.702000
6 0.658000 0.700000 0.636000 0.699000 0.637000 0.692000 0.658000 0.692000
6 0.661000 0.679000 0.639000 0.678000 0.639000 0.671000 0.661000 0.671000
4 0.598000 0.701000 0.589000 0.707000 0.577000 0.690000 0.586000 0.684000
6 0.538000 0.702000 0.528000 0.704000 0.524000 0.682000 0.534000 0.681000
4 0.524000 0.699000 0.515000 0.701000 0.512000 0.684000 0.521000 0.683000
4 0.319000 0.700000 0.310000 0.703000 0.305000 0.687000 0.314000 0.685000
4 0.305000 0.602000 0.296000 0.605000 0.291000 0.588000 0.300000 0.585000
4 0.178000 0.589000 0.155000 0.595000 0.153000 0.587000 0.176000 0.582000
6 0.213000 0.234000 0.204000 0.236000 0.200000 0.220000 0.209000 0.218000
4 0.078000 0.235000 0.077000 0.252000 0.069000 0.252000 0.069000 0.235000
4 0.273000 0.078000 0.251000 0.081000 0.250000 0.074000 0.272000 0.071000
6 0.654000 0.148000 0.633000 0.151000 0.632000 0.144000 0.653000 0.141000
6 0.593000 0.147000 0.573000 0.149000 0.572000 0.142000 0.593000 0.140000
4 0.578000 0.060000 0.554000 0.064000 0.553000 0.056000 0.577000 0.052000
4 0.701000 0.044000 0.672000 0.048000 0.671000 0.039000 0.700000 0.035000
6 0.768000 0.038000 0.745000 0.040000 0.744000 0.032000 0.768000 0.030000
4 0.803000 0.008000 0.778000 0.012000 0.776000 0.005000 0.802000 0.001000
3 0.840000 0.007000 0.811000 0.011000 0.810000 0.000000 0.839000 0.000000
4 0.084000 0.493000 0.056000 0.496000 0.055000 0.488000 0.083000 0.486000
4 0.097000 0.517000 0.074000 0.519000 0.074000 0.513000 0.096000 0.510000
6 0.112000 0.490000 0.091000 0.493000 0.090000 0.485000 0.111000 0.483000
4 0.189000 0.504000 0.167000 0.507000 0.166000 0.500000 0.188000 0.497000
4 0.184000 0.480000 0.160000 0.484000 0.159000 0.477000 0.182000 0.473000
4 0.319000 0.463000 0.298000 0.466000 0.297000 0.458000 0.318000 0.456000
4 0.344000 0.461000 0.322000 0.463000 0.321000 0.455000 0.344000 0.453000
6 0.423000 0.476000 0.399000 0.478000 0.399000 0.470000 0.422000 0.468000
6 0.484000 0.468000 0.466000 0.470000 0.465000 0.461000 0.483000 0.459000
6 0.455000 0.446000 0.438000 0.448000 0.437000 0.440000 0.455000 0.438000
4 0.499000 0.440000 0.475000 0.443000 0.475000 0.437000 0.499000 0.433000
6 0.542000 0.458000 0.519000 0.461000 0.518000 0.454000 0.541000 0.451000
4 0.573000 0.431000 0.553000 0.433000 0.553000 0.426000 0.572000 0.424000
6 0.645000 0.446000 0.625000 0.449000 0.624000 0.440000 0.644000 0.437000
4 0.669000 0.442000 0.645000 0.444000 0.645000 0.437000 0.668000 0.435000
4 0.660000 0.420000 0.638000 0.423000 0.637000 0.414000 0.658000 0.411000
6 0.748000 0.432000 0.725000 0.434000 0.725000 0.428000 0.747000 0.426000
4 0.775000 0.429000 0.752000 0.432000 0.751000 0.425000 0.774000 0.422000
4 0.786000 0.891000 0.777000 0.892000 0.774000 0.871000 0.783000 0.870000
4 0.792000 0.956000 0.782000 0.959000 0.778000 0.944000 0.788000 0.942000
4 0.673000 0.974000 0.665000 0.979000 0.656000 0.965000 0.663000 0.960000
4 0.680000 0.994000 0.672000 0.995000 0.669000 0.980000 0.678000 0.979000
6 0.666000 0.993000 0.657000 0.994000 0.655000 0.978000 0.663000 0.977000
4 0.480000 0.816000 0.471000 0.819000 0.465000 0.802000 0.474000 0.799000
4 0.511000 0.858000 0.489000 0.862000 0.488000 0.855000 0.510000 0.852000
6 0.294000 0.848000 0.284000 0.850000 0.281000 0.830000 0.291000 0.828000
4 0.175000 0.793000 0.168000 0.796000 0.161000 0.780000 0.169000 0.777000
4 0.170000 0.761000 0.161000 0.762000 0.159000 0.746000 0.168000 0.745000
6 0.165000 0.740000 0.156000 0.742000 0.152000 0.727000 0.161000 0.725000
4 0.152000 0.744000 0.141000 0.745000 0.139000 0.728000 0.150000 0.726000
6 0.069000 0.784000 0.051000 0.785000 0.050000 0.779000 0.069000 0.777000
4 0.103000 0.910000 0.080000 0.913000 0.079000 0.905000 0.102000 0.903000
6 0.079000 0.930000 0.056000 0.932000 0.055000 0.925000 0.078000 0.923000
4 0.285000 0.364000 0.277000 0.365000 0.276000 0.352000 0.284000 0.352000
