5 0.930000 0.851667 0.898750 0.851667 1.198333 0.838333 1.240000 0.838333
5 0.926250 0.818333 0.925000 0.828333 1.200000 0.826667 1.200000 0.816667
4 0.921250 0.803333 0.898750 0.801667 1.198333 0.793333 1.228333 0.795000
4 0.923750 0.785000 0.898750 0.785000 1.200000 0.775000 1.231667 0.776667
4 0.961250 0.655000 0.950000 0.656667 1.265000 0.626667 1.280000 0.625000
6 0.661250 0.981667 0.656250 0.990000 0.853333 0.970000 0.860000 0.963333
6 0.596250 0.981667 0.570000 0.983333 0.758333 0.973333 0.795000 0.970000
4 0.498750 0.898333 0.473750 0.901667 0.631667 0.890000 0.665000 0.886667
4 0.567500 0.841667 0.565000 0.873333 0.736667 0.871667 0.740000 0.838333
6 0.567500 0.838333 0.555000 0.838333 0.740000 0.808333 0.756667 0.808333
4 0.517500 0.800000 0.503750 0.800000 0.671667 0.790000 0.690000 0.790000
4 0.498750 0.785000 0.476250 0.785000 0.635000 0.775000 0.665000 0.775000
5 0.656250 0.721667 0.630000 0.723333 0.840000 0.711667 0.875000 0.711667
6 0.138750 0.936667 0.117500 0.946667 0.153333 0.938333 0.181667 0.926667
4 0.131250 0.921667 0.105000 0.930000 0.140000 0.920000 0.173333 0.911667
5 0.180000 0.850000 0.177500 0.881667 0.223333 0.881667 0.225000 0.850000
4 0.225000 0.846667 0.216250 0.846667 0.286667 0.821667 0.300000 0.821667
6 0.270000 0.803333 0.251250 0.803333 0.333333 0.795000 0.360000 0.795000
5 0.270000 0.786667 0.243750 0.785000 0.325000 0.775000 0.360000 0.775000
4 0.182500 0.806667 0.173750 0.806667 0.231667 0.783333 0.243333 0.783333
4 0.180000 0.703333 0.171250 0.703333 0.228333 0.678333 0.240000 0.678333
6 0.055000 0.573333 0.053750 0.610000 0.055000 0.608333 0.056667 0.573333
4 0.428750 0.606667 0.418750 0.606667 0.556667 0.581667 0.570000 0.581667
5 0.051250 0.450000 0.041250 0.453333 0.048333 0.423333 0.061667 0.421667
5 0.071250 0.431667 0.060000 0.431667 0.080000 0.398333 0.095000 0.398333
5 0.167500 0.175000 0.156250 0.175000 0.206667 0.140000 0.221667 0.140000
4 0.180000 0.178333 0.171250 0.178333 0.226667 0.151667 0.240000 0.150000
5 0.178750 0.138333 0.171250 0.145000 0.208333 0.116667 0.218333 0.110000
4 0.315000 0.143333 0.306250 0.168333 0.395000 0.161667 0.406667 0.138333
4 0.343750 0.115000 0.332500 0.131667 0.433333 0.121667 0.446667 0.105000
5 0.336250 0.155000 0.335000 0.188333 0.433333 0.188333 0.435000 0.153333
6 0.348750 0.195000 0.338750 0.195000 0.453333 0.170000 0.465000 0.170000
6 0.373750 0.175000 0.367500 0.183333 0.468333 0.163333 0.476667 0.155000
6 0.436250 0.435000 0.426250 0.438333 0.563333 0.413333 0.575000 0.410000
4 0.473750 0.415000 0.465000 0.415000 0.620000 0.395000 0.631667 0.395000
4 0.501250 0.181667 0.491250 0.181667 0.655000 0.158333 0.668333 0.158333
6 0.515000 0.183333 0.506250 0.183333 0.675000 0.158333 0.686667 0.158333
4 0.546250 0.176667 0.540000 0.185000 0.698333 0.165000 0.706667 0.156667
4 0.535000 0.150000 0.526250 0.150000 0.698333 0.125000 0.710000 0.123333
6 0.465000 0.056667 0.440000 0.060000 0.586667 0.048333 0.620000 0.046667
6 0.487500 0.058333 0.466250 0.058333 0.621667 0.048333 0.650000 0.048333
4 0.686250 0.153333 0.685000 0.183333 0.900000 0.183333 0.901667 0.153333
6 0.717500 0.188333 0.707500 0.188333 0.943333 0.165000 0.956667 0.165000
6 0.653750 0.515000 0.632500 0.515000 0.843333 0.503333 0.871667 0.503333
4 0.770000 0.405000 0.767500 0.431667 1.011667 0.431667 1.015000 0.403333
4 0.768750 0.435000 0.767500 0.463333 1.010000 0.463333 1.011667 0.435000
4 0.827500 0.515000 0.797500 0.516667 1.063333 0.503333 1.103333 0.501667
4 0.853750 0.475000 0.845000 0.475000 1.126667 0.453333 1.138333 0.453333
6 0.882500 0.163333 0.870000 0.188333 1.148333 0.180000 1.165000 0.155000
4 0.905000 0.183333 0.893750 0.183333 1.190000 0.156667 1.206667 0.156667
6 0.920000 0.185000 0.910000 0.185000 1.213333 0.160000 1.225000 0.160000
4 0.933750 0.185000 0.925000 0.185000 1.233333 0.163333 1.241667 0.163333
4 0.872500 0.060000 0.848750 0.060000 1.131667 0.050000 1.163333 0.050000
4 0.123750 0.895000 0.097500 0.901667 0.128333 0.891667 0.165000 0.885000
