6 0.810000 0.286667 0.786250 0.303333 1.041667 0.291667 1.071667 0.273333
6 0.716250 0.353333 0.691250 0.355000 0.920000 0.345000 0.953333 0.341667
4 0.561250 0.556667 0.555000 0.565000 0.720000 0.546667 0.728333 0.536667
6 0.440000 0.540000 0.422500 0.558333 0.555000 0.546667 0.578333 0.530000
6 0.460000 0.515000 0.443750 0.533333 0.583333 0.523333 0.606667 0.505000
6 0.511250 0.530000 0.491250 0.550000 0.648333 0.541667 0.673333 0.520000
4 0.218750 0.575000 0.210000 0.581667 0.266667 0.555000 0.278333 0.548333
4 0.407500 0.678333 0.400000 0.686667 0.515000 0.663333 0.525000 0.655000
4 0.292500 0.761667 0.273750 0.775000 0.358333 0.763333 0.383333 0.750000
4 0.243750 0.655000 0.223750 0.666667 0.295000 0.658333 0.320000 0.646667
4 0.253750 0.668333 0.230000 0.681667 0.301667 0.670000 0.333333 0.656667
6 0.352500 0.931667 0.331250 0.941667 0.438333 0.931667 0.466667 0.921667
6 0.747500 0.801667 0.732500 0.818333 0.970000 0.808333 0.988333 0.791667
6 0.408750 0.861667 0.400000 0.868333 0.521667 0.846667 0.531667 0.840000
4 0.426250 0.896667 0.418750 0.903333 0.543333 0.881667 0.553333 0.875000
4 0.447500 0.931667 0.437500 0.940000 0.563333 0.911667 0.575000 0.903333
6 0.662500 0.880000 0.657500 0.888333 0.853333 0.871667 0.858333 0.863333
6 0.636250 0.925000 0.620000 0.945000 0.816667 0.936667 0.840000 0.915000
3 0.832500 0.735000 0.805000 0.755000 1.065000 0.738333 1.103333 0.718333
6 0.041250 0.908333 0.031250 0.916667 0.026667 0.890000 0.040000 0.883333
4 0.055000 0.893333 0.043750 0.900000 0.046667 0.878333 0.058333 0.870000
6 0.357500 0.158333 0.351250 0.166667 0.445000 0.146667 0.451667 0.138333
4 0.081250 0.298333 0.062500 0.308333 0.080000 0.298333 0.106667 0.288333
4 0.212500 0.273333 0.207500 0.281667 0.256667 0.263333 0.265000 0.255000
4 0.067500 0.133333 0.057500 0.140000 0.065000 0.115000 0.076667 0.108333
4 0.032500 0.055000 0.023750 0.060000 0.018333 0.035000 0.030000 0.030000
6 0.095000 0.065000 0.076250 0.075000 0.096667 0.063333 0.121667 0.053333
6 0.105000 0.081667 0.083750 0.091667 0.108333 0.081667 0.136667 0.073333
6 0.945000 0.776667 0.936250 0.781667 1.240000 0.751667 1.251667 0.748333
