4 0.121667 0.158750 0.105000 0.158750 0.080000 0.141250 0.091250 0.141250
4 0.240000 0.160000 0.215000 0.175000 0.153750 0.166250 0.172500 0.151250
6 0.270000 0.252500 0.265000 0.280000 0.186250 0.277500 0.190000 0.251250
6 0.856667 0.261250 0.843333 0.262500 0.631250 0.245000 0.640000 0.243750
4 0.820000 0.308750 0.785000 0.308750 0.587500 0.301250 0.615000 0.300000
4 0.271667 0.897500 0.263333 0.907500 0.168750 0.892500 0.175000 0.881250
6 0.820000 0.707500 0.783333 0.708750 0.587500 0.700000 0.615000 0.698750
6 0.775000 0.675000 0.743333 0.676250 0.556250 0.667500 0.581250 0.666250
6 0.823333 0.341250 0.795000 0.340000 0.596250 0.331250 0.617500 0.332500
4 0.271667 0.338750 0.231667 0.338750 0.173750 0.330000 0.203750 0.330000
4 0.951667 0.087500 0.910000 0.087500 0.682500 0.077500 0.713750 0.077500
4 0.951667 0.097500 0.911667 0.096250 0.683750 0.088750 0.713750 0.090000
