29 0.315714 0.198571 0.188571 0.212857 0.172857 0.071429 0.298571 0.057143
17 0.564286 0.097143 0.498571 0.102857 0.492857 0.037143 0.558571 0.031429
34 0.337143 0.335714 0.210000 0.354286 0.192857 0.241429 0.318571 0.221429
29 0.602857 0.487143 0.477143 0.501429 0.462857 0.384286 0.590000 0.370000
33 0.758571 0.515714 0.647143 0.530000 0.634286 0.420000 0.744286 0.405714
34 0.622857 0.530000 0.580000 0.641429 0.457143 0.594286 0.500000 0.482857
17 0.581429 0.962857 0.518571 0.970000 0.511429 0.908571 0.574286 0.901429
33 1.000000 0.625389 0.915714 0.632857 0.905703 0.519874 1.000000 0.511519
13 0.898571 0.592857 0.850000 0.651429 0.800000 0.610000 0.848571 0.551429
12 0.857143 0.367143 0.847143 0.428571 0.777143 0.417143 0.787143 0.355714
33 0.894286 0.318571 0.788571 0.355714 0.752857 0.251429 0.858571 0.214286
