19 0.412000 0.854000 0.414000 0.830000 0.390000 0.829000 0.388000 0.853000
19 0.089000 0.541000 0.088000 0.564000 0.112000 0.566000 0.113000 0.543000
19 0.376000 0.317000 0.398000 0.321000 0.402000 0.297000 0.381000 0.294000
19 0.501000 0.330000 0.521000 0.309000 0.500000 0.289000 0.481000 0.310000
19 0.521000 0.380000 0.523000 0.362000 0.504000 0.359000 0.501000 0.378000
19 0.501000 0.395000 0.498000 0.410000 0.515000 0.413000 0.518000 0.398000
19 0.319000 0.642000 0.321000 0.624000 0.301000 0.622000 0.299000 0.640000
19 0.395000 0.651000 0.396000 0.637000 0.380000 0.635000 0.379000 0.649000
19 0.416000 0.654000 0.417000 0.639000 0.400000 0.638000 0.398000 0.653000
19 0.435000 0.656000 0.437000 0.642000 0.419000 0.640000 0.418000 0.654000
19 0.431000 0.626000 0.429000 0.640000 0.447000 0.643000 0.449000 0.628000
19 0.475000 0.659000 0.477000 0.644000 0.459000 0.642000 0.457000 0.657000
19 0.470000 0.630000 0.468000 0.647000 0.487000 0.649000 0.489000 0.632000
19 0.315000 0.677000 0.332000 0.699000 0.348000 0.688000 0.331000 0.665000
19 0.347000 0.682000 0.365000 0.707000 0.387000 0.691000 0.369000 0.666000
19 0.417000 0.692000 0.436000 0.716000 0.457000 0.699000 0.437000 0.676000
19 0.455000 0.695000 0.473000 0.717000 0.490000 0.703000 0.473000 0.681000
19 0.469000 0.741000 0.460000 0.727000 0.446000 0.735000 0.455000 0.749000
19 0.391000 0.757000 0.402000 0.749000 0.391000 0.735000 0.380000 0.743000
19 0.394000 0.756000 0.407000 0.756000 0.407000 0.738000 0.395000 0.738000
19 0.446000 0.781000 0.460000 0.783000 0.461000 0.766000 0.447000 0.765000
19 0.451000 0.764000 0.457000 0.774000 0.470000 0.766000 0.464000 0.756000
19 0.318000 0.772000 0.316000 0.795000 0.342000 0.797000 0.343000 0.774000
19 0.345000 0.775000 0.343000 0.796000 0.365000 0.798000 0.367000 0.777000
19 0.370000 0.779000 0.369000 0.800000 0.392000 0.801000 0.393000 0.781000
19 0.629000 0.627000 0.617000 0.611000 0.603000 0.622000 0.615000 0.638000
19 0.640000 0.644000 0.659000 0.639000 0.654000 0.619000 0.635000 0.624000
19 0.634000 0.658000 0.660000 0.662000 0.663000 0.641000 0.637000 0.638000
19 0.631000 0.682000 0.655000 0.686000 0.659000 0.664000 0.635000 0.660000
19 0.632000 0.706000 0.654000 0.709000 0.658000 0.686000 0.635000 0.683000
