6 0.426667 0.641250 0.396667 0.648750 0.293750 0.638750 0.316250 0.631250
4 0.536667 0.802500 0.528333 0.813750 0.372500 0.801250 0.378750 0.791250
5 0.563333 0.788750 0.556667 0.797500 0.387500 0.783750 0.392500 0.773750
5 0.458333 0.738750 0.456667 0.750000 0.313750 0.748750 0.313750 0.737500
4 0.666667 0.622500 0.635000 0.631250 0.472500 0.621250 0.496250 0.612500
6 0.676667 0.633750 0.645000 0.642500 0.480000 0.631250 0.503750 0.622500
6 0.685000 0.646250 0.656667 0.652500 0.490000 0.643750 0.511250 0.637500
4 0.746667 0.637500 0.730000 0.642500 0.538750 0.620000 0.551250 0.615000
6 0.763333 0.630000 0.750000 0.633750 0.555000 0.615000 0.565000 0.611250
4 0.675000 0.678750 0.643333 0.688750 0.478750 0.678750 0.502500 0.670000
6 0.781667 0.698750 0.765000 0.703750 0.563750 0.682500 0.576250 0.677500
4 0.761667 0.723750 0.748333 0.728750 0.548750 0.710000 0.558750 0.705000
6 0.766667 0.755000 0.740000 0.765000 0.550000 0.756250 0.570000 0.745000
6 0.860000 0.726250 0.823333 0.735000 0.615000 0.725000 0.641250 0.716250
4 0.866667 0.737500 0.831667 0.743750 0.621250 0.735000 0.647500 0.728750
4 0.875000 0.745000 0.846667 0.755000 0.630000 0.746250 0.652500 0.736250
6 0.880000 0.755000 0.850000 0.763750 0.633750 0.756250 0.656250 0.747500
4 0.886667 0.767500 0.853333 0.771250 0.638750 0.762500 0.663750 0.758750
5 0.806667 0.770000 0.795000 0.776250 0.582500 0.755000 0.592500 0.750000
6 0.838333 0.786250 0.831667 0.793750 0.605000 0.780000 0.610000 0.773750
4 0.836667 0.813750 0.818333 0.831250 0.606250 0.825000 0.620000 0.808750
6 0.841667 0.830000 0.816667 0.850000 0.605000 0.843750 0.622500 0.822500
5 0.863333 0.813750 0.841667 0.830000 0.623750 0.822500 0.640000 0.806250
4 0.880000 0.820000 0.858333 0.835000 0.636250 0.827500 0.652500 0.812500
5 0.891667 0.838750 0.870000 0.861250 0.642500 0.853750 0.658750 0.831250
6 0.906667 0.832500 0.898333 0.856250 0.663750 0.852500 0.668750 0.830000
6 0.933333 0.816250 0.930000 0.837500 0.686250 0.836250 0.687500 0.815000
6 0.956667 0.815000 0.945000 0.846250 0.697500 0.842500 0.705000 0.811250
6 0.968333 0.826250 0.958333 0.852500 0.707500 0.848750 0.715000 0.823750
4 0.893333 0.860000 0.875000 0.877500 0.648750 0.871250 0.662500 0.853750
4 0.906667 0.867500 0.890000 0.887500 0.657500 0.881250 0.670000 0.861250
3 0.891667 0.890000 0.871667 0.908750 0.643750 0.901250 0.658750 0.882500
5 0.873333 0.913750 0.853333 0.933750 0.631250 0.927500 0.646250 0.907500
4 0.883333 0.925000 0.863333 0.941250 0.640000 0.935000 0.655000 0.918750
4 0.908333 0.902500 0.888333 0.922500 0.657500 0.916250 0.672500 0.896250
5 0.921667 0.911250 0.900000 0.930000 0.666250 0.923750 0.682500 0.905000
4 0.896667 0.930000 0.880000 0.948750 0.650000 0.942500 0.663750 0.923750
4 0.913333 0.938750 0.893333 0.955000 0.661250 0.947500 0.677500 0.931250
4 0.935000 0.920000 0.916667 0.937500 0.678750 0.930000 0.692500 0.913750
4 0.945000 0.930000 0.928333 0.946250 0.688750 0.940000 0.700000 0.923750
4 0.928333 0.947500 0.908333 0.966250 0.672500 0.958750 0.687500 0.940000
6 0.945000 0.905000 0.935000 0.912500 0.683750 0.892500 0.690000 0.886250
6 0.983333 0.963750 0.976667 0.971250 0.712500 0.958750 0.717500 0.950000
5 0.991667 0.952500 0.985000 0.961250 0.717500 0.948750 0.722500 0.940000
6 0.993333 0.942500 0.986667 0.948750 0.720000 0.937500 0.723750 0.930000
5 0.988333 0.907500 0.980000 0.918750 0.711250 0.905000 0.717500 0.895000
4 0.996667 0.928750 0.990000 0.937500 0.718750 0.923750 0.723750 0.915000
4 0.981667 0.873750 0.945000 0.875000 0.708750 0.863750 0.735000 0.862500
4 0.986667 0.835000 0.978333 0.861250 0.721250 0.858750 0.726250 0.832500
6 1.000000 0.841250 0.991667 0.865000 0.732500 0.861250 0.738750 0.837500
6 0.995000 0.990000 0.993333 0.998750 0.720000 0.996250 0.720000 0.987500
6 0.915000 0.503750 0.886667 0.511250 0.661250 0.500000 0.683750 0.493750
6 0.996667 0.671250 0.978333 0.682500 0.727500 0.673750 0.742500 0.663750
4 0.991667 0.656250 0.968333 0.673750 0.718750 0.666250 0.736250 0.648750
4 0.978333 0.631250 0.955000 0.650000 0.708750 0.643750 0.726250 0.623750
4 0.970000 0.618750 0.946667 0.638750 0.701250 0.630000 0.718750 0.611250
6 0.960000 0.608750 0.938333 0.625000 0.697500 0.617500 0.713750 0.601250
4 0.951667 0.596250 0.930000 0.613750 0.690000 0.607500 0.706250 0.588750
6 0.941667 0.583750 0.921667 0.600000 0.683750 0.593750 0.698750 0.577500
6 0.933333 0.573750 0.913333 0.590000 0.676250 0.582500 0.691250 0.565000
6 0.921667 0.563750 0.903333 0.580000 0.668750 0.572500 0.682500 0.556250
5 0.880000 0.596250 0.865000 0.602500 0.635000 0.580000 0.645000 0.573750
6 0.835000 0.607500 0.820000 0.611250 0.607500 0.591250 0.618750 0.587500
