21 0.880000 0.253750 0.710000 0.433750 0.008750 0.207500 0.138750 0.030000
4 0.023333 0.552500 0.006667 0.555000 0.002500 0.536250 0.015000 0.533750
4 0.175000 0.680000 0.160000 0.681250 0.116250 0.660000 0.128750 0.657500
4 0.133333 0.680000 0.116667 0.680000 0.087500 0.655000 0.100000 0.655000
4 0.116667 0.661250 0.115000 0.681250 0.075000 0.681250 0.076250 0.660000
4 0.070000 0.681250 0.058333 0.681250 0.043750 0.662500 0.052500 0.662500
6 0.053333 0.681250 0.040000 0.681250 0.031250 0.662500 0.040000 0.662500
6 0.608333 0.680000 0.593333 0.680000 0.443750 0.655000 0.455000 0.655000
4 0.650000 0.681250 0.636667 0.681250 0.476250 0.662500 0.486250 0.661250
6 0.668333 0.677500 0.655000 0.677500 0.490000 0.657500 0.500000 0.657500
6 0.680000 0.648750 0.638333 0.648750 0.478750 0.638750 0.510000 0.638750
6 0.688333 0.680000 0.676667 0.680000 0.506250 0.660000 0.516250 0.660000
4 0.725000 0.677500 0.711667 0.677500 0.533750 0.658750 0.543750 0.658750
4 0.748333 0.676250 0.736667 0.677500 0.551250 0.660000 0.560000 0.660000
5 0.786667 0.680000 0.770000 0.681250 0.576250 0.656250 0.588750 0.656250
4 0.806667 0.678750 0.793333 0.678750 0.595000 0.660000 0.605000 0.660000
6 0.846667 0.678750 0.833333 0.678750 0.623750 0.660000 0.635000 0.660000
6 0.968333 0.583750 0.953333 0.585000 0.711250 0.566250 0.722500 0.563750
4 0.926667 0.587500 0.911667 0.590000 0.677500 0.568750 0.690000 0.565000
6 0.898333 0.591250 0.883333 0.592500 0.660000 0.571250 0.671250 0.570000
5 0.878333 0.591250 0.861667 0.593750 0.642500 0.570000 0.655000 0.567500
6 0.858333 0.592500 0.843333 0.596250 0.627500 0.575000 0.640000 0.571250
6 0.775000 0.595000 0.761667 0.596250 0.568750 0.580000 0.580000 0.578750
6 0.756667 0.600000 0.743333 0.601250 0.556250 0.582500 0.566250 0.581250
6 0.738333 0.603750 0.721667 0.605000 0.540000 0.583750 0.552500 0.583750
6 0.716667 0.601250 0.703333 0.603750 0.523750 0.585000 0.533750 0.582500
4 0.695000 0.601250 0.680000 0.601250 0.508750 0.582500 0.520000 0.582500
4 0.660000 0.602500 0.645000 0.605000 0.478750 0.585000 0.490000 0.582500
4 0.598333 0.610000 0.583333 0.611250 0.435000 0.590000 0.446250 0.588750
6 0.460000 0.621250 0.445000 0.625000 0.328750 0.605000 0.340000 0.602500
