4 0.993333 0.111250 0.980000 0.133750 0.725000 0.128750 0.735000 0.106250
4 0.823333 0.058750 0.808333 0.078750 0.596250 0.073750 0.607500 0.052500
4 0.811667 0.038750 0.798333 0.062500 0.586250 0.057500 0.596250 0.033750
6 0.781667 0.028750 0.778333 0.038750 0.558750 0.031250 0.561250 0.021250
6 0.866667 0.176250 0.860000 0.188750 0.611250 0.176250 0.616250 0.165000
6 0.138333 0.107500 0.133333 0.120000 0.067500 0.112500 0.071250 0.101250
4 0.350000 0.160000 0.346667 0.168750 0.233750 0.163750 0.235000 0.153750
6 0.690000 0.203750 0.653333 0.210000 0.487500 0.200000 0.515000 0.193750
6 0.911667 0.252500 0.898333 0.257500 0.661250 0.236250 0.671250 0.230000
4 0.835000 0.246250 0.823333 0.250000 0.610000 0.231250 0.618750 0.228750
5 0.891667 0.263750 0.878333 0.268750 0.646250 0.243750 0.657500 0.238750
5 0.851667 0.270000 0.840000 0.273750 0.617500 0.252500 0.627500 0.247500
6 0.826667 0.271250 0.813333 0.275000 0.603750 0.255000 0.612500 0.251250
4 0.696667 0.217500 0.655000 0.223750 0.490000 0.213750 0.520000 0.207500
4 0.763333 0.255000 0.755000 0.277500 0.552500 0.275000 0.558750 0.251250
5 0.711667 0.256250 0.676667 0.261250 0.505000 0.250000 0.531250 0.246250
6 0.566667 0.218750 0.563333 0.227500 0.400000 0.221250 0.401250 0.213750
4 0.573333 0.246250 0.570000 0.255000 0.402500 0.247500 0.405000 0.238750
6 0.565000 0.270000 0.561667 0.278750 0.398750 0.272500 0.401250 0.265000
6 0.560000 0.293750 0.550000 0.320000 0.396250 0.316250 0.403750 0.290000
6 0.581667 0.286250 0.575000 0.315000 0.417500 0.313750 0.421250 0.283750
6 0.943333 0.298750 0.911667 0.306250 0.681250 0.296250 0.705000 0.290000
5 0.995000 0.565000 0.988333 0.591250 0.727500 0.588750 0.732500 0.562500
4 0.916667 0.578750 0.901667 0.580000 0.672500 0.553750 0.683750 0.552500
6 0.803333 0.598750 0.788333 0.602500 0.582500 0.577500 0.595000 0.573750
4 0.781667 0.603750 0.770000 0.607500 0.565000 0.581250 0.575000 0.577500
4 0.765000 0.608750 0.751667 0.612500 0.553750 0.590000 0.562500 0.586250
4 0.743333 0.611250 0.730000 0.615000 0.540000 0.592500 0.550000 0.588750
6 0.728333 0.617500 0.715000 0.622500 0.525000 0.596250 0.535000 0.592500
4 0.705000 0.618750 0.691667 0.621250 0.511250 0.601250 0.520000 0.597500
6 0.723333 0.625000 0.713333 0.642500 0.526250 0.638750 0.532500 0.621250
5 0.703333 0.626250 0.691667 0.650000 0.506250 0.645000 0.516250 0.621250
5 0.681667 0.628750 0.670000 0.653750 0.491250 0.650000 0.500000 0.625000
6 0.661667 0.627500 0.651667 0.652500 0.476250 0.648750 0.483750 0.623750
4 0.681667 0.621250 0.670000 0.625000 0.496250 0.606250 0.505000 0.602500
4 0.670000 0.702500 0.660000 0.710000 0.477500 0.691250 0.485000 0.683750
6 0.776667 0.833750 0.761667 0.837500 0.563750 0.812500 0.575000 0.810000
4 0.733333 0.552500 0.700000 0.563750 0.521250 0.553750 0.546250 0.542500
6 0.720000 0.512500 0.690000 0.520000 0.515000 0.511250 0.537500 0.503750
4 0.700000 0.477500 0.661667 0.486250 0.492500 0.476250 0.521250 0.467500
4 0.710000 0.501250 0.681667 0.507500 0.508750 0.500000 0.531250 0.493750
4 0.621667 0.520000 0.593333 0.527500 0.441250 0.517500 0.463750 0.510000
6 0.616667 0.508750 0.586667 0.516250 0.436250 0.506250 0.460000 0.498750
6 0.610000 0.493750 0.578333 0.502500 0.430000 0.493750 0.455000 0.485000
6 0.555000 0.363750 0.518333 0.375000 0.383750 0.363750 0.412500 0.352500
3 0.636667 0.353750 0.568333 0.367500 0.422500 0.355000 0.473750 0.340000
3 0.773333 0.332500 0.701667 0.347500 0.523750 0.333750 0.577500 0.320000
3 0.625000 0.143750 0.585000 0.177500 0.428750 0.168750 0.458750 0.135000
3 0.601667 0.138750 0.561667 0.172500 0.411250 0.162500 0.441250 0.130000
3 0.578333 0.131250 0.538333 0.165000 0.392500 0.155000 0.422500 0.121250
16 0.553333 0.126250 0.510000 0.161250 0.372500 0.152500 0.405000 0.117500
3 0.528333 0.115000 0.488333 0.153750 0.353750 0.145000 0.383750 0.106250
3 0.503333 0.108750 0.465000 0.145000 0.337500 0.135000 0.365000 0.100000
16 0.481667 0.105000 0.438333 0.140000 0.320000 0.132500 0.352500 0.096250
3 0.440000 0.088750 0.386667 0.132500 0.276250 0.120000 0.316250 0.076250
3 0.410000 0.081250 0.363333 0.123750 0.262500 0.116250 0.297500 0.072500
3 0.390000 0.076250 0.336667 0.118750 0.242500 0.110000 0.282500 0.066250
3 0.363333 0.072500 0.306667 0.111250 0.221250 0.101250 0.262500 0.062500
3 0.336667 0.066250 0.285000 0.107500 0.202500 0.097500 0.242500 0.056250
3 0.313333 0.063750 0.258333 0.102500 0.183750 0.091250 0.223750 0.052500
3 0.285000 0.053750 0.238333 0.095000 0.167500 0.085000 0.202500 0.043750
3 0.261667 0.048750 0.210000 0.088750 0.147500 0.077500 0.185000 0.038750
3 0.236667 0.041250 0.186667 0.081250 0.128750 0.070000 0.166250 0.030000
3 0.208333 0.035000 0.156667 0.076250 0.108750 0.067500 0.147500 0.026250
3 0.188333 0.028750 0.136667 0.068750 0.091250 0.057500 0.130000 0.017500
3 0.161667 0.026250 0.110000 0.065000 0.072500 0.055000 0.111250 0.016250
3 0.138333 0.020000 0.085000 0.060000 0.055000 0.051250 0.093750 0.011250
3 0.113333 0.011250 0.061667 0.052500 0.036250 0.042500 0.073750 0.001250
4 0.673333 0.017500 0.668333 0.026250 0.485000 0.021250 0.488750 0.012500
6 0.915000 0.512500 0.901667 0.538750 0.662500 0.532500 0.672500 0.506250
3 0.223333 0.712500 0.221667 0.726250 0.103750 0.721250 0.105000 0.708750
