6 0.118333 0.758750 0.090000 0.758750 0.067500 0.751250 0.088750 0.751250
6 0.123333 0.816250 0.093333 0.816250 0.070000 0.808750 0.092500 0.808750
4 0.316667 0.913750 0.281667 0.911250 0.212500 0.903750 0.237500 0.905000
6 0.345000 0.931250 0.330000 0.931250 0.247500 0.913750 0.258750 0.915000
6 0.496667 0.906250 0.495000 0.927500 0.361250 0.926250 0.362500 0.905000
6 0.786667 0.923750 0.775000 0.925000 0.580000 0.907500 0.588750 0.906250
6 0.710000 0.918750 0.698333 0.918750 0.523750 0.901250 0.532500 0.901250
3 0.683333 0.886250 0.681667 0.898750 0.460000 0.896250 0.460000 0.882500
6 0.595000 0.747500 0.565000 0.748750 0.423750 0.741250 0.446250 0.741250
6 0.688333 0.817500 0.663333 0.818750 0.497500 0.811250 0.516250 0.810000
15 0.906667 0.528750 0.833333 0.533750 0.621250 0.485000 0.675000 0.480000
4 0.893333 0.451250 0.880000 0.451250 0.660000 0.432500 0.670000 0.432500
6 0.890000 0.372500 0.878333 0.373750 0.656250 0.357500 0.665000 0.356250
4 0.888333 0.351250 0.876667 0.352500 0.655000 0.333750 0.663750 0.333750
6 0.893333 0.328750 0.873333 0.330000 0.653750 0.298750 0.668750 0.298750
3 0.763333 0.202500 0.760000 0.258750 0.552500 0.257500 0.555000 0.202500
4 0.768333 0.198750 0.756667 0.200000 0.565000 0.183750 0.573750 0.182500
6 0.728333 0.135000 0.715000 0.146250 0.528750 0.138750 0.538750 0.128750
4 0.623333 0.118750 0.608333 0.118750 0.456250 0.106250 0.467500 0.105000
4 0.588333 0.120000 0.571667 0.120000 0.427500 0.101250 0.440000 0.101250
9 0.873333 0.070000 0.801667 0.072500 0.598750 0.023750 0.652500 0.021250
4 0.441667 0.493750 0.440000 0.503750 0.302500 0.502500 0.303750 0.492500
6 0.493333 0.503750 0.460000 0.503750 0.345000 0.495000 0.370000 0.495000
6 0.606667 0.502500 0.570000 0.501250 0.427500 0.493750 0.455000 0.493750
6 0.735000 0.068750 0.700000 0.068750 0.526250 0.060000 0.551250 0.060000
6 0.856667 0.088750 0.843333 0.088750 0.631250 0.071250 0.641250 0.071250
15 0.301667 0.280000 0.058333 0.285000 0.042500 0.217500 0.225000 0.216250
6 0.691667 0.867500 0.661667 0.867500 0.496250 0.860000 0.518750 0.861250
4 0.878333 0.142500 0.863333 0.142500 0.647500 0.123750 0.658750 0.123750
6 0.653333 0.116250 0.636667 0.116250 0.476250 0.105000 0.490000 0.105000
6 0.690000 0.067500 0.653333 0.068750 0.490000 0.061250 0.517500 0.061250
6 0.646667 0.068750 0.618333 0.068750 0.463750 0.062500 0.485000 0.062500
6 0.558333 0.071250 0.531667 0.072500 0.398750 0.065000 0.418750 0.063750
4 0.385000 0.073750 0.350000 0.075000 0.262500 0.067500 0.288750 0.066250
6 0.723333 0.330000 0.705000 0.328750 0.530000 0.308750 0.542500 0.310000
15 0.308333 0.413750 0.065000 0.418750 0.047500 0.351250 0.230000 0.350000
