17 0.600000 0.552000 0.554000 0.574000 0.572000 0.614000 0.619000 0.592000
12 0.701000 0.667000 0.680000 0.620000 0.641000 0.638000 0.662000 0.685000
12 0.653000 0.690000 0.633000 0.647000 0.594000 0.665000 0.614000 0.709000
13 0.608000 0.718000 0.585000 0.668000 0.545000 0.687000 0.568000 0.736000
12 0.549000 0.738000 0.527000 0.693000 0.488000 0.712000 0.510000 0.757000
17 0.515000 0.780000 0.469000 0.757000 0.448000 0.799000 0.495000 0.821000
17 0.482000 0.844000 0.436000 0.865000 0.453000 0.905000 0.500000 0.885000
17 0.530000 0.881000 0.488000 0.901000 0.506000 0.941000 0.549000 0.921000
17 0.553000 0.931000 0.509000 0.953000 0.528000 0.992000 0.572000 0.970000
17 0.879000 0.663000 0.925000 0.643000 0.906000 0.600000 0.860000 0.621000
17 0.845000 0.800000 0.867000 0.844000 0.908000 0.824000 0.886000 0.780000
17 0.801000 0.820000 0.820000 0.861000 0.860000 0.843000 0.840000 0.802000
17 0.721000 0.876000 0.765000 0.896000 0.784000 0.855000 0.740000 0.835000
17 0.768000 0.998000 0.814000 0.978000 0.796000 0.936000 0.750000 0.956000
17 0.954000 1.013000 1.003000 0.991000 0.985000 0.950000 0.935000 0.971000
