3 0.935000 0.125000 0.927500 0.125000 1.236667 0.096667 1.246667 0.096667
32 0.967500 0.693333 0.766250 0.823333 0.903333 0.578333 1.173333 0.448333
4 0.341250 0.343333 0.310000 0.363333 0.406667 0.351667 0.448333 0.330000
6 0.297500 0.518333 0.285000 0.525000 0.376667 0.518333 0.391667 0.510000
4 0.326250 0.586667 0.303750 0.601667 0.400000 0.591667 0.430000 0.576667
4 0.340000 0.613333 0.318750 0.626667 0.420000 0.615000 0.448333 0.601667
6 0.356250 0.655000 0.342500 0.661667 0.453333 0.651667 0.470000 0.645000
6 0.372500 0.680000 0.350000 0.693333 0.461667 0.680000 0.491667 0.668333
6 0.541250 0.866667 0.535000 0.885000 0.700000 0.880000 0.706667 0.860000
6 0.527500 0.858333 0.525000 0.868333 0.688333 0.863333 0.691667 0.853333
6 0.430000 0.795000 0.403750 0.795000 0.536667 0.783333 0.573333 0.783333
6 0.452500 0.833333 0.426250 0.836667 0.566667 0.828333 0.601667 0.825000
4 0.461250 0.846667 0.432500 0.851667 0.575000 0.840000 0.613333 0.836667
6 0.467500 0.861667 0.442500 0.866667 0.588333 0.855000 0.621667 0.850000
4 0.478750 0.875000 0.450000 0.878333 0.600000 0.866667 0.638333 0.863333
4 0.496250 0.903333 0.471250 0.905000 0.628333 0.893333 0.661667 0.891667
6 0.508750 0.918333 0.481250 0.920000 0.640000 0.906667 0.676667 0.905000
6 0.511250 0.931667 0.498750 0.933333 0.665000 0.920000 0.681667 0.920000
