19 0.142500 0.653333 0.060000 0.701667 0.031667 0.591667 0.140000 0.543333
19 0.241250 0.575000 0.168750 0.626667 0.165000 0.516667 0.261667 0.465000
34 0.340000 0.496667 0.252500 0.558333 0.270000 0.436667 0.386667 0.373333
35 0.330000 0.301667 0.227500 0.393333 0.228333 0.281667 0.363333 0.190000
33 0.344788 0.126211 0.293538 0.016211 0.503333 -0.053333 0.571667 0.056667
33 0.558750 0.331667 0.473750 0.393333 0.565000 0.271667 0.678333 0.208333
33 0.666250 0.251667 0.578750 0.316667 0.705000 0.195000 0.821667 0.130000
34 0.775527 0.178104 0.721777 0.031437 1.098333 -0.035000 1.170000 0.111667
35 0.671250 0.695000 0.577500 0.770000 0.701667 0.658333 0.826667 0.581667
35 0.731250 0.821667 0.630000 0.898333 0.771667 0.778333 0.906667 0.700000
35 0.687476 1.028351 0.635000 0.906667 0.980000 0.830000 1.049969 0.951685
