6 0.254000 0.977000 0.251000 0.995000 0.242000 0.994000 0.244000 0.975000
6 0.215000 0.840000 0.214000 0.857000 0.203000 0.857000 0.204000 0.839000
4 0.149000 0.812000 0.127000 0.814000 0.126000 0.806000 0.148000 0.804000
6 0.890000 0.361000 0.875000 0.372000 0.870000 0.367000 0.885000 0.355000
9 0.379000 0.263000 0.345000 0.297000 0.308000 0.261000 0.343000 0.226000
4 0.853000 0.980000 0.852000 0.996000 0.843000 0.996000 0.843000 0.980000
6 0.836000 0.999000 0.827000 0.999000 0.827000 0.985000 0.836000 0.985000
6 0.823000 0.998000 0.816000 0.997000 0.816000 0.983000 0.823000 0.984000
6 0.598000 0.507000 0.582000 0.507000 0.583000 0.500000 0.598000 0.500000
4 0.444000 0.745000 0.436000 0.745000 0.436000 0.731000 0.444000 0.731000
6 0.547000 0.734000 0.538000 0.734000 0.538000 0.719000 0.547000 0.719000
6 0.532000 0.595000 0.523000 0.595000 0.522000 0.579000 0.532000 0.579000
4 0.270000 0.569000 0.264000 0.569000 0.264000 0.554000 0.270000 0.554000
4 0.274000 0.301000 0.259000 0.313000 0.254000 0.307000 0.269000 0.295000
4 0.256000 0.317000 0.238000 0.331000 0.232000 0.324000 0.250000 0.310000
4 0.204000 0.349000 0.191000 0.360000 0.186000 0.354000 0.199000 0.343000
4 0.132000 0.367000 0.129000 0.373000 0.112000 0.365000 0.115000 0.359000
6 0.126000 0.353000 0.122000 0.357000 0.110000 0.347000 0.113000 0.343000
4 0.240000 0.171000 0.236000 0.176000 0.221000 0.163000 0.226000 0.158000
4 0.224000 0.159000 0.220000 0.163000 0.205000 0.151000 0.209000 0.147000
4 0.194000 0.212000 0.180000 0.223000 0.176000 0.217000 0.190000 0.206000
6 0.202000 0.218000 0.188000 0.227000 0.185000 0.222000 0.198000 0.213000
6 0.179000 0.235000 0.158000 0.248000 0.153000 0.240000 0.174000 0.227000
4 0.775000 0.638000 0.756000 0.646000 0.753000 0.639000 0.772000 0.631000
4 0.988812 0.386153 0.983000 0.379000 0.999188 0.365847 1.005000 0.373000
4 0.916000 0.239000 0.913000 0.244000 0.897000 0.233000 0.901000 0.228000
4 0.999000 0.279000 0.983000 0.266000 0.988414 0.259336 1.004414 0.272336
6 0.983000 0.259000 0.979000 0.263000 0.965000 0.251000 0.969000 0.247000
6 0.965000 0.247000 0.961000 0.252000 0.948000 0.242000 0.952000 0.237000
6 0.949000 0.234000 0.944000 0.239000 0.932000 0.229000 0.936000 0.224000
4 0.937000 0.224000 0.932000 0.230000 0.916000 0.218000 0.921000 0.212000
6 0.915000 0.207000 0.911000 0.213000 0.895000 0.201000 0.899000 0.196000
6 0.889000 0.190000 0.886000 0.195000 0.871000 0.185000 0.875000 0.180000
6 0.875000 0.178000 0.870000 0.183000 0.856000 0.172000 0.860000 0.166000
6 0.857000 0.165000 0.853000 0.170000 0.837000 0.159000 0.842000 0.153000
9 0.093000 0.650000 0.042000 0.650000 0.042000 0.612000 0.093000 0.612000
9 0.090000 0.970000 0.043000 0.970000 0.043000 0.901000 0.090000 0.901000
6 0.445000 0.408000 0.424000 0.410000 0.423000 0.401000 0.444000 0.399000
6 0.402000 0.390000 0.383000 0.389000 0.383000 0.380000 0.402000 0.381000
6 0.701000 0.871000 0.688000 0.872000 0.687000 0.853000 0.699000 0.852000
