4 0.996000 0.586000 0.980000 0.574000 0.986000 0.567000 1.002000 0.578000
4 0.997000 0.586000 0.993000 0.592000 0.976000 0.581000 0.980000 0.575000
4 0.992000 0.594000 0.987000 0.601000 0.970000 0.590000 0.975000 0.582000
4 0.983000 0.603000 0.979000 0.609000 0.963000 0.597000 0.968000 0.591000
4 0.979000 0.609000 0.973000 0.617000 0.956000 0.604000 0.962000 0.596000
6 0.973000 0.619000 0.969000 0.625000 0.950000 0.611000 0.955000 0.605000
5 0.967000 0.626000 0.962000 0.633000 0.943000 0.619000 0.948000 0.612000
4 0.956000 0.631000 0.951000 0.637000 0.936000 0.625000 0.941000 0.619000
4 0.950000 0.639000 0.945000 0.645000 0.930000 0.632000 0.935000 0.626000
4 0.944000 0.644000 0.938000 0.652000 0.923000 0.639000 0.929000 0.631000
4 0.935000 0.653000 0.929000 0.661000 0.914000 0.649000 0.921000 0.641000
5 1.000000 0.659000 0.978000 0.645000 0.982000 0.639000 1.000000 0.650000
4 0.943000 0.665000 0.930000 0.679000 0.922000 0.671000 0.935000 0.657000
5 0.956000 0.669000 0.941000 0.684000 0.934000 0.678000 0.950000 0.662000
4 0.961000 0.679000 0.951000 0.690000 0.944000 0.684000 0.954000 0.672000
4 0.982000 0.685000 0.969000 0.701000 0.962000 0.696000 0.975000 0.679000
4 0.990000 0.691000 0.978000 0.705000 0.970000 0.699000 0.982000 0.685000
4 1.000000 0.695000 0.986000 0.712000 0.979000 0.705000 0.992000 0.689000
5 0.976000 0.679000 0.960000 0.696000 0.953000 0.689000 0.969000 0.673000
4 0.981000 0.553000 0.971000 0.565000 0.964000 0.559000 0.974000 0.547000
6 0.916000 0.618000 0.908000 0.618000 0.908000 0.603000 0.916000 0.603000
4 0.718000 0.643000 0.712000 0.651000 0.699000 0.640000 0.706000 0.632000
4 0.665000 0.605000 0.658000 0.612000 0.645000 0.597000 0.652000 0.591000
4 0.863000 0.863000 0.856000 0.879000 0.847000 0.875000 0.855000 0.859000
4 0.852000 0.668000 0.840000 0.681000 0.834000 0.676000 0.846000 0.663000
6 0.800000 0.704000 0.794000 0.711000 0.780000 0.699000 0.786000 0.692000
5 0.833000 0.805000 0.820000 0.822000 0.812000 0.816000 0.825000 0.799000
6 0.908000 0.755000 0.902000 0.764000 0.886000 0.751000 0.892000 0.743000
6 0.990000 0.818000 0.985000 0.826000 0.969000 0.814000 0.974000 0.806000
6 0.043000 0.201000 0.027000 0.213000 0.021000 0.206000 0.037000 0.194000
4 0.059000 0.222000 0.048000 0.237000 0.041000 0.232000 0.052000 0.218000
5 0.080000 0.234000 0.067000 0.249000 0.060000 0.244000 0.073000 0.228000
4 0.405000 0.255000 0.399000 0.260000 0.387000 0.247000 0.393000 0.242000
6 0.397000 0.261000 0.391000 0.267000 0.379000 0.255000 0.385000 0.249000
6 0.389000 0.268000 0.383000 0.274000 0.372000 0.264000 0.378000 0.258000
6 0.383000 0.276000 0.377000 0.282000 0.364000 0.270000 0.370000 0.264000
6 0.373000 0.284000 0.367000 0.291000 0.351000 0.275000 0.358000 0.269000
6 0.356000 0.295000 0.351000 0.301000 0.339000 0.290000 0.344000 0.284000
4 0.349000 0.301000 0.344000 0.307000 0.330000 0.295000 0.335000 0.289000
6 0.341000 0.310000 0.336000 0.316000 0.322000 0.304000 0.327000 0.298000
6 0.294000 0.286000 0.288000 0.293000 0.274000 0.281000 0.280000 0.274000
6 0.302000 0.278000 0.297000 0.285000 0.282000 0.273000 0.288000 0.266000
4 0.316000 0.265000 0.310000 0.271000 0.298000 0.260000 0.304000 0.253000
6 0.325000 0.258000 0.319000 0.264000 0.305000 0.250000 0.311000 0.244000
6 0.331000 0.250000 0.326000 0.256000 0.315000 0.245000 0.320000 0.240000
6 0.342000 0.246000 0.336000 0.252000 0.324000 0.239000 0.330000 0.233000
6 0.349000 0.239000 0.343000 0.245000 0.332000 0.234000 0.337000 0.228000
4 0.358000 0.232000 0.353000 0.238000 0.338000 0.225000 0.344000 0.219000
4 0.367000 0.227000 0.361000 0.233000 0.347000 0.221000 0.353000 0.215000
6 0.847000 0.400000 0.838000 0.415000 0.831000 0.411000 0.840000 0.396000
9 0.860000 0.723000 0.834000 0.757000 0.775000 0.712000 0.802000 0.678000
5 0.181000 0.302000 0.170000 0.314000 0.163000 0.309000 0.175000 0.296000
5 0.843000 0.855000 0.834000 0.872000 0.826000 0.868000 0.835000 0.850000
6 0.833000 0.850000 0.823000 0.867000 0.815000 0.863000 0.825000 0.846000
4 0.962000 0.800000 0.958000 0.805000 0.945000 0.795000 0.949000 0.790000
6 0.379000 0.623000 0.372000 0.640000 0.365000 0.637000 0.371000 0.620000
6 0.279000 0.586000 0.275000 0.594000 0.258000 0.584000 0.262000 0.576000
6 0.128000 0.596000 0.116000 0.610000 0.110000 0.605000 0.122000 0.591000
6 0.732000 0.865000 0.722000 0.880000 0.715000 0.876000 0.725000 0.860000
4 0.729000 0.034000 0.719000 0.046000 0.711000 0.040000 0.722000 0.028000
