4 0.497500 0.543333 0.472500 0.556667 0.625000 0.545000 0.658333 0.531667
6 0.492500 0.585000 0.468750 0.595000 0.623333 0.585000 0.653333 0.575000
4 0.465000 0.596667 0.441250 0.610000 0.583333 0.598333 0.615000 0.585000
6 0.430000 0.568333 0.406250 0.580000 0.536667 0.566667 0.568333 0.556667
6 0.342500 0.548333 0.332500 0.555000 0.430000 0.530000 0.443333 0.523333
6 0.378750 0.631667 0.355000 0.643333 0.470000 0.631667 0.500000 0.620000
4 0.318750 0.615000 0.293750 0.626667 0.388333 0.615000 0.421667 0.603333
4 0.261250 0.571667 0.250000 0.578333 0.318333 0.546667 0.335000 0.540000
4 0.271250 0.601667 0.261250 0.606667 0.335000 0.581667 0.348333 0.575000
6 0.260000 0.611667 0.250000 0.618333 0.321667 0.590000 0.335000 0.583333
4 0.250000 0.681667 0.223750 0.693333 0.295000 0.683333 0.330000 0.671667
4 0.245000 0.643333 0.221250 0.655000 0.290000 0.643333 0.323333 0.631667
6 0.200000 0.640000 0.191250 0.646667 0.240000 0.625000 0.251667 0.616667
6 0.188750 0.613333 0.180000 0.620000 0.225000 0.593333 0.236667 0.586667
6 0.167500 0.675000 0.145000 0.685000 0.190000 0.673333 0.218333 0.663333
6 0.135000 0.731667 0.111250 0.740000 0.145000 0.728333 0.176667 0.718333
4 0.100000 0.698333 0.083750 0.710000 0.106667 0.700000 0.128333 0.690000
4 0.182500 0.301667 0.178750 0.313333 0.211667 0.306667 0.215000 0.293333
4 0.212500 0.315000 0.203750 0.321667 0.260000 0.301667 0.271667 0.295000
4 0.217500 0.243333 0.207500 0.250000 0.263333 0.225000 0.275000 0.218333
4 0.245000 0.231667 0.236250 0.240000 0.296667 0.211667 0.310000 0.205000
4 0.257500 0.225000 0.247500 0.231667 0.318333 0.205000 0.331667 0.198333
6 0.305000 0.211667 0.293750 0.218333 0.375000 0.183333 0.390000 0.176667
4 0.618750 0.148333 0.593750 0.158333 0.786667 0.146667 0.820000 0.135000
25 0.587500 0.120000 0.577500 0.131667 0.740000 0.098333 0.751667 0.086667
4 0.517500 0.060000 0.497500 0.065000 0.660000 0.053333 0.686667 0.048333
4 0.512500 0.046667 0.492500 0.051667 0.655000 0.040000 0.681667 0.036667
4 0.508750 0.033333 0.490000 0.040000 0.648333 0.028333 0.675000 0.020000
6 0.501250 0.018333 0.483750 0.023333 0.643333 0.011667 0.665000 0.006667
6 0.522500 0.025000 0.512500 0.031667 0.671667 0.006667 0.685000 0.000000
6 0.567500 0.013333 0.543750 0.023333 0.721667 0.011667 0.751667 0.001667
4 0.577500 0.030000 0.546250 0.043333 0.723333 0.030000 0.765000 0.015000
6 0.577500 0.043333 0.553750 0.053333 0.735000 0.045000 0.768333 0.033333
4 0.727500 0.088333 0.701250 0.098333 0.930000 0.086667 0.965000 0.075000
4 0.648750 0.113333 0.622500 0.123333 0.826667 0.110000 0.861667 0.100000
4 0.996250 0.195000 0.987500 0.200000 1.306667 0.176667 1.318333 0.171667
3 0.988750 0.091667 0.975000 0.098333 1.286667 0.065000 1.305000 0.058333
4 0.962500 0.091667 0.952500 0.098333 1.256667 0.070000 1.270000 0.063333
4 0.953750 0.060000 0.945000 0.065000 1.248333 0.040000 1.260000 0.035000
4 0.942500 0.031667 0.935000 0.036667 1.236667 0.016667 1.246667 0.011667
6 0.798750 0.423333 0.773750 0.433333 1.026667 0.423333 1.060000 0.411667
6 0.466250 0.766667 0.453750 0.775000 0.588333 0.745000 0.605000 0.736667
