9 0.936000 0.116000 0.888000 0.116000 0.888000 0.097000 0.936000 0.096000
9 0.406000 0.096000 0.405000 0.119000 0.359000 0.118000 0.359000 0.096000
14 0.052000 0.077000 -0.001000 0.077000 -0.001000 0.000000 0.050000 0.000000
9 0.414000 0.426000 0.412000 0.491000 0.353000 0.489000 0.355000 0.424000
9 0.422000 0.324000 0.350000 0.324000 0.350000 0.246000 0.422000 0.246000
9 0.942000 0.423000 0.941000 0.499000 0.879000 0.498000 0.880000 0.421000
9 0.942000 0.241000 0.941000 0.309000 0.880000 0.308000 0.881000 0.240000
6 0.525000 0.629000 0.501000 0.628000 0.501000 0.621000 0.525000 0.621000
6 0.485000 0.627000 0.462000 0.627000 0.462000 0.621000 0.485000 0.620000
6 0.728000 0.623000 0.727000 0.630000 0.703000 0.629000 0.703000 0.623000
6 0.472000 0.473000 0.452000 0.473000 0.452000 0.467000 0.472000 0.466000
4 0.864000 0.492000 0.841000 0.491000 0.841000 0.484000 0.864000 0.484000
4 0.756000 0.470000 0.749000 0.485000 0.741000 0.481000 0.748000 0.466000
4 0.742000 0.470000 0.732000 0.487000 0.724000 0.482000 0.735000 0.465000
6 0.678000 0.466000 0.677000 0.474000 0.652000 0.471000 0.653000 0.463000
6 0.634000 0.472000 0.610000 0.472000 0.610000 0.464000 0.634000 0.464000
4 0.595000 0.441000 0.586000 0.441000 0.586000 0.427000 0.594000 0.426000
6 0.794000 0.297000 0.765000 0.297000 0.765000 0.289000 0.794000 0.289000
4 0.754000 0.297000 0.731000 0.297000 0.731000 0.289000 0.754000 0.290000
5 0.716000 0.290000 0.715000 0.297000 0.683000 0.296000 0.683000 0.289000
4 0.670000 0.297000 0.647000 0.297000 0.647000 0.289000 0.670000 0.289000
6 0.546000 0.298000 0.524000 0.298000 0.523000 0.291000 0.546000 0.291000
6 0.571000 0.297000 0.548000 0.296000 0.548000 0.289000 0.571000 0.290000
4 0.632000 0.297000 0.608000 0.297000 0.608000 0.291000 0.631000 0.290000
6 0.592000 0.274000 0.569000 0.273000 0.569000 0.267000 0.592000 0.267000
4 0.936000 0.351000 0.935000 0.370000 0.925000 0.369000 0.926000 0.350000
4 0.935000 0.161000 0.934000 0.182000 0.923000 0.181000 0.924000 0.161000
6 0.899000 0.189000 0.898000 0.207000 0.888000 0.206000 0.888000 0.189000
4 0.859000 0.128000 0.835000 0.128000 0.835000 0.121000 0.859000 0.121000
4 0.729000 0.223000 0.721000 0.224000 0.721000 0.208000 0.729000 0.208000
4 0.731000 0.203000 0.721000 0.203000 0.721000 0.185000 0.730000 0.185000
4 0.542000 0.143000 0.541000 0.158000 0.533000 0.158000 0.534000 0.143000
5 0.452000 0.028000 0.432000 0.029000 0.432000 0.023000 0.452000 0.022000
6 0.464000 0.016000 0.442000 0.016000 0.442000 0.010000 0.464000 0.010000
4 0.268000 0.626000 0.245000 0.627000 0.245000 0.622000 0.268000 0.621000
6 0.235000 0.626000 0.212000 0.626000 0.212000 0.620000 0.235000 0.620000
6 0.197000 0.627000 0.173000 0.626000 0.173000 0.619000 0.197000 0.619000
4 0.171000 0.625000 0.151000 0.625000 0.151000 0.619000 0.171000 0.620000
31 0.322000 0.651000 0.268000 0.650000 0.268000 0.641000 0.322000 0.643000
6 0.231000 0.644000 0.230000 0.651000 0.206000 0.650000 0.206000 0.643000
6 0.199000 0.651000 0.175000 0.651000 0.175000 0.645000 0.199000 0.645000
5 0.161000 0.650000 0.135000 0.650000 0.135000 0.644000 0.161000 0.644000
6 0.086000 0.651000 0.063000 0.651000 0.063000 0.643000 0.086000 0.643000
4 0.025000 0.650000 0.001000 0.649000 0.001000 0.643000 0.025000 0.643000
4 0.040000 0.625000 0.017000 0.625000 0.017000 0.618000 0.040000 0.618000
6 0.369000 0.598000 0.362000 0.598000 0.361000 0.585000 0.369000 0.585000
6 0.355000 0.516000 0.331000 0.516000 0.331000 0.509000 0.355000 0.509000
6 0.185000 0.491000 0.172000 0.491000 0.172000 0.471000 0.185000 0.471000
4 0.404000 0.431000 0.392000 0.431000 0.393000 0.411000 0.404000 0.411000
4 0.073000 0.428000 0.065000 0.445000 0.058000 0.441000 0.066000 0.425000
5 0.242000 0.298000 0.219000 0.298000 0.219000 0.292000 0.242000 0.292000
6 0.087000 0.300000 0.059000 0.300000 0.059000 0.292000 0.087000 0.292000
6 0.026000 0.273000 0.004000 0.274000 0.003000 0.268000 0.026000 0.267000
6 0.367000 0.205000 0.366000 0.220000 0.358000 0.220000 0.359000 0.204000
5 0.404000 0.091000 0.394000 0.092000 0.394000 0.072000 0.404000 0.072000
4 0.368000 0.023000 0.357000 0.024000 0.356000 0.003000 0.367000 0.003000
4 0.199000 0.867000 0.192000 0.885000 0.182000 0.881000 0.189000 0.863000
32 0.906000 0.903000 0.743000 0.940000 0.716000 0.821000 0.880000 0.784000
