4 0.666667 0.020000 0.651667 0.020000 0.488750 0.000000 0.500000 0.000000
6 0.860000 0.037500 0.821667 0.037500 0.616250 0.028750 0.645000 0.028750
4 0.855000 0.055000 0.821667 0.055000 0.616250 0.046250 0.641250 0.046250
6 0.851667 0.067500 0.818333 0.066250 0.613750 0.057500 0.638750 0.057500
6 0.798333 0.092500 0.746667 0.091250 0.560000 0.081250 0.598750 0.082500
3 0.531667 0.031250 0.441667 0.028750 0.331250 0.018750 0.398750 0.021250
16 0.531667 0.037500 0.530000 0.050000 0.330000 0.046250 0.330000 0.033750
16 0.530000 0.061250 0.446667 0.058750 0.335000 0.050000 0.397500 0.051250
3 0.533333 0.078750 0.443333 0.076250 0.332500 0.065000 0.400000 0.066250
16 0.533333 0.092500 0.450000 0.091250 0.337500 0.080000 0.400000 0.080000
3 0.718333 0.175000 0.651667 0.172500 0.488750 0.162500 0.538750 0.165000
3 0.718333 0.190000 0.655000 0.190000 0.491250 0.180000 0.538750 0.180000
3 0.720000 0.205000 0.655000 0.205000 0.491250 0.195000 0.540000 0.195000
3 0.720000 0.221250 0.653333 0.220000 0.491250 0.208750 0.540000 0.210000
3 0.711667 0.236250 0.648333 0.235000 0.487500 0.225000 0.533750 0.226250
3 0.711667 0.252500 0.646667 0.250000 0.486250 0.238750 0.533750 0.241250
16 0.530000 0.107500 0.446667 0.105000 0.335000 0.095000 0.397500 0.097500
16 0.525000 0.145000 0.523333 0.156250 0.331250 0.150000 0.332500 0.140000
3 0.526667 0.170000 0.436667 0.167500 0.327500 0.157500 0.395000 0.158750
3 0.523333 0.190000 0.521667 0.198750 0.326250 0.196250 0.327500 0.186250
3 0.520000 0.215000 0.431667 0.213750 0.323750 0.202500 0.390000 0.205000
3 0.521667 0.231250 0.431667 0.228750 0.323750 0.218750 0.391250 0.220000
3 0.515000 0.245000 0.428333 0.243750 0.321250 0.233750 0.386250 0.235000
16 0.511667 0.260000 0.431667 0.258750 0.323750 0.248750 0.383750 0.251250
16 0.511667 0.283750 0.510000 0.293750 0.320000 0.291250 0.321250 0.281250
3 0.508333 0.306250 0.453333 0.305000 0.340000 0.295000 0.381250 0.296250
3 0.715000 0.298750 0.651667 0.295000 0.490000 0.286250 0.536250 0.288750
3 0.715000 0.311250 0.650000 0.312500 0.487500 0.302500 0.536250 0.302500
3 0.706667 0.318750 0.705000 0.328750 0.481250 0.327500 0.481250 0.317500
16 0.498333 0.366250 0.416667 0.363750 0.312500 0.353750 0.373750 0.355000
3 0.725000 0.375000 0.660000 0.372500 0.495000 0.362500 0.543750 0.365000
3 0.718333 0.390000 0.635000 0.387500 0.476250 0.378750 0.538750 0.381250
3 0.713333 0.405000 0.631667 0.402500 0.473750 0.393750 0.535000 0.395000
16 0.718333 0.421250 0.638333 0.420000 0.480000 0.410000 0.538750 0.412500
16 0.720000 0.435000 0.638333 0.433750 0.478750 0.425000 0.540000 0.426250
16 0.711667 0.452500 0.631667 0.450000 0.475000 0.440000 0.533750 0.441250
16 0.496667 0.387500 0.495000 0.396250 0.311250 0.395000 0.311250 0.385000
3 0.496667 0.433750 0.495000 0.443750 0.306250 0.441250 0.307500 0.430000
3 0.495000 0.458750 0.426667 0.457500 0.321250 0.447500 0.371250 0.448750
3 0.495000 0.465000 0.493333 0.476250 0.318750 0.472500 0.320000 0.462500
16 0.486667 0.508750 0.485000 0.518750 0.302500 0.516250 0.303750 0.507500
16 0.486667 0.535000 0.406667 0.533750 0.305000 0.522500 0.365000 0.525000
16 0.486667 0.550000 0.405000 0.548750 0.303750 0.540000 0.365000 0.540000
16 0.483333 0.565000 0.406667 0.563750 0.305000 0.555000 0.362500 0.556250
3 0.476667 0.570000 0.475000 0.581250 0.298750 0.578750 0.300000 0.567500
5 0.485000 0.630000 0.483333 0.640000 0.335000 0.637500 0.335000 0.627500
16 0.708333 0.466250 0.628333 0.463750 0.472500 0.455000 0.531250 0.457500
3 0.711667 0.481250 0.628333 0.480000 0.472500 0.468750 0.533750 0.471250
16 0.711667 0.497500 0.628333 0.493750 0.471250 0.482500 0.533750 0.486250
3 0.711667 0.518750 0.710000 0.528750 0.471250 0.525000 0.471250 0.515000
3 0.708333 0.543750 0.626667 0.542500 0.470000 0.532500 0.531250 0.533750
3 0.708333 0.557500 0.628333 0.555000 0.471250 0.546250 0.531250 0.547500
3 0.713333 0.565000 0.711667 0.575000 0.473750 0.571250 0.473750 0.561250
3 0.708333 0.588750 0.626667 0.586250 0.470000 0.577500 0.531250 0.581250
3 0.706667 0.605000 0.628333 0.601250 0.471250 0.591250 0.530000 0.595000
3 0.711667 0.610000 0.710000 0.621250 0.472500 0.618750 0.473750 0.606250
3 0.708333 0.636250 0.626667 0.635000 0.470000 0.623750 0.531250 0.625000
