6 0.251667 0.661250 0.235000 0.663750 0.175000 0.642500 0.186250 0.641250
11 0.753333 0.700000 0.716667 0.700000 0.537500 0.691250 0.565000 0.691250
6 0.761667 0.711250 0.731667 0.712500 0.548750 0.705000 0.571250 0.703750
6 0.631667 0.743750 0.620000 0.745000 0.463750 0.726250 0.472500 0.726250
4 0.610000 0.745000 0.598333 0.745000 0.447500 0.725000 0.456250 0.725000
4 0.580000 0.718750 0.563333 0.718750 0.420000 0.710000 0.435000 0.710000
4 0.588333 0.695000 0.560000 0.697500 0.418750 0.690000 0.438750 0.687500
6 0.585000 0.686250 0.560000 0.686250 0.420000 0.678750 0.438750 0.678750
4 0.578333 0.677500 0.556667 0.676250 0.417500 0.668750 0.433750 0.670000
6 0.575000 0.665000 0.555000 0.666250 0.416250 0.660000 0.431250 0.658750
6 0.708333 0.847500 0.700000 0.853750 0.513750 0.842500 0.520000 0.836250
4 0.698333 0.858750 0.688333 0.863750 0.510000 0.851250 0.516250 0.847500
4 0.590000 0.848750 0.581667 0.855000 0.426250 0.842500 0.431250 0.837500
4 0.575000 0.853750 0.566667 0.860000 0.412500 0.848750 0.417500 0.842500
4 0.615000 0.897500 0.606667 0.903750 0.438750 0.892500 0.446250 0.885000
4 0.395000 0.935000 0.368333 0.935000 0.276250 0.928750 0.296250 0.928750
4 0.393333 0.923750 0.365000 0.925000 0.273750 0.917500 0.295000 0.917500
4 0.316667 0.913750 0.306667 0.913750 0.227500 0.890000 0.236250 0.888750
4 0.296667 0.911250 0.283333 0.911250 0.212500 0.890000 0.222500 0.890000
6 0.240000 0.910000 0.225000 0.911250 0.168750 0.887500 0.178750 0.887500
4 0.220000 0.911250 0.208333 0.912500 0.153750 0.891250 0.162500 0.890000
4 0.201667 0.911250 0.190000 0.915000 0.135000 0.896250 0.143750 0.892500
6 0.183333 0.918750 0.173333 0.921250 0.120000 0.898750 0.128750 0.896250
14 0.055161 0.597472 -0.015000 0.495000 0.037379 0.470028 0.090000 0.572500
21 0.949920 0.551029 0.356667 0.236250 0.430060 0.006471 0.875000 0.321250
