4 0.288333 0.053750 0.286667 0.063750 0.187500 0.058750 0.188750 0.050000
3 0.418333 0.086250 0.416667 0.096250 0.276250 0.090000 0.277500 0.080000
6 0.383333 0.122500 0.380000 0.132500 0.256250 0.125000 0.257500 0.116250
6 0.518333 0.141250 0.516667 0.150000 0.358750 0.145000 0.360000 0.136250
4 0.705000 0.122500 0.703333 0.132500 0.493750 0.125000 0.495000 0.116250
6 0.671667 0.133750 0.670000 0.142500 0.475000 0.138750 0.476250 0.130000
6 0.605000 0.201250 0.596667 0.225000 0.437500 0.222500 0.443750 0.198750
4 0.548333 0.282500 0.543333 0.302500 0.393750 0.298750 0.398750 0.280000
3 0.423333 0.281250 0.416667 0.298750 0.303750 0.296250 0.308750 0.278750
3 0.331667 0.262500 0.330000 0.270000 0.221250 0.265000 0.222500 0.257500
6 0.338333 0.247500 0.336667 0.256250 0.230000 0.250000 0.231250 0.242500
4 0.281667 0.426250 0.251667 0.425000 0.190000 0.416250 0.211250 0.417500
6 0.286667 0.406250 0.285000 0.415000 0.190000 0.410000 0.191250 0.401250
6 0.288333 0.395000 0.286667 0.401250 0.195000 0.398750 0.195000 0.391250
6 0.290000 0.382500 0.288333 0.390000 0.195000 0.385000 0.196250 0.378750
4 0.185000 0.413750 0.181667 0.421250 0.110000 0.416250 0.112500 0.408750
6 0.185000 0.400000 0.183333 0.408750 0.112500 0.405000 0.113750 0.396250
4 0.186667 0.388750 0.185000 0.396250 0.116250 0.391250 0.117500 0.383750
4 0.191667 0.376250 0.190000 0.383750 0.117500 0.380000 0.118750 0.372500
4 0.200000 0.366250 0.198333 0.373750 0.122500 0.368750 0.123750 0.361250
4 0.201667 0.361250 0.171667 0.357500 0.130000 0.350000 0.151250 0.353750
6 0.201667 0.348750 0.173333 0.346250 0.131250 0.340000 0.151250 0.342500
6 0.211667 0.327500 0.210000 0.337500 0.132500 0.335000 0.133750 0.325000
4 0.120000 0.403750 0.118333 0.413750 0.060000 0.408750 0.061250 0.398750
4 0.125000 0.391250 0.123333 0.400000 0.067500 0.396250 0.068750 0.386250
4 0.128333 0.380000 0.126667 0.387500 0.071250 0.383750 0.072500 0.376250
4 0.133333 0.368750 0.131667 0.376250 0.075000 0.373750 0.076250 0.365000
6 0.140000 0.357500 0.138333 0.365000 0.081250 0.360000 0.083750 0.352500
4 0.145000 0.346250 0.143333 0.353750 0.085000 0.350000 0.086250 0.342500
6 0.150000 0.333750 0.148333 0.341250 0.090000 0.338750 0.091250 0.331250
4 0.153333 0.321250 0.151667 0.328750 0.090000 0.323750 0.092500 0.316250
6 0.223333 0.293750 0.221667 0.301250 0.140000 0.296250 0.141250 0.288750
6 0.226667 0.281250 0.225000 0.288750 0.145000 0.285000 0.146250 0.277500
4 0.168333 0.286250 0.166667 0.295000 0.101250 0.290000 0.102500 0.281250
4 0.175000 0.273750 0.171667 0.281250 0.107500 0.277500 0.108750 0.270000
4 0.235000 0.271250 0.233333 0.277500 0.151250 0.273750 0.152500 0.266250
4 0.240000 0.257500 0.238333 0.267500 0.153750 0.262500 0.155000 0.253750
6 0.243333 0.246250 0.241667 0.253750 0.157500 0.251250 0.158750 0.242500
4 0.243333 0.235000 0.241667 0.242500 0.161250 0.238750 0.162500 0.231250
6 0.185000 0.250000 0.183333 0.257500 0.115000 0.253750 0.116250 0.246250
6 0.193333 0.236250 0.191667 0.246250 0.116250 0.242500 0.117500 0.232500
6 0.195000 0.232500 0.161667 0.231250 0.122500 0.222500 0.146250 0.225000
6 0.101667 0.211250 0.100000 0.220000 0.045000 0.216250 0.046250 0.207500
6 0.090000 0.223750 0.088333 0.232500 0.040000 0.230000 0.041250 0.221250
4 0.085000 0.236250 0.083333 0.246250 0.036250 0.241250 0.037500 0.232500
4 0.083333 0.248750 0.080000 0.257500 0.035000 0.253750 0.036250 0.243750
6 0.073333 0.261250 0.071667 0.267500 0.030000 0.263750 0.031250 0.257500
4 0.075000 0.273750 0.073333 0.282500 0.027500 0.277500 0.028750 0.268750
4 0.056667 0.308750 0.055000 0.316250 0.013750 0.312500 0.015000 0.305000
4 0.053333 0.320000 0.051667 0.328750 0.010000 0.323750 0.012500 0.315000
6 0.045000 0.331250 0.043333 0.338750 0.007500 0.336250 0.008750 0.327500
4 0.050000 0.345000 0.048333 0.353750 0.006250 0.348750 0.007500 0.340000
4 0.035000 0.355000 0.033333 0.365000 -0.002500 0.360000 0.000000 0.351250
6 0.033333 0.367500 0.031667 0.376250 -0.001250 0.372500 0.000000 0.362500
4 0.221667 0.768750 0.215000 0.788750 0.151250 0.786250 0.156250 0.766250
6 0.201667 0.765000 0.195000 0.785000 0.135000 0.781250 0.140000 0.761250
6 0.090000 0.861250 0.086667 0.870000 0.037500 0.862500 0.040000 0.852500
6 0.425000 0.716250 0.418333 0.736250 0.302500 0.733750 0.307500 0.713750
6 0.446667 0.721250 0.440000 0.741250 0.318750 0.737500 0.323750 0.718750
4 0.356667 0.846250 0.353333 0.855000 0.240000 0.850000 0.241250 0.841250
6 0.686667 0.702500 0.683333 0.721250 0.505000 0.720000 0.506250 0.701250
5 0.728333 0.705000 0.723333 0.726250 0.530000 0.723750 0.533750 0.702500
6 0.783333 0.713750 0.781667 0.732500 0.575000 0.731250 0.576250 0.712500
4 0.821667 0.720000 0.820000 0.738750 0.603750 0.738750 0.605000 0.718750
4 0.723333 0.658750 0.718333 0.676250 0.527500 0.672500 0.531250 0.655000
4 0.741667 0.658750 0.740000 0.678750 0.543750 0.677500 0.545000 0.657500
4 0.836667 0.667500 0.830000 0.683750 0.611250 0.680000 0.615000 0.663750
6 0.893333 0.670000 0.891667 0.688750 0.658750 0.688750 0.660000 0.668750
4 0.913333 0.690000 0.898333 0.690000 0.673750 0.671250 0.683750 0.671250
4 0.933333 0.675000 0.931667 0.693750 0.687500 0.692500 0.688750 0.673750
6 0.953333 0.672500 0.948333 0.692500 0.701250 0.691250 0.703750 0.671250
6 0.973333 0.675000 0.971667 0.695000 0.717500 0.693750 0.718750 0.673750
6 0.963333 0.202500 0.961667 0.210000 0.692500 0.206250 0.693750 0.197500
4 0.876667 0.148750 0.875000 0.156250 0.630000 0.151250 0.631250 0.143750
4 0.900000 0.136250 0.898333 0.143750 0.647500 0.138750 0.650000 0.131250
4 0.991667 0.191250 0.990000 0.201250 0.720000 0.196250 0.721250 0.187500
5 0.653333 0.450000 0.638333 0.450000 0.477500 0.427500 0.490000 0.427500
4 0.776667 0.455000 0.768333 0.475000 0.565000 0.472500 0.570000 0.452500
6 0.681667 0.505000 0.680000 0.525000 0.497500 0.523750 0.500000 0.503750
4 0.700000 0.507500 0.698333 0.526250 0.512500 0.526250 0.515000 0.506250
4 0.765000 0.511250 0.763333 0.530000 0.560000 0.530000 0.562500 0.510000
5 0.806667 0.515000 0.801667 0.540000 0.588750 0.537500 0.592500 0.512500
6 0.723333 0.167500 0.721667 0.180000 0.511250 0.175000 0.512500 0.163750
4 0.763333 0.727500 0.745000 0.727500 0.558750 0.713750 0.572500 0.713750
