20 0.695000 0.526667 0.596250 0.533333 0.786667 0.400000 0.918333 0.393333
19 0.688750 0.665000 0.605000 0.670000 0.803333 0.568333 0.913333 0.565000
20 0.546250 0.536667 0.452500 0.541667 0.598333 0.423333 0.723333 0.418333
20 0.402500 0.551667 0.305000 0.558333 0.401667 0.433333 0.530000 0.426667
19 0.398750 0.706667 0.316250 0.710000 0.418333 0.610000 0.526667 0.606667
29 0.406250 0.391667 0.296250 0.398333 0.386667 0.231667 0.535000 0.225000
20 0.380000 0.188333 0.293750 0.195000 0.383333 0.071667 0.500000 0.063333
20 0.158750 0.373333 0.070000 0.376667 0.090000 0.275000 0.208333 0.271667
35 0.166250 0.575000 0.052500 0.581667 0.065000 0.448333 0.215000 0.440000
35 0.173750 0.741667 0.060000 0.746667 0.075000 0.611667 0.228333 0.606667
