6 0.893333 0.222500 0.876667 0.223750 0.656250 0.202500 0.668750 0.201250
4 0.895000 0.276250 0.876667 0.277500 0.653750 0.252500 0.667500 0.251250
4 0.966667 0.278750 0.948333 0.278750 0.710000 0.253750 0.723750 0.253750
6 0.986667 0.277500 0.970000 0.278750 0.726250 0.256250 0.738750 0.256250
4 0.945000 0.278750 0.926667 0.278750 0.693750 0.255000 0.708750 0.255000
4 0.795000 0.281250 0.778333 0.282500 0.580000 0.256250 0.593750 0.255000
4 0.891667 0.180000 0.886667 0.203750 0.651250 0.201250 0.653750 0.177500
6 0.913333 0.200000 0.893333 0.201250 0.668750 0.180000 0.683750 0.178750
4 0.980000 0.225000 0.961667 0.227500 0.717500 0.205000 0.731250 0.202500
6 0.935000 0.225000 0.916667 0.226250 0.685000 0.205000 0.698750 0.203750
5 0.941667 0.153750 0.918333 0.153750 0.690000 0.126250 0.706250 0.126250
6 0.513333 0.188750 0.478333 0.188750 0.358750 0.178750 0.385000 0.178750
4 0.248333 0.973750 0.231667 0.973750 0.175000 0.950000 0.186250 0.951250
