6 0.988750 0.005000 0.981250 0.033333 1.293333 0.028333 1.301667 0.000000
4 0.825000 0.310000 0.817500 0.336667 1.076667 0.331667 1.086667 0.305000
4 0.845000 0.295000 0.838750 0.316667 1.106667 0.311667 1.115000 0.290000
4 0.837500 0.280000 0.828750 0.310000 1.091667 0.303333 1.103333 0.275000
6 0.823750 0.276667 0.816250 0.305000 1.073333 0.300000 1.085000 0.270000
4 0.772500 0.258333 0.765000 0.285000 1.003333 0.278333 1.015000 0.251667
6 0.773750 0.291667 0.766250 0.320000 1.006667 0.313333 1.018333 0.285000
4 0.737500 0.273333 0.727500 0.305000 0.955000 0.298333 0.970000 0.266667
4 0.711250 0.263333 0.700000 0.288333 0.923333 0.283333 0.938333 0.258333
4 0.735000 0.236667 0.725000 0.266667 0.953333 0.261667 0.968333 0.230000
4 0.681250 0.251667 0.670000 0.280000 0.878333 0.271667 0.893333 0.245000
4 0.668750 0.245000 0.660000 0.271667 0.865000 0.265000 0.876667 0.238333
6 0.616250 0.223333 0.607500 0.246667 0.796667 0.240000 0.808333 0.216667
6 0.640000 0.293333 0.637500 0.305000 0.810000 0.293333 0.813333 0.281667
4 0.798750 0.301667 0.790000 0.330000 1.040000 0.323333 1.051667 0.296667
6 0.731250 0.350000 0.723750 0.375000 0.951667 0.370000 0.961667 0.345000
4 0.745000 0.353333 0.740000 0.378333 0.975000 0.375000 0.981667 0.350000
6 0.796250 0.378333 0.791250 0.405000 1.041667 0.400000 1.050000 0.375000
4 0.786250 0.370000 0.776250 0.398333 1.023333 0.393333 1.036667 0.365000
4 0.731250 0.390000 0.725000 0.416667 0.951667 0.411667 0.960000 0.385000
6 0.626250 0.421667 0.612500 0.431667 0.811667 0.421667 0.830000 0.413333
4 0.673750 0.358333 0.666250 0.381667 0.871667 0.375000 0.881667 0.351667
4 0.438750 0.338333 0.416250 0.350000 0.551667 0.340000 0.581667 0.328333
4 0.821250 0.608333 0.813750 0.611667 1.076667 0.581667 1.088333 0.578333
6 0.811250 0.610000 0.803750 0.621667 1.046667 0.601667 1.056667 0.590000
6 0.605000 0.988333 0.598750 0.998333 0.776667 0.981667 0.785000 0.970000
4 0.285000 0.575000 0.278750 0.583333 0.351667 0.558333 0.360000 0.551667
4 0.256250 0.610000 0.247500 0.620000 0.308333 0.595000 0.318333 0.585000
4 0.053750 0.150000 0.043750 0.158333 0.041667 0.131667 0.053333 0.123333
4 0.440000 0.015000 0.432500 0.043333 0.561667 0.036667 0.571667 0.010000
6 0.426250 0.010000 0.418750 0.036667 0.543333 0.030000 0.553333 0.005000
4 0.387500 0.000000 0.380000 0.021667 0.493333 0.015000 0.500000 0.000000
5 0.421250 0.110000 0.400000 0.120000 0.528333 0.106667 0.558333 0.096667
6 0.393750 0.738333 0.383750 0.746667 0.501667 0.728333 0.515000 0.720000
