13 0.105556 0.217778 0.044444 0.226667 0.036667 0.173333 0.100000 0.167778
33 0.132222 0.468889 0.044444 0.478889 0.033333 0.395556 0.121111 0.385556
34 0.158889 0.595556 0.060000 0.604444 0.053333 0.513333 0.148889 0.504444
17 0.552222 0.393333 0.523333 0.433333 0.481111 0.403333 0.510000 0.364444
13 0.701111 0.477778 0.642222 0.485556 0.636667 0.436667 0.695556 0.428889
13 0.708889 0.541111 0.647778 0.548889 0.641111 0.494444 0.701111 0.487778
13 0.814444 0.450000 0.765556 0.457778 0.757778 0.398889 0.807778 0.393333
33 0.695556 0.640000 0.611111 0.650000 0.602222 0.565556 0.686667 0.555556
19 0.682222 0.772222 0.614444 0.780000 0.608889 0.724444 0.674444 0.716667
19 0.808889 0.855556 0.772222 0.875556 0.754444 0.845556 0.793333 0.825556
13 0.506667 0.914444 0.443333 0.920000 0.440000 0.871111 0.503333 0.865556
