4 0.061000 0.756000 0.058000 0.775000 0.048000 0.773000 0.051000 0.754000
6 0.060000 0.734000 0.054000 0.751000 0.043000 0.747000 0.049000 0.730000
4 0.053000 0.080000 0.051000 0.089000 0.026000 0.085000 0.027000 0.076000
6 0.065000 0.043000 0.064000 0.050000 0.045000 0.046000 0.046000 0.040000
4 0.937000 0.698000 0.928000 0.714000 0.920000 0.710000 0.928000 0.694000
6 0.956000 0.754000 0.948000 0.772000 0.938000 0.767000 0.946000 0.750000
4 0.934000 0.749000 0.927000 0.764000 0.918000 0.759000 0.926000 0.744000
6 0.817000 0.917000 0.815000 0.925000 0.790000 0.916000 0.793000 0.909000
4 0.825000 0.908000 0.822000 0.917000 0.798000 0.909000 0.801000 0.900000
5 0.774000 0.842000 0.765000 0.861000 0.753000 0.855000 0.762000 0.836000
4 0.750000 0.886000 0.740000 0.906000 0.728000 0.899000 0.739000 0.880000
4 0.785000 0.977000 0.783000 0.984000 0.767000 0.980000 0.769000 0.973000
6 0.787000 0.969000 0.785000 0.975000 0.771000 0.969000 0.774000 0.963000
4 0.120000 0.152000 0.119000 0.158000 0.098000 0.155000 0.099000 0.149000
7 0.155000 0.157000 0.153000 0.166000 0.127000 0.160000 0.129000 0.151000
5 0.147000 0.310000 0.145000 0.317000 0.122000 0.312000 0.124000 0.306000
21 0.772000 0.105000 0.590000 0.440000 0.318000 0.338000 0.501000 0.003000
21 1.103000 0.168000 0.915000 0.535000 0.628000 0.440000 0.798000 0.080000
