29 1.000000 0.743243 0.956764 0.746749 0.950000 0.663333 1.000000 0.659279
19 0.914444 0.712222 0.895556 0.724444 0.882222 0.704444 0.902222 0.692222
19 0.987778 0.727778 0.973333 0.752222 0.948889 0.736667 0.963333 0.713333
12 0.928889 0.736667 0.888889 0.770000 0.856667 0.731111 0.897778 0.697778
19 0.928889 0.742222 0.910000 0.752222 0.898889 0.731111 0.917778 0.721111
19 0.830000 0.611111 0.796667 0.637778 0.767778 0.603333 0.800000 0.575556
19 0.832222 0.595556 0.783333 0.600000 0.777778 0.551111 0.827778 0.546667
19 0.893333 0.603333 0.836667 0.607778 0.831111 0.542222 0.888889 0.537778
19 0.916667 0.595556 0.883333 0.601111 0.876667 0.564444 0.910000 0.558889
19 0.955556 0.597778 0.938889 0.607778 0.928889 0.590000 0.944444 0.580000
19 0.963333 0.597778 0.894444 0.601111 0.892222 0.534444 0.960000 0.531111
29 0.238889 0.763333 0.146667 0.774444 0.134444 0.675556 0.226667 0.663333
19 0.183333 0.796667 0.145556 0.814444 0.133333 0.787778 0.170000 0.770000
