4 0.135000 0.225000 0.102500 0.223333 0.136667 0.206667 0.180000 0.208333
5 0.128750 0.315000 0.102500 0.315000 0.136667 0.300000 0.171667 0.301667
6 0.980000 0.711667 0.978750 0.726667 1.266667 0.726667 1.266667 0.710000
6 0.975000 0.971667 0.973750 0.986667 1.266667 0.986667 1.266667 0.971667
4 0.617500 0.868333 0.601250 0.890000 0.790000 0.876667 0.811667 0.855000
4 0.522500 0.718333 0.495000 0.718333 0.660000 0.703333 0.696667 0.703333
6 0.528750 0.656667 0.527500 0.675000 0.663333 0.673333 0.663333 0.655000
4 0.523750 0.621667 0.522500 0.641667 0.656667 0.640000 0.656667 0.620000
4 0.017500 0.926667 0.005000 0.928333 0.006667 0.901667 0.021667 0.900000
6 0.032500 0.931667 0.020000 0.931667 0.026667 0.906667 0.043333 0.906667
4 0.048750 0.901667 0.047500 0.930000 0.048333 0.930000 0.050000 0.900000
4 0.061250 0.926667 0.050000 0.926667 0.066667 0.903333 0.081667 0.903333
4 0.077500 0.928333 0.065000 0.930000 0.085000 0.900000 0.103333 0.900000
4 0.091250 0.900000 0.090000 0.926667 0.105000 0.926667 0.106667 0.898333
4 0.058750 0.710000 0.028750 0.708333 0.038333 0.691667 0.078333 0.693333
4 0.057500 0.676667 0.030000 0.675000 0.040000 0.661667 0.076667 0.663333
6 0.057500 0.660000 0.031250 0.660000 0.041667 0.648333 0.076667 0.646667
4 0.055000 0.630000 0.030000 0.630000 0.040000 0.616667 0.073333 0.616667
4 0.055000 0.616667 0.031250 0.616667 0.041667 0.601667 0.073333 0.601667
4 0.056250 0.600000 0.031250 0.600000 0.041667 0.585000 0.075000 0.585000
