6 0.797500 0.863333 0.786250 0.863333 1.048333 0.836667 1.063333 0.836667
4 0.770000 0.658333 0.746250 0.658333 0.995000 0.643333 1.026667 0.641667
4 0.962500 0.610000 0.932500 0.611667 1.243333 0.595000 1.281667 0.595000
4 0.982500 0.660000 0.956250 0.660000 1.275000 0.648333 1.310000 0.646667
4 0.593750 0.308333 0.587500 0.336667 0.768333 0.331667 0.776667 0.303333
4 0.596250 0.131667 0.595000 0.163333 0.775000 0.161667 0.776667 0.131667
4 0.816250 0.105000 0.790000 0.103333 1.053333 0.090000 1.088333 0.090000
4 0.940000 0.105000 0.916250 0.105000 1.221667 0.090000 1.253333 0.091667
6 0.327500 0.990000 0.298750 0.991667 0.396667 0.976667 0.436667 0.976667
4 0.441250 0.836667 0.440000 0.868333 0.570000 0.866667 0.570000 0.835000
4 0.386250 0.710000 0.385000 0.735000 0.498333 0.735000 0.500000 0.708333
9 0.456250 0.583333 0.452500 0.666667 0.481667 0.661667 0.485000 0.576667
4 0.475000 0.485000 0.451250 0.485000 0.600000 0.470000 0.633333 0.468333
4 0.502500 0.465000 0.483750 0.465000 0.645000 0.450000 0.670000 0.450000
6 0.342500 0.230000 0.318750 0.231667 0.423333 0.215000 0.455000 0.213333
4 0.321250 0.070000 0.298750 0.071667 0.398333 0.058333 0.428333 0.056667
