6 0.220000 0.611667 0.208750 0.611667 0.276667 0.578333 0.291667 0.576667
6 0.171250 0.691667 0.157500 0.693333 0.208333 0.683333 0.228333 0.681667
4 0.658750 0.920000 0.623750 0.925000 0.830000 0.911667 0.876667 0.906667
4 0.613750 0.925000 0.583750 0.935000 0.775000 0.921667 0.815000 0.911667
6 0.643750 0.948333 0.615000 0.950000 0.820000 0.936667 0.858333 0.935000
4 0.070000 0.848333 0.062500 0.853333 0.070000 0.828333 0.081667 0.823333
4 0.107500 0.793333 0.097500 0.801667 0.115000 0.775000 0.128333 0.766667
4 0.093750 0.763333 0.085000 0.770000 0.098333 0.745000 0.110000 0.738333
6 0.078750 0.731667 0.068750 0.738333 0.076667 0.710000 0.090000 0.703333
6 0.223750 0.655000 0.210000 0.656667 0.278333 0.618333 0.296667 0.616667
6 0.211250 0.705000 0.180000 0.710000 0.238333 0.696667 0.280000 0.690000
4 0.723750 0.525000 0.713750 0.533333 0.935000 0.510000 0.948333 0.500000
