4 0.026667 0.968750 0.025000 0.988750 0.005000 0.987500 0.006250 0.967500
4 0.113333 0.850000 0.091667 0.848750 0.068750 0.823750 0.085000 0.825000
6 0.161667 0.852500 0.116667 0.850000 0.088750 0.841250 0.121250 0.843750
6 0.145000 0.882500 0.111667 0.881250 0.085000 0.870000 0.108750 0.871250
5 0.231667 0.883750 0.230000 0.891250 0.138750 0.885000 0.140000 0.876250
5 0.250000 0.836250 0.240000 0.858750 0.167500 0.855000 0.175000 0.832500
4 0.288333 0.838750 0.283333 0.857500 0.202500 0.855000 0.206250 0.837500
4 0.268333 0.833750 0.265000 0.853750 0.187500 0.852500 0.190000 0.832500
5 0.318333 0.840000 0.308333 0.865000 0.218750 0.862500 0.226250 0.836250
4 0.340000 0.838750 0.335000 0.865000 0.237500 0.862500 0.241250 0.836250
4 0.360000 0.840000 0.355000 0.862500 0.253750 0.860000 0.257500 0.838750
5 0.446667 0.790000 0.436667 0.831250 0.307500 0.827500 0.316250 0.786250
5 0.463333 0.738750 0.458333 0.785000 0.323750 0.783750 0.327500 0.737500
5 0.411667 0.735000 0.405000 0.758750 0.293750 0.756250 0.298750 0.732500
4 0.395000 0.803750 0.390000 0.831250 0.282500 0.830000 0.285000 0.802500
3 0.345000 0.531250 0.341667 0.546250 0.200000 0.538750 0.201250 0.523750
3 0.490000 0.637500 0.488333 0.673750 0.345000 0.672500 0.346250 0.637500
5 0.430000 0.648750 0.425000 0.671250 0.310000 0.670000 0.315000 0.647500
4 0.431667 0.620000 0.430000 0.640000 0.312500 0.638750 0.313750 0.618750
4 0.446667 0.592500 0.445000 0.616250 0.320000 0.615000 0.321250 0.591250
6 0.485000 0.542500 0.481667 0.555000 0.326250 0.550000 0.327500 0.537500
3 0.085000 0.698750 0.078333 0.733750 0.037500 0.730000 0.042500 0.696250
5 0.103333 0.612500 0.098333 0.636250 0.061250 0.633750 0.065000 0.611250
5 0.106667 0.573750 0.103333 0.598750 0.066250 0.598750 0.068750 0.572500
5 0.053333 0.582500 0.048333 0.610000 0.021250 0.608750 0.025000 0.581250
5 0.080000 0.641250 0.078333 0.666250 0.042500 0.665000 0.043750 0.640000
4 0.026667 0.636250 0.023333 0.660000 0.005000 0.658750 0.007500 0.635000
4 0.148333 0.343750 0.145000 0.365000 0.092500 0.362500 0.093750 0.342500
32 0.505000 0.300000 0.313333 0.330000 0.213750 0.222500 0.357500 0.193750
4 0.601667 0.003750 0.598333 0.026250 0.433750 0.025000 0.436250 0.002500
