4 0.936250 0.778333 0.931250 0.790000 1.210000 0.771667 1.216667 0.761667
6 0.975000 0.800000 0.951250 0.796667 1.268333 0.785000 1.300000 0.788333
4 0.926250 0.835000 0.915000 0.850000 1.211667 0.841667 1.226667 0.826667
6 0.920000 0.820000 0.905000 0.841667 1.196667 0.831667 1.215000 0.810000
6 0.932500 0.485000 0.925000 0.498333 1.221667 0.490000 1.231667 0.475000
6 0.922500 0.501667 0.907500 0.526667 1.196667 0.516667 1.216667 0.491667
4 0.835000 0.628333 0.818750 0.650000 1.083333 0.641667 1.105000 0.620000
4 0.816250 0.655000 0.800000 0.680000 1.053333 0.668333 1.075000 0.643333
4 0.766250 0.725000 0.751250 0.748333 0.991667 0.740000 1.011667 0.715000
4 0.691250 0.838333 0.676250 0.863333 0.890000 0.855000 0.910000 0.830000
6 0.653750 0.891667 0.637500 0.918333 0.838333 0.908333 0.858333 0.881667
6 0.462500 0.226667 0.457500 0.238333 0.585000 0.221667 0.591667 0.211667
4 0.472500 0.215000 0.467500 0.225000 0.591667 0.206667 0.598333 0.196667
6 0.480000 0.201667 0.476250 0.211667 0.608333 0.195000 0.615000 0.185000
4 0.530000 0.125000 0.526250 0.136667 0.670000 0.116667 0.676667 0.106667
4 0.443750 0.116667 0.440000 0.126667 0.555000 0.110000 0.560000 0.100000
4 0.402500 0.188333 0.398750 0.198333 0.498333 0.176667 0.503333 0.166667
6 0.916250 0.455000 0.896250 0.485000 1.183333 0.473333 1.208333 0.443333
4 0.736250 0.013333 0.707500 0.015000 0.943333 0.003333 0.981667 0.001667
6 0.290000 0.710000 0.285000 0.721667 0.355000 0.705000 0.361667 0.695000
6 0.198750 0.625000 0.183750 0.648333 0.233333 0.638333 0.253333 0.615000
6 0.096250 0.693333 0.090000 0.720000 0.105000 0.715000 0.115000 0.688333
4 0.085000 0.683333 0.077500 0.706667 0.090000 0.701667 0.100000 0.676667
6 0.057500 0.413333 0.038750 0.435000 0.041667 0.423333 0.066667 0.401667
6 0.090000 0.343333 0.085000 0.353333 0.078333 0.335000 0.085000 0.325000
4 0.195000 0.416667 0.191250 0.428333 0.223333 0.410000 0.228333 0.400000
4 0.245000 0.451667 0.241250 0.461667 0.295000 0.446667 0.300000 0.436667
4 0.677500 0.540000 0.663750 0.563333 0.875000 0.555000 0.893333 0.531667
6 0.567500 0.675000 0.563750 0.685000 0.721667 0.668333 0.726667 0.658333
4 0.546250 0.701667 0.542500 0.711667 0.695000 0.695000 0.701667 0.685000
6 0.611250 0.746667 0.607500 0.758333 0.775000 0.740000 0.781667 0.728333
4 0.585000 0.825000 0.581250 0.835000 0.743333 0.818333 0.748333 0.808333
4 0.541250 0.863333 0.536250 0.873333 0.688333 0.856667 0.695000 0.846667
6 0.566250 0.883333 0.561250 0.893333 0.718333 0.875000 0.725000 0.865000
