4 0.043750 0.138333 0.036250 0.158333 0.036667 0.153333 0.048333 0.133333
4 0.061250 0.141667 0.055000 0.166667 0.060000 0.163333 0.068333 0.138333
6 0.077500 0.148333 0.070000 0.171667 0.081667 0.166667 0.090000 0.143333
4 0.093750 0.153333 0.085000 0.180000 0.098333 0.175000 0.108333 0.146667
6 0.108750 0.155000 0.101250 0.185000 0.116667 0.178333 0.128333 0.148333
6 0.137500 0.168333 0.128750 0.208333 0.151667 0.203333 0.161667 0.163333
3 0.055000 0.266667 0.041250 0.275000 0.035000 0.235000 0.051667 0.226667
6 0.080000 0.278333 0.070000 0.286667 0.080000 0.260000 0.093333 0.253333
6 0.173750 0.431667 0.160000 0.451667 0.205000 0.443333 0.221667 0.421667
6 0.043750 0.560000 0.016250 0.558333 0.021667 0.546667 0.058333 0.548333
4 0.035000 0.578333 0.033750 0.590000 0.010000 0.585000 0.011667 0.573333
6 0.033750 0.631667 0.006250 0.630000 0.008333 0.618333 0.045000 0.618333
6 0.027500 0.651667 0.026250 0.665000 0.003333 0.660000 0.005000 0.646667
6 0.025000 0.665000 0.023750 0.678333 0.000000 0.675000 0.000000 0.661667
4 0.022500 0.678333 0.021250 0.691667 0.000000 0.686667 0.000000 0.673333
5 0.021250 0.691667 0.020000 0.706667 0.000000 0.701667 0.000000 0.686667
6 0.218750 0.966667 0.215000 0.996667 0.270000 0.993333 0.275000 0.963333
5 0.315000 0.505000 0.313750 0.540000 0.401667 0.540000 0.403333 0.505000
4 0.628750 0.293333 0.627500 0.303333 0.808333 0.298333 0.810000 0.288333
6 0.630000 0.308333 0.628750 0.318333 0.808333 0.313333 0.810000 0.303333
4 0.623750 0.321667 0.622500 0.333333 0.800000 0.328333 0.801667 0.318333
5 0.706250 0.138333 0.695000 0.171667 0.910000 0.163333 0.925000 0.131667
6 0.695000 0.518333 0.693750 0.526667 0.898333 0.523333 0.900000 0.515000
6 0.695000 0.565000 0.666250 0.560000 0.888333 0.550000 0.926667 0.553333
5 0.925000 0.056667 0.916250 0.063333 1.203333 0.035000 1.215000 0.026667
4 0.935000 0.045000 0.926250 0.050000 1.223333 0.028333 1.235000 0.021667
4 0.973750 0.165000 0.966250 0.171667 1.273333 0.146667 1.285000 0.140000
4 0.957500 0.296667 0.953750 0.325000 1.258333 0.321667 1.263333 0.295000
4 0.966250 0.328333 0.961250 0.353333 1.268333 0.350000 1.275000 0.325000
6 0.983750 0.331667 0.978750 0.358333 1.288333 0.355000 1.295000 0.328333
4 0.886250 0.380000 0.883750 0.398333 1.168333 0.396667 1.171667 0.378333
4 0.905000 0.383333 0.901250 0.406667 1.188333 0.403333 1.193333 0.380000
4 0.922500 0.385000 0.917500 0.408333 1.210000 0.405000 1.215000 0.381667
4 0.940000 0.381667 0.936250 0.408333 1.233333 0.405000 1.238333 0.378333
6 0.870000 0.410000 0.865000 0.431667 1.138333 0.428333 1.145000 0.405000
4 0.883750 0.408333 0.880000 0.431667 1.158333 0.428333 1.163333 0.405000
4 0.898750 0.410000 0.895000 0.433333 1.178333 0.431667 1.183333 0.406667
6 0.935000 0.410000 0.930000 0.440000 1.223333 0.435000 1.230000 0.406667
4 0.948750 0.418333 0.943750 0.443333 1.243333 0.440000 1.250000 0.413333
6 0.951250 0.385000 0.950000 0.410000 1.255000 0.408333 1.256667 0.383333
6 0.963750 0.420000 0.960000 0.445000 1.265000 0.443333 1.270000 0.416667
4 0.977500 0.431667 0.975000 0.453333 1.286667 0.451667 1.291667 0.428333
4 0.982500 0.396667 0.981250 0.421667 1.293333 0.420000 1.295000 0.395000
6 0.806250 0.460000 0.801250 0.485000 1.055000 0.481667 1.061667 0.456667
4 0.787500 0.485000 0.783750 0.506667 1.031667 0.503333 1.036667 0.481667
6 0.825000 0.461667 0.820000 0.488333 1.076667 0.483333 1.083333 0.458333
6 0.818750 0.486667 0.817500 0.511667 1.073333 0.510000 1.076667 0.485000
4 0.840000 0.465000 0.836250 0.486667 1.100000 0.483333 1.105000 0.461667
6 0.856250 0.466667 0.851250 0.495000 1.118333 0.490000 1.126667 0.461667
4 0.872500 0.473333 0.866250 0.498333 1.140000 0.495000 1.148333 0.468333
6 0.833750 0.493333 0.830000 0.516667 1.093333 0.513333 1.098333 0.490000
6 0.850000 0.496667 0.845000 0.520000 1.111667 0.515000 1.118333 0.491667
6 0.863750 0.500000 0.861250 0.523333 1.133333 0.521667 1.136667 0.498333
6 0.881250 0.503333 0.878750 0.526667 1.155000 0.525000 1.158333 0.500000
4 0.903750 0.480000 0.898750 0.503333 1.185000 0.500000 1.190000 0.476667
4 0.896250 0.506667 0.891250 0.531667 1.175000 0.528333 1.180000 0.503333
4 0.910000 0.510000 0.906250 0.533333 1.195000 0.530000 1.200000 0.508333
5 0.932500 0.495000 0.927500 0.528333 1.221667 0.525000 1.228333 0.491667
6 0.951250 0.486667 0.947500 0.511667 1.250000 0.508333 1.253333 0.485000
4 0.962500 0.515000 0.958750 0.540000 1.265000 0.536667 1.270000 0.511667
6 0.978750 0.520000 0.973750 0.543333 1.285000 0.538333 1.291667 0.516667
5 0.995000 0.583333 0.991250 0.611667 1.305000 0.608333 1.310000 0.581667
4 0.987500 0.618333 0.983750 0.641667 1.296667 0.636667 1.303333 0.615000
6 0.972500 0.613333 0.968750 0.640000 1.276667 0.636667 1.283333 0.610000
6 0.962500 0.583333 0.958750 0.606667 1.263333 0.603333 1.268333 0.580000
4 0.956250 0.611667 0.952500 0.635000 1.256667 0.631667 1.261667 0.608333
4 0.948750 0.578333 0.943750 0.603333 1.245000 0.600000 1.250000 0.575000
4 0.943750 0.606667 0.938750 0.631667 1.238333 0.626667 1.245000 0.603333
4 0.926250 0.603333 0.922500 0.626667 1.216667 0.623333 1.221667 0.600000
4 0.932500 0.575000 0.927500 0.598333 1.223333 0.595000 1.230000 0.570000
6 0.915000 0.570000 0.911250 0.593333 1.201667 0.591667 1.206667 0.568333
5 0.911250 0.598333 0.907500 0.630000 1.191667 0.626667 1.198333 0.595000
4 0.897500 0.593333 0.887500 0.591667 1.183333 0.570000 1.196667 0.571667
4 0.895000 0.601667 0.891250 0.625000 1.173333 0.623333 1.176667 0.600000
5 0.881250 0.595000 0.868750 0.595000 1.160000 0.563333 1.175000 0.565000
4 0.867500 0.565000 0.865000 0.591667 1.138333 0.588333 1.141667 0.561667
4 0.862500 0.595000 0.857500 0.616667 1.130000 0.611667 1.136667 0.590000
4 0.855000 0.563333 0.850000 0.588333 1.118333 0.585000 1.125000 0.560000
4 0.846250 0.591667 0.841250 0.613333 1.108333 0.608333 1.115000 0.586667
6 0.837500 0.558333 0.835000 0.581667 1.098333 0.580000 1.101667 0.556667
6 0.831250 0.585000 0.827500 0.611667 1.090000 0.608333 1.095000 0.581667
6 0.818750 0.556667 0.816250 0.578333 1.076667 0.576667 1.080000 0.555000
6 0.815000 0.585000 0.811250 0.608333 1.068333 0.605000 1.073333 0.581667
6 0.805000 0.550000 0.803750 0.575000 1.056667 0.575000 1.058333 0.550000
6 0.801250 0.581667 0.797500 0.606667 1.046667 0.603333 1.051667 0.578333
4 0.788750 0.546667 0.786250 0.570000 1.035000 0.566667 1.038333 0.543333
5 0.785000 0.575000 0.781250 0.605000 1.025000 0.601667 1.030000 0.573333
4 0.766250 0.573333 0.762500 0.598333 1.001667 0.596667 1.006667 0.570000
4 0.775000 0.543333 0.771250 0.570000 1.013333 0.566667 1.018333 0.540000
6 0.758750 0.541667 0.752500 0.563333 0.991667 0.558333 1.000000 0.536667
5 0.748750 0.570000 0.743750 0.600000 0.978333 0.596667 0.985000 0.566667
