5 0.184000 0.996000 0.162000 0.994000 0.163000 0.987000 0.184000 0.990000
3 0.351000 0.961000 0.349000 0.972000 0.315000 0.968000 0.316000 0.957000
3 0.350000 0.944000 0.349000 0.953000 0.325000 0.950000 0.326000 0.942000
3 0.361000 0.916000 0.327000 0.915000 0.327000 0.905000 0.361000 0.906000
3 0.365000 0.895000 0.364000 0.905000 0.330000 0.901000 0.331000 0.892000
3 0.366000 0.878000 0.365000 0.888000 0.334000 0.886000 0.334000 0.876000
3 0.239000 0.852000 0.236000 0.880000 0.222000 0.879000 0.225000 0.850000
5 0.113000 0.764000 0.112000 0.773000 0.088000 0.770000 0.089000 0.761000
6 0.273000 0.792000 0.253000 0.791000 0.254000 0.784000 0.273000 0.785000
6 0.330000 0.793000 0.329000 0.799000 0.308000 0.798000 0.309000 0.791000
6 0.360000 0.803000 0.338000 0.802000 0.339000 0.794000 0.360000 0.796000
6 0.421000 0.804000 0.420000 0.811000 0.400000 0.809000 0.400000 0.802000
4 0.449000 0.807000 0.448000 0.815000 0.426000 0.812000 0.426000 0.805000
6 0.471000 0.810000 0.470000 0.816000 0.451000 0.815000 0.452000 0.808000
6 0.495000 0.814000 0.494000 0.820000 0.474000 0.818000 0.475000 0.811000
5 0.553000 0.926000 0.549000 0.947000 0.539000 0.945000 0.542000 0.925000
6 0.592000 0.981000 0.572000 0.980000 0.572000 0.973000 0.592000 0.974000
6 0.624000 0.942000 0.612000 0.954000 0.606000 0.948000 0.618000 0.935000
6 0.653000 0.956000 0.637000 0.955000 0.637000 0.950000 0.653000 0.951000
6 0.659000 0.938000 0.639000 0.938000 0.639000 0.931000 0.659000 0.931000
6 0.662000 0.916000 0.661000 0.923000 0.636000 0.921000 0.637000 0.913000
4 0.874000 0.906000 0.873000 0.913000 0.863000 0.912000 0.863000 0.906000
4 0.849000 0.904000 0.848000 0.910000 0.826000 0.908000 0.827000 0.901000
6 0.678000 0.843000 0.657000 0.842000 0.658000 0.834000 0.678000 0.835000
31 0.784000 0.873000 0.740000 0.868000 0.741000 0.860000 0.784000 0.864000
6 0.742000 0.844000 0.741000 0.851000 0.721000 0.849000 0.721000 0.843000
6 0.765000 0.854000 0.747000 0.852000 0.747000 0.846000 0.765000 0.848000
6 0.806000 0.852000 0.805000 0.859000 0.787000 0.858000 0.788000 0.851000
6 0.832000 0.863000 0.814000 0.861000 0.814000 0.854000 0.832000 0.856000
4 0.866000 0.860000 0.865000 0.868000 0.842000 0.865000 0.843000 0.858000
6 0.915000 0.867000 0.914000 0.875000 0.893000 0.873000 0.894000 0.865000
6 0.983000 0.830000 0.978000 0.848000 0.968000 0.845000 0.974000 0.827000
6 0.993000 0.722000 0.992000 0.730000 0.972000 0.727000 0.972000 0.720000
6 0.993000 0.612000 0.992000 0.619000 0.972000 0.616000 0.973000 0.609000
6 0.940000 0.601000 0.939000 0.609000 0.916000 0.605000 0.918000 0.597000
4 0.976000 0.579000 0.975000 0.586000 0.956000 0.581000 0.957000 0.574000
6 0.879000 0.565000 0.861000 0.563000 0.862000 0.556000 0.879000 0.559000
6 0.987000 0.282000 0.986000 0.289000 0.965000 0.285000 0.966000 0.278000
6 0.965000 0.277000 0.963000 0.285000 0.943000 0.280000 0.945000 0.273000
6 0.641000 0.511000 0.640000 0.518000 0.618000 0.515000 0.619000 0.508000
6 0.609000 0.511000 0.590000 0.510000 0.590000 0.503000 0.609000 0.504000
6 0.582000 0.500000 0.581000 0.506000 0.561000 0.503000 0.563000 0.497000
6 0.480000 0.509000 0.478000 0.518000 0.456000 0.513000 0.457000 0.505000
4 0.467000 0.667000 0.466000 0.683000 0.457000 0.682000 0.459000 0.666000
6 0.240000 0.568000 0.237000 0.583000 0.228000 0.581000 0.232000 0.566000
4 0.104000 0.607000 0.101000 0.625000 0.091000 0.624000 0.094000 0.605000
6 0.022000 0.599000 0.018000 0.616000 0.008000 0.614000 0.012000 0.597000
4 0.041000 0.540000 0.038000 0.555000 0.030000 0.553000 0.033000 0.538000
6 0.157000 0.329000 0.156000 0.336000 0.135000 0.331000 0.136000 0.325000
5 0.096000 0.267000 0.092000 0.283000 0.084000 0.281000 0.088000 0.265000
6 0.122000 0.189000 0.119000 0.205000 0.110000 0.204000 0.113000 0.187000
4 0.282000 0.101000 0.281000 0.108000 0.261000 0.104000 0.262000 0.098000
4 0.348000 0.164000 0.344000 0.179000 0.335000 0.176000 0.340000 0.162000
6 0.425000 0.180000 0.421000 0.190000 0.414000 0.187000 0.418000 0.177000
6 0.477000 0.190000 0.472000 0.206000 0.464000 0.204000 0.468000 0.188000
11 0.411000 0.128000 0.409000 0.135000 0.400000 0.133000 0.401000 0.126000
4 0.393000 0.613000 0.391000 0.629000 0.381000 0.627000 0.384000 0.612000
4 0.917000 0.741000 0.914000 0.757000 0.905000 0.755000 0.907000 0.739000
6 0.103000 0.631000 0.099000 0.650000 0.087000 0.647000 0.091000 0.628000
