28 0.823000 0.518500 0.887000 0.548000 0.893500 0.536000 0.829500 0.506500
22 0.765500 0.597500 0.804500 0.631000 0.819000 0.615000 0.778500 0.581000
22 0.781500 0.582000 0.815500 0.611500 0.827000 0.598500 0.792500 0.568500
22 0.799500 0.574000 0.840000 0.608000 0.852000 0.594000 0.812000 0.559500
2 0.721500 0.553000 0.772500 0.587000 0.782000 0.572500 0.731500 0.538500
22 0.717500 0.568500 0.753500 0.593000 0.761500 0.580500 0.725500 0.556500
2 0.761500 0.558000 0.784500 0.573500 0.791500 0.563500 0.767000 0.548000
2 0.789500 0.524000 0.820000 0.548500 0.830500 0.536500 0.799500 0.512000
2 0.777000 0.531500 0.803500 0.554000 0.812000 0.543000 0.785500 0.520500
2 0.759500 0.464000 0.797000 0.476500 0.800500 0.466000 0.763000 0.453500
2 0.755000 0.472500 0.781000 0.481500 0.784000 0.472500 0.758000 0.463500
2 0.737000 0.500500 0.770500 0.513000 0.776000 0.500500 0.742500 0.488000
2 0.725500 0.512500 0.748000 0.522500 0.752000 0.512000 0.731500 0.502000
2 0.718000 0.532000 0.776000 0.551500 0.781500 0.534500 0.724500 0.515500
18 0.747500 0.522500 0.765500 0.528500 0.766000 0.525500 0.748000 0.519500
18 0.733000 0.502500 0.753500 0.511500 0.755500 0.507500 0.736000 0.498500
22 0.785500 0.425000 0.823000 0.437500 0.826500 0.426000 0.789500 0.413500
2 0.780000 0.435000 0.808000 0.444500 0.811500 0.434000 0.783500 0.424500
22 0.776500 0.450000 0.815500 0.463000 0.819500 0.450500 0.781000 0.437000
2 0.796000 0.415000 0.842000 0.430500 0.847500 0.414500 0.800500 0.399000
2 0.822500 0.369500 0.875000 0.387000 0.879000 0.374000 0.827000 0.356500
2 0.814500 0.387500 0.876000 0.408500 0.882500 0.392000 0.819500 0.371000
2 0.803000 0.399000 0.848500 0.414500 0.853000 0.401500 0.807000 0.386000
22 0.834500 0.350500 0.868500 0.362500 0.874000 0.350500 0.838000 0.338500
22 0.842000 0.337000 0.890500 0.356500 0.897500 0.339500 0.848500 0.320000
2 0.894500 0.277000 0.924500 0.287000 0.927500 0.278000 0.898000 0.268000
2 0.882000 0.284000 0.924500 0.303000 0.930500 0.291000 0.887000 0.272500
2 0.849500 0.319500 0.893500 0.339000 0.898500 0.326000 0.856000 0.306500
2 0.958500 0.302500 0.995000 0.314500 0.999500 0.302000 0.962000 0.290000
22 0.950000 0.182000 0.987000 0.194500 0.991500 0.180000 0.954500 0.168000
22 0.987500 0.198500 0.942000 0.178500 0.935500 0.193000 0.981000 0.213500
2 1.000000 0.162500 0.962000 0.142500 0.954500 0.156500 0.993000 0.176500
22 0.928500 0.309500 0.890500 0.290000 0.886000 0.300500 0.923500 0.320000
22 0.919500 0.319000 0.880000 0.299500 0.874000 0.313000 0.912500 0.333000
2 0.919500 0.374500 0.876000 0.352500 0.872000 0.362000 0.915000 0.384000
2 0.950000 0.436000 0.887000 0.403500 0.879500 0.419000 0.942000 0.451500
28 0.960500 0.432500 0.913500 0.408500 0.911500 0.415000 0.957500 0.439000
2 0.976500 0.469000 0.932000 0.446000 0.925000 0.457000 0.969500 0.480000
2 0.930000 0.444500 0.883000 0.421000 0.877500 0.433500 0.923500 0.457500
2 0.901500 0.445500 0.849500 0.419000 0.842000 0.433500 0.894000 0.460000
22 0.951000 0.471000 0.907500 0.448000 0.900500 0.461500 0.943500 0.484500
2 0.898000 0.500500 0.845500 0.473000 0.838500 0.485500 0.892500 0.513000
22 0.907500 0.488500 0.866500 0.467000 0.860000 0.479000 0.901500 0.500500
22 0.899000 0.465000 0.862500 0.443500 0.853500 0.457500 0.891000 0.479000
2 0.946500 0.486500 0.920500 0.473000 0.917000 0.479000 0.943500 0.492500
2 0.893000 0.513000 0.848000 0.490000 0.838000 0.507500 0.883000 0.531000
2 0.928500 0.365500 0.900500 0.343500 0.891000 0.354000 0.920500 0.376000
2 0.945000 0.359000 0.908000 0.330000 0.898500 0.341500 0.936000 0.370000
2 0.935000 0.305500 0.970000 0.331500 0.979500 0.319500 0.943500 0.294000
2 0.925000 0.315000 0.954500 0.336000 0.962000 0.325500 0.932500 0.305000
2 0.923000 0.330000 0.960500 0.357000 0.968000 0.346000 0.930500 0.319000
2 0.876000 0.384000 0.922500 0.397500 0.925000 0.386500 0.879500 0.372500
2 0.885000 0.399500 0.926500 0.412000 0.930000 0.400000 0.889000 0.387500
7 0.842000 0.463000 0.861000 0.470000 0.864500 0.463500 0.844500 0.456500
28 0.849000 0.417000 0.878000 0.431500 0.881500 0.425000 0.852500 0.410500
28 0.912500 0.332500 0.932000 0.347000 0.936000 0.341500 0.916500 0.327000
28 0.936000 0.351500 0.969500 0.378000 0.975500 0.370500 0.942500 0.344000
28 0.910000 0.224500 0.928500 0.234500 0.931000 0.231500 0.913000 0.221500
28 0.907500 0.229000 0.939500 0.247000 0.941500 0.243500 0.909500 0.225500
28 0.905000 0.235000 0.938000 0.254000 0.940000 0.249000 0.907500 0.230500
28 0.896500 0.240000 0.931000 0.259000 0.934000 0.253500 0.898500 0.234500
28 0.897000 0.249000 0.924500 0.263500 0.927500 0.257000 0.900500 0.243000
28 0.893000 0.255500 0.923500 0.270500 0.926500 0.265000 0.894500 0.250000
28 0.938500 0.235500 0.961000 0.244500 0.962000 0.239500 0.939500 0.231000
28 0.917000 0.223500 0.932000 0.230500 0.932500 0.228000 0.917500 0.221000
22 0.913000 0.218500 0.954500 0.237000 0.962000 0.221500 0.920000 0.203000
7 0.954000 0.166500 0.976000 0.176000 0.977500 0.170500 0.956500 0.160500
22 0.979500 0.318500 0.981000 0.341500 0.988500 0.341000 0.985000 0.318000
9 0.467500 0.118000 0.482000 0.087500 0.514000 0.102500 0.499500 0.133000
9 0.293500 0.389500 0.308500 0.359500 0.339500 0.374500 0.326000 0.404500
9 0.587000 0.506000 0.596500 0.488500 0.614000 0.497000 0.606000 0.514500
9 0.758000 0.230500 0.770500 0.206000 0.797000 0.217500 0.785500 0.243500
2 1.003500 0.148000 0.969000 0.129500 0.962500 0.142000 0.997000 0.160000
22 1.001500 0.288000 0.972000 0.277000 0.967500 0.288500 0.997000 0.299500
22 1.002000 0.272000 0.977000 0.262500 0.973000 0.274000 0.997000 0.283500
2 0.927000 0.204000 0.968500 0.224500 0.975000 0.213000 0.933000 0.192000
28 0.928500 0.486000 0.898500 0.468500 0.892500 0.479000 0.923000 0.497000
