4 0.080000 0.158750 0.040000 0.161250 0.030000 0.152500 0.058750 0.150000
6 0.071667 0.138750 0.036667 0.141250 0.027500 0.132500 0.052500 0.130000
5 0.188333 0.143750 0.148333 0.146250 0.111250 0.137500 0.141250 0.136250
6 0.208333 0.125000 0.168333 0.127500 0.125000 0.118750 0.155000 0.116250
6 0.236667 0.135000 0.203333 0.138750 0.152500 0.131250 0.177500 0.128750
6 0.295000 0.127500 0.256667 0.132500 0.191250 0.123750 0.220000 0.120000
4 0.311667 0.111250 0.275000 0.115000 0.206250 0.107500 0.232500 0.103750
4 0.341667 0.122500 0.303333 0.123750 0.227500 0.116250 0.255000 0.113750
4 0.398333 0.113750 0.360000 0.120000 0.268750 0.112500 0.297500 0.107500
5 0.415000 0.051250 0.368333 0.056250 0.275000 0.047500 0.310000 0.042500
4 0.473333 0.057500 0.436667 0.061250 0.326250 0.055000 0.353750 0.051250
4 0.451667 0.110000 0.416667 0.110000 0.312500 0.102500 0.338750 0.101250
3 0.506667 0.117500 0.446667 0.123750 0.332500 0.112500 0.377500 0.106250
4 0.528333 0.101250 0.491667 0.105000 0.367500 0.096250 0.395000 0.093750
3 0.558333 0.080000 0.393333 0.098750 0.293750 0.085000 0.417500 0.066250
6 0.651667 0.037500 0.615000 0.041250 0.460000 0.032500 0.487500 0.028750
4 0.788333 0.020000 0.751667 0.022500 0.562500 0.016250 0.590000 0.012500
4 0.990000 0.030000 0.963333 0.032500 0.721250 0.023750 0.741250 0.021250
4 0.840000 0.045000 0.808333 0.047500 0.605000 0.041250 0.628750 0.038750
4 0.725000 0.056250 0.686667 0.061250 0.513750 0.051250 0.542500 0.047500
5 0.671667 0.065000 0.628333 0.070000 0.470000 0.061250 0.502500 0.056250
6 0.608333 0.087500 0.566667 0.088750 0.425000 0.078750 0.456250 0.078750
6 0.716667 0.075000 0.680000 0.078750 0.508750 0.070000 0.536250 0.065000
4 0.773333 0.068750 0.738333 0.072500 0.553750 0.065000 0.578750 0.061250
6 0.843333 0.060000 0.808333 0.063750 0.605000 0.056250 0.631250 0.053750
4 0.898333 0.053750 0.858333 0.060000 0.642500 0.051250 0.671250 0.045000
4 0.993333 0.043750 0.955000 0.048750 0.715000 0.041250 0.742500 0.036250
4 0.996667 0.126250 0.960000 0.131250 0.718750 0.122500 0.746250 0.117500
4 0.856667 0.122500 0.821667 0.126250 0.615000 0.120000 0.642500 0.115000
6 0.688333 0.143750 0.653333 0.148750 0.488750 0.141250 0.513750 0.136250
4 0.536667 0.161250 0.503333 0.166250 0.375000 0.158750 0.401250 0.152500
4 0.296667 0.191250 0.266667 0.196250 0.197500 0.187500 0.221250 0.182500
4 0.095000 0.235000 0.061667 0.241250 0.045000 0.233750 0.070000 0.228750
6 0.095000 0.290000 0.055000 0.297500 0.038750 0.287500 0.070000 0.280000
4 0.836667 0.177500 0.795000 0.182500 0.595000 0.173750 0.625000 0.168750
4 0.665000 0.250000 0.630000 0.252500 0.471250 0.243750 0.498750 0.240000
6 0.840000 0.226250 0.805000 0.231250 0.601250 0.223750 0.628750 0.218750
4 0.475000 0.321250 0.441667 0.325000 0.330000 0.316250 0.355000 0.312500
6 0.268333 0.350000 0.238333 0.356250 0.176250 0.347500 0.198750 0.341250
6 0.060000 0.418750 0.028333 0.425000 0.018750 0.417500 0.042500 0.411250
