4 0.784000 0.020000 0.780000 0.027000 0.761000 0.017000 0.765000 0.010000
9 0.981000 0.264000 0.980000 0.327000 0.913000 0.326000 0.914000 0.262000
9 0.987000 0.813000 0.918000 0.815000 0.916000 0.750000 0.985000 0.748000
4 0.854000 0.134000 0.841000 0.148000 0.835000 0.143000 0.848000 0.128000
6 0.852000 0.108000 0.844000 0.108000 0.843000 0.093000 0.851000 0.092000
4 0.842000 0.110000 0.832000 0.111000 0.831000 0.091000 0.842000 0.091000
4 0.839000 0.090000 0.830000 0.090000 0.829000 0.073000 0.839000 0.073000
4 0.818000 0.092000 0.808000 0.093000 0.807000 0.074000 0.817000 0.073000
4 0.794000 0.090000 0.785000 0.090000 0.785000 0.072000 0.793000 0.072000
6 0.734000 0.088000 0.712000 0.087000 0.712000 0.080000 0.734000 0.080000
4 0.488000 0.037000 0.479000 0.038000 0.477000 0.020000 0.487000 0.019000
5 0.670000 0.029000 0.669000 0.047000 0.659000 0.047000 0.660000 0.028000
6 0.624000 0.045000 0.614000 0.045000 0.614000 0.030000 0.624000 0.030000
6 0.606000 0.094000 0.582000 0.094000 0.582000 0.086000 0.606000 0.086000
4 0.566000 0.140000 0.538000 0.144000 0.536000 0.133000 0.564000 0.129000
6 0.520000 0.090000 0.499000 0.090000 0.499000 0.083000 0.520000 0.083000
6 0.522000 0.072000 0.500000 0.072000 0.500000 0.064000 0.522000 0.064000
4 0.521000 0.081000 0.498000 0.081000 0.498000 0.074000 0.521000 0.074000
4 0.259000 0.023000 0.250000 0.023000 0.249000 0.009000 0.258000 0.008000
5 0.259000 0.060000 0.258000 0.080000 0.248000 0.080000 0.248000 0.059000
4 0.260000 0.110000 0.250000 0.110000 0.249000 0.092000 0.260000 0.092000
6 0.398000 0.147000 0.394000 0.154000 0.371000 0.141000 0.375000 0.134000
4 0.349000 0.148000 0.344000 0.154000 0.328000 0.141000 0.333000 0.135000
4 0.333000 0.148000 0.328000 0.155000 0.311000 0.142000 0.316000 0.135000
4 0.315000 0.147000 0.312000 0.152000 0.294000 0.140000 0.297000 0.135000
5 0.225000 0.138000 0.213000 0.138000 0.214000 0.114000 0.225000 0.115000
5 0.160000 0.145000 0.150000 0.145000 0.150000 0.124000 0.160000 0.124000
5 0.098000 0.144000 0.088000 0.144000 0.088000 0.124000 0.098000 0.124000
5 0.127000 0.183000 0.117000 0.184000 0.116000 0.165000 0.127000 0.165000
6 0.115000 0.182000 0.104000 0.183000 0.104000 0.163000 0.114000 0.163000
4 0.102000 0.207000 0.093000 0.207000 0.093000 0.189000 0.102000 0.189000
3 0.369000 0.404000 0.352000 0.406000 0.352000 0.397000 0.368000 0.395000
6 0.385000 0.352000 0.375000 0.353000 0.374000 0.333000 0.384000 0.332000
4 0.074000 0.288000 0.073000 0.297000 0.047000 0.297000 0.047000 0.287000
4 0.239000 0.303000 0.215000 0.304000 0.214000 0.295000 0.238000 0.294000
4 0.250000 0.576000 0.239000 0.590000 0.231000 0.585000 0.242000 0.570000
6 0.547000 0.331000 0.546000 0.351000 0.537000 0.350000 0.537000 0.330000
6 0.547000 0.351000 0.546000 0.371000 0.537000 0.370000 0.537000 0.351000
4 0.572000 0.369000 0.562000 0.370000 0.562000 0.352000 0.572000 0.352000
4 0.572000 0.415000 0.562000 0.415000 0.561000 0.398000 0.572000 0.398000
4 0.606000 0.427000 0.596000 0.426000 0.596000 0.410000 0.606000 0.410000
4 0.722000 0.455000 0.696000 0.454000 0.696000 0.446000 0.722000 0.446000
6 0.998000 0.664000 0.987000 0.665000 0.985000 0.641000 0.996000 0.640000
6 0.949000 0.473000 0.937000 0.473000 0.937000 0.454000 0.949000 0.454000
6 0.925000 0.495000 0.916000 0.495000 0.916000 0.477000 0.924000 0.477000
6 0.745000 0.631000 0.726000 0.632000 0.726000 0.625000 0.744000 0.624000
4 0.773000 0.511000 0.770000 0.519000 0.749000 0.512000 0.752000 0.504000
4 0.713000 0.507000 0.705000 0.507000 0.704000 0.491000 0.713000 0.491000
4 0.692000 0.507000 0.684000 0.507000 0.683000 0.492000 0.691000 0.491000
4 0.627000 0.508000 0.618000 0.510000 0.616000 0.494000 0.625000 0.493000
4 0.488000 0.497000 0.478000 0.497000 0.478000 0.484000 0.488000 0.484000
4 0.577000 0.659000 0.567000 0.660000 0.565000 0.642000 0.575000 0.641000
4 0.518000 0.679000 0.508000 0.679000 0.508000 0.662000 0.518000 0.661000
4 0.507000 0.679000 0.495000 0.679000 0.496000 0.661000 0.507000 0.661000
4 0.476000 0.677000 0.465000 0.679000 0.462000 0.660000 0.472000 0.658000
6 0.355000 0.745000 0.350000 0.752000 0.333000 0.741000 0.338000 0.734000
6 0.358000 0.733000 0.354000 0.739000 0.335000 0.728000 0.338000 0.722000
4 0.356000 0.701000 0.346000 0.703000 0.344000 0.683000 0.354000 0.682000
4 0.366000 0.704000 0.356000 0.704000 0.355000 0.682000 0.365000 0.682000
6 0.408000 0.675000 0.398000 0.676000 0.397000 0.660000 0.407000 0.659000
6 0.395000 0.676000 0.385000 0.676000 0.384000 0.660000 0.394000 0.659000
4 0.353000 0.677000 0.346000 0.681000 0.337000 0.665000 0.343000 0.660000
6 0.341000 0.677000 0.333000 0.683000 0.321000 0.666000 0.330000 0.660000
4 0.332000 0.619000 0.324000 0.625000 0.312000 0.610000 0.320000 0.604000
6 0.313000 0.626000 0.305000 0.643000 0.296000 0.639000 0.304000 0.622000
6 0.260000 0.629000 0.252000 0.644000 0.243000 0.639000 0.251000 0.624000
4 0.233000 0.672000 0.227000 0.676000 0.215000 0.661000 0.222000 0.656000
4 0.940000 0.709000 0.930000 0.709000 0.929000 0.691000 0.939000 0.691000
4 0.898000 0.795000 0.873000 0.794000 0.873000 0.786000 0.898000 0.787000
4 0.971000 0.912000 0.963000 0.912000 0.962000 0.894000 0.970000 0.894000
4 0.655000 0.978000 0.644000 0.978000 0.644000 0.959000 0.655000 0.959000
6 0.642000 0.975000 0.632000 0.976000 0.632000 0.959000 0.642000 0.959000
6 0.630000 0.977000 0.619000 0.977000 0.619000 0.959000 0.630000 0.959000
6 0.593000 0.845000 0.581000 0.845000 0.580000 0.824000 0.592000 0.823000
6 0.105000 0.465000 0.096000 0.465000 0.097000 0.450000 0.105000 0.450000
6 0.025000 0.511000 0.016000 0.511000 0.015000 0.494000 0.024000 0.494000
4 0.086000 0.495000 0.085000 0.512000 0.075000 0.512000 0.075000 0.495000
4 0.046000 0.527000 0.040000 0.532000 0.029000 0.518000 0.035000 0.513000
4 0.037000 0.532000 0.030000 0.538000 0.017000 0.523000 0.024000 0.517000
4 0.086000 0.553000 0.075000 0.569000 0.066000 0.562000 0.078000 0.547000
4 0.061000 0.555000 0.050000 0.571000 0.041000 0.565000 0.052000 0.549000
4 0.164000 0.735000 0.154000 0.734000 0.154000 0.718000 0.164000 0.718000
6 0.947000 0.388000 0.936000 0.389000 0.935000 0.370000 0.946000 0.369000
