4 0.514000 0.588000 0.503000 0.602000 0.495000 0.597000 0.505000 0.582000
4 0.456000 0.669000 0.437000 0.669000 0.437000 0.656000 0.456000 0.657000
3 0.819000 0.133000 0.783000 0.133000 0.783000 0.124000 0.819000 0.124000
3 0.821000 0.109000 0.783000 0.110000 0.783000 0.100000 0.820000 0.099000
3 0.808000 0.098000 0.784000 0.099000 0.784000 0.089000 0.808000 0.088000
3 0.812000 0.088000 0.782000 0.089000 0.782000 0.079000 0.811000 0.079000
3 0.821000 0.076000 0.782000 0.077000 0.782000 0.067000 0.821000 0.066000
5 0.742000 0.030000 0.740000 0.060000 0.729000 0.060000 0.730000 0.030000
5 0.755000 0.028000 0.754000 0.060000 0.743000 0.060000 0.743000 0.028000
3 0.753000 0.080000 0.743000 0.079000 0.743000 0.063000 0.753000 0.063000
3 0.740000 0.079000 0.730000 0.080000 0.729000 0.063000 0.739000 0.063000
3 0.728000 0.080000 0.717000 0.080000 0.718000 0.057000 0.728000 0.057000
3 0.717000 0.080000 0.704000 0.080000 0.704000 0.057000 0.717000 0.057000
3 0.704000 0.057000 0.703000 0.080000 0.692000 0.079000 0.692000 0.057000
3 0.692000 0.082000 0.680000 0.082000 0.679000 0.057000 0.692000 0.057000
3 0.679000 0.082000 0.669000 0.082000 0.669000 0.058000 0.679000 0.058000
3 0.667000 0.082000 0.656000 0.082000 0.656000 0.059000 0.667000 0.059000
3 0.655000 0.083000 0.643000 0.083000 0.642000 0.060000 0.655000 0.060000
30 0.641000 0.086000 0.627000 0.086000 0.626000 0.028000 0.640000 0.028000
3 0.564000 0.048000 0.544000 0.047000 0.545000 0.039000 0.564000 0.040000
3 0.564000 0.049000 0.563000 0.058000 0.544000 0.057000 0.544000 0.048000
3 0.564000 0.068000 0.544000 0.068000 0.544000 0.059000 0.564000 0.059000
3 0.564000 0.077000 0.544000 0.077000 0.544000 0.070000 0.564000 0.069000
30 0.586000 0.092000 0.585000 0.102000 0.544000 0.100000 0.544000 0.090000
3 0.584000 0.110000 0.558000 0.110000 0.559000 0.102000 0.584000 0.102000
3 0.585000 0.112000 0.584000 0.123000 0.544000 0.121000 0.544000 0.110000
5 0.587000 0.133000 0.554000 0.132000 0.554000 0.122000 0.587000 0.123000
30 0.640000 0.128000 0.639000 0.163000 0.626000 0.163000 0.627000 0.128000
30 0.651000 0.163000 0.639000 0.163000 0.640000 0.127000 0.651000 0.127000
5 0.666000 0.130000 0.664000 0.160000 0.653000 0.159000 0.655000 0.130000
3 0.680000 0.129000 0.678000 0.153000 0.667000 0.151000 0.669000 0.128000
3 0.693000 0.131000 0.692000 0.154000 0.682000 0.153000 0.682000 0.131000
5 0.706000 0.131000 0.704000 0.159000 0.693000 0.158000 0.694000 0.130000
3 0.718000 0.153000 0.707000 0.153000 0.707000 0.131000 0.718000 0.131000
3 0.731000 0.152000 0.721000 0.152000 0.720000 0.131000 0.730000 0.131000
3 0.743000 0.153000 0.733000 0.152000 0.733000 0.131000 0.743000 0.132000
3 0.758000 0.152000 0.746000 0.152000 0.746000 0.131000 0.757000 0.131000
5 0.773000 0.160000 0.760000 0.160000 0.760000 0.130000 0.772000 0.129000
4 0.588000 0.589000 0.576000 0.589000 0.576000 0.570000 0.588000 0.570000
4 0.605000 0.588000 0.591000 0.588000 0.590000 0.568000 0.604000 0.568000
4 0.627000 0.586000 0.614000 0.587000 0.613000 0.564000 0.626000 0.563000
4 0.695000 0.282000 0.680000 0.293000 0.674000 0.285000 0.689000 0.273000
5 0.697000 0.306000 0.678000 0.318000 0.672000 0.309000 0.692000 0.297000
5 0.720000 0.312000 0.705000 0.323000 0.701000 0.316000 0.716000 0.306000
5 0.700000 0.335000 0.683000 0.347000 0.678000 0.339000 0.695000 0.328000
6 0.699000 0.367000 0.685000 0.379000 0.680000 0.374000 0.694000 0.362000
5 0.630000 0.387000 0.619000 0.405000 0.611000 0.399000 0.622000 0.381000
6 0.698000 0.382000 0.685000 0.392000 0.680000 0.385000 0.693000 0.376000
6 0.701000 0.403000 0.686000 0.414000 0.681000 0.406000 0.696000 0.396000
4 0.704000 0.424000 0.690000 0.435000 0.685000 0.428000 0.699000 0.417000
5 0.760000 0.623000 0.749000 0.624000 0.748000 0.605000 0.760000 0.605000
15 0.601000 0.810000 0.599000 0.858000 0.527000 0.853000 0.530000 0.806000
15 0.598000 0.859000 0.594000 0.906000 0.522000 0.902000 0.526000 0.855000
