4 0.033000 0.951000 0.015000 0.952000 0.015000 0.944000 0.033000 0.943000
4 0.028000 1.001000 0.025675 0.993095 0.043000 0.988000 0.045325 0.995904
6 0.793000 0.937000 0.786000 0.950000 0.778000 0.946000 0.785000 0.933000
6 0.781000 0.951000 0.773000 0.967000 0.764000 0.963000 0.773000 0.947000
5 0.993000 0.659000 0.980000 0.679000 0.971000 0.674000 0.983000 0.654000
6 0.905000 0.640000 0.897000 0.643000 0.890000 0.627000 0.898000 0.624000
5 0.800000 0.549000 0.797000 0.566000 0.788000 0.565000 0.792000 0.547000
6 0.849000 0.681000 0.837000 0.692000 0.831000 0.686000 0.843000 0.674000
6 0.931000 0.461000 0.922000 0.462000 0.921000 0.448000 0.930000 0.447000
4 0.918000 0.465000 0.909000 0.464000 0.910000 0.450000 0.918000 0.450000
6 0.858000 0.395000 0.850000 0.395000 0.849000 0.379000 0.857000 0.378000
5 0.585000 0.293000 0.576000 0.296000 0.570000 0.280000 0.578000 0.277000
4 0.453000 0.319000 0.445000 0.319000 0.443000 0.302000 0.452000 0.302000
6 0.227000 0.343000 0.208000 0.344000 0.207000 0.336000 0.227000 0.335000
6 0.425000 0.155000 0.417000 0.155000 0.417000 0.140000 0.425000 0.141000
5 0.972000 0.107000 0.952000 0.107000 0.953000 0.100000 0.972000 0.100000
6 0.785000 0.057000 0.763000 0.057000 0.763000 0.049000 0.785000 0.049000
