6 0.067500 0.330000 0.056250 0.330000 0.076667 0.300000 0.090000 0.300000
6 0.070000 0.358333 0.057500 0.360000 0.075000 0.333333 0.091667 0.331667
6 0.070000 0.400000 0.057500 0.401667 0.075000 0.373333 0.091667 0.373333
6 0.067500 0.440000 0.057500 0.440000 0.075000 0.411667 0.090000 0.411667
6 0.071250 0.561667 0.056250 0.561667 0.075000 0.525000 0.095000 0.525000
6 0.068750 0.611667 0.067500 0.640000 0.073333 0.640000 0.075000 0.610000
6 0.071250 0.683333 0.056250 0.683333 0.075000 0.645000 0.095000 0.645000
4 0.075000 0.921667 0.073750 0.950000 0.083333 0.950000 0.083333 0.921667
4 0.076250 0.991667 0.062500 0.991667 0.083333 0.963333 0.101667 0.963333
6 0.938750 0.411667 0.926250 0.411667 1.235000 0.383333 1.251667 0.383333
4 0.915000 0.173333 0.892500 0.183333 1.186667 0.171667 1.215000 0.161667
9 0.978750 0.238333 0.927500 0.243333 1.228333 0.133333 1.296667 0.126667
