6 0.214000 0.119000 0.206000 0.119000 0.206000 0.107000 0.214000 0.107000
4 0.243000 0.125000 0.234000 0.125000 0.233000 0.108000 0.242000 0.107000
6 0.558000 0.229000 0.533000 0.229000 0.533000 0.220000 0.557000 0.220000
4 0.480000 0.290000 0.460000 0.290000 0.460000 0.283000 0.480000 0.283000
5 0.484000 0.300000 0.457000 0.300000 0.457000 0.293000 0.484000 0.293000
4 0.481000 0.304000 0.480000 0.310000 0.459000 0.310000 0.459000 0.303000
6 0.477000 0.320000 0.456000 0.320000 0.456000 0.314000 0.477000 0.314000
5 0.292000 0.318000 0.267000 0.320000 0.266000 0.312000 0.292000 0.310000
4 0.291000 0.338000 0.269000 0.338000 0.268000 0.331000 0.291000 0.331000
4 0.228000 0.346000 0.205000 0.346000 0.205000 0.340000 0.227000 0.340000
6 0.227000 0.357000 0.202000 0.357000 0.201000 0.349000 0.227000 0.349000
6 0.227000 0.374000 0.205000 0.374000 0.205000 0.367000 0.227000 0.367000
4 0.226000 0.391000 0.205000 0.391000 0.204000 0.385000 0.226000 0.384000
5 0.134000 0.313000 0.133000 0.320000 0.107000 0.319000 0.107000 0.312000
5 0.132000 0.331000 0.105000 0.331000 0.105000 0.323000 0.132000 0.323000
4 0.189000 0.333000 0.188000 0.339000 0.170000 0.338000 0.171000 0.332000
6 0.098000 0.328000 0.077000 0.329000 0.076000 0.323000 0.097000 0.322000
4 0.034000 0.320000 0.013000 0.322000 0.012000 0.316000 0.034000 0.314000
4 0.096000 0.381000 0.074000 0.382000 0.074000 0.376000 0.095000 0.375000
6 0.860000 0.227000 0.840000 0.227000 0.840000 0.219000 0.860000 0.220000
4 0.895000 0.203000 0.894000 0.208000 0.876000 0.208000 0.876000 0.203000
6 0.901000 0.227000 0.889000 0.228000 0.889000 0.221000 0.901000 0.221000
6 0.976000 0.227000 0.956000 0.226000 0.956000 0.220000 0.976000 0.220000
4 0.383000 0.390000 0.382000 0.398000 0.361000 0.396000 0.362000 0.388000
21 0.902000 0.618000 0.660000 0.617000 0.659000 0.314000 0.897000 0.313000
21 0.309000 1.000000 0.096000 1.000000 0.096000 0.706000 0.309000 0.706000
6 0.481000 0.663000 0.463000 0.664000 0.463000 0.657000 0.481000 0.657000
