0 0.213000 0.100000 0.222500 0.079000 0.218000 0.077000 0.208500 0.098000
0 0.217500 0.101000 0.226500 0.081000 0.222500 0.079000 0.213500 0.099000
0 0.239000 0.042500 0.251000 0.016000 0.245500 0.013500 0.233500 0.040000
0 0.242500 0.046000 0.254000 0.021000 0.249500 0.019000 0.238500 0.044000
0 0.606500 0.174000 0.619000 0.146000 0.614000 0.144000 0.601500 0.171500
0 0.611500 0.176500 0.623000 0.150000 0.618500 0.148000 0.606500 0.174500
2 0.174000 0.073000 0.132500 0.055000 0.128500 0.064500 0.170000 0.082500
0 0.204500 0.083500 0.176500 0.072000 0.174000 0.078000 0.202000 0.089500
0 0.207000 0.092000 0.173000 0.078000 0.170500 0.084000 0.204500 0.098000
0 0.758500 0.225500 0.788500 0.239000 0.791500 0.233000 0.761500 0.219000
0 0.935000 0.223000 0.965000 0.237000 0.968000 0.230500 0.937500 0.216500
0 0.933500 0.279000 0.964000 0.295000 0.967500 0.288000 0.937000 0.272500
0 0.871000 0.168500 0.900500 0.187000 0.904500 0.181000 0.875000 0.162500
2 0.979000 0.109500 0.946000 0.091500 0.940500 0.102000 0.973500 0.119500
2 0.286500 0.027000 0.304000 0.005000 0.299500 0.001000 0.282000 0.023000
0 0.968500 0.336000 0.980500 0.314000 0.976000 0.311500 0.964500 0.334000
0 0.976500 0.336500 0.985000 0.320500 0.981000 0.318500 0.972500 0.334500
