6 0.805000 0.150000 0.796250 0.153333 1.051667 0.123333 1.065000 0.118333
6 0.392500 0.328333 0.383750 0.346667 0.475000 0.325000 0.488333 0.306667
6 0.328750 0.343333 0.318750 0.360000 0.416667 0.355000 0.428333 0.336667
6 0.360000 0.346667 0.358750 0.358333 0.440000 0.353333 0.441667 0.341667
6 0.341250 0.371667 0.323750 0.371667 0.431667 0.360000 0.455000 0.360000
6 0.331250 0.330000 0.327500 0.338333 0.415000 0.325000 0.420000 0.316667
5 0.318750 0.340000 0.305000 0.360000 0.398333 0.351667 0.418333 0.331667
6 0.993750 0.820000 0.991250 0.831667 1.295000 0.825000 1.296667 0.813333
6 0.968750 0.555000 0.965000 0.581667 1.273333 0.578333 1.280000 0.551667
4 0.952500 0.628333 0.947500 0.656667 1.251667 0.653333 1.258333 0.626667
4 0.945000 0.658333 0.941250 0.681667 1.243333 0.680000 1.248333 0.656667
4 0.932500 0.736667 0.927500 0.765000 1.221667 0.761667 1.226667 0.733333
4 0.923750 0.765000 0.920000 0.793333 1.213333 0.790000 1.218333 0.761667
4 0.906250 0.855000 0.900000 0.881667 1.190000 0.878333 1.196667 0.853333
4 0.895000 0.911667 0.890000 0.940000 1.171667 0.936667 1.180000 0.908333
4 0.882500 0.966667 0.877500 0.995000 1.158333 0.991667 1.165000 0.965000
4 0.845000 0.958333 0.843750 0.981667 1.115000 0.981667 1.118333 0.956667
6 0.882500 0.791667 0.876250 0.821667 1.156667 0.816667 1.165000 0.788333
4 0.888750 0.763333 0.882500 0.785000 1.166667 0.781667 1.171667 0.760000
6 0.895000 0.726667 0.892500 0.758333 1.176667 0.756667 1.181667 0.725000
4 0.908750 0.651667 0.907500 0.678333 1.198333 0.676667 1.200000 0.650000
6 0.917500 0.623333 0.912500 0.646667 1.205000 0.645000 1.211667 0.620000
4 0.923750 0.593333 0.918750 0.618333 1.213333 0.615000 1.220000 0.590000
6 0.835000 0.811667 0.833750 0.823333 1.083333 0.818333 1.085000 0.806667
6 0.720000 0.783333 0.710000 0.783333 0.946667 0.756667 0.960000 0.756667
6 0.680000 0.876667 0.676250 0.890000 0.871667 0.883333 0.875000 0.870000
4 0.598750 0.990000 0.597500 1.000000 0.768333 0.995000 0.770000 0.985000
5 0.613750 0.948333 0.611250 0.961667 0.775000 0.950000 0.778333 0.938333
6 0.618750 0.913333 0.597500 0.908333 0.800000 0.896667 0.825000 0.901667
5 0.627500 0.880000 0.600000 0.878333 0.800000 0.865000 0.836667 0.866667
4 0.481250 0.988333 0.480000 1.000000 0.610000 0.993333 0.611667 0.981667
4 0.462500 0.951667 0.456250 0.981667 0.595000 0.978333 0.605000 0.948333
6 0.468750 0.918333 0.466250 0.940000 0.610000 0.938333 0.615000 0.916667
6 0.448750 0.953333 0.445000 0.980000 0.580000 0.976667 0.585000 0.950000
4 0.455000 0.925000 0.450000 0.951667 0.588333 0.948333 0.593333 0.921667
6 0.460000 0.896667 0.456250 0.921667 0.596667 0.920000 0.600000 0.893333
6 0.402500 0.900000 0.401250 0.911667 0.506667 0.910000 0.506667 0.898333
4 0.298750 0.823333 0.292500 0.830000 0.375000 0.805000 0.385000 0.800000
6 0.197500 0.856667 0.183750 0.880000 0.233333 0.871667 0.253333 0.848333
4 0.206250 0.878333 0.187500 0.893333 0.243333 0.881667 0.270000 0.866667
6 0.216250 0.891667 0.201250 0.913333 0.258333 0.905000 0.278333 0.883333
4 0.227500 0.903333 0.215000 0.921667 0.278333 0.915000 0.295000 0.896667
4 0.242500 0.901667 0.232500 0.921667 0.300000 0.915000 0.315000 0.896667
4 0.283750 0.895000 0.278750 0.921667 0.356667 0.918333 0.365000 0.891667
6 0.268750 0.901667 0.253750 0.923333 0.328333 0.913333 0.348333 0.893333
6 0.273750 0.925000 0.272500 0.935000 0.338333 0.931667 0.340000 0.921667
4 0.271250 0.950000 0.266250 0.978333 0.341667 0.975000 0.350000 0.946667
4 0.257500 0.948333 0.253750 0.976667 0.323333 0.973333 0.330000 0.945000
4 0.243750 0.945000 0.241250 0.970000 0.308333 0.966667 0.313333 0.941667
6 0.232500 0.943333 0.228750 0.966667 0.293333 0.963333 0.298333 0.940000
4 0.218750 0.938333 0.216250 0.965000 0.275000 0.961667 0.280000 0.935000
4 0.206250 0.935000 0.202500 0.961667 0.256667 0.958333 0.263333 0.931667
4 0.191250 0.928333 0.190000 0.956667 0.241667 0.956667 0.241667 0.928333
4 0.180000 0.925000 0.173750 0.955000 0.220000 0.951667 0.230000 0.921667
4 0.122500 0.900000 0.121250 0.928333 0.150000 0.928333 0.150000 0.900000
4 0.133750 0.916667 0.131250 0.941667 0.163333 0.940000 0.165000 0.915000
4 0.085000 0.908333 0.067500 0.925000 0.081667 0.915000 0.105000 0.898333
4 0.077500 0.898333 0.056250 0.916667 0.070000 0.906667 0.096667 0.888333
4 0.068750 0.890000 0.051250 0.905000 0.061667 0.896667 0.085000 0.880000
6 0.140000 0.975000 0.138750 0.988333 0.150000 0.983333 0.153333 0.970000
4 0.102500 0.986667 0.101250 1.000000 0.103333 0.993333 0.105000 0.981667
4 0.060000 0.955000 0.058750 0.968333 0.046667 0.961667 0.048333 0.948333
5 0.736250 0.173333 0.712500 0.183333 0.948333 0.171667 0.975000 0.161667
5 0.743750 0.188333 0.718750 0.198333 0.951667 0.186667 0.988333 0.175000
4 0.766250 0.140000 0.757500 0.145000 1.000000 0.120000 1.011667 0.115000
4 0.743750 0.075000 0.735000 0.080000 0.966667 0.046667 0.976667 0.041667
4 0.802500 0.253333 0.795000 0.256667 1.050000 0.231667 1.058333 0.226667
4 0.841250 0.251667 0.833750 0.256667 1.101667 0.231667 1.110000 0.228333
4 0.835000 0.223333 0.825000 0.230000 1.085000 0.201667 1.100000 0.195000
4 0.867500 0.325000 0.858750 0.330000 1.136667 0.306667 1.146667 0.301667
6 0.881250 0.361667 0.870000 0.368333 1.148333 0.338333 1.163333 0.333333
6 0.773750 0.281667 0.748750 0.291667 0.995000 0.280000 1.026667 0.270000
6 0.776250 0.311667 0.757500 0.320000 1.006667 0.310000 1.031667 0.301667
6 0.747500 0.456667 0.728750 0.465000 0.968333 0.455000 0.995000 0.446667
4 0.741250 0.441667 0.720000 0.450000 0.956667 0.438333 0.985000 0.430000
6 0.717500 0.450000 0.700000 0.463333 0.926667 0.453333 0.950000 0.441667
6 0.735000 0.421667 0.716250 0.430000 0.950000 0.420000 0.975000 0.410000
6 0.731250 0.406667 0.711250 0.415000 0.945000 0.405000 0.970000 0.395000
6 0.643750 0.403333 0.622500 0.406667 0.828333 0.396667 0.856667 0.391667
6 0.626250 0.363333 0.613750 0.371667 0.800000 0.340000 0.820000 0.331667
6 0.605000 0.366667 0.596250 0.371667 0.785000 0.348333 0.796667 0.343333
4 0.580000 0.380000 0.571250 0.385000 0.750000 0.356667 0.761667 0.351667
4 0.678750 0.488333 0.656250 0.495000 0.873333 0.485000 0.901667 0.478333
4 0.655000 0.496667 0.631250 0.506667 0.838333 0.495000 0.870000 0.485000
6 0.597500 0.483333 0.588750 0.486667 0.775000 0.460000 0.788333 0.456667
5 0.606250 0.515000 0.597500 0.520000 0.785000 0.491667 0.796667 0.486667
4 0.321250 0.598333 0.313750 0.601667 0.410000 0.580000 0.418333 0.576667
4 0.278750 0.648333 0.268750 0.653333 0.346667 0.628333 0.360000 0.623333
6 0.212500 0.660000 0.203750 0.665000 0.265000 0.641667 0.275000 0.638333
6 0.203750 0.638333 0.193750 0.643333 0.248333 0.608333 0.261667 0.605000
6 0.131250 0.826667 0.108750 0.833333 0.143333 0.820000 0.173333 0.813333
4 0.133750 0.841667 0.111250 0.850000 0.145000 0.838333 0.175000 0.828333
4 0.166250 0.831667 0.158750 0.838333 0.195000 0.815000 0.206667 0.806667
4 0.147500 0.841667 0.137500 0.841667 0.181667 0.815000 0.195000 0.815000
4 0.186250 0.801667 0.163750 0.810000 0.215000 0.800000 0.245000 0.791667
6 0.220000 0.788333 0.200000 0.796667 0.263333 0.783333 0.290000 0.775000
4 0.348750 0.735000 0.326250 0.745000 0.431667 0.733333 0.460000 0.723333
4 0.423750 0.701667 0.400000 0.710000 0.530000 0.700000 0.561667 0.690000
6 0.493750 0.671667 0.472500 0.678333 0.625000 0.666667 0.656667 0.660000
4 0.523750 0.661667 0.498750 0.671667 0.660000 0.658333 0.695000 0.648333
6 0.567500 0.641667 0.543750 0.650000 0.723333 0.638333 0.753333 0.630000
6 0.616250 0.618333 0.595000 0.628333 0.790000 0.618333 0.818333 0.608333
4 0.651250 0.606667 0.630000 0.613333 0.836667 0.603333 0.865000 0.595000
4 0.738750 0.570000 0.712500 0.578333 0.948333 0.565000 0.981667 0.556667
5 0.781250 0.551667 0.750000 0.561667 0.996667 0.548333 1.038333 0.538333
6 0.976250 0.443333 0.961250 0.466667 1.271667 0.455000 1.291667 0.433333
6 0.815000 0.478333 0.791250 0.486667 1.051667 0.473333 1.083333 0.465000
4 0.788750 0.486667 0.765000 0.496667 1.016667 0.483333 1.050000 0.475000
4 0.751250 0.501667 0.731250 0.508333 0.973333 0.496667 1.000000 0.490000
6 0.695000 0.525000 0.673750 0.535000 0.895000 0.523333 0.925000 0.513333
6 0.668750 0.538333 0.645000 0.546667 0.856667 0.535000 0.888333 0.526667
6 0.596250 0.568333 0.575000 0.576667 0.763333 0.565000 0.791667 0.556667
6 0.536250 0.590000 0.516250 0.601667 0.683333 0.591667 0.710000 0.578333
4 0.538750 0.550000 0.516250 0.560000 0.683333 0.545000 0.713333 0.535000
4 0.510000 0.560000 0.486250 0.570000 0.643333 0.555000 0.675000 0.545000
4 0.495000 0.601667 0.486250 0.606667 0.636667 0.581667 0.648333 0.576667
4 0.476250 0.620000 0.457500 0.626667 0.606667 0.616667 0.631667 0.608333
6 0.456250 0.628333 0.433750 0.638333 0.575000 0.625000 0.605000 0.616667
4 0.410000 0.646667 0.386250 0.656667 0.511667 0.645000 0.543333 0.635000
4 0.381250 0.658333 0.360000 0.666667 0.475000 0.655000 0.505000 0.646667
6 0.326250 0.681667 0.302500 0.690000 0.400000 0.680000 0.431667 0.670000
6 0.273750 0.706667 0.246250 0.716667 0.325000 0.703333 0.360000 0.693333
6 0.187500 0.741667 0.167500 0.748333 0.220000 0.736667 0.248333 0.730000
6 0.161250 0.751667 0.141250 0.758333 0.185000 0.748333 0.213333 0.741667
4 0.127500 0.766667 0.106250 0.775000 0.138333 0.763333 0.166667 0.755000
6 0.102500 0.775000 0.081250 0.785000 0.103333 0.771667 0.133333 0.763333
4 0.075000 0.786667 0.052500 0.798333 0.065000 0.786667 0.095000 0.775000
6 0.032500 0.736667 0.031250 0.748333 0.013333 0.745000 0.015000 0.733333
4 0.060000 0.713333 0.033750 0.711667 0.046667 0.700000 0.080000 0.701667
6 0.046250 0.728333 0.023750 0.728333 0.031667 0.716667 0.061667 0.716667
4 0.013750 0.718333 0.012500 0.728333 0.000000 0.726667 0.000000 0.716667
4 0.025000 0.711667 0.000000 0.710000 0.000000 0.696667 0.033333 0.698333
6 0.027500 0.690000 0.010000 0.690000 0.013333 0.680000 0.036667 0.680000
4 0.315000 0.398333 0.310000 0.408333 0.383333 0.388333 0.391667 0.378333
4 0.288750 0.381667 0.283750 0.393333 0.346667 0.375000 0.353333 0.363333
6 0.262500 0.366667 0.257500 0.376667 0.320000 0.358333 0.325000 0.348333
4 0.240000 0.348333 0.236250 0.358333 0.286667 0.343333 0.293333 0.333333
4 0.272500 0.336667 0.267500 0.345000 0.335000 0.330000 0.341667 0.321667
4 0.255000 0.323333 0.250000 0.331667 0.306667 0.315000 0.313333 0.306667
4 0.427500 0.413333 0.421250 0.416667 0.553333 0.395000 0.561667 0.391667
6 0.440000 0.405000 0.431250 0.410000 0.565000 0.385000 0.575000 0.380000
4 0.452500 0.396667 0.445000 0.401667 0.580000 0.376667 0.591667 0.371667
4 0.381250 0.346667 0.375000 0.355000 0.475000 0.338333 0.481667 0.330000
6 0.287500 0.273333 0.276250 0.295000 0.358333 0.286667 0.373333 0.266667
4 0.298750 0.281667 0.286250 0.303333 0.370000 0.295000 0.386667 0.273333
5 0.332500 0.285000 0.328750 0.293333 0.411667 0.275000 0.418333 0.266667
4 0.352500 0.328333 0.347500 0.338333 0.438333 0.323333 0.445000 0.313333
6 0.341250 0.308333 0.337500 0.315000 0.430000 0.301667 0.435000 0.295000
4 0.325000 0.293333 0.318750 0.303333 0.403333 0.286667 0.410000 0.276667
6 0.323750 0.306667 0.317500 0.318333 0.393333 0.296667 0.400000 0.286667
4 0.311250 0.313333 0.306250 0.323333 0.385000 0.305000 0.391667 0.295000
4 0.298750 0.338333 0.293750 0.348333 0.366667 0.330000 0.373333 0.320000
4 0.305000 0.325000 0.300000 0.333333 0.375000 0.320000 0.383333 0.310000
4 0.281250 0.308333 0.268750 0.330000 0.350000 0.321667 0.366667 0.300000
4 0.271250 0.300000 0.258750 0.320000 0.335000 0.313333 0.353333 0.291667
4 0.251250 0.303333 0.246250 0.313333 0.305000 0.296667 0.311667 0.286667
6 0.257500 0.291667 0.252500 0.301667 0.313333 0.285000 0.318333 0.276667
4 0.265000 0.283333 0.260000 0.293333 0.323333 0.276667 0.328333 0.266667
6 0.273750 0.271667 0.268750 0.283333 0.328333 0.265000 0.335000 0.255000
6 0.277500 0.258333 0.273750 0.268333 0.341667 0.255000 0.346667 0.246667
5 0.307500 0.263333 0.302500 0.273333 0.373333 0.255000 0.380000 0.245000
6 0.321250 0.235000 0.310000 0.255000 0.403333 0.248333 0.420000 0.228333
4 0.313750 0.228333 0.300000 0.248333 0.390000 0.241667 0.410000 0.220000
6 0.303750 0.216667 0.290000 0.238333 0.375000 0.231667 0.395000 0.208333
6 0.293750 0.210000 0.280000 0.233333 0.363333 0.225000 0.381667 0.203333
5 0.458750 0.280000 0.442500 0.308333 0.580000 0.298333 0.600000 0.271667
4 0.437500 0.266667 0.426250 0.288333 0.558333 0.281667 0.573333 0.258333
6 0.415000 0.253333 0.402500 0.275000 0.525000 0.268333 0.543333 0.246667
4 0.396250 0.240000 0.382500 0.260000 0.500000 0.253333 0.520000 0.231667
6 0.387500 0.231667 0.372500 0.253333 0.486667 0.243333 0.505000 0.221667
6 0.373750 0.223333 0.361250 0.243333 0.471667 0.235000 0.488333 0.215000
6 0.362500 0.215000 0.351250 0.236667 0.456667 0.228333 0.473333 0.206667
6 0.343750 0.196667 0.330000 0.216667 0.431667 0.210000 0.450000 0.188333
4 0.461250 0.206667 0.450000 0.225000 0.593333 0.218333 0.606667 0.200000
4 0.431250 0.181667 0.418750 0.203333 0.548333 0.196667 0.565000 0.173333
4 0.421250 0.171667 0.407500 0.193333 0.533333 0.185000 0.550000 0.163333
4 0.411250 0.163333 0.397500 0.185000 0.521667 0.178333 0.540000 0.155000
4 0.400000 0.158333 0.387500 0.178333 0.508333 0.171667 0.525000 0.151667
4 0.387500 0.153333 0.375000 0.173333 0.491667 0.166667 0.506667 0.146667
4 0.367500 0.131667 0.356250 0.153333 0.463333 0.146667 0.480000 0.123333
6 0.631250 0.055000 0.616250 0.078333 0.811667 0.070000 0.831667 0.046667
6 0.675000 0.016667 0.652500 0.028333 0.866667 0.018333 0.896667 0.006667
6 0.585000 0.071667 0.567500 0.093333 0.748333 0.081667 0.771667 0.061667
6 0.487500 0.093333 0.473750 0.115000 0.623333 0.106667 0.643333 0.085000
6 0.456250 0.065000 0.440000 0.088333 0.575000 0.080000 0.598333 0.056667
4 0.433750 0.048333 0.417500 0.075000 0.545000 0.065000 0.566667 0.040000
4 0.345000 0.060000 0.330000 0.085000 0.430000 0.076667 0.450000 0.051667
6 0.327500 0.088333 0.312500 0.110000 0.406667 0.101667 0.425000 0.080000
4 0.285000 0.158333 0.270000 0.183333 0.350000 0.175000 0.370000 0.151667
4 0.237500 0.236667 0.222500 0.260000 0.286667 0.251667 0.305000 0.228333
4 0.216250 0.268333 0.202500 0.288333 0.261667 0.280000 0.278333 0.260000
4 0.205000 0.328333 0.201250 0.338333 0.245000 0.326667 0.250000 0.316667
4 0.182500 0.323333 0.167500 0.346667 0.213333 0.338333 0.233333 0.315000
4 0.161250 0.356667 0.148750 0.380000 0.188333 0.371667 0.205000 0.350000
5 0.140000 0.395000 0.122500 0.423333 0.150000 0.413333 0.175000 0.385000
4 0.118750 0.428333 0.105000 0.450000 0.130000 0.441667 0.146667 0.420000
6 0.085000 0.483333 0.068750 0.508333 0.080000 0.500000 0.103333 0.473333
5 0.060000 0.518333 0.046250 0.541667 0.050000 0.533333 0.070000 0.511667
6 0.018750 0.266667 0.007500 0.290000 0.000000 0.283333 0.016667 0.260000
4 0.062500 0.198333 0.048750 0.220000 0.055000 0.211667 0.075000 0.190000
4 0.078750 0.175000 0.065000 0.195000 0.075000 0.186667 0.093333 0.165000
6 0.093750 0.148333 0.081250 0.170000 0.098333 0.161667 0.116667 0.140000
6 0.110000 0.120000 0.097500 0.143333 0.120000 0.135000 0.136667 0.111667
6 0.128750 0.086667 0.116250 0.111667 0.145000 0.103333 0.161667 0.080000
4 0.143750 0.063333 0.131250 0.083333 0.165000 0.076667 0.181667 0.055000
