4 0.489000 0.642000 0.487000 0.648000 0.471000 0.642000 0.473000 0.636000
4 0.541000 0.651000 0.534000 0.652000 0.533000 0.642000 0.540000 0.642000
4 0.525000 0.563000 0.519000 0.570000 0.505000 0.557000 0.511000 0.550000
4 0.466000 0.495000 0.458000 0.500000 0.448000 0.487000 0.456000 0.481000
6 0.407000 0.488000 0.388000 0.497000 0.384000 0.489000 0.403000 0.479000
4 0.427000 0.406000 0.420000 0.411000 0.413000 0.401000 0.419000 0.396000
6 0.387000 0.400000 0.382000 0.405000 0.371000 0.393000 0.377000 0.388000
4 0.928000 0.316000 0.920000 0.319000 0.915000 0.304000 0.923000 0.301000
4 0.595000 0.274000 0.587000 0.275000 0.586000 0.261000 0.595000 0.261000
4 0.541000 0.207000 0.516000 0.207000 0.516000 0.198000 0.541000 0.198000
4 0.403000 0.206000 0.376000 0.206000 0.376000 0.199000 0.403000 0.199000
4 0.226000 0.210000 0.214000 0.210000 0.214000 0.204000 0.226000 0.204000
4 0.209000 0.209000 0.197000 0.209000 0.197000 0.203000 0.209000 0.203000
4 0.212000 0.732000 0.211000 0.740000 0.189000 0.739000 0.190000 0.731000
4 0.043000 0.805000 0.033000 0.806000 0.033000 0.791000 0.043000 0.791000
4 0.677000 0.837000 0.675000 0.847000 0.653000 0.842000 0.655000 0.832000
6 0.853000 0.935000 0.847000 0.952000 0.837000 0.949000 0.843000 0.931000
6 0.954000 0.925000 0.951000 0.933000 0.930000 0.925000 0.933000 0.917000
4 0.759000 0.802000 0.751000 0.818000 0.742000 0.814000 0.750000 0.798000
6 0.771000 0.808000 0.761000 0.823000 0.753000 0.818000 0.762000 0.803000
4 0.781000 0.789000 0.774000 0.806000 0.765000 0.801000 0.772000 0.785000
