2 0.397000 0.133000 0.091000 0.162000 0.092000 0.179000 0.398000 0.150000
2 0.517000 0.928000 0.451000 0.935000 0.452000 0.944000 0.518000 0.938000
1 0.306000 0.908000 0.318000 0.879000 0.307000 0.874000 0.294000 0.903000
2 0.254000 0.871000 0.185000 0.921000 0.198000 0.939000 0.267000 0.889000
2 0.564000 0.754000 0.649000 0.745000 0.648000 0.734000 0.564000 0.743000
2 0.905000 0.709000 0.957000 0.702000 0.955000 0.693000 0.905000 0.699000
2 0.993000 0.693000 0.981000 0.722000 0.993000 0.727000 1.006000 0.698000
2 0.114000 0.240000 0.001000 0.244000 0.002000 0.261000 0.115000 0.258000
2 0.148000 0.259000 0.000000 0.263000 0.000000 0.280000 0.148000 0.276000
2 0.154000 0.286000 0.000000 0.290000 0.000000 0.307000 0.154000 0.303000
8 0.153000 0.400000 0.000000 0.376000 -0.002000 0.393000 0.150000 0.417000
28 0.312000 0.472000 0.308000 0.432000 0.322000 0.430000 0.326000 0.470000
7 0.219000 0.399000 0.217000 0.380000 0.226000 0.379000 0.228000 0.397000
8 0.230000 0.662000 0.227000 0.601000 0.354000 0.592000 0.358000 0.653000
8 0.214000 0.531000 0.221000 0.470000 0.349000 0.485000 0.342000 0.545000
8 0.102000 0.947000 0.109000 0.935000 0.220000 0.998000 0.213000 1.009000
