4 0.035000 0.958000 0.034000 0.965000 0.013000 0.965000 0.013000 0.958000
32 0.667000 0.615000 0.552000 0.642000 0.528000 0.536000 0.643000 0.509000
32 0.424000 0.154000 0.342000 0.030000 0.506000 -0.076000 0.588000 0.047000
14 0.370000 0.339000 0.322000 0.347000 0.298000 0.268000 0.347000 0.260000
14 0.307000 0.349000 0.257000 0.359000 0.237000 0.278000 0.284000 0.271000
14 0.404000 0.460000 0.354000 0.469000 0.333000 0.389000 0.382000 0.382000
14 0.339000 0.471000 0.293000 0.479000 0.270000 0.400000 0.317000 0.390000
14 0.439000 0.589000 0.391000 0.598000 0.369000 0.519000 0.418000 0.512000
14 0.376000 0.600000 0.327000 0.608000 0.306000 0.528000 0.353000 0.522000
14 0.472000 0.710000 0.424000 0.719000 0.403000 0.639000 0.451000 0.631000
14 0.409000 0.720000 0.359000 0.727000 0.338000 0.648000 0.387000 0.641000
4 0.200000 0.588000 0.177000 0.592000 0.176000 0.586000 0.198000 0.582000
4 0.043000 0.696000 0.035000 0.699000 0.029000 0.684000 0.037000 0.681000
6 0.069000 0.690000 0.061000 0.692000 0.057000 0.677000 0.065000 0.675000
4 0.084000 0.687000 0.076000 0.690000 0.069000 0.675000 0.077000 0.672000
4 0.093000 0.687000 0.086000 0.689000 0.081000 0.673000 0.088000 0.671000
4 0.022000 0.767000 0.015000 0.769000 0.012000 0.757000 0.020000 0.755000
4 0.047000 0.752000 0.040000 0.752000 0.038000 0.738000 0.045000 0.737000
4 0.064000 0.770000 0.051000 0.782000 0.046000 0.777000 0.059000 0.765000
6 0.092000 0.963000 0.083000 0.964000 0.081000 0.948000 0.090000 0.947000
4 0.011000 0.965000 0.000000 0.965000 0.000000 0.959000 0.011000 0.959000
4 0.068000 0.939000 0.048000 0.940000 0.048000 0.934000 0.068000 0.933000
4 0.143000 0.942000 0.122000 0.942000 0.122000 0.936000 0.143000 0.936000
6 0.143000 0.932000 0.122000 0.932000 0.122000 0.926000 0.143000 0.926000
4 0.278000 0.927000 0.272000 0.929000 0.269000 0.920000 0.275000 0.918000
4 0.228000 0.816000 0.207000 0.820000 0.205000 0.814000 0.227000 0.810000
4 0.431000 0.848000 0.411000 0.853000 0.409000 0.847000 0.429000 0.841000
4 0.509000 0.874000 0.508000 0.891000 0.500000 0.891000 0.500000 0.874000
4 0.506000 0.819000 0.498000 0.819000 0.497000 0.805000 0.505000 0.804000
4 0.538000 0.812000 0.537000 0.824000 0.529000 0.824000 0.529000 0.812000
4 0.525000 0.752000 0.504000 0.757000 0.503000 0.751000 0.524000 0.746000
6 0.671000 0.823000 0.651000 0.825000 0.651000 0.819000 0.670000 0.817000
6 0.701000 0.825000 0.693000 0.825000 0.692000 0.809000 0.699000 0.808000
6 0.787000 0.750000 0.766000 0.751000 0.765000 0.744000 0.786000 0.743000
4 0.841000 0.742000 0.832000 0.741000 0.833000 0.725000 0.841000 0.725000
6 0.845000 0.763000 0.838000 0.764000 0.836000 0.748000 0.843000 0.747000
4 0.891000 0.806000 0.873000 0.810000 0.872000 0.804000 0.890000 0.801000
4 0.914000 0.803000 0.894000 0.806000 0.893000 0.799000 0.913000 0.796000
4 0.894000 0.797000 0.873000 0.801000 0.871000 0.794000 0.892000 0.790000
6 0.971000 0.776000 0.963000 0.778000 0.960000 0.762000 0.968000 0.761000
4 0.829000 0.863000 0.820000 0.863000 0.819000 0.846000 0.828000 0.846000
4 0.857000 0.844000 0.849000 0.845000 0.848000 0.829000 0.856000 0.829000
6 0.682000 0.893000 0.674000 0.907000 0.667000 0.903000 0.674000 0.889000
4 0.751000 0.923000 0.743000 0.924000 0.742000 0.906000 0.750000 0.905000
4 0.779000 0.970000 0.772000 0.972000 0.769000 0.955000 0.776000 0.954000
6 0.866000 0.897000 0.860000 0.898000 0.859000 0.887000 0.865000 0.886000
4 0.840000 0.935000 0.832000 0.936000 0.830000 0.921000 0.838000 0.920000
4 0.906000 0.961000 0.886000 0.964000 0.885000 0.958000 0.905000 0.955000
4 0.934000 0.956000 0.908000 0.960000 0.907000 0.954000 0.932000 0.949000
21 0.840000 0.612000 0.720000 0.286000 0.921000 0.213000 1.041000 0.539000
