1 0.734000 0.924000 0.738000 0.945000 0.744000 0.944000 0.741000 0.923000
1 0.759000 0.916000 0.768000 0.940000 0.777000 0.937000 0.768000 0.913000
1 0.789000 0.908000 0.827000 0.914000 0.827000 0.905000 0.789000 0.899000
1 0.835000 0.906000 0.871000 0.907000 0.871000 0.901000 0.835000 0.900000
1 0.836000 0.912000 0.869000 0.912000 0.869000 0.908000 0.836000 0.907000
1 0.924000 0.922000 0.894000 0.912000 0.892000 0.919000 0.923000 0.929000
1 0.960000 0.911000 0.934000 0.923000 0.937000 0.929000 0.963000 0.916000
1 0.944000 0.930000 0.964000 0.921000 0.962000 0.917000 0.942000 0.926000
2 0.353000 0.195000 0.158000 0.423000 0.188000 0.448000 0.382000 0.220000
1 0.244000 0.466000 0.271000 0.432000 0.263000 0.425000 0.235000 0.459000
1 0.288000 0.481000 0.348000 0.409000 0.333000 0.396000 0.273000 0.467000
1 0.314000 0.505000 0.379000 0.429000 0.363000 0.416000 0.298000 0.492000
1 0.468000 0.509000 0.496000 0.478000 0.487000 0.470000 0.460000 0.502000
9 0.211000 0.914000 0.222000 0.900000 0.237000 0.912000 0.225000 0.926000
9 0.133000 0.990000 0.141000 0.980000 0.152000 0.988000 0.144000 0.998000
