5 1.000000 0.613333 0.996250 0.626667 1.288333 0.613333 1.293333 0.600000
6 0.961250 0.596667 0.958750 0.606667 1.248333 0.593333 1.251667 0.583333
4 0.933750 0.580000 0.928750 0.591667 1.210000 0.576667 1.215000 0.565000
6 0.897500 0.560000 0.893750 0.571667 1.158333 0.555000 1.163333 0.545000
6 1.000000 0.535000 0.996250 0.546667 1.298333 0.535000 1.303333 0.523333
4 0.941250 0.501667 0.937500 0.511667 1.220000 0.498333 1.225000 0.486667
5 0.910000 0.480000 0.906250 0.493333 1.170000 0.478333 1.175000 0.465000
9 0.851250 0.436667 0.808750 0.541667 0.971667 0.485000 1.026667 0.380000
4 0.653750 0.021667 0.628750 0.023333 0.836667 0.011667 0.871667 0.010000
5 0.536250 0.030000 0.517500 0.055000 0.680000 0.045000 0.705000 0.020000
6 0.510000 0.160000 0.485000 0.161667 0.645000 0.150000 0.680000 0.146667
6 0.441250 0.210000 0.438750 0.220000 0.556667 0.208333 0.560000 0.198333
6 0.411250 0.193333 0.407500 0.205000 0.510000 0.188333 0.515000 0.176667
6 0.383750 0.175000 0.380000 0.186667 0.476667 0.171667 0.480000 0.161667
6 0.303750 0.213333 0.300000 0.225000 0.371667 0.210000 0.376667 0.198333
6 0.215000 0.080000 0.212500 0.091667 0.251667 0.078333 0.255000 0.066667
4 0.102500 0.013333 0.098750 0.025000 0.100000 0.011667 0.105000 0.000000
6 0.047500 0.096667 0.040000 0.116667 0.040000 0.110000 0.050000 0.091667
5 0.262500 0.925000 0.258750 0.935000 0.313333 0.921667 0.318333 0.910000
4 0.303750 0.946667 0.300000 0.958333 0.366667 0.941667 0.371667 0.931667
