6 0.967000 0.857000 0.950000 0.863000 0.947000 0.855000 0.965000 0.849000
4 0.918000 0.673000 0.910000 0.676000 0.904000 0.660000 0.913000 0.656000
6 0.725000 0.839000 0.716000 0.843000 0.709000 0.827000 0.719000 0.823000
4 0.708000 0.834000 0.695000 0.847000 0.689000 0.840000 0.702000 0.828000
4 0.691000 0.851000 0.690000 0.869000 0.680000 0.868000 0.682000 0.850000
4 0.789000 0.696000 0.781000 0.699000 0.773000 0.683000 0.781000 0.679000
5 0.760000 0.582000 0.748000 0.586000 0.741000 0.565000 0.753000 0.561000
6 0.728000 0.597000 0.719000 0.599000 0.714000 0.583000 0.723000 0.580000
4 0.587000 1.001000 0.585000 0.993000 0.604000 0.988000 0.606000 0.995000
4 0.598000 0.979000 0.579000 0.985000 0.576000 0.978000 0.596000 0.972000
6 0.590000 0.963000 0.573000 0.968000 0.571000 0.959000 0.588000 0.955000
4 0.461000 0.898000 0.443000 0.907000 0.440000 0.900000 0.458000 0.891000
6 0.444000 0.881000 0.426000 0.891000 0.422000 0.883000 0.439000 0.873000
4 0.480000 0.828000 0.472000 0.832000 0.464000 0.818000 0.472000 0.814000
6 0.320000 0.837000 0.312000 0.841000 0.304000 0.824000 0.312000 0.820000
4 0.077000 0.910000 0.068000 0.915000 0.057000 0.895000 0.066000 0.890000
4 0.020000 0.903000 0.000000 0.903000 0.000000 0.895000 0.019000 0.894000
9 0.085000 0.870000 0.052000 0.891000 0.026000 0.849000 0.058000 0.828000
4 0.363000 0.515000 0.353000 0.517000 0.348000 0.497000 0.359000 0.495000
4 0.232000 0.496000 0.221000 0.498000 0.217000 0.480000 0.227000 0.478000
4 0.586000 0.725000 0.579000 0.730000 0.568000 0.714000 0.576000 0.709000
4 0.565000 0.729000 0.558000 0.734000 0.547000 0.717000 0.554000 0.712000
6 0.585000 0.659000 0.576000 0.663000 0.569000 0.647000 0.577000 0.643000
6 0.596000 0.654000 0.587000 0.658000 0.581000 0.644000 0.590000 0.640000
4 0.952000 0.469000 0.934000 0.477000 0.931000 0.469000 0.948000 0.461000
5 0.991000 0.424000 0.988000 0.404000 0.999000 0.402000 1.002000 0.422000
6 0.933000 0.425000 0.929000 0.433000 0.913000 0.424000 0.917000 0.417000
9 0.857000 0.347000 0.805000 0.354000 0.801000 0.326000 0.853000 0.319000
4 0.716000 0.510000 0.696000 0.513000 0.695000 0.504000 0.715000 0.501000
32 0.210000 0.214000 0.088000 0.231000 0.074000 0.129000 0.196000 0.112000
32 0.716000 0.126000 0.590000 0.155000 0.564000 0.045000 0.690000 0.016000
14 0.258000 0.355000 0.160000 0.371000 0.152000 0.332000 0.248000 0.316000
14 0.267000 0.401000 0.172000 0.417000 0.163000 0.378000 0.260000 0.362000
4 0.194000 0.064000 0.171000 0.067000 0.170000 0.059000 0.193000 0.056000
4 0.358000 0.034000 0.339000 0.036000 0.338000 0.027000 0.357000 0.025000
4 0.142000 0.075000 0.119000 0.078000 0.118000 0.069000 0.141000 0.066000
4 0.280000 0.015000 0.262000 0.017000 0.261000 0.010000 0.279000 0.008000
4 0.620000 0.023000 0.597000 0.027000 0.595000 0.018000 0.619000 0.014000
9 0.974000 0.739000 0.937000 0.752000 0.926000 0.719000 0.964000 0.707000
