9 0.937500 0.698333 0.806250 0.766667 1.026667 0.645000 1.201667 0.576667
11 0.612500 0.931667 0.598750 0.941667 0.791667 0.930000 0.811667 0.920000
5 0.426250 0.108333 0.415000 0.115000 0.538333 0.083333 0.553333 0.076667
6 0.163750 0.138333 0.142500 0.146667 0.186667 0.133333 0.215000 0.125000
5 0.608750 0.126667 0.593750 0.133333 0.776667 0.096667 0.796667 0.088333
4 0.676250 0.146667 0.662500 0.153333 0.870000 0.123333 0.888333 0.116667
4 0.746250 0.303333 0.735000 0.308333 0.970000 0.276667 0.985000 0.271667
6 0.171250 0.526667 0.162500 0.531667 0.208333 0.511667 0.221667 0.508333
5 0.323750 0.423333 0.312500 0.430000 0.403333 0.401667 0.418333 0.395000
4 0.350000 0.500000 0.338750 0.505000 0.438333 0.475000 0.451667 0.468333
4 0.426250 0.438333 0.421250 0.450000 0.533333 0.431667 0.540000 0.420000
6 0.733750 0.456667 0.721250 0.463333 0.950000 0.431667 0.966667 0.425000
4 0.687500 0.670000 0.672500 0.678333 0.891667 0.665000 0.911667 0.656667
6 0.056250 0.765000 0.046250 0.770000 0.051667 0.745000 0.065000 0.740000
4 0.993750 0.855000 0.970000 0.861667 1.290000 0.848333 1.321667 0.841667
