5 0.075000 0.862500 0.048333 0.877500 0.031250 0.871250 0.050000 0.856250
5 0.098333 0.916250 0.075000 0.928750 0.051250 0.921250 0.068750 0.908750
6 0.130000 0.901250 0.105000 0.916250 0.073750 0.908750 0.091250 0.893750
4 0.193333 0.915000 0.183333 0.922500 0.125000 0.908750 0.132500 0.901250
6 0.195000 0.868750 0.173333 0.881250 0.123750 0.873750 0.140000 0.860000
4 0.143333 0.828750 0.116667 0.843750 0.082500 0.836250 0.102500 0.821250
6 0.171667 0.815000 0.145000 0.828750 0.103750 0.821250 0.123750 0.807500
6 0.261667 0.768750 0.243333 0.780000 0.176250 0.773750 0.190000 0.761250
4 0.295000 0.751250 0.271667 0.765000 0.198750 0.757500 0.215000 0.743750
6 0.026667 0.412500 0.016667 0.418750 0.001250 0.403750 0.008750 0.397500
4 0.078333 0.441250 0.066667 0.448750 0.036250 0.431250 0.045000 0.425000
4 0.118333 0.546250 0.110000 0.552500 0.068750 0.537500 0.075000 0.531250
4 0.148333 0.566250 0.138333 0.573750 0.088750 0.557500 0.096250 0.551250
4 0.205000 0.503750 0.181667 0.517500 0.131250 0.510000 0.148750 0.497500
4 0.163333 0.476250 0.140000 0.487500 0.100000 0.480000 0.117500 0.468750
4 0.270000 0.656250 0.260000 0.663750 0.178750 0.646250 0.187500 0.638750
6 0.298333 0.865000 0.276667 0.875000 0.203750 0.868750 0.220000 0.858750
5 0.273333 0.048750 0.260000 0.052500 0.183750 0.030000 0.193750 0.025000
5 0.200000 0.076250 0.173333 0.090000 0.125000 0.083750 0.145000 0.070000
6 0.108333 0.035000 0.083333 0.048750 0.056250 0.040000 0.075000 0.026250
6 0.121667 0.045000 0.095000 0.056250 0.066250 0.048750 0.086250 0.036250
4 0.085000 0.131250 0.063333 0.143750 0.041250 0.137500 0.057500 0.123750
6 0.096667 0.141250 0.073333 0.153750 0.048750 0.145000 0.066250 0.132500
4 0.136667 0.166250 0.111667 0.180000 0.077500 0.172500 0.097500 0.158750
5 0.163333 0.183750 0.133333 0.200000 0.093750 0.191250 0.117500 0.176250
5 0.196667 0.211250 0.163333 0.227500 0.117500 0.220000 0.142500 0.202500
6 0.066667 0.201250 0.041667 0.216250 0.023750 0.207500 0.043750 0.192500
5 0.260000 0.267500 0.235000 0.282500 0.170000 0.275000 0.190000 0.260000
4 0.288333 0.252500 0.268333 0.263750 0.197500 0.256250 0.211250 0.246250
6 0.383333 0.258750 0.356667 0.272500 0.262500 0.266250 0.283750 0.252500
4 0.413333 0.243750 0.391667 0.257500 0.288750 0.251250 0.305000 0.237500
6 0.450000 0.226250 0.418333 0.241250 0.308750 0.233750 0.332500 0.217500
4 0.296667 0.306250 0.275000 0.317500 0.200000 0.308750 0.217500 0.298750
6 0.496667 0.242500 0.485000 0.250000 0.348750 0.228750 0.357500 0.221250
5 0.660000 0.281250 0.641667 0.291250 0.477500 0.286250 0.491250 0.276250
6 0.650000 0.331250 0.640000 0.338750 0.466250 0.322500 0.473750 0.316250
4 0.523333 0.398750 0.511667 0.406250 0.370000 0.390000 0.377500 0.382500
6 0.775000 0.310000 0.765000 0.316250 0.560000 0.300000 0.567500 0.293750
6 0.763333 0.445000 0.755000 0.450000 0.553750 0.435000 0.560000 0.430000
4 0.943333 0.422500 0.916667 0.435000 0.683750 0.428750 0.702500 0.415000
4 0.555000 0.117500 0.531667 0.131250 0.393750 0.123750 0.411250 0.111250
6 0.595000 0.098750 0.565000 0.113750 0.418750 0.106250 0.441250 0.091250
6 0.611667 0.145000 0.586667 0.156250 0.436250 0.150000 0.453750 0.138750
4 0.701667 0.043750 0.675000 0.057500 0.502500 0.051250 0.521250 0.037500
6 0.728333 0.028750 0.705000 0.041250 0.525000 0.036250 0.541250 0.022500
