6 0.623000 0.084000 0.603000 0.083000 0.604000 0.077000 0.623000 0.078000
6 0.566000 0.098000 0.539000 0.098000 0.539000 0.091000 0.566000 0.090000
6 0.463000 0.131000 0.462000 0.146000 0.451000 0.145000 0.452000 0.130000
4 0.395000 0.153000 0.385000 0.154000 0.385000 0.134000 0.394000 0.134000
6 0.107000 0.150000 0.096000 0.150000 0.097000 0.131000 0.107000 0.131000
4 0.129000 0.086000 0.103000 0.085000 0.104000 0.077000 0.129000 0.078000
4 0.096000 0.388000 0.095000 0.400000 0.085000 0.400000 0.085000 0.387000
4 0.147000 0.351000 0.146000 0.358000 0.125000 0.357000 0.125000 0.350000
6 0.564000 0.358000 0.540000 0.357000 0.540000 0.350000 0.564000 0.351000
6 0.597000 0.363000 0.591000 0.378000 0.582000 0.374000 0.589000 0.359000
4 0.126000 0.632000 0.106000 0.631000 0.107000 0.625000 0.126000 0.625000
6 0.160000 0.669000 0.152000 0.669000 0.152000 0.653000 0.159000 0.653000
4 0.053000 0.694000 0.045000 0.694000 0.044000 0.676000 0.052000 0.676000
6 0.120000 0.920000 0.119000 0.939000 0.109000 0.938000 0.109000 0.919000
6 0.132000 0.999000 0.125000 1.000000 0.124000 0.993000 0.131000 0.992000
4 0.284000 0.977000 0.265000 0.978000 0.265000 0.971000 0.284000 0.971000
6 0.432000 0.920000 0.424000 0.920000 0.424000 0.906000 0.432000 0.906000
3 0.840000 0.928000 0.839000 0.936000 0.806000 0.934000 0.807000 0.926000
6 0.855000 0.935000 0.840000 0.934000 0.841000 0.928000 0.855000 0.929000
4 0.879000 0.935000 0.859000 0.934000 0.859000 0.928000 0.879000 0.929000
6 0.711000 0.727000 0.688000 0.728000 0.688000 0.718000 0.711000 0.717000
4 0.801000 0.729000 0.780000 0.729000 0.780000 0.723000 0.801000 0.723000
6 0.840000 0.723000 0.839000 0.731000 0.814000 0.730000 0.815000 0.722000
11 0.943000 0.716000 0.942000 0.727000 0.898000 0.724000 0.899000 0.712000
6 0.914000 0.770000 0.913000 0.780000 0.887000 0.779000 0.887000 0.769000
11 0.958000 0.346000 0.936000 0.373000 0.926000 0.365000 0.949000 0.339000
9 0.692000 0.370000 0.692000 0.319000 0.756000 0.319000 0.756000 0.370000
