19 0.232000 0.132000 0.243000 0.094000 0.210000 0.084000 0.199000 0.122000
19 0.048000 0.457000 0.017000 0.432000 -0.005000 0.459000 0.026000 0.484000
19 0.111000 0.464000 0.080000 0.440000 0.060000 0.467000 0.090000 0.491000
19 0.055000 0.515000 0.085000 0.538000 0.105000 0.511000 0.074000 0.488000
17 0.110000 0.566000 0.064000 0.562000 0.060000 0.605000 0.106000 0.609000
19 0.216000 0.477000 0.213000 0.510000 0.249000 0.514000 0.252000 0.480000
19 0.259000 0.482000 0.255000 0.523000 0.290000 0.526000 0.294000 0.486000
19 0.301000 0.487000 0.298000 0.520000 0.333000 0.523000 0.337000 0.490000
27 0.344000 0.491000 0.339000 0.535000 0.374000 0.539000 0.379000 0.494000
27 0.480000 0.494000 0.436000 0.488000 0.432000 0.524000 0.476000 0.530000
27 0.475000 0.538000 0.431000 0.533000 0.427000 0.569000 0.471000 0.573000
17 0.087000 0.707000 0.090000 0.665000 0.046000 0.662000 0.044000 0.704000
17 0.139000 0.719000 0.142000 0.668000 0.098000 0.665000 0.095000 0.716000
27 0.198000 0.725000 0.202000 0.679000 0.167000 0.676000 0.164000 0.722000
17 0.324000 0.737000 0.327000 0.690000 0.284000 0.686000 0.280000 0.734000
17 0.379000 0.740000 0.382000 0.694000 0.339000 0.691000 0.336000 0.738000
19 0.430000 0.756000 0.435000 0.692000 0.391000 0.689000 0.387000 0.753000
17 0.003000 0.779000 -0.001000 0.823000 0.042000 0.827000 0.045000 0.782000
19 0.056000 0.786000 0.052000 0.831000 0.087000 0.834000 0.091000 0.789000
19 0.155000 0.794000 0.151000 0.838000 0.187000 0.842000 0.191000 0.797000
17 0.303000 0.822000 0.299000 0.869000 0.342000 0.873000 0.346000 0.826000
17 0.115000 0.947000 0.162000 0.954000 0.169000 0.910000 0.121000 0.904000
19 0.716000 0.538000 0.732000 0.558000 0.754000 0.541000 0.737000 0.521000
