6 0.090000 0.891250 0.051667 0.891250 0.038750 0.881250 0.067500 0.882500
6 0.095000 0.868750 0.093333 0.877500 0.041250 0.877500 0.041250 0.868750
6 0.141667 0.886250 0.105000 0.887500 0.078750 0.878750 0.106250 0.878750
6 1.000000 0.651250 0.966667 0.651250 0.725000 0.638750 0.750000 0.638750
6 0.871667 0.677500 0.835000 0.677500 0.626250 0.666250 0.653750 0.666250
5 0.593333 0.911250 0.551667 0.911250 0.413750 0.901250 0.445000 0.901250
6 0.820000 0.847500 0.786667 0.848750 0.590000 0.840000 0.615000 0.838750
6 0.700000 0.806250 0.698333 0.817500 0.500000 0.816250 0.500000 0.806250
6 0.703333 0.803750 0.668333 0.803750 0.501250 0.792500 0.527500 0.792500
6 0.703333 0.731250 0.670000 0.733750 0.502500 0.727500 0.526250 0.723750
4 0.706667 0.746250 0.676667 0.757500 0.502500 0.750000 0.525000 0.737500
6 0.495000 0.681250 0.463333 0.681250 0.347500 0.672500 0.371250 0.672500
6 0.263333 0.651250 0.221667 0.651250 0.166250 0.643750 0.197500 0.643750
6 0.575000 0.463750 0.558333 0.463750 0.417500 0.443750 0.430000 0.442500
4 0.648333 0.611250 0.638333 0.616250 0.465000 0.598750 0.472500 0.592500
6 0.610000 0.607500 0.596667 0.608750 0.447500 0.590000 0.456250 0.588750
6 0.536667 0.608750 0.523333 0.608750 0.393750 0.586250 0.402500 0.587500
6 0.095000 0.518750 0.063333 0.518750 0.047500 0.510000 0.071250 0.510000
6 0.496667 0.612500 0.480000 0.612500 0.358750 0.588750 0.371250 0.588750
6 0.391667 0.606250 0.350000 0.605000 0.262500 0.595000 0.293750 0.596250
5 0.395000 0.582500 0.393333 0.595000 0.261250 0.595000 0.261250 0.582500
5 0.395000 0.582500 0.350000 0.581250 0.262500 0.572500 0.296250 0.572500
4 0.211667 0.376250 0.210000 0.396250 0.147500 0.396250 0.147500 0.376250
5 0.190000 0.405000 0.173333 0.405000 0.130000 0.378750 0.142500 0.378750
6 0.086667 0.403750 0.073333 0.405000 0.053750 0.385000 0.065000 0.385000
6 0.063333 0.405000 0.046667 0.406250 0.035000 0.385000 0.046250 0.385000
6 0.120000 0.027500 0.095000 0.040000 0.066250 0.032500 0.085000 0.018750
6 0.793333 0.243750 0.773333 0.253750 0.576250 0.246250 0.591250 0.237500
5 0.796667 0.262500 0.761667 0.273750 0.567500 0.263750 0.592500 0.252500
6 0.855000 0.878750 0.853333 0.896250 0.630000 0.896250 0.631250 0.877500
6 0.201667 0.651250 0.168333 0.651250 0.126250 0.642500 0.151250 0.642500
4 0.576667 0.680000 0.535000 0.680000 0.401250 0.668750 0.432500 0.668750
5 0.706667 0.775000 0.668333 0.775000 0.501250 0.767500 0.530000 0.767500
6 0.706667 0.836250 0.705000 0.846250 0.508750 0.846250 0.508750 0.836250
6 0.773333 0.828750 0.758333 0.828750 0.568750 0.812500 0.580000 0.812500
6 0.781667 0.851250 0.750000 0.851250 0.561250 0.842500 0.586250 0.841250
6 0.350000 0.470000 0.336667 0.470000 0.252500 0.453750 0.262500 0.453750
6 0.230000 0.398750 0.216667 0.397500 0.162500 0.376250 0.172500 0.377500
6 0.853333 0.941250 0.815000 0.940000 0.611250 0.930000 0.640000 0.931250
