9 0.245000 0.005000 0.241667 0.058750 0.115000 0.057500 0.116250 0.002500
4 0.395000 0.055000 0.361667 0.055000 0.272500 0.047500 0.296250 0.047500
4 0.420000 0.012500 0.385000 0.012500 0.288750 0.005000 0.315000 0.005000
4 0.475000 0.052500 0.446667 0.053750 0.333750 0.045000 0.355000 0.045000
4 0.535000 0.051250 0.503333 0.053750 0.376250 0.045000 0.400000 0.043750
6 0.608333 0.008750 0.576667 0.007500 0.432500 0.000000 0.456250 0.000000
4 0.625000 0.050000 0.581667 0.050000 0.436250 0.042500 0.468750 0.042500
4 0.946667 0.116250 0.915000 0.117500 0.686250 0.110000 0.710000 0.108750
6 0.975000 0.126250 0.936667 0.130000 0.701250 0.121250 0.730000 0.117500
6 0.768333 0.351250 0.756667 0.351250 0.567500 0.332500 0.576250 0.332500
4 0.810000 0.396250 0.798333 0.396250 0.597500 0.382500 0.606250 0.382500
4 0.888333 0.401250 0.875000 0.401250 0.655000 0.382500 0.665000 0.381250
5 0.678333 0.403750 0.661667 0.403750 0.496250 0.385000 0.508750 0.385000
4 0.640000 0.401250 0.626667 0.401250 0.470000 0.388750 0.478750 0.388750
4 0.620000 0.403750 0.605000 0.405000 0.453750 0.387500 0.463750 0.387500
6 0.601667 0.410000 0.590000 0.410000 0.441250 0.392500 0.451250 0.391250
6 0.580000 0.412500 0.566667 0.412500 0.425000 0.392500 0.435000 0.392500
11 0.560000 0.406250 0.546667 0.406250 0.410000 0.392500 0.420000 0.392500
6 0.541667 0.408750 0.528333 0.408750 0.396250 0.392500 0.406250 0.391250
6 0.663333 0.658750 0.648333 0.658750 0.485000 0.637500 0.496250 0.636250
6 0.688333 0.657500 0.670000 0.658750 0.501250 0.636250 0.515000 0.635000
4 0.733333 0.706250 0.720000 0.706250 0.540000 0.687500 0.550000 0.687500
6 0.868333 0.631250 0.866667 0.653750 0.638750 0.653750 0.640000 0.631250
6 0.888333 0.653750 0.871667 0.653750 0.655000 0.631250 0.666250 0.631250
6 0.906667 0.653750 0.891667 0.653750 0.668750 0.631250 0.680000 0.631250
6 0.928333 0.632500 0.926667 0.653750 0.683750 0.653750 0.685000 0.632500
4 0.931667 0.701250 0.916667 0.702500 0.686250 0.682500 0.697500 0.681250
4 0.951667 0.701250 0.936667 0.701250 0.701250 0.680000 0.713750 0.680000
