4 0.195000 0.732500 0.193333 0.755000 0.133750 0.753750 0.135000 0.732500
4 0.821667 0.321250 0.820000 0.331250 0.590000 0.330000 0.590000 0.318750
6 0.818333 0.370000 0.778333 0.368750 0.585000 0.358750 0.613750 0.358750
5 0.758333 0.328750 0.721667 0.327500 0.541250 0.317500 0.568750 0.317500
6 0.573333 0.263750 0.571667 0.278750 0.417500 0.277500 0.420000 0.262500
4 0.715000 0.362500 0.675000 0.361250 0.507500 0.352500 0.536250 0.353750
4 0.490000 0.348750 0.455000 0.347500 0.342500 0.337500 0.367500 0.338750
6 0.378333 0.332500 0.376667 0.343750 0.257500 0.342500 0.258750 0.331250
6 0.435000 0.400000 0.431667 0.421250 0.311250 0.420000 0.313750 0.398750
6 0.428333 0.427500 0.426667 0.445000 0.308750 0.445000 0.310000 0.426250
6 0.975000 0.705000 0.936667 0.706250 0.702500 0.696250 0.731250 0.696250
6 0.801667 0.768750 0.798333 0.793750 0.586250 0.792500 0.590000 0.766250
4 0.845000 0.816250 0.813333 0.816250 0.610000 0.807500 0.633750 0.808750
6 0.818333 0.827500 0.781667 0.825000 0.587500 0.815000 0.613750 0.816250
4 0.613333 0.793750 0.611667 0.803750 0.428750 0.802500 0.430000 0.792500
5 0.626667 0.828750 0.625000 0.841250 0.436250 0.838750 0.437500 0.826250
6 0.538333 0.733750 0.525000 0.733750 0.392500 0.711250 0.403750 0.711250
4 0.566667 0.720000 0.563333 0.743750 0.411250 0.742500 0.413750 0.718750
4 0.725000 0.810000 0.688333 0.808750 0.516250 0.798750 0.543750 0.800000
4 0.441667 0.792500 0.405000 0.791250 0.303750 0.781250 0.331250 0.782500
4 0.388333 0.778750 0.386667 0.788750 0.262500 0.787500 0.262500 0.777500
4 0.335000 0.786250 0.300000 0.785000 0.225000 0.773750 0.251250 0.775000
4 0.421667 0.830000 0.385000 0.826250 0.288750 0.817500 0.316250 0.820000
4 0.203333 0.805000 0.201667 0.815000 0.121250 0.813750 0.121250 0.802500
4 0.251667 0.808750 0.250000 0.820000 0.161250 0.817500 0.161250 0.806250
4 0.970000 0.927500 0.965000 0.951250 0.711250 0.948750 0.713750 0.926250
5 0.316667 0.881250 0.311667 0.905000 0.220000 0.902500 0.223750 0.878750
6 0.336667 0.886250 0.335000 0.906250 0.240000 0.906250 0.241250 0.886250
