19 0.732500 0.116667 0.651481 0.043677 0.910309 -0.017990 1.018333 0.055000
6 0.842500 0.300000 0.836250 0.311667 1.088333 0.295000 1.096667 0.283333
7 0.841250 0.798333 0.810000 0.803333 1.078333 0.790000 1.121667 0.785000
6 0.960000 0.048333 0.950000 0.073333 1.255000 0.066667 1.266667 0.041667
5 0.542500 0.331667 0.507500 0.331667 0.676667 0.318333 0.723333 0.318333
5 0.543750 0.310000 0.507500 0.313333 0.676667 0.298333 0.723333 0.295000
19 0.916250 0.133333 0.885000 0.195000 1.130000 0.163333 1.171667 0.100000
18 0.667500 0.740000 0.621250 0.745000 0.828333 0.733333 0.888333 0.728333
7 0.595000 0.750000 0.565000 0.751667 0.751667 0.740000 0.793333 0.738333
7 0.552500 0.758333 0.521250 0.760000 0.695000 0.746667 0.735000 0.745000
18 0.512500 0.763333 0.466250 0.768333 0.621667 0.755000 0.683333 0.751667
7 0.517500 0.793333 0.485000 0.798333 0.645000 0.785000 0.688333 0.780000
7 0.556250 0.786667 0.525000 0.793333 0.698333 0.780000 0.740000 0.773333
18 0.603750 0.788333 0.567500 0.793333 0.755000 0.778333 0.803333 0.773333
7 0.636250 0.785000 0.605000 0.790000 0.805000 0.775000 0.846667 0.770000
18 0.681250 0.775000 0.636250 0.781667 0.846667 0.770000 0.906667 0.761667
18 0.638750 0.833333 0.592500 0.838333 0.790000 0.825000 0.850000 0.820000
