6 0.805000 0.016250 0.800000 0.033750 0.591250 0.032500 0.595000 0.015000
4 0.846667 0.082500 0.838333 0.090000 0.611250 0.076250 0.616250 0.068750
6 0.813333 0.083750 0.808333 0.090000 0.588750 0.081250 0.592500 0.073750
4 0.796667 0.091250 0.793333 0.098750 0.573750 0.092500 0.575000 0.085000
4 0.716667 0.102500 0.715000 0.110000 0.511250 0.106250 0.512500 0.098750
4 0.685000 0.108750 0.683333 0.116250 0.487500 0.115000 0.487500 0.107500
4 0.515000 0.440000 0.501667 0.445000 0.370000 0.432500 0.378750 0.427500
6 0.626667 0.413750 0.615000 0.418750 0.447500 0.396250 0.456250 0.391250
3 0.583333 0.407500 0.545000 0.417500 0.405000 0.407500 0.433750 0.397500
5 0.691667 0.306250 0.673333 0.311250 0.493750 0.281250 0.508750 0.276250
5 0.763333 0.211250 0.748333 0.216250 0.551250 0.193750 0.561250 0.190000
5 0.953333 0.166250 0.915000 0.175000 0.682500 0.163750 0.712500 0.155000
4 1.000000 0.152500 0.975000 0.157500 0.727500 0.147500 0.750000 0.141250
6 0.983333 0.411250 0.950000 0.417500 0.711250 0.410000 0.736250 0.403750
4 0.945000 0.418750 0.910000 0.426250 0.680000 0.417500 0.705000 0.410000
4 0.806667 0.391250 0.770000 0.396250 0.576250 0.388750 0.603750 0.383750
3 0.680000 0.426250 0.638333 0.433750 0.476250 0.422500 0.506250 0.415000
4 0.716667 0.416250 0.686667 0.422500 0.512500 0.413750 0.535000 0.407500
4 0.716667 0.450000 0.683333 0.455000 0.511250 0.446250 0.535000 0.441250
5 0.971667 0.646250 0.933333 0.646250 0.700000 0.637500 0.728750 0.637500
4 1.000000 0.647500 0.975000 0.651250 0.730000 0.642500 0.750000 0.640000
6 1.000000 0.658750 0.975000 0.660000 0.730000 0.651250 0.750000 0.648750
6 0.958333 0.670000 0.946667 0.675000 0.700000 0.655000 0.708750 0.650000
4 0.798333 0.690000 0.786667 0.692500 0.583750 0.675000 0.592500 0.671250
4 0.846667 0.688750 0.831667 0.692500 0.618750 0.676250 0.630000 0.672500
4 0.906667 0.681250 0.878333 0.688750 0.656250 0.681250 0.677500 0.675000
4 0.898333 0.673750 0.866667 0.677500 0.648750 0.670000 0.671250 0.665000
6 0.895000 0.663750 0.865000 0.667500 0.647500 0.660000 0.670000 0.655000
4 0.888333 0.650000 0.858333 0.656250 0.642500 0.648750 0.665000 0.643750
4 0.876667 0.627500 0.845000 0.635000 0.631250 0.627500 0.655000 0.620000
5 0.871667 0.618750 0.840000 0.625000 0.627500 0.616250 0.651250 0.610000
6 0.858333 0.597500 0.828333 0.602500 0.620000 0.595000 0.642500 0.590000
6 0.850000 0.583750 0.820000 0.591250 0.612500 0.582500 0.635000 0.576250
6 0.570000 0.530000 0.540000 0.538750 0.402500 0.530000 0.425000 0.521250
4 0.605000 0.553750 0.571667 0.561250 0.426250 0.553750 0.451250 0.546250
4 0.668333 0.482500 0.640000 0.490000 0.477500 0.480000 0.498750 0.473750
4 0.678333 0.502500 0.641667 0.511250 0.477500 0.501250 0.505000 0.491250
6 0.711667 0.492500 0.685000 0.498750 0.511250 0.491250 0.531250 0.485000
4 0.718333 0.525000 0.683333 0.531250 0.510000 0.522500 0.536250 0.516250
6 0.763333 0.551250 0.751667 0.555000 0.556250 0.537500 0.563750 0.533750
6 0.778333 0.546250 0.768333 0.547500 0.571250 0.531250 0.577500 0.528750
4 0.761667 0.480000 0.728333 0.488750 0.542500 0.480000 0.567500 0.471250
6 0.813333 0.498750 0.788333 0.505000 0.588750 0.497500 0.607500 0.491250
5 0.900000 0.490000 0.871667 0.497500 0.651250 0.490000 0.672500 0.483750
4 0.900000 0.475000 0.873333 0.481250 0.652500 0.473750 0.672500 0.467500
4 0.948333 0.461250 0.920000 0.468750 0.686250 0.460000 0.707500 0.452500
5 0.968333 0.475000 0.926667 0.481250 0.692500 0.473750 0.725000 0.467500
4 0.986667 0.473750 0.975000 0.476250 0.727500 0.460000 0.736250 0.457500
4 0.971667 0.846250 0.950000 0.851250 0.710000 0.843750 0.727500 0.838750
4 0.976667 0.831250 0.950000 0.837500 0.710000 0.830000 0.730000 0.823750
5 0.628333 0.967500 0.613333 0.972500 0.448750 0.952500 0.460000 0.946250
6 0.040000 0.966250 0.013333 0.973750 0.007500 0.966250 0.027500 0.958750
4 0.175000 0.960000 0.150000 0.962500 0.111250 0.953750 0.130000 0.952500
5 0.118333 0.473750 0.083333 0.482500 0.060000 0.473750 0.086250 0.465000
4 0.076667 0.448750 0.066667 0.455000 0.040000 0.445000 0.047500 0.437500
5 0.100000 0.448750 0.086667 0.455000 0.052500 0.435000 0.061250 0.428750
4 0.113333 0.443750 0.100000 0.447500 0.066250 0.426250 0.075000 0.422500
5 0.133333 0.438750 0.121667 0.445000 0.076250 0.423750 0.085000 0.417500
4 0.148333 0.431250 0.136667 0.437500 0.090000 0.418750 0.098750 0.412500
6 0.151667 0.562500 0.141667 0.566250 0.097500 0.550000 0.105000 0.546250
4 0.561667 0.962500 0.555000 0.978750 0.408750 0.977500 0.412500 0.961250
6 0.458333 0.933750 0.455000 0.941250 0.318750 0.932500 0.322500 0.925000
6 0.590000 0.916250 0.578333 0.920000 0.425000 0.900000 0.433750 0.896250
6 0.523333 0.833750 0.513333 0.836250 0.377500 0.820000 0.385000 0.816250
4 0.361667 0.871250 0.358333 0.878750 0.243750 0.870000 0.246250 0.862500
4 0.355000 0.852500 0.351667 0.860000 0.238750 0.855000 0.240000 0.847500
4 0.268333 0.847500 0.251667 0.848750 0.187500 0.841250 0.201250 0.840000
4 0.286667 0.878750 0.270000 0.880000 0.201250 0.872500 0.213750 0.871250
3 0.301667 0.913750 0.271667 0.917500 0.201250 0.902500 0.223750 0.898750
4 0.265000 0.836250 0.241667 0.838750 0.180000 0.831250 0.197500 0.828750
4 0.258333 0.823750 0.238333 0.827500 0.176250 0.818750 0.192500 0.815000
4 0.118333 0.711250 0.108333 0.716250 0.072500 0.701250 0.080000 0.697500
6 0.165000 0.612500 0.150000 0.617500 0.100000 0.593750 0.111250 0.587500
6 0.168333 0.581250 0.156667 0.586250 0.107500 0.568750 0.116250 0.563750
16 0.146667 0.583750 0.128333 0.591250 0.076250 0.551250 0.088750 0.543750
4 0.238333 0.616250 0.211667 0.622500 0.155000 0.613750 0.175000 0.607500
4 0.275000 0.606250 0.245000 0.612500 0.181250 0.603750 0.203750 0.597500
6 0.318333 0.536250 0.305000 0.541250 0.221250 0.522500 0.231250 0.517500
6 0.225000 0.501250 0.200000 0.507500 0.146250 0.500000 0.166250 0.493750
4 0.356667 0.492500 0.345000 0.496250 0.252500 0.480000 0.261250 0.476250
6 0.375000 0.475000 0.365000 0.477500 0.266250 0.458750 0.273750 0.456250
5 0.463333 0.575000 0.441667 0.581250 0.316250 0.542500 0.331250 0.537500
6 0.453333 0.696250 0.440000 0.700000 0.322500 0.681250 0.331250 0.676250
5 0.495000 0.727500 0.481667 0.731250 0.350000 0.703750 0.360000 0.700000
5 0.578333 0.718750 0.565000 0.721250 0.417500 0.697500 0.428750 0.695000
6 0.243333 0.338750 0.216667 0.342500 0.161250 0.335000 0.181250 0.331250
4 0.201667 0.268750 0.173333 0.275000 0.127500 0.267500 0.148750 0.261250
4 0.200000 0.258750 0.168333 0.265000 0.123750 0.256250 0.148750 0.250000
4 0.190000 0.248750 0.161667 0.255000 0.118750 0.247500 0.141250 0.241250
4 0.190000 0.231250 0.186667 0.238750 0.116250 0.232500 0.118750 0.225000
5 0.363333 0.240000 0.321667 0.247500 0.238750 0.236250 0.268750 0.228750
4 0.380000 0.215000 0.368333 0.218750 0.268750 0.197500 0.277500 0.193750
4 0.468333 0.176250 0.455000 0.178750 0.336250 0.158750 0.345000 0.156250
6 0.488333 0.175000 0.476667 0.177500 0.351250 0.156250 0.360000 0.153750
4 0.506667 0.168750 0.496667 0.172500 0.365000 0.155000 0.372500 0.151250
4 0.516667 0.196250 0.503333 0.198750 0.371250 0.177500 0.381250 0.175000
11 0.538333 0.196250 0.521667 0.200000 0.385000 0.173750 0.396250 0.171250
6 0.526667 0.166250 0.515000 0.170000 0.377500 0.150000 0.386250 0.146250
6 0.545000 0.162500 0.533333 0.166250 0.388750 0.142500 0.398750 0.138750
6 0.556667 0.186250 0.541667 0.190000 0.398750 0.170000 0.410000 0.165000
6 0.565000 0.158750 0.553333 0.161250 0.411250 0.141250 0.420000 0.140000
6 0.200000 0.178750 0.186667 0.182500 0.132500 0.162500 0.142500 0.158750
4 0.085000 0.175000 0.058333 0.182500 0.041250 0.175000 0.060000 0.166250
5 0.086667 0.196250 0.058333 0.202500 0.042500 0.196250 0.063750 0.190000
4 0.783333 0.992500 0.755000 1.000000 0.563750 0.992500 0.585000 0.985000
4 0.853333 0.953750 0.823333 0.961250 0.613750 0.952500 0.636250 0.945000
6 0.888333 0.958750 0.865000 0.966250 0.645000 0.960000 0.662500 0.951250
4 0.901667 0.971250 0.873333 0.978750 0.652500 0.972500 0.673750 0.963750
6 0.971667 0.951250 0.940000 0.961250 0.702500 0.953750 0.725000 0.943750
4 0.991667 0.926250 0.961667 0.935000 0.717500 0.927500 0.740000 0.918750
6 1.000000 0.905000 0.976667 0.912500 0.730000 0.905000 0.750000 0.896250
9 0.518333 0.587500 0.365000 0.622500 0.257500 0.572500 0.373750 0.537500
4 0.406667 0.385000 0.393333 0.388750 0.287500 0.365000 0.297500 0.362500
4 0.308333 0.967500 0.298333 0.973750 0.211250 0.956250 0.218750 0.950000
9 0.271667 0.160000 0.168333 0.181250 0.113750 0.135000 0.191250 0.113750
