20 0.565000 0.116000 0.642000 0.088000 0.613000 0.011000 0.536000 0.040000
29 0.601000 0.209000 0.690000 0.177000 0.659000 0.091000 0.571000 0.124000
29 0.636000 0.288000 0.717000 0.258000 0.688000 0.179000 0.607000 0.211000
12 0.696000 0.341000 0.730000 0.304000 0.698000 0.275000 0.665000 0.315000
29 0.417000 0.166000 0.325000 0.150000 0.309000 0.236000 0.403000 0.252000
20 0.457000 0.266000 0.378000 0.254000 0.365000 0.336000 0.442000 0.349000
29 0.876000 0.079000 0.790000 0.106000 0.815000 0.190000 0.903000 0.163000
12 0.957000 0.188000 0.986000 0.143000 0.948000 0.118000 0.919000 0.163000
29 0.911000 0.163000 0.823000 0.200000 0.853000 0.272000 0.942000 0.234000
19 0.460000 0.342000 0.424000 0.350000 0.442000 0.425000 0.478000 0.417000
