2 0.228000 0.013000 0.273000 0.045000 0.280000 0.034000 0.236000 0.003000
2 0.240000 0.009000 0.284000 0.040000 0.291000 0.031000 0.247000 -0.001000
2 0.320000 0.025000 0.363000 0.058000 0.370000 0.049000 0.327000 0.015000
2 0.252000 0.179000 0.312000 0.223000 0.321000 0.210000 0.261000 0.166000
2 0.303000 0.167000 0.370000 0.131000 0.365000 0.122000 0.298000 0.158000
2 0.432000 0.087000 0.377000 0.116000 0.382000 0.126000 0.437000 0.097000
2 0.449000 0.112000 0.478000 0.098000 0.474000 0.091000 0.445000 0.104000
2 0.445000 0.130000 0.527000 0.088000 0.520000 0.075000 0.438000 0.117000
2 0.493000 0.121000 0.537000 0.099000 0.533000 0.090000 0.488000 0.112000
7 0.515000 0.118000 0.541000 0.105000 0.539000 0.100000 0.512000 0.112000
2 0.605000 0.138000 0.566000 0.111000 0.558000 0.122000 0.597000 0.149000
2 0.552000 0.200000 0.630000 0.162000 0.625000 0.151000 0.546000 0.188000
2 0.656000 0.145000 0.527000 0.046000 0.514000 0.063000 0.643000 0.162000
2 0.646000 0.119000 0.590000 0.076000 0.582000 0.086000 0.639000 0.129000
2 0.702000 0.186000 0.657000 0.151000 0.648000 0.163000 0.694000 0.198000
2 0.645000 0.183000 0.698000 0.224000 0.705000 0.214000 0.653000 0.173000
2 0.675000 0.264000 0.729000 0.237000 0.722000 0.225000 0.668000 0.252000
2 0.738000 0.235000 0.685000 0.264000 0.691000 0.275000 0.745000 0.246000
2 0.701000 0.199000 0.761000 0.243000 0.769000 0.231000 0.709000 0.188000
2 0.607000 0.426000 0.675000 0.385000 0.665000 0.368000 0.597000 0.410000
24 0.661000 0.003000 0.678000 0.017000 0.685000 0.010000 0.667000 -0.005000
2 0.378000 0.023000 0.342000 -0.005000 0.331000 0.009000 0.367000 0.037000
18 0.611000 0.183000 0.639000 0.171000 0.636000 0.165000 0.608000 0.178000
