19 0.858889 0.781111 0.836667 0.810000 0.803333 0.783333 0.825556 0.754444
19 0.754444 0.800000 0.745556 0.837778 0.701111 0.827778 0.711111 0.790000
19 0.754444 0.754444 0.747778 0.787778 0.704444 0.777778 0.713333 0.744444
19 0.753333 0.736667 0.708889 0.736667 0.708889 0.705556 0.753333 0.705556
19 0.755556 0.688889 0.715556 0.696667 0.708889 0.657778 0.750000 0.651111
19 0.805556 0.580000 0.747778 0.581111 0.746667 0.515556 0.804444 0.514444
19 0.527778 0.568889 0.473333 0.568889 0.473333 0.525556 0.527778 0.527778
36 0.516667 0.635556 0.463333 0.635556 0.463333 0.587778 0.516667 0.587778
19 0.496667 0.705556 0.451111 0.705556 0.451111 0.670000 0.496667 0.670000
19 0.242222 0.976667 0.196667 0.985556 0.190000 0.950000 0.233333 0.940000
19 0.201111 0.938889 0.157778 0.947778 0.148889 0.907778 0.194444 0.898889
19 0.146667 0.831111 0.110000 0.837778 0.104444 0.791111 0.140000 0.785556
12 0.230000 0.784444 0.174444 0.791111 0.170000 0.744444 0.224444 0.738889
12 0.216667 0.694444 0.164444 0.694444 0.164444 0.646667 0.216667 0.646667
19 0.188889 0.630000 0.153333 0.643333 0.143333 0.616667 0.178889 0.604444
13 0.002222 0.751111 -0.002824 0.694597 0.061111 0.688889 0.066157 0.745403
13 0.073333 0.831111 0.007778 0.837778 0.002222 0.781111 0.066667 0.774444
33 0.050000 0.956667 -0.017778 0.903333 0.034591 0.836782 0.102368 0.890115
