23 0.148000 0.345500 0.174000 0.410000 0.184500 0.406500 0.157500 0.342000
23 0.169000 0.347500 0.195000 0.412000 0.204500 0.407500 0.178500 0.343000
23 0.236500 0.300000 0.159500 0.330500 0.163000 0.338500 0.240000 0.308000
2 0.174000 0.323500 0.222000 0.305500 0.220000 0.297500 0.171000 0.316500
2 0.250000 0.337500 0.280500 0.415500 0.292000 0.411000 0.261500 0.332500
2 0.276500 0.326000 0.304500 0.401000 0.319000 0.395500 0.290000 0.321500
28 0.004500 0.391500 0.017000 0.392000 0.018000 0.388500 0.004500 0.387500
28 0.016000 0.388500 0.035500 0.384000 0.033500 0.379000 0.015000 0.382500
28 0.014000 0.382500 0.034500 0.378000 0.033500 0.373500 0.013000 0.378000
28 0.137500 0.362500 0.128500 0.342000 0.122000 0.345000 0.130500 0.365500
28 0.116000 0.350000 0.124000 0.372500 0.132500 0.370000 0.124000 0.346500
2 0.128500 0.373500 0.146000 0.414500 0.156500 0.410000 0.139000 0.370000
2 0.124000 0.386000 0.139000 0.419000 0.147000 0.415500 0.131500 0.382500
22 0.291000 0.415500 0.307500 0.451000 0.321000 0.444000 0.304500 0.409000
28 0.010500 0.463500 0.035500 0.479000 0.039000 0.473500 0.013000 0.459000
28 0.007500 0.468000 0.032500 0.484000 0.035500 0.479000 0.010500 0.463500
28 0.005500 0.472500 0.029500 0.486000 0.031500 0.482500 0.007500 0.469000
28 0.046000 0.484000 0.068000 0.497500 0.071000 0.494000 0.048000 0.479500
28 0.042000 0.487500 0.065000 0.502000 0.067000 0.497500 0.044000 0.483000
28 0.062500 0.499500 0.043000 0.488500 0.041000 0.492000 0.060500 0.503000
28 0.092000 0.519000 0.075500 0.509000 0.073000 0.512500 0.089000 0.523500
28 0.097000 0.525000 0.117000 0.534000 0.119000 0.529500 0.098000 0.520500
28 0.121000 0.542000 0.099000 0.531500 0.096000 0.537500 0.119000 0.547500
28 0.073000 0.522500 0.088000 0.530500 0.090000 0.527000 0.075000 0.519000
28 0.120000 0.536000 0.093000 0.523500 0.091000 0.529000 0.118000 0.541500
28 0.036500 0.562500 0.049000 0.565500 0.050000 0.562500 0.036500 0.560000
28 0.036500 0.560000 0.050500 0.562500 0.050500 0.559000 0.036500 0.556500
28 0.036500 0.556500 0.050500 0.559000 0.050500 0.556500 0.036500 0.554000
28 0.028500 0.552000 0.053500 0.557500 0.055500 0.552000 0.030500 0.545500
28 0.022000 0.618000 0.052500 0.632500 0.055500 0.627000 0.024000 0.612500
2 0.013000 0.625000 0.049000 0.641500 0.053500 0.632500 0.017000 0.616500
28 0.060500 0.660000 0.059500 0.679500 0.064000 0.679500 0.064000 0.660000
18 0.102500 0.671500 0.093000 0.695000 0.102500 0.699500 0.113000 0.675000
18 0.122000 0.655500 0.127500 0.636000 0.124000 0.635000 0.119000 0.654500
18 0.113000 0.677000 0.117000 0.667000 0.115000 0.666500 0.110500 0.676000
22 0.131500 0.673500 0.148000 0.625000 0.133500 0.620500 0.117000 0.668000
2 0.137500 0.674500 0.144000 0.650000 0.139000 0.648500 0.131500 0.672500
2 0.159500 0.628000 0.141000 0.682500 0.158500 0.688500 0.177500 0.634000
2 0.183500 0.631500 0.162500 0.689500 0.176500 0.695000 0.198000 0.637000
22 0.192000 0.648500 0.177500 0.697500 0.192000 0.702000 0.206500 0.653000
28 0.205500 0.656500 0.193000 0.698500 0.202500 0.701000 0.214000 0.659000
2 0.225500 0.643000 0.210500 0.712500 0.227500 0.715500 0.242000 0.646500
2 0.268000 0.678000 0.249000 0.721500 0.259500 0.726000 0.278500 0.682500
28 0.254500 0.752000 0.239000 0.786000 0.248000 0.790500 0.264000 0.756500
28 0.296000 0.764500 0.278500 0.804000 0.290000 0.809000 0.306500 0.769000
28 0.306500 0.768000 0.289000 0.809000 0.298000 0.812500 0.316000 0.772500
28 0.318000 0.772500 0.300500 0.813500 0.309500 0.817000 0.327500 0.777000
28 0.325000 0.787000 0.311500 0.819000 0.320000 0.822500 0.333500 0.790500
28 0.337500 0.783000 0.320000 0.822500 0.330500 0.827000 0.348000 0.788500
28 0.375000 0.800000 0.358500 0.839500 0.369000 0.844000 0.384500 0.804500
28 0.383500 0.808000 0.369000 0.845000 0.377500 0.848500 0.392000 0.812000
28 0.395000 0.806500 0.375500 0.846500 0.386500 0.852000 0.405500 0.811000
28 0.410500 0.818000 0.394000 0.855500 0.404500 0.861000 0.421000 0.822500
28 0.474000 0.894000 0.492000 0.901000 0.494000 0.896500 0.475500 0.889500
22 0.510500 0.959000 0.539000 0.900000 0.525000 0.894000 0.497000 0.952000
28 0.535500 0.938500 0.520000 0.979500 0.531500 0.984000 0.547000 0.943000
28 0.590000 0.996500 0.549000 0.979000 0.544000 0.990500 0.585000 1.008000
28 0.591000 0.986000 0.552500 0.968000 0.548000 0.978000 0.586500 0.996500
28 0.601500 0.995500 0.620000 0.956500 0.608500 0.952000 0.591000 0.990500
28 0.629500 0.901000 0.611500 0.943000 0.623000 0.947500 0.641000 0.905500
28 0.659500 0.947500 0.667000 0.920000 0.662500 0.919000 0.654500 0.946500
28 0.655500 0.944000 0.662500 0.920000 0.656500 0.919000 0.650500 0.943000
28 0.656500 0.902000 0.663000 0.886000 0.659500 0.884000 0.653500 0.900000
28 0.664000 0.917000 0.673000 0.897500 0.669000 0.896500 0.659500 0.915500
28 0.669000 0.920000 0.679500 0.898500 0.674000 0.895500 0.664000 0.917000
28 0.658500 0.907500 0.667000 0.889500 0.663000 0.887500 0.654500 0.906500
28 0.729500 0.947500 0.712500 0.986000 0.722000 0.990500 0.739000 0.952000
28 0.839000 0.961000 0.830500 0.986000 0.836500 0.988500 0.845000 0.962500
28 0.858500 0.946500 0.836500 0.987500 0.848000 0.994000 0.869000 0.953000
2 0.907500 0.635000 0.798000 0.585000 0.789000 0.604500 0.898000 0.654500
22 0.752500 0.565500 0.723000 0.552000 0.718000 0.563500 0.747000 0.577000
28 0.757500 0.573500 0.782500 0.584000 0.784500 0.579500 0.759500 0.568000
28 0.751500 0.578000 0.783500 0.592000 0.786500 0.586000 0.754500 0.571500
0 0.831500 0.853000 0.866000 0.845000 0.864000 0.837500 0.829500 0.845000
2 0.575000 0.770500 0.544000 0.759000 0.542000 0.766500 0.572000 0.778000
2 0.505500 0.793000 0.480500 0.774500 0.476500 0.779500 0.500500 0.798500
24 0.468000 0.779500 0.459500 0.774500 0.457500 0.778000 0.466000 0.782500
2 0.543000 0.665500 0.509500 0.613500 0.500000 0.620000 0.532500 0.671500
28 0.668000 0.534000 0.686500 0.544000 0.689000 0.538500 0.671000 0.529500
28 0.665000 0.539500 0.682500 0.550000 0.685500 0.545000 0.668000 0.534000
7 0.650500 0.549500 0.655500 0.537000 0.651500 0.535000 0.647000 0.547500
28 0.630500 0.545000 0.646000 0.553000 0.648000 0.548500 0.632500 0.541500
28 0.604500 0.536000 0.629500 0.546500 0.631500 0.540500 0.606500 0.530500
28 0.602500 0.542000 0.625500 0.551000 0.627500 0.545000 0.604500 0.536000
28 0.589000 0.548500 0.581500 0.581500 0.588000 0.582500 0.595000 0.550000
18 0.581500 0.544000 0.574000 0.572500 0.583500 0.575000 0.591000 0.546500
28 0.515000 0.488500 0.540000 0.500000 0.543000 0.493000 0.518000 0.482500
28 0.552500 0.490500 0.522000 0.478000 0.520000 0.484000 0.550000 0.496500
28 0.531500 0.432500 0.515000 0.468000 0.523000 0.472500 0.540000 0.436000
28 0.523000 0.437000 0.508500 0.468000 0.514000 0.470500 0.528500 0.439500
7 0.544000 0.421500 0.540000 0.430500 0.543000 0.431500 0.547000 0.422500
22 0.460500 0.380500 0.490000 0.391500 0.493000 0.380500 0.464000 0.370000
24 0.471000 0.392000 0.489000 0.397500 0.491000 0.391500 0.473000 0.385000
24 0.470000 0.399500 0.489000 0.404500 0.490000 0.397500 0.472000 0.393000
24 0.470000 0.405500 0.485500 0.409000 0.486500 0.403000 0.471000 0.400000
24 0.450500 0.390500 0.468000 0.397500 0.471000 0.389500 0.453500 0.383000
24 0.456500 0.386000 0.470000 0.390500 0.472000 0.385000 0.457500 0.380500
18 0.457500 0.377000 0.449000 0.384000 0.451500 0.386000 0.459500 0.380500
23 0.386500 0.461000 0.408500 0.520500 0.419000 0.517000 0.397000 0.457500
2 0.375500 0.466500 0.398000 0.523500 0.408500 0.519000 0.386500 0.462000
2 0.418000 0.352000 0.429500 0.394000 0.439000 0.392000 0.427500 0.349500
28 0.392000 0.384000 0.408500 0.427000 0.418000 0.423500 0.401500 0.380500
23 0.358500 0.388500 0.381500 0.451000 0.393000 0.446500 0.370000 0.385000
28 0.381500 0.388500 0.398000 0.429500 0.407500 0.426000 0.391000 0.384000
22 0.125000 0.399500 0.134000 0.419500 0.138000 0.418000 0.129000 0.397500
2 1.005500 0.679500 0.966500 0.661500 0.958500 0.680000 0.997000 0.697500
22 0.248500 0.724000 0.274000 0.666000 0.253500 0.657500 0.228000 0.715500
9 0.944500 0.307500 0.948500 0.299000 0.960000 0.305000 0.956000 0.313000
