14 0.990000 0.501667 0.928750 0.501667 1.238333 0.368333 1.320000 0.368333
14 0.908750 0.503333 0.847500 0.503333 1.131667 0.370000 1.211667 0.370000
14 0.765000 0.503333 0.703750 0.503333 0.940000 0.368333 1.020000 0.368333
14 0.685000 0.368333 0.683750 0.503333 0.831667 0.503333 0.831667 0.368333
14 0.988750 0.285000 0.927500 0.285000 1.236667 0.150000 1.318333 0.150000
14 0.910000 0.285000 0.847500 0.285000 1.130000 0.150000 1.213333 0.150000
14 0.765000 0.150000 0.763750 0.283333 0.938333 0.283333 0.940000 0.150000
14 0.685000 0.285000 0.623750 0.285000 0.831667 0.150000 0.913333 0.150000
32 0.120000 0.110000 0.118750 0.286667 0.000000 0.285000 0.000000 0.108333
6 0.652500 0.900000 0.641250 0.898333 0.855000 0.875000 0.870000 0.876667
6 0.653750 0.938333 0.642500 0.940000 0.855000 0.915000 0.870000 0.913333
6 0.990000 0.925000 0.962500 0.923333 1.283333 0.911667 1.320000 0.911667
