4 0.255000 0.043333 0.246250 0.045000 0.326667 0.018333 0.338333 0.016667
4 0.297500 0.056667 0.288750 0.056667 0.381667 0.025000 0.395000 0.023333
6 0.253750 0.073333 0.242500 0.071667 0.325000 0.045000 0.338333 0.045000
4 0.298750 0.085000 0.288750 0.085000 0.383333 0.065000 0.396667 0.065000
4 0.252500 0.100000 0.242500 0.100000 0.323333 0.073333 0.336667 0.073333
6 0.297500 0.121667 0.287500 0.121667 0.383333 0.091667 0.396667 0.091667
4 0.251250 0.133333 0.240000 0.133333 0.320000 0.103333 0.335000 0.103333
6 0.248750 0.178333 0.247500 0.201667 0.318333 0.201667 0.320000 0.176667
4 0.251250 0.145000 0.250000 0.175000 0.318333 0.175000 0.320000 0.145000
4 0.297500 0.156667 0.286250 0.156667 0.381667 0.126667 0.396667 0.126667
4 0.296250 0.188333 0.285000 0.188333 0.380000 0.161667 0.395000 0.161667
4 0.296250 0.188333 0.295000 0.218333 0.380000 0.218333 0.380000 0.188333
9 0.298750 0.328333 0.236250 0.330000 0.313333 0.250000 0.396667 0.246667
6 0.275000 0.330000 0.247500 0.331667 0.330000 0.316667 0.366667 0.316667
6 0.481250 0.251667 0.455000 0.253333 0.606667 0.240000 0.640000 0.238333
5 0.425000 0.253333 0.390000 0.255000 0.520000 0.238333 0.566667 0.236667
6 0.387500 0.253333 0.361250 0.255000 0.480000 0.241667 0.515000 0.240000
6 0.356250 0.256667 0.326250 0.256667 0.435000 0.241667 0.473333 0.241667
6 0.352500 0.283333 0.325000 0.283333 0.433333 0.268333 0.470000 0.268333
4 0.427500 0.435000 0.400000 0.436667 0.533333 0.423333 0.568333 0.420000
6 0.460000 0.433333 0.432500 0.435000 0.575000 0.420000 0.613333 0.418333
5 0.528750 0.326667 0.505000 0.326667 0.673333 0.310000 0.705000 0.310000
4 0.696250 0.030000 0.685000 0.031667 0.911667 0.008333 0.926667 0.008333
6 0.767500 0.078333 0.766250 0.106667 1.006667 0.106667 1.008333 0.076667
6 0.766250 0.136667 0.755000 0.136667 1.006667 0.110000 1.021667 0.110000
4 0.765000 0.205000 0.753750 0.205000 1.005000 0.176667 1.020000 0.176667
4 0.773750 0.320000 0.755000 0.320000 1.006667 0.305000 1.031667 0.305000
4 0.803750 0.320000 0.775000 0.320000 1.033333 0.308333 1.070000 0.308333
4 0.832500 0.318333 0.806250 0.320000 1.075000 0.306667 1.110000 0.305000
4 0.820000 0.245000 0.791250 0.246667 1.055000 0.233333 1.091667 0.233333
6 0.865000 0.245000 0.836250 0.245000 1.115000 0.231667 1.153333 0.231667
6 0.850000 0.303333 0.848750 0.318333 1.118333 0.318333 1.118333 0.303333
6 0.941250 0.303333 0.940000 0.315000 1.210000 0.313333 1.211667 0.303333
4 0.977500 0.318333 0.953750 0.316667 1.271667 0.301667 1.303333 0.303333
6 0.977500 0.243333 0.947500 0.243333 1.263333 0.230000 1.303333 0.230000
6 0.803750 0.406667 0.793750 0.406667 1.058333 0.378333 1.071667 0.378333
6 0.663750 0.435000 0.632500 0.435000 0.843333 0.418333 0.885000 0.418333
3 0.696250 0.458333 0.681250 0.461667 0.900000 0.411667 0.918333 0.408333
5 0.732500 0.420000 0.718750 0.420000 0.955000 0.385000 0.973333 0.383333
4 0.731250 0.448333 0.718750 0.448333 0.958333 0.421667 0.973333 0.420000
4 0.733750 0.485000 0.722500 0.485000 0.961667 0.455000 0.978333 0.455000
6 0.222500 0.425000 0.211250 0.426667 0.280000 0.396667 0.295000 0.395000
6 0.222500 0.395000 0.211250 0.395000 0.280000 0.363333 0.296667 0.363333
6 0.207500 0.396667 0.195000 0.398333 0.258333 0.366667 0.275000 0.366667
6 0.207500 0.425000 0.197500 0.425000 0.261667 0.396667 0.275000 0.396667
6 0.176250 0.423333 0.166250 0.423333 0.220000 0.393333 0.235000 0.393333
6 0.147500 0.426667 0.136250 0.428333 0.181667 0.396667 0.195000 0.395000
4 0.196250 0.333333 0.170000 0.333333 0.225000 0.320000 0.261667 0.320000
4 0.128750 0.333333 0.106250 0.333333 0.141667 0.320000 0.170000 0.320000
11 0.115000 0.385000 0.113750 0.420000 0.135000 0.418333 0.136667 0.383333
6 0.100000 0.385000 0.098750 0.416667 0.115000 0.416667 0.116667 0.385000
4 0.082500 0.411667 0.071250 0.411667 0.095000 0.385000 0.110000 0.385000
4 0.087500 0.331667 0.070000 0.333333 0.093333 0.321667 0.116667 0.321667
6 0.027500 0.335000 0.008750 0.335000 0.011667 0.323333 0.036667 0.321667
4 0.065000 0.333333 0.050000 0.333333 0.066667 0.320000 0.086667 0.320000
4 0.068750 0.391667 0.067500 0.425000 0.073333 0.423333 0.073333 0.391667
6 0.052500 0.395000 0.051250 0.423333 0.051667 0.421667 0.053333 0.393333
4 0.037500 0.411667 0.026250 0.411667 0.035000 0.380000 0.050000 0.380000
4 0.022500 0.416667 0.011250 0.418333 0.013333 0.385000 0.028333 0.385000
4 0.206250 0.250000 0.205000 0.263333 0.238333 0.263333 0.238333 0.248333
4 0.143750 0.266667 0.116250 0.266667 0.155000 0.251667 0.191667 0.251667
4 0.072500 0.266667 0.045000 0.266667 0.060000 0.251667 0.096667 0.251667
4 0.040000 0.265000 0.012500 0.268333 0.016667 0.255000 0.053333 0.251667
