3 1.000000 0.076000 0.972000 0.078000 0.972000 0.067000 1.000000 0.065000
11 0.920000 0.033000 0.911000 0.041000 0.894000 0.022000 0.902000 0.014000
14 0.860000 0.272000 0.812000 0.280000 0.791000 0.201000 0.839000 0.195000
14 0.796000 0.282000 0.746000 0.290000 0.725000 0.212000 0.774000 0.204000
14 0.718000 0.294000 0.670000 0.302000 0.649000 0.226000 0.697000 0.215000
14 0.653000 0.306000 0.606000 0.313000 0.586000 0.236000 0.632000 0.227000
14 0.576000 0.318000 0.529000 0.327000 0.508000 0.249000 0.555000 0.240000
14 0.513000 0.330000 0.464000 0.337000 0.444000 0.259000 0.491000 0.250000
5 0.951000 0.561000 0.945000 0.570000 0.923000 0.557000 0.928000 0.548000
5 0.930000 0.566000 0.926000 0.575000 0.904000 0.565000 0.908000 0.556000
4 0.900000 0.570000 0.894000 0.577000 0.883000 0.567000 0.889000 0.560000
