4 0.243000 0.302000 0.238000 0.317000 0.229000 0.314000 0.234000 0.298000
6 0.478000 0.180000 0.456000 0.188000 0.454000 0.180000 0.476000 0.172000
5 0.543000 0.153000 0.519000 0.164000 0.515000 0.155000 0.540000 0.145000
4 0.501000 0.210000 0.485000 0.217000 0.482000 0.211000 0.499000 0.204000
4 0.505000 0.218000 0.489000 0.222000 0.488000 0.216000 0.504000 0.212000
6 0.599000 0.259000 0.592000 0.262000 0.584000 0.246000 0.592000 0.243000
4 0.045000 0.974000 0.024000 0.979000 0.022000 0.971000 0.043000 0.966000
6 0.928000 0.814000 0.905000 0.817000 0.904000 0.808000 0.927000 0.806000
4 0.205000 0.747000 0.198000 0.749000 0.194000 0.739000 0.200000 0.736000
4 0.575000 0.981000 0.566000 0.983000 0.563000 0.972000 0.572000 0.970000
5 0.592000 0.985000 0.583000 0.989000 0.575000 0.965000 0.583000 0.962000
4 0.615000 0.985000 0.594000 0.984000 0.594000 0.978000 0.615000 0.978000
