12 0.911250 0.135000 0.867500 0.181667 1.105000 0.116667 1.161667 0.070000
19 0.853750 0.200000 0.816250 0.236667 1.045000 0.178333 1.095000 0.141667
19 0.969195 0.485798 0.932500 0.420000 1.301646 0.376639 1.350573 0.442437
12 0.947500 0.515000 0.902500 0.560000 1.153333 0.491667 1.213333 0.446667
19 0.810000 0.465000 0.760000 0.491667 0.986667 0.423333 1.055000 0.398333
12 0.697500 0.363333 0.651250 0.406667 0.820000 0.338333 0.880000 0.295000
12 0.643750 0.418333 0.598750 0.463333 0.748333 0.398333 0.808333 0.351667
12 0.445000 0.671667 0.401250 0.718333 0.483333 0.653333 0.540000 0.606667
12 0.676250 0.798333 0.632500 0.845000 0.791667 0.778333 0.850000 0.731667
33 0.200000 0.691667 0.123750 0.771667 0.086667 0.671667 0.190000 0.591667
