6 0.185000 0.673333 0.173750 0.680000 0.216667 0.648333 0.231667 0.641667
6 0.050000 0.971667 0.040000 0.976667 0.041667 0.953333 0.055000 0.946667
32 0.736250 0.330000 0.556250 0.406667 0.671667 0.191667 0.911667 0.113333
6 0.475000 0.936667 0.465000 0.941667 0.610000 0.913333 0.623333 0.908333
6 0.590000 0.940000 0.580000 0.946667 0.758333 0.911667 0.771667 0.905000
5 0.916250 0.568333 0.903750 0.575000 1.193333 0.538333 1.210000 0.533333
5 0.946250 0.545000 0.936250 0.550000 1.238333 0.525000 1.250000 0.518333
6 0.960000 0.538333 0.950000 0.543333 1.256667 0.520000 1.270000 0.513333
6 0.975000 0.535000 0.963750 0.540000 1.276667 0.513333 1.291667 0.510000
3 0.898750 0.786667 0.882500 0.796667 1.128333 0.696667 1.150000 0.686667
5 0.988750 0.903333 0.956250 0.918333 1.270000 0.901667 1.313333 0.886667
6 0.901250 0.936667 0.872500 0.950000 1.160000 0.936667 1.196667 0.923333
5 0.821250 0.953333 0.792500 0.965000 1.050000 0.945000 1.090000 0.933333
