4 0.123333 0.495000 0.108333 0.495000 0.080000 0.472500 0.092500 0.471250
4 0.463333 0.917500 0.448333 0.917500 0.335000 0.900000 0.346250 0.900000
4 0.835000 0.953750 0.820000 0.955000 0.613750 0.935000 0.626250 0.933750
6 0.766667 0.916250 0.748333 0.916250 0.561250 0.896250 0.575000 0.896250
6 0.763333 0.857500 0.751667 0.858750 0.562500 0.843750 0.571250 0.842500
6 0.835000 0.880000 0.820000 0.880000 0.613750 0.858750 0.626250 0.858750
4 0.788333 0.841250 0.773333 0.841250 0.580000 0.820000 0.591250 0.820000
4 0.761667 0.738750 0.746667 0.740000 0.558750 0.718750 0.571250 0.717500
6 0.756667 0.715000 0.743333 0.715000 0.557500 0.698750 0.567500 0.697500
9 0.861667 0.598750 0.726667 0.598750 0.545000 0.513750 0.646250 0.513750
6 0.838333 0.520000 0.821667 0.520000 0.615000 0.502500 0.627500 0.502500
6 0.838333 0.472500 0.820000 0.473750 0.613750 0.456250 0.627500 0.455000
6 0.836667 0.450000 0.821667 0.450000 0.616250 0.436250 0.627500 0.436250
6 0.838333 0.422500 0.823333 0.422500 0.616250 0.402500 0.628750 0.402500
6 0.123333 0.518750 0.106667 0.520000 0.080000 0.497500 0.092500 0.497500
4 0.120000 0.466250 0.103333 0.466250 0.077500 0.446250 0.090000 0.446250
6 0.128333 0.440000 0.110000 0.440000 0.081250 0.415000 0.096250 0.415000
16 0.506667 0.147500 0.460000 0.147500 0.345000 0.137500 0.380000 0.137500
9 0.156667 0.582500 0.046667 0.582500 0.035000 0.535000 0.117500 0.533750
4 0.080000 0.463750 0.060000 0.465000 0.043750 0.443750 0.058750 0.442500
6 0.120000 0.663750 0.096667 0.665000 0.071250 0.638750 0.088750 0.637500
6 0.075000 0.843750 0.058333 0.845000 0.043750 0.826250 0.055000 0.826250
6 0.761667 0.038750 0.745000 0.038750 0.558750 0.028750 0.571250 0.028750
4 0.836667 0.375000 0.823333 0.375000 0.617500 0.356250 0.627500 0.356250
4 0.838333 0.400000 0.821667 0.400000 0.616250 0.380000 0.628750 0.380000
6 0.380000 0.577500 0.340000 0.578750 0.255000 0.567500 0.285000 0.567500
