20 0.275000 0.115000 0.160977 0.069726 0.165733 -0.015274 0.251250 0.030000
17 0.048837 0.236687 -0.013333 0.215000 0.015000 0.161250 0.061628 0.182937
13 0.203333 0.213750 0.160000 0.275000 0.065000 0.246250 0.097500 0.185000
19 0.419427 0.000000 0.381667 0.036250 0.245644 0.004526 0.249180 -0.000000
19 0.460765 0.040028 0.420765 0.041278 0.313854 0.000000 0.343906 0.000000
19 0.518333 0.063750 0.465000 0.063750 0.348750 0.026250 0.388750 0.026250
19 0.505000 0.088750 0.485000 0.113750 0.330000 0.093750 0.343750 0.068750
19 0.438333 0.180000 0.416667 0.212500 0.273750 0.192500 0.291250 0.161250
35 0.754510 0.000000 0.698552 0.071346 0.438750 0.021250 0.451250 0.000000
19 0.635000 0.088750 0.606667 0.136250 0.423750 0.122500 0.445000 0.075000
13 0.670000 0.245000 0.585000 0.273750 0.417500 0.225000 0.481250 0.197500
17 0.520000 0.272500 0.483333 0.316250 0.320000 0.288750 0.347500 0.246250
17 0.571667 0.323750 0.528333 0.362500 0.362500 0.333750 0.396250 0.295000
35 0.843333 0.243750 0.781667 0.325000 0.507500 0.281250 0.553750 0.200000
13 0.235000 0.488750 0.183333 0.527500 0.088750 0.477500 0.126250 0.440000
13 0.168333 0.537500 0.115000 0.572500 0.042500 0.521250 0.082500 0.486250
19 0.943333 0.552500 0.920768 0.503985 0.745000 0.485000 0.761924 0.533515
17 0.991667 0.415000 0.917838 0.389559 0.709628 0.343309 0.765000 0.368750
