9 0.638333 0.495000 0.446667 0.496250 0.335000 0.458750 0.478750 0.457500
4 0.086667 0.820000 0.068333 0.836250 0.045000 0.830000 0.057500 0.815000
4 0.125000 0.825000 0.106667 0.841250 0.073750 0.836250 0.086250 0.820000
6 0.060000 0.878750 0.046667 0.881250 0.031250 0.863750 0.041250 0.861250
4 0.103333 0.877500 0.093333 0.881250 0.058750 0.863750 0.066250 0.858750
4 0.120000 0.873750 0.111667 0.876250 0.076250 0.858750 0.082500 0.856250
4 0.150000 0.877500 0.138333 0.881250 0.095000 0.862500 0.103750 0.858750
4 0.260000 0.765000 0.251667 0.771250 0.173750 0.752500 0.180000 0.747500
6 0.240000 0.736250 0.230000 0.737500 0.171250 0.718750 0.178750 0.717500
4 0.275000 0.758750 0.266667 0.763750 0.187500 0.748750 0.193750 0.743750
4 0.300000 0.793750 0.283333 0.810000 0.203750 0.803750 0.216250 0.787500
4 0.341667 0.792500 0.323333 0.807500 0.235000 0.801250 0.248750 0.785000
4 0.341667 0.718750 0.340000 0.738750 0.245000 0.738750 0.246250 0.718750
6 0.375000 0.680000 0.361667 0.681250 0.271250 0.662500 0.280000 0.662500
4 0.613333 0.820000 0.596667 0.836250 0.440000 0.830000 0.452500 0.813750
6 0.631667 0.887500 0.620000 0.903750 0.455000 0.898750 0.463750 0.882500
6 0.720000 0.883750 0.705000 0.903750 0.520000 0.898750 0.531250 0.878750
4 0.750000 0.872500 0.740000 0.878750 0.540000 0.861250 0.548750 0.855000
4 0.586667 0.938750 0.576667 0.943750 0.420000 0.927500 0.427500 0.922500
4 0.768333 0.946250 0.755000 0.952500 0.552500 0.931250 0.562500 0.925000
4 0.785000 0.943750 0.776667 0.948750 0.572500 0.931250 0.578750 0.926250
4 0.790000 0.976250 0.775000 0.976250 0.581250 0.953750 0.592500 0.953750
4 0.808333 0.975000 0.795000 0.975000 0.595000 0.955000 0.606250 0.953750
4 0.856667 0.943750 0.841667 0.943750 0.631250 0.925000 0.642500 0.925000
6 0.878333 0.943750 0.865000 0.943750 0.648750 0.925000 0.657500 0.925000
4 0.991667 0.943750 0.976667 0.946250 0.727500 0.925000 0.738750 0.922500
6 0.841667 0.538750 0.830000 0.540000 0.618750 0.517500 0.628750 0.516250
5 0.961667 0.272500 0.913333 0.272500 0.685000 0.260000 0.721250 0.260000
6 0.861667 0.283750 0.855000 0.292500 0.615000 0.276250 0.620000 0.267500
4 0.778333 0.283750 0.771667 0.290000 0.561250 0.275000 0.566250 0.268750
4 0.755000 0.286250 0.746667 0.292500 0.541250 0.276250 0.546250 0.270000
4 0.725000 0.283750 0.718333 0.288750 0.520000 0.276250 0.523750 0.270000
6 0.831667 0.313750 0.810000 0.313750 0.608750 0.307500 0.623750 0.307500
4 0.596667 0.468750 0.595000 0.476250 0.420000 0.475000 0.420000 0.468750
5 0.466667 0.278750 0.451667 0.280000 0.337500 0.256250 0.348750 0.256250
5 0.411667 0.327500 0.395000 0.327500 0.296250 0.307500 0.307500 0.306250
6 0.390000 0.327500 0.373333 0.327500 0.281250 0.305000 0.292500 0.305000
4 0.370000 0.357500 0.356667 0.357500 0.267500 0.336250 0.277500 0.336250
5 0.363333 0.280000 0.348333 0.280000 0.261250 0.255000 0.272500 0.255000
5 0.575000 0.271250 0.556667 0.271250 0.417500 0.243750 0.431250 0.243750
4 0.633333 0.236250 0.616667 0.236250 0.462500 0.217500 0.475000 0.216250
5 0.631667 0.198750 0.613333 0.198750 0.460000 0.173750 0.473750 0.173750
4 0.631667 0.111250 0.630000 0.130000 0.462500 0.130000 0.462500 0.111250
4 0.570000 0.023750 0.553333 0.023750 0.415000 0.000000 0.427500 0.000000
