12 0.165000 0.402500 0.156667 0.461250 0.053750 0.453750 0.060000 0.396250
20 0.203333 0.627500 0.086667 0.641250 0.050000 0.546250 0.136250 0.532500
12 0.333333 0.572500 0.271667 0.607500 0.163750 0.553750 0.210000 0.520000
12 0.356667 0.423750 0.345000 0.481250 0.195000 0.471250 0.203750 0.413750
12 0.350000 0.356250 0.338333 0.412500 0.190000 0.402500 0.198750 0.346250
12 0.360000 0.282500 0.350000 0.338750 0.197500 0.331250 0.205000 0.273750
19 0.375000 0.202500 0.355000 0.263750 0.213750 0.251250 0.228750 0.190000
19 0.713333 0.356250 0.686667 0.376250 0.487500 0.350000 0.508750 0.328750
19 0.818333 0.422500 0.776667 0.441250 0.567500 0.415000 0.597500 0.396250
17 0.503333 0.640000 0.426667 0.641250 0.318750 0.580000 0.376250 0.578750
