6 0.061667 0.455000 0.020000 0.455000 0.015000 0.446250 0.046250 0.446250
6 0.111667 0.453750 0.075000 0.456250 0.055000 0.447500 0.083750 0.445000
6 0.083333 0.420000 0.066667 0.420000 0.050000 0.412500 0.062500 0.412500
6 0.133333 0.420000 0.100000 0.420000 0.076250 0.412500 0.100000 0.412500
6 0.181667 0.421250 0.145000 0.421250 0.108750 0.412500 0.136250 0.412500
6 0.243333 0.420000 0.210000 0.420000 0.157500 0.413750 0.182500 0.413750
6 0.311667 0.421250 0.278333 0.421250 0.208750 0.411250 0.233750 0.411250
5 0.306667 0.455000 0.271667 0.456250 0.203750 0.448750 0.230000 0.447500
4 0.248333 0.456250 0.211667 0.456250 0.158750 0.447500 0.186250 0.447500
9 0.616667 0.881250 0.561667 0.961250 0.327500 0.912500 0.368750 0.832500
4 0.606667 0.753750 0.591667 0.775000 0.433750 0.770000 0.445000 0.748750
6 0.415000 0.863750 0.381667 0.863750 0.286250 0.855000 0.311250 0.855000
6 0.571667 0.680000 0.570000 0.687500 0.403750 0.681250 0.405000 0.673750
6 0.486667 0.486250 0.470000 0.486250 0.352500 0.466250 0.363750 0.466250
6 0.381667 0.863750 0.355000 0.863750 0.266250 0.856250 0.285000 0.855000
