1 0.063000 0.214000 0.061000 0.202000 -0.014000 0.214000 -0.012000 0.225000
22 0.245000 0.159000 0.393000 0.128000 0.388000 0.104000 0.240000 0.136000
22 0.337000 0.142000 0.275000 0.154000 0.280000 0.179000 0.342000 0.166000
2 0.349000 0.165000 0.288000 0.177000 0.290000 0.188000 0.352000 0.176000
0 0.379000 0.096000 0.445000 0.087000 0.443000 0.074000 0.378000 0.083000
2 0.454000 0.088000 0.523000 0.076000 0.521000 0.066000 0.453000 0.078000
0 0.966000 0.027000 0.900000 0.035000 0.901000 0.047000 0.967000 0.039000
2 0.923000 0.543000 0.782000 0.567000 0.786000 0.590000 0.927000 0.566000
22 0.097000 0.173000 0.011000 0.188000 0.015000 0.209000 0.100000 0.195000
18 0.142000 0.181000 0.105000 0.186000 0.107000 0.194000 0.143000 0.189000
18 0.140000 0.174000 0.105000 0.180000 0.106000 0.186000 0.141000 0.181000
18 0.139000 0.166000 0.104000 0.172000 0.105000 0.179000 0.140000 0.174000
22 0.154000 0.194000 0.201000 0.185000 0.195000 0.156000 0.149000 0.165000
