5 0.777000 0.074000 0.768000 0.078000 0.759000 0.062000 0.768000 0.057000
6 0.727000 0.096000 0.720000 0.110000 0.712000 0.107000 0.721000 0.092000
5 0.827000 0.096000 0.804000 0.104000 0.801000 0.097000 0.825000 0.089000
6 0.790000 0.122000 0.772000 0.128000 0.770000 0.121000 0.787000 0.115000
4 0.787000 0.135000 0.769000 0.142000 0.767000 0.135000 0.785000 0.129000
6 0.750000 0.122000 0.727000 0.130000 0.726000 0.123000 0.747000 0.115000
6 0.701000 0.166000 0.684000 0.171000 0.682000 0.165000 0.699000 0.160000
4 0.664000 0.167000 0.650000 0.173000 0.648000 0.166000 0.662000 0.160000
5 0.696000 0.233000 0.670000 0.239000 0.667000 0.231000 0.695000 0.225000
4 0.731000 0.224000 0.714000 0.228000 0.712000 0.221000 0.730000 0.216000
4 0.769000 0.219000 0.746000 0.220000 0.746000 0.213000 0.768000 0.212000
6 0.795000 0.222000 0.778000 0.221000 0.778000 0.214000 0.795000 0.215000
4 0.832000 0.203000 0.826000 0.207000 0.817000 0.193000 0.824000 0.189000
4 0.825000 0.226000 0.823000 0.232000 0.806000 0.225000 0.808000 0.219000
4 0.847000 0.228000 0.840000 0.232000 0.830000 0.216000 0.837000 0.212000
4 0.850000 0.206000 0.843000 0.210000 0.832000 0.195000 0.838000 0.190000
5 0.869000 0.212000 0.861000 0.216000 0.853000 0.198000 0.861000 0.194000
4 0.865000 0.234000 0.858000 0.237000 0.850000 0.221000 0.856000 0.217000
6 0.860000 0.252000 0.854000 0.256000 0.845000 0.243000 0.852000 0.239000
6 0.894000 0.232000 0.886000 0.236000 0.879000 0.222000 0.887000 0.218000
6 0.885000 0.244000 0.877000 0.248000 0.869000 0.231000 0.876000 0.227000
4 0.900000 0.272000 0.894000 0.275000 0.887000 0.261000 0.892000 0.258000
4 0.888000 0.276000 0.881000 0.281000 0.870000 0.262000 0.877000 0.258000
4 0.667000 0.315000 0.661000 0.319000 0.654000 0.307000 0.660000 0.303000
4 0.697000 0.303000 0.692000 0.307000 0.682000 0.294000 0.689000 0.290000
4 0.740000 0.289000 0.733000 0.293000 0.725000 0.278000 0.731000 0.275000
5 0.821000 0.275000 0.815000 0.282000 0.798000 0.269000 0.802000 0.262000
6 0.796000 0.291000 0.775000 0.299000 0.772000 0.291000 0.794000 0.284000
4 0.798000 0.299000 0.781000 0.306000 0.779000 0.299000 0.796000 0.293000
4 0.804000 0.307000 0.786000 0.313000 0.784000 0.307000 0.802000 0.301000
6 0.828000 0.305000 0.824000 0.311000 0.808000 0.299000 0.811000 0.294000
6 0.912000 0.322000 0.906000 0.326000 0.897000 0.311000 0.903000 0.308000
4 0.925000 0.352000 0.919000 0.358000 0.907000 0.345000 0.915000 0.339000
4 0.925000 0.375000 0.917000 0.379000 0.909000 0.362000 0.917000 0.358000
6 0.947000 0.385000 0.940000 0.389000 0.932000 0.376000 0.937000 0.372000
4 0.937000 0.398000 0.930000 0.402000 0.921000 0.385000 0.928000 0.381000
4 0.947000 0.416000 0.940000 0.420000 0.930000 0.404000 0.937000 0.400000
4 0.961000 0.408000 0.955000 0.412000 0.947000 0.399000 0.952000 0.395000
4 0.967000 0.380000 0.961000 0.384000 0.952000 0.369000 0.959000 0.365000
4 0.994000 0.421000 0.988000 0.425000 0.979000 0.410000 0.986000 0.407000
4 0.945000 0.467000 0.929000 0.472000 0.927000 0.465000 0.943000 0.460000
4 0.884000 0.487000 0.867000 0.494000 0.865000 0.489000 0.882000 0.482000
4 0.842000 0.482000 0.836000 0.485000 0.827000 0.468000 0.834000 0.464000
4 0.807000 0.515000 0.790000 0.521000 0.787000 0.514000 0.805000 0.509000
4 0.681000 0.562000 0.664000 0.568000 0.661000 0.560000 0.678000 0.554000
6 0.702000 0.554000 0.686000 0.559000 0.682000 0.552000 0.700000 0.547000
6 0.742000 0.539000 0.724000 0.545000 0.722000 0.539000 0.741000 0.533000
4 0.765000 0.575000 0.748000 0.581000 0.746000 0.575000 0.763000 0.568000
4 0.729000 0.587000 0.711000 0.594000 0.708000 0.588000 0.726000 0.581000
4 0.652000 0.616000 0.633000 0.622000 0.631000 0.614000 0.651000 0.608000
4 0.637000 0.694000 0.630000 0.697000 0.622000 0.682000 0.630000 0.679000
4 0.570000 0.673000 0.565000 0.676000 0.556000 0.662000 0.561000 0.659000
4 0.577000 0.692000 0.572000 0.694000 0.566000 0.683000 0.572000 0.680000
4 0.492000 0.851000 0.474000 0.857000 0.472000 0.851000 0.490000 0.844000
4 0.493000 0.867000 0.477000 0.872000 0.475000 0.867000 0.491000 0.862000
5 0.471000 0.878000 0.450000 0.887000 0.447000 0.880000 0.468000 0.871000
5 0.451000 0.865000 0.423000 0.872000 0.420000 0.863000 0.449000 0.856000
4 0.984000 0.778000 0.966000 0.783000 0.965000 0.777000 0.982000 0.772000
6 0.991000 0.737000 0.985000 0.741000 0.978000 0.728000 0.984000 0.725000
4 0.714000 0.931000 0.708000 0.934000 0.699000 0.919000 0.706000 0.916000
4 0.745000 0.884000 0.738000 0.888000 0.729000 0.871000 0.736000 0.868000
6 0.739000 0.790000 0.734000 0.793000 0.729000 0.782000 0.734000 0.780000
6 0.718000 0.769000 0.714000 0.775000 0.702000 0.767000 0.706000 0.761000
6 0.676000 0.769000 0.670000 0.771000 0.664000 0.757000 0.669000 0.754000
4 0.666000 0.750000 0.660000 0.754000 0.652000 0.740000 0.659000 0.737000
4 0.273000 0.986000 0.267000 0.989000 0.260000 0.977000 0.266000 0.973000
16 0.329000 0.975000 0.321000 0.980000 0.311000 0.962000 0.320000 0.958000
6 0.314000 0.951000 0.308000 0.955000 0.299000 0.942000 0.305000 0.937000
5 0.308000 0.959000 0.287000 0.969000 0.284000 0.962000 0.304000 0.952000
6 0.295000 0.947000 0.282000 0.952000 0.280000 0.947000 0.293000 0.941000
6 0.242000 0.929000 0.235000 0.933000 0.227000 0.917000 0.234000 0.914000
6 0.184000 0.926000 0.177000 0.930000 0.169000 0.915000 0.175000 0.911000
4 0.231000 0.911000 0.225000 0.915000 0.216000 0.898000 0.223000 0.895000
6 0.193000 0.987000 0.177000 0.993000 0.175000 0.986000 0.191000 0.980000
4 0.131000 0.928000 0.111000 0.929000 0.110000 0.922000 0.131000 0.921000
4 0.121000 0.914000 0.102000 0.919000 0.099000 0.912000 0.118000 0.906000
6 0.216000 0.822000 0.201000 0.828000 0.199000 0.821000 0.214000 0.815000
4 0.253000 0.838000 0.234000 0.843000 0.233000 0.836000 0.252000 0.831000
6 0.141000 0.813000 0.136000 0.816000 0.128000 0.803000 0.134000 0.799000
4 0.033000 0.836000 0.017000 0.842000 0.015000 0.836000 0.031000 0.830000
4 0.025000 0.794000 0.006000 0.799000 0.006000 0.794000 0.024000 0.789000
4 0.056000 0.784000 0.036000 0.791000 0.033000 0.785000 0.054000 0.778000
4 0.130000 0.730000 0.123000 0.733000 0.117000 0.720000 0.123000 0.716000
6 0.120000 0.711000 0.113000 0.714000 0.104000 0.698000 0.111000 0.695000
6 0.192000 0.735000 0.175000 0.742000 0.171000 0.735000 0.189000 0.728000
4 0.137000 0.674000 0.120000 0.680000 0.118000 0.673000 0.135000 0.667000
4 0.175000 0.661000 0.155000 0.668000 0.152000 0.661000 0.171000 0.654000
6 0.050000 0.688000 0.045000 0.691000 0.036000 0.678000 0.041000 0.674000
5 0.031000 0.654000 0.023000 0.659000 0.014000 0.642000 0.021000 0.638000
4 0.066000 0.620000 0.060000 0.623000 0.054000 0.610000 0.060000 0.607000
4 0.021000 0.636000 0.014000 0.640000 0.005000 0.623000 0.012000 0.619000
4 0.076000 0.635000 0.069000 0.639000 0.061000 0.624000 0.068000 0.620000
4 0.044000 0.580000 0.036000 0.583000 0.030000 0.567000 0.038000 0.564000
4 0.034000 0.560000 0.029000 0.563000 0.021000 0.552000 0.027000 0.549000
4 0.023000 0.543000 0.017000 0.546000 0.009000 0.531000 0.015000 0.528000
4 0.386000 0.711000 0.362000 0.719000 0.360000 0.711000 0.382000 0.703000
4 0.441000 0.691000 0.423000 0.698000 0.420000 0.692000 0.438000 0.684000
4 0.510000 0.666000 0.492000 0.671000 0.490000 0.664000 0.507000 0.659000
4 0.527000 0.649000 0.510000 0.655000 0.508000 0.649000 0.525000 0.643000
4 0.523000 0.589000 0.517000 0.593000 0.507000 0.578000 0.513000 0.574000
6 0.572000 0.579000 0.565000 0.582000 0.559000 0.568000 0.566000 0.565000
4 0.555000 0.551000 0.549000 0.554000 0.541000 0.539000 0.547000 0.535000
4 0.480000 0.518000 0.472000 0.521000 0.466000 0.506000 0.472000 0.503000
4 0.526000 0.496000 0.517000 0.500000 0.510000 0.485000 0.517000 0.481000
6 0.516000 0.479000 0.509000 0.483000 0.501000 0.466000 0.508000 0.463000
4 0.181000 0.549000 0.174000 0.552000 0.168000 0.536000 0.175000 0.533000
4 0.106000 0.477000 0.096000 0.480000 0.095000 0.475000 0.104000 0.472000
6 0.165000 0.427000 0.150000 0.431000 0.149000 0.426000 0.163000 0.422000
4 0.207000 0.412000 0.190000 0.417000 0.188000 0.411000 0.205000 0.405000
6 0.234000 0.402000 0.216000 0.408000 0.215000 0.402000 0.231000 0.396000
6 0.260000 0.393000 0.240000 0.400000 0.237000 0.394000 0.258000 0.387000
4 0.303000 0.354000 0.287000 0.359000 0.284000 0.350000 0.300000 0.345000
4 0.309000 0.374000 0.293000 0.381000 0.291000 0.375000 0.306000 0.368000
4 0.462000 0.375000 0.453000 0.375000 0.453000 0.358000 0.462000 0.358000
4 0.466000 0.392000 0.460000 0.394000 0.456000 0.379000 0.462000 0.377000
4 0.505000 0.392000 0.498000 0.396000 0.491000 0.382000 0.498000 0.378000
4 0.517000 0.390000 0.510000 0.393000 0.502000 0.377000 0.510000 0.373000
4 0.521000 0.431000 0.515000 0.433000 0.512000 0.420000 0.517000 0.418000
4 0.542000 0.424000 0.536000 0.426000 0.530000 0.412000 0.536000 0.409000
4 0.555000 0.420000 0.547000 0.423000 0.541000 0.409000 0.547000 0.406000
4 0.572000 0.413000 0.567000 0.416000 0.559000 0.403000 0.564000 0.400000
4 0.582000 0.409000 0.576000 0.412000 0.567000 0.398000 0.573000 0.395000
6 0.601000 0.403000 0.595000 0.407000 0.587000 0.394000 0.592000 0.390000
6 0.558000 0.375000 0.551000 0.379000 0.543000 0.364000 0.550000 0.360000
4 0.572000 0.370000 0.565000 0.373000 0.558000 0.361000 0.565000 0.357000
6 0.582000 0.365000 0.574000 0.368000 0.569000 0.358000 0.577000 0.354000
4 0.592000 0.362000 0.585000 0.365000 0.580000 0.352000 0.587000 0.349000
6 0.637000 0.377000 0.631000 0.381000 0.622000 0.367000 0.628000 0.363000
6 0.646000 0.347000 0.637000 0.350000 0.632000 0.337000 0.640000 0.333000
4 0.654000 0.338000 0.648000 0.342000 0.642000 0.333000 0.649000 0.329000
6 0.666000 0.379000 0.660000 0.383000 0.652000 0.368000 0.658000 0.364000
4 0.493000 0.295000 0.477000 0.302000 0.474000 0.295000 0.490000 0.288000
4 0.532000 0.270000 0.511000 0.276000 0.509000 0.269000 0.529000 0.262000
4 0.589000 0.265000 0.571000 0.269000 0.569000 0.263000 0.588000 0.259000
4 0.600000 0.271000 0.581000 0.279000 0.579000 0.273000 0.598000 0.265000
6 0.029000 0.367000 0.011000 0.375000 0.008000 0.368000 0.026000 0.360000
6 0.124000 0.314000 0.117000 0.318000 0.109000 0.302000 0.116000 0.298000
4 0.158000 0.321000 0.141000 0.325000 0.139000 0.318000 0.156000 0.314000
4 0.284000 0.276000 0.266000 0.281000 0.264000 0.275000 0.282000 0.269000
6 0.352000 0.192000 0.348000 0.195000 0.339000 0.180000 0.344000 0.177000
6 0.341000 0.170000 0.334000 0.173000 0.325000 0.156000 0.332000 0.153000
6 0.365000 0.137000 0.339000 0.146000 0.336000 0.138000 0.362000 0.129000
4 0.356000 0.095000 0.337000 0.103000 0.335000 0.095000 0.352000 0.087000
6 0.424000 0.073000 0.408000 0.079000 0.406000 0.073000 0.422000 0.067000
6 0.469000 0.097000 0.466000 0.102000 0.450000 0.091000 0.454000 0.086000
4 0.505000 0.068000 0.490000 0.070000 0.489000 0.063000 0.504000 0.062000
6 0.531000 0.109000 0.511000 0.111000 0.510000 0.104000 0.530000 0.101000
6 0.540000 0.132000 0.520000 0.138000 0.517000 0.130000 0.537000 0.124000
6 0.530000 0.123000 0.516000 0.129000 0.513000 0.124000 0.527000 0.118000
4 0.496000 0.123000 0.487000 0.127000 0.479000 0.111000 0.487000 0.107000
4 0.266000 0.133000 0.260000 0.137000 0.252000 0.122000 0.258000 0.119000
5 0.257000 0.117000 0.251000 0.121000 0.243000 0.106000 0.250000 0.102000
4 0.310000 0.110000 0.304000 0.113000 0.296000 0.097000 0.303000 0.094000
4 0.299000 0.087000 0.291000 0.091000 0.282000 0.074000 0.290000 0.070000
4 0.281000 0.055000 0.272000 0.059000 0.263000 0.040000 0.273000 0.036000
6 0.228000 0.066000 0.222000 0.070000 0.215000 0.057000 0.221000 0.054000
4 0.250000 0.018000 0.242000 0.002000 0.248000 -0.001000 0.256000 0.015000
4 0.737000 0.070000 0.733000 0.083000 0.727000 0.082000 0.730000 0.069000
6 0.675000 0.047000 0.673000 0.053000 0.655000 0.046000 0.658000 0.040000
6 0.754000 0.033000 0.747000 0.036000 0.740000 0.020000 0.747000 0.017000
4 0.572000 0.003000 0.561000 0.004000 0.561000 0.000000 0.571000 0.000000
3 0.581000 0.031000 0.562000 0.034000 0.561000 0.022000 0.579000 0.019000
4 0.399000 0.029000 0.392000 0.032000 0.386000 0.020000 0.393000 0.016000
4 0.864000 0.107000 0.847000 0.112000 0.845000 0.106000 0.862000 0.101000
4 0.870000 0.094000 0.853000 0.100000 0.851000 0.094000 0.868000 0.088000
4 0.912000 0.063000 0.894000 0.069000 0.891000 0.062000 0.909000 0.056000
6 0.933000 0.067000 0.919000 0.073000 0.916000 0.068000 0.930000 0.061000
4 0.941000 0.077000 0.924000 0.083000 0.922000 0.078000 0.939000 0.071000
6 0.982000 0.061000 0.964000 0.069000 0.962000 0.063000 0.980000 0.055000
4 0.995000 0.041000 0.977000 0.048000 0.974000 0.042000 0.992000 0.035000
6 1.000000 0.024000 0.986000 0.030000 0.983000 0.023000 1.000000 0.017000
4 0.891000 0.529000 0.873000 0.536000 0.871000 0.528000 0.889000 0.522000
4 0.877000 0.627000 0.870000 0.630000 0.864000 0.614000 0.871000 0.611000
4 0.811000 0.711000 0.802000 0.715000 0.795000 0.699000 0.802000 0.695000
9 0.735000 0.998000 0.717000 0.956000 0.784000 0.928000 0.802000 0.971000
9 0.166000 0.787000 0.092000 0.812000 0.077000 0.767000 0.150000 0.742000
9 0.606000 0.635000 0.541000 0.661000 0.519000 0.604000 0.585000 0.578000
5 0.734000 0.468000 0.726000 0.472000 0.715000 0.452000 0.722000 0.447000
4 0.734000 0.445000 0.726000 0.448000 0.722000 0.435000 0.730000 0.433000
4 0.585000 0.074000 0.579000 0.079000 0.569000 0.065000 0.575000 0.060000
9 0.466000 0.325000 0.367000 0.375000 0.305000 0.252000 0.403000 0.202000
9 0.902000 0.170000 0.780000 0.223000 0.725000 0.096000 0.847000 0.042000
6 0.228000 0.722000 0.208000 0.728000 0.206000 0.720000 0.226000 0.714000
