0 0.804462 1.000240 0.796667 0.960000 0.745403 0.938510 0.751250 0.978750
2 0.478333 0.918750 0.335000 0.943750 0.248750 0.928750 0.356250 0.903750
2 0.563333 0.746250 0.538333 0.760000 0.365000 0.695000 0.386250 0.683750
2 0.515000 0.678750 0.486667 0.690000 0.336250 0.641250 0.355000 0.630000
7 0.393333 0.755000 0.376667 0.761250 0.258750 0.723750 0.271250 0.717500
28 0.346667 0.692500 0.330000 0.698750 0.225000 0.661250 0.237500 0.655000
7 0.390000 0.637500 0.378333 0.641250 0.266250 0.610000 0.273750 0.606250
7 0.331667 0.646250 0.320000 0.650000 0.227500 0.630000 0.236250 0.625000
18 0.435000 0.617500 0.425000 0.621250 0.306250 0.600000 0.313750 0.596250
18 0.445000 0.612500 0.435000 0.616250 0.315000 0.595000 0.322500 0.591250
18 0.456667 0.608750 0.446667 0.612500 0.322500 0.591250 0.331250 0.587500
