7 0.188750 0.086667 0.173750 0.101667 0.221667 0.090000 0.246667 0.075000
18 0.247500 0.186667 0.242500 0.188333 0.305000 0.158333 0.315000 0.155000
7 0.250000 0.173333 0.246250 0.176667 0.318333 0.153333 0.326667 0.148333
1 0.300000 0.145000 0.257500 0.170000 0.336667 0.153333 0.388333 0.128333
7 0.328750 0.133333 0.320000 0.140000 0.418333 0.111667 0.426667 0.105000
2 0.793750 0.676667 0.781250 0.685000 1.023333 0.598333 1.041667 0.591667
2 0.816250 0.668333 0.793750 0.673333 1.040000 0.563333 1.070000 0.561667
7 0.146250 0.101667 0.128750 0.116667 0.165000 0.105000 0.185000 0.090000
7 0.312500 0.140000 0.306250 0.143333 0.400000 0.115000 0.408333 0.111667
7 0.320000 0.133333 0.312500 0.136667 0.410000 0.108333 0.416667 0.105000
7 0.371250 0.103333 0.361250 0.108333 0.470000 0.080000 0.485000 0.075000
8 0.400000 0.116667 0.385000 0.126667 0.463333 0.011667 0.483333 0.001667
