4 0.392500 0.310000 0.368750 0.315000 0.490000 0.305000 0.521667 0.300000
6 0.363750 0.318333 0.340000 0.321667 0.451667 0.308333 0.485000 0.306667
6 0.486250 0.353333 0.461250 0.355000 0.615000 0.341667 0.646667 0.340000
4 0.350000 0.375000 0.330000 0.380000 0.436667 0.370000 0.465000 0.363333
4 0.212500 0.340000 0.191250 0.343333 0.253333 0.330000 0.281667 0.326667
6 0.296250 0.383333 0.270000 0.388333 0.358333 0.376667 0.391667 0.371667
4 0.276250 0.353333 0.251250 0.358333 0.333333 0.346667 0.365000 0.341667
4 0.263750 0.390000 0.242500 0.395000 0.321667 0.383333 0.350000 0.380000
4 0.210000 0.401667 0.180000 0.406667 0.236667 0.393333 0.278333 0.388333
4 0.157500 0.350000 0.135000 0.355000 0.178333 0.343333 0.208333 0.338333
4 0.131250 0.356667 0.107500 0.358333 0.141667 0.346667 0.173333 0.345000
4 0.100000 0.365000 0.077500 0.368333 0.101667 0.353333 0.131667 0.350000
4 0.072500 0.366667 0.052500 0.368333 0.070000 0.356667 0.095000 0.353333
4 0.060000 0.383333 0.038750 0.388333 0.050000 0.376667 0.078333 0.371667
6 0.077500 0.423333 0.056250 0.428333 0.071667 0.415000 0.101667 0.410000
4 0.048750 0.428333 0.026250 0.431667 0.035000 0.418333 0.061667 0.415000
4 0.130000 0.505000 0.120000 0.506667 0.156667 0.485000 0.170000 0.483333
6 0.140000 0.610000 0.127500 0.611667 0.161667 0.581667 0.181667 0.578333
6 0.436250 0.406667 0.425000 0.426667 0.555000 0.418333 0.571667 0.398333
4 0.491250 0.406667 0.486250 0.418333 0.618333 0.401667 0.626667 0.390000
6 0.727500 0.446667 0.702500 0.451667 0.935000 0.438333 0.968333 0.433333
4 0.301250 0.586667 0.281250 0.590000 0.373333 0.578333 0.400000 0.575000
6 0.342500 0.618333 0.333750 0.620000 0.441667 0.596667 0.455000 0.595000
6 0.358750 0.616667 0.346250 0.620000 0.456667 0.590000 0.471667 0.586667
4 0.301250 0.758333 0.281250 0.761667 0.375000 0.750000 0.400000 0.746667
4 0.305000 0.770000 0.285000 0.773333 0.378333 0.763333 0.405000 0.760000
4 0.365000 0.763333 0.343750 0.766667 0.456667 0.753333 0.486667 0.750000
4 0.981250 0.933333 0.977500 0.948333 1.271667 0.938333 1.278333 0.921667
6 0.768750 0.555000 0.746250 0.560000 0.993333 0.550000 1.025000 0.546667
6 0.796250 0.608333 0.788750 0.608333 1.050000 0.586667 1.061667 0.586667
6 0.800000 0.640000 0.791250 0.641667 1.051667 0.611667 1.061667 0.610000
4 0.818750 0.663333 0.808750 0.665000 1.076667 0.636667 1.086667 0.635000
6 0.950000 0.793333 0.927500 0.800000 1.236667 0.786667 1.263333 0.780000
6 0.096250 0.990000 0.075000 0.995000 0.096667 0.980000 0.126667 0.975000
6 0.147500 0.931667 0.123750 0.933333 0.165000 0.920000 0.196667 0.920000
4 0.163750 0.978333 0.145000 0.983333 0.191667 0.970000 0.215000 0.966667
4 0.231250 0.916667 0.213750 0.920000 0.283333 0.906667 0.306667 0.903333
4 0.293750 0.953333 0.277500 0.956667 0.368333 0.943333 0.390000 0.940000
6 0.430000 0.931667 0.408750 0.936667 0.541667 0.925000 0.571667 0.920000
6 0.506250 0.918333 0.486250 0.926667 0.643333 0.911667 0.670000 0.903333
4 0.665000 0.893333 0.642500 0.896667 0.856667 0.885000 0.886667 0.881667
6 0.650000 0.843333 0.630000 0.848333 0.836667 0.836667 0.861667 0.831667
9 0.870000 0.855000 0.808750 0.865000 1.070000 0.798333 1.151667 0.788333
4 0.251250 0.198333 0.242500 0.200000 0.320000 0.178333 0.330000 0.176667
4 0.265000 0.200000 0.255000 0.200000 0.340000 0.178333 0.353333 0.178333
4 0.061250 0.170000 0.038750 0.175000 0.050000 0.161667 0.080000 0.158333
4 0.055000 0.185000 0.040000 0.186667 0.053333 0.176667 0.071667 0.175000
4 0.056250 0.200000 0.043750 0.201667 0.055000 0.190000 0.073333 0.186667
4 0.091250 0.095000 0.081250 0.098333 0.103333 0.068333 0.116667 0.065000
6 0.152500 0.076667 0.142500 0.078333 0.186667 0.056667 0.201667 0.055000
6 0.177500 0.075000 0.167500 0.076667 0.221667 0.056667 0.236667 0.055000
6 0.093750 0.045000 0.086250 0.053333 0.096667 0.031667 0.106667 0.023333
4 0.050000 0.096667 0.032500 0.098333 0.041667 0.086667 0.065000 0.085000
6 0.192500 0.116667 0.181250 0.121667 0.235000 0.103333 0.248333 0.098333
6 0.205000 0.115000 0.196250 0.116667 0.258333 0.100000 0.271667 0.098333
6 0.218750 0.113333 0.210000 0.116667 0.276667 0.101667 0.286667 0.100000
6 0.215000 0.143333 0.206250 0.150000 0.260000 0.123333 0.271667 0.116667
4 0.435000 0.275000 0.425000 0.278333 0.561667 0.253333 0.575000 0.251667
6 0.450000 0.275000 0.440000 0.278333 0.578333 0.255000 0.591667 0.250000
4 0.462500 0.273333 0.452500 0.276667 0.595000 0.248333 0.608333 0.245000
4 0.476250 0.270000 0.467500 0.273333 0.616667 0.250000 0.628333 0.246667
6 0.556250 0.283333 0.537500 0.285000 0.715000 0.273333 0.741667 0.271667
4 0.627500 0.271667 0.602500 0.273333 0.803333 0.261667 0.836667 0.258333
6 0.631250 0.290000 0.608750 0.293333 0.810000 0.281667 0.840000 0.276667
4 0.618750 0.326667 0.598750 0.333333 0.796667 0.321667 0.821667 0.316667
4 0.675000 0.318333 0.657500 0.321667 0.875000 0.310000 0.900000 0.306667
6 0.701250 0.313333 0.680000 0.318333 0.905000 0.306667 0.933333 0.301667
4 0.732500 0.308333 0.711250 0.311667 0.948333 0.300000 0.975000 0.298333
4 0.716250 0.086667 0.690000 0.088333 0.920000 0.076667 0.953333 0.075000
4 0.765000 0.191667 0.753750 0.195000 0.998333 0.168333 1.011667 0.165000
4 0.761250 0.161667 0.750000 0.165000 0.996667 0.136667 1.011667 0.135000
4 0.806250 0.118333 0.795000 0.120000 1.058333 0.093333 1.073333 0.093333
6 0.810000 0.176667 0.796250 0.178333 1.061667 0.148333 1.080000 0.148333
9 0.822500 0.306667 0.761250 0.315000 1.006667 0.231667 1.086667 0.223333
4 0.787500 0.481667 0.777500 0.485000 1.031667 0.460000 1.046667 0.458333
6 0.831250 0.438333 0.826250 0.450000 1.075000 0.435000 1.081667 0.423333
4 0.846250 0.616667 0.836250 0.618333 1.111667 0.598333 1.125000 0.596667
4 0.782500 0.420000 0.771250 0.421667 1.025000 0.395000 1.040000 0.393333
4 0.780000 0.393333 0.768750 0.393333 1.023333 0.370000 1.036667 0.370000
4 0.808750 0.363333 0.798750 0.363333 1.061667 0.336667 1.076667 0.335000
4 0.823750 0.358333 0.815000 0.360000 1.085000 0.338333 1.096667 0.336667
6 0.827500 0.385000 0.817500 0.386667 1.086667 0.363333 1.100000 0.361667
4 0.646250 0.196667 0.636250 0.200000 0.841667 0.175000 0.855000 0.171667
4 0.887500 0.456667 0.876250 0.478333 1.156667 0.471667 1.173333 0.450000
4 0.910000 0.448333 0.897500 0.473333 1.183333 0.463333 1.201667 0.438333
4 0.927500 0.445000 0.918750 0.473333 1.210000 0.468333 1.220000 0.438333
6 0.966250 0.433333 0.956250 0.436667 1.270000 0.408333 1.285000 0.406667
4 0.865000 0.393333 0.852500 0.395000 1.136667 0.376667 1.151667 0.375000
4 0.890000 0.386667 0.880000 0.390000 1.166667 0.363333 1.181667 0.360000
4 0.913750 0.375000 0.902500 0.376667 1.200000 0.348333 1.213333 0.345000
4 0.927500 0.373333 0.917500 0.376667 1.218333 0.346667 1.231667 0.343333
4 0.962500 0.353333 0.952500 0.355000 1.266667 0.330000 1.280000 0.328333
4 0.971250 0.338333 0.962500 0.340000 1.280000 0.313333 1.291667 0.311667
6 0.995000 0.323333 0.985000 0.325000 1.310000 0.303333 1.321667 0.301667
4 0.995000 0.265000 0.977500 0.268333 1.301667 0.255000 1.323333 0.251667
4 0.941250 0.270000 0.932500 0.273333 1.241667 0.261667 1.253333 0.260000
5 0.855000 0.196667 0.845000 0.200000 1.115000 0.166667 1.130000 0.161667
6 0.868750 0.185000 0.858750 0.186667 1.143333 0.166667 1.155000 0.165000
6 0.866250 0.046667 0.845000 0.051667 1.125000 0.038333 1.153333 0.033333
6 0.841250 0.053333 0.821250 0.056667 1.093333 0.045000 1.120000 0.041667
6 0.798750 0.040000 0.788750 0.041667 1.050000 0.016667 1.061667 0.016667
6 0.766250 0.031667 0.755000 0.033333 1.005000 0.008333 1.020000 0.006667
6 0.748750 0.025000 0.738750 0.026667 0.981667 0.003333 0.995000 0.000000
