6 0.520000 0.475000 0.518333 0.485000 0.361250 0.481250 0.362500 0.471250
4 0.215000 0.576250 0.186667 0.576250 0.140000 0.568750 0.161250 0.568750
6 0.223333 0.555000 0.221667 0.563750 0.148750 0.561250 0.150000 0.552500
4 0.190000 0.562500 0.155000 0.563750 0.115000 0.555000 0.142500 0.553750
11 0.241667 0.663750 0.228333 0.665000 0.170000 0.653750 0.180000 0.652500
11 0.221667 0.643750 0.218333 0.670000 0.152500 0.668750 0.153750 0.642500
6 0.046667 0.660000 0.011667 0.660000 0.008750 0.652500 0.035000 0.652500
4 0.050000 0.650000 0.016667 0.650000 0.012500 0.641250 0.037500 0.641250
5 0.310000 0.823750 0.273333 0.823750 0.205000 0.815000 0.232500 0.815000
6 0.300000 0.836250 0.271667 0.836250 0.203750 0.827500 0.225000 0.827500
5 0.308333 0.848750 0.270000 0.848750 0.202500 0.837500 0.231250 0.838750
4 0.268333 0.987500 0.256667 0.987500 0.192500 0.965000 0.201250 0.965000
4 0.265000 0.955000 0.250000 0.955000 0.188750 0.933750 0.198750 0.933750
4 0.246667 0.955000 0.233333 0.956250 0.173750 0.935000 0.183750 0.933750
4 0.223333 0.935000 0.221667 0.955000 0.156250 0.955000 0.157500 0.935000
11 0.098333 0.965000 0.096667 0.987500 0.062500 0.986250 0.063750 0.963750
6 0.136667 0.966250 0.133333 0.987500 0.090000 0.986250 0.092500 0.965000
5 0.160000 0.966250 0.148333 0.986250 0.101250 0.981250 0.111250 0.961250
4 0.173333 0.963750 0.168333 0.987500 0.116250 0.986250 0.120000 0.962500
5 0.198333 0.966250 0.188333 0.988750 0.131250 0.985000 0.138750 0.962500
4 0.218333 0.966250 0.210000 0.987500 0.147500 0.985000 0.152500 0.962500
6 0.235000 0.966250 0.230000 0.987500 0.162500 0.986250 0.165000 0.963750
6 0.251667 0.967500 0.250000 0.986250 0.177500 0.985000 0.180000 0.966250
6 0.826667 0.453750 0.795000 0.453750 0.596250 0.443750 0.618750 0.443750
4 0.713333 0.527500 0.681667 0.527500 0.511250 0.517500 0.535000 0.517500
6 0.761667 0.530000 0.730000 0.530000 0.547500 0.521250 0.571250 0.521250
4 0.820000 0.512500 0.790000 0.512500 0.592500 0.503750 0.615000 0.503750
6 0.818333 0.518750 0.816667 0.527500 0.585000 0.527500 0.585000 0.517500
4 0.871667 0.513750 0.836667 0.513750 0.627500 0.506250 0.653750 0.506250
3 0.886667 0.528750 0.843333 0.530000 0.631250 0.521250 0.665000 0.518750
5 0.933333 0.513750 0.895000 0.515000 0.671250 0.506250 0.698750 0.505000
4 0.940000 0.525000 0.908333 0.526250 0.680000 0.517500 0.705000 0.517500
6 1.000000 0.513750 0.980000 0.513750 0.735000 0.505000 0.750000 0.505000
5 0.993333 0.527500 0.961667 0.526250 0.722500 0.518750 0.745000 0.520000
9 0.555000 0.501250 0.550000 0.590000 0.278750 0.585000 0.282500 0.496250
