6 0.960000 0.856250 0.945000 0.856250 0.708750 0.832500 0.720000 0.832500
5 0.963333 0.800000 0.961667 0.827500 0.710000 0.827500 0.711250 0.800000
4 0.831667 0.825000 0.791667 0.825000 0.593750 0.816250 0.623750 0.816250
4 0.823333 0.813750 0.791667 0.812500 0.595000 0.803750 0.617500 0.805000
4 0.860000 0.880000 0.858333 0.905000 0.633750 0.905000 0.633750 0.880000
6 0.718333 0.712500 0.688333 0.712500 0.516250 0.705000 0.538750 0.706250
4 0.498333 0.755000 0.463333 0.753750 0.347500 0.745000 0.373750 0.746250
4 0.591667 0.900000 0.578333 0.900000 0.433750 0.881250 0.443750 0.881250
4 0.481667 0.910000 0.473333 0.928750 0.345000 0.925000 0.351250 0.906250
4 0.513333 0.695000 0.511667 0.703750 0.358750 0.702500 0.358750 0.693750
4 0.305000 0.758750 0.303333 0.777500 0.218750 0.777500 0.218750 0.758750
5 0.218333 0.955000 0.168333 0.951250 0.127500 0.942500 0.163750 0.946250
6 0.125000 0.980000 0.111667 0.980000 0.083750 0.960000 0.093750 0.960000
6 0.151667 0.291250 0.143333 0.298750 0.086250 0.278750 0.092500 0.272500
