17 0.168333 0.190000 0.160000 0.243750 0.065000 0.237500 0.070000 0.183750
13 0.203333 0.422500 0.111667 0.423750 0.082500 0.371250 0.152500 0.370000
19 0.186667 0.468750 0.181667 0.505000 0.105000 0.501250 0.108750 0.465000
19 0.750000 0.015000 0.746667 0.037500 0.535000 0.036250 0.537500 0.012500
19 0.915000 0.033750 0.913333 0.058750 0.663750 0.057500 0.665000 0.032500
19 0.748333 0.132500 0.723333 0.148750 0.526250 0.130000 0.545000 0.113750
19 0.681667 0.450000 0.651667 0.448750 0.490000 0.432500 0.511250 0.433750
19 0.730000 0.437500 0.706667 0.436250 0.531250 0.426250 0.547500 0.427500
19 0.763333 0.438750 0.738333 0.437500 0.555000 0.425000 0.572500 0.426250
19 0.778333 0.442500 0.776667 0.452500 0.565000 0.451250 0.565000 0.441250
19 0.810000 0.445000 0.808333 0.457500 0.588750 0.457500 0.590000 0.443750
19 0.860000 0.437500 0.858333 0.447500 0.627500 0.446250 0.628750 0.435000
19 0.878333 0.450000 0.875000 0.465000 0.636250 0.463750 0.638750 0.447500
19 0.890000 0.515000 0.866667 0.530000 0.636250 0.515000 0.653750 0.498750
19 0.836667 0.512500 0.811667 0.530000 0.597500 0.517500 0.616250 0.500000
19 0.770000 0.503750 0.746667 0.520000 0.546250 0.503750 0.563750 0.488750
19 0.646667 0.570000 0.620000 0.586250 0.448750 0.567500 0.470000 0.550000
19 0.706667 0.568750 0.696667 0.576250 0.510000 0.566250 0.517500 0.557500
19 0.735000 0.573750 0.731667 0.587500 0.532500 0.583750 0.533750 0.571250
19 0.755000 0.586250 0.733333 0.586250 0.550000 0.573750 0.566250 0.573750
19 0.791667 0.575000 0.778333 0.591250 0.571250 0.582500 0.582500 0.567500
19 0.825000 0.586250 0.798333 0.585000 0.600000 0.572500 0.618750 0.572500
19 0.610000 0.665000 0.575000 0.665000 0.431250 0.638750 0.457500 0.638750
19 0.655000 0.611250 0.653333 0.630000 0.463750 0.627500 0.465000 0.610000
19 0.695000 0.616250 0.691667 0.641250 0.492500 0.638750 0.495000 0.613750
19 0.730000 0.620000 0.728333 0.642500 0.523750 0.641250 0.526250 0.618750
19 0.793333 0.630000 0.791667 0.646250 0.571250 0.645000 0.571250 0.628750
19 0.825000 0.633750 0.823333 0.651250 0.596250 0.650000 0.597500 0.631250
19 0.823333 0.607500 0.820000 0.626250 0.601250 0.625000 0.603750 0.606250
19 0.861667 0.612500 0.850000 0.621250 0.626250 0.610000 0.635000 0.601250
19 0.865000 0.597500 0.848333 0.610000 0.626250 0.600000 0.638750 0.588750
19 0.860000 0.626250 0.841667 0.638750 0.622500 0.630000 0.635000 0.617500
19 0.770000 0.681250 0.768333 0.707500 0.551250 0.705000 0.552500 0.680000
19 0.653333 0.672500 0.651667 0.697500 0.462500 0.695000 0.465000 0.670000
19 0.735000 0.748750 0.706667 0.766250 0.515000 0.746250 0.536250 0.730000
