6 0.331667 0.288750 0.290000 0.291250 0.217500 0.281250 0.247500 0.280000
3 0.753333 0.486250 0.751667 0.498750 0.512500 0.497500 0.512500 0.485000
3 0.601667 0.335000 0.600000 0.346250 0.407500 0.341250 0.410000 0.328750
4 0.581667 0.363750 0.548333 0.363750 0.412500 0.355000 0.436250 0.355000
4 0.578333 0.378750 0.546667 0.376250 0.411250 0.368750 0.433750 0.371250
6 0.580000 0.392500 0.545000 0.390000 0.410000 0.380000 0.435000 0.382500
4 0.580000 0.395000 0.578333 0.405000 0.405000 0.403750 0.405000 0.393750
6 0.578333 0.420000 0.546667 0.418750 0.410000 0.410000 0.433750 0.411250
4 0.691667 0.395000 0.676667 0.396250 0.506250 0.371250 0.517500 0.370000
3 0.636667 0.602500 0.618333 0.602500 0.463750 0.576250 0.477500 0.576250
4 0.635000 0.658750 0.598333 0.657500 0.448750 0.648750 0.476250 0.650000
4 0.641667 0.672500 0.611667 0.672500 0.458750 0.663750 0.481250 0.665000
6 0.815000 0.950000 0.783333 0.951250 0.586250 0.940000 0.611250 0.940000
6 0.200000 0.970000 0.168333 0.972500 0.125000 0.963750 0.150000 0.961250
6 0.053333 0.963750 0.020000 0.963750 0.013750 0.953750 0.040000 0.953750
