6 0.936000 0.104000 0.934000 0.112000 0.915000 0.107000 0.917000 0.099000
5 0.750000 0.045000 0.748000 0.052000 0.728000 0.045000 0.730000 0.038000
6 0.770000 0.004000 0.768000 0.010000 0.753000 0.005000 0.754000 0.000000
6 0.607000 0.012000 0.605000 0.020000 0.585000 0.016000 0.587000 0.007000
5 0.111000 0.000000 0.105000 0.016000 0.097000 0.013000 0.102000 0.000000
6 0.103000 0.017000 0.097000 0.033000 0.091000 0.031000 0.097000 0.015000
5 0.049000 0.059000 0.042000 0.078000 0.034000 0.075000 0.040000 0.056000
4 0.030000 0.104000 0.024000 0.123000 0.017000 0.120000 0.023000 0.102000
4 0.022000 0.123000 0.017000 0.143000 0.009000 0.141000 0.014000 0.121000
4 0.016000 0.143000 0.011000 0.162000 0.004000 0.159000 0.009000 0.140000
4 0.051000 0.164000 0.044000 0.180000 0.037000 0.177000 0.045000 0.161000
4 0.066000 0.124000 0.059000 0.140000 0.052000 0.138000 0.058000 0.121000
4 0.158000 0.000000 0.152000 0.020000 0.144000 0.017000 0.150000 0.000000
5 0.151000 0.089000 0.149000 0.098000 0.127000 0.093000 0.130000 0.083000
3 0.150000 0.099000 0.147000 0.110000 0.118000 0.104000 0.120000 0.093000
4 0.865000 0.400000 0.860000 0.414000 0.854000 0.412000 0.859000 0.398000
4 0.884000 0.403000 0.878000 0.420000 0.871000 0.418000 0.877000 0.402000
5 0.986000 0.380000 0.978000 0.401000 0.971000 0.399000 0.978000 0.378000
6 0.993000 0.952000 0.989000 0.967000 0.982000 0.965000 0.986000 0.950000
4 0.973000 0.930000 0.967000 0.945000 0.959000 0.943000 0.965000 0.927000
6 0.479000 0.643000 0.471000 0.644000 0.470000 0.621000 0.477000 0.620000
