19 0.023333 0.787500 0.019862 0.818741 0.000000 0.817500 0.000000 0.786042
19 0.201667 0.136250 0.168333 0.162500 0.101250 0.137500 0.125000 0.111250
19 0.205000 0.202500 0.201667 0.225000 0.126250 0.222500 0.130000 0.198750
19 0.196667 0.247500 0.191667 0.266250 0.122500 0.262500 0.126250 0.243750
19 0.028333 0.548750 0.026856 0.567582 0.000000 0.566397 0.000000 0.547500
19 0.061667 0.552500 0.058333 0.570000 0.022500 0.567500 0.023750 0.550000
19 0.081667 0.535000 0.078333 0.553750 0.036250 0.550000 0.038750 0.532500
19 0.128333 0.555000 0.125000 0.573750 0.071250 0.571250 0.073750 0.552500
19 0.148333 0.540000 0.145000 0.561250 0.085000 0.558750 0.087500 0.537500
19 0.095000 0.623750 0.060000 0.645000 0.021250 0.615000 0.046250 0.595000
19 0.150000 0.628750 0.121667 0.646250 0.068750 0.618750 0.091250 0.601250
19 0.115000 0.676250 0.091667 0.686250 0.057500 0.668750 0.075000 0.658750
19 0.011667 0.695000 -0.000000 0.695000 0.000000 0.672500 0.008750 0.672500
19 0.101667 0.707500 0.100000 0.728750 0.057500 0.726250 0.058750 0.706250
19 0.116667 0.707500 0.095000 0.717500 0.063750 0.705000 0.080000 0.695000
19 0.381667 0.533750 0.358333 0.547500 0.253750 0.527500 0.271250 0.513750
19 0.431667 0.548750 0.400000 0.555000 0.293750 0.530000 0.317500 0.523750
19 0.438333 0.551250 0.433333 0.577500 0.292500 0.572500 0.296250 0.547500
19 0.431667 0.580000 0.425000 0.607500 0.288750 0.602500 0.293750 0.575000
19 0.430000 0.607500 0.423333 0.636250 0.290000 0.632500 0.293750 0.603750
