17 0.656250 0.483333 0.601250 0.516667 0.770000 0.451667 0.843333 0.416667
17 0.688750 0.560000 0.636250 0.593333 0.816667 0.528333 0.886667 0.495000
17 0.716250 0.643333 0.663750 0.680000 0.850000 0.615000 0.921667 0.578333
17 0.745000 0.723333 0.690000 0.760000 0.888333 0.695000 0.963333 0.658333
17 0.777500 0.806667 0.725000 0.840000 0.935000 0.775000 1.005000 0.741667
19 0.758750 0.215000 0.710000 0.246667 0.916667 0.185000 0.980000 0.153333
12 0.818750 0.176667 0.768750 0.208333 0.990000 0.133333 1.056667 0.101667
13 0.882500 0.145000 0.832500 0.178333 1.068333 0.096667 1.136667 0.063333
13 0.940000 0.111667 0.891250 0.140000 1.151667 0.055000 1.215000 0.026667
17 0.961791 0.692089 0.938750 0.623333 1.330000 0.588333 1.360721 0.657089
