6 0.960000 0.174000 0.952000 0.179000 0.943000 0.165000 0.950000 0.160000
6 0.859000 0.303000 0.839000 0.306000 0.837000 0.298000 0.857000 0.294000
6 0.906000 0.481000 0.884000 0.488000 0.881000 0.479000 0.903000 0.473000
6 0.920000 0.515000 0.897000 0.523000 0.893000 0.515000 0.917000 0.506000
4 0.145000 0.291000 0.141000 0.298000 0.126000 0.288000 0.131000 0.281000
6 0.228000 0.283000 0.222000 0.291000 0.208000 0.278000 0.215000 0.271000
4 0.202000 0.303000 0.196000 0.310000 0.180000 0.298000 0.186000 0.291000
4 0.193000 0.310000 0.188000 0.317000 0.172000 0.305000 0.177000 0.298000
6 0.187000 0.318000 0.182000 0.324000 0.166000 0.312000 0.171000 0.306000
4 0.394000 0.275000 0.380000 0.289000 0.374000 0.284000 0.389000 0.270000
4 0.392000 0.302000 0.379000 0.315000 0.373000 0.309000 0.386000 0.296000
6 0.406000 0.307000 0.394000 0.317000 0.389000 0.311000 0.401000 0.301000
5 0.439000 0.309000 0.421000 0.331000 0.413000 0.324000 0.431000 0.303000
6 0.452000 0.316000 0.436000 0.332000 0.430000 0.326000 0.445000 0.310000
5 0.757000 0.906000 0.746000 0.907000 0.744000 0.886000 0.755000 0.885000
5 0.761000 0.884000 0.751000 0.885000 0.749000 0.864000 0.759000 0.863000
4 0.708000 0.969000 0.688000 0.973000 0.686000 0.964000 0.707000 0.961000
6 0.093000 0.318000 0.077000 0.332000 0.071000 0.325000 0.087000 0.311000
6 0.897000 0.818000 0.885000 0.821000 0.880000 0.800000 0.892000 0.797000
6 0.935000 0.562000 0.911000 0.573000 0.907000 0.563000 0.930000 0.552000
6 0.929000 0.542000 0.907000 0.551000 0.903000 0.542000 0.925000 0.532000
6 0.914000 0.496000 0.893000 0.505000 0.889000 0.496000 0.910000 0.487000
5 0.935000 0.160000 0.913000 0.168000 0.910000 0.161000 0.932000 0.153000
6 0.395000 0.287000 0.381000 0.300000 0.376000 0.294000 0.390000 0.282000
5 0.465000 0.265000 0.454000 0.278000 0.447000 0.273000 0.458000 0.260000
5 0.351000 0.458000 0.346000 0.465000 0.328000 0.455000 0.333000 0.447000
5 0.281000 0.519000 0.275000 0.525000 0.262000 0.512000 0.268000 0.506000
5 0.141000 0.275000 0.134000 0.283000 0.113000 0.267000 0.120000 0.258000
4 0.170000 0.243000 0.165000 0.249000 0.151000 0.239000 0.156000 0.232000
4 0.208000 0.236000 0.203000 0.243000 0.189000 0.232000 0.195000 0.225000
4 0.640000 0.790000 0.625000 0.803000 0.619000 0.795000 0.635000 0.783000
