6 0.061667 0.655000 0.026667 0.657500 0.020000 0.647500 0.045000 0.645000
4 0.428333 0.611250 0.386667 0.613750 0.290000 0.605000 0.320000 0.602500
6 0.555000 0.605000 0.506667 0.607500 0.378750 0.596250 0.415000 0.593750
4 0.583333 0.626250 0.548333 0.628750 0.410000 0.620000 0.436250 0.617500
6 0.783333 0.607500 0.735000 0.611250 0.550000 0.600000 0.587500 0.596250
6 0.808333 0.662500 0.801667 0.672500 0.566250 0.652500 0.571250 0.642500
4 0.921667 0.896250 0.905000 0.900000 0.673750 0.881250 0.686250 0.877500
4 0.828333 0.870000 0.818333 0.878750 0.592500 0.860000 0.601250 0.851250
5 0.805000 0.848750 0.781667 0.851250 0.577500 0.796250 0.595000 0.792500
6 0.783333 0.780000 0.766667 0.782500 0.568750 0.760000 0.581250 0.757500
4 0.773333 0.750000 0.756667 0.751250 0.565000 0.732500 0.577500 0.731250
6 0.770000 0.728750 0.755000 0.730000 0.562500 0.711250 0.573750 0.708750
5 0.620000 0.760000 0.576667 0.762500 0.432500 0.750000 0.465000 0.748750
6 0.423333 0.835000 0.405000 0.836250 0.300000 0.815000 0.313750 0.812500
6 0.325000 0.842500 0.310000 0.845000 0.227500 0.823750 0.237500 0.820000
4 0.181667 0.852500 0.166667 0.855000 0.120000 0.833750 0.131250 0.831250
6 0.135000 0.856250 0.116667 0.856250 0.086250 0.836250 0.100000 0.836250
6 0.146667 0.918750 0.128333 0.920000 0.095000 0.900000 0.108750 0.898750
6 0.265000 0.910000 0.248333 0.911250 0.183750 0.891250 0.196250 0.890000
4 0.306667 0.908750 0.286667 0.910000 0.212500 0.886250 0.227500 0.885000
4 0.363333 0.901250 0.350000 0.903750 0.258750 0.883750 0.270000 0.881250
6 0.403333 0.900000 0.386667 0.901250 0.287500 0.881250 0.300000 0.878750
4 0.446667 0.898750 0.430000 0.900000 0.318750 0.880000 0.331250 0.877500
4 0.468333 0.898750 0.451667 0.900000 0.335000 0.878750 0.348750 0.876250
4 0.535000 0.895000 0.515000 0.895000 0.385000 0.873750 0.400000 0.872500
4 0.573333 0.891250 0.558333 0.892500 0.417500 0.868750 0.430000 0.868750
4 0.233333 0.971250 0.218333 0.977500 0.151250 0.956250 0.161250 0.950000
4 0.208333 0.950000 0.191667 0.951250 0.141250 0.930000 0.155000 0.928750
6 0.113333 0.958750 0.095000 0.960000 0.070000 0.938750 0.082500 0.937500
3 0.076667 0.991250 0.050000 0.995000 0.031250 0.965000 0.051250 0.960000
6 0.986667 0.236250 0.971667 0.238750 0.725000 0.216250 0.737500 0.213750
6 0.973333 0.260000 0.956667 0.261250 0.715000 0.238750 0.727500 0.237500
6 0.948333 0.261250 0.933333 0.262500 0.696250 0.240000 0.708750 0.238750
6 0.930000 0.266250 0.913333 0.267500 0.682500 0.243750 0.695000 0.241250
4 0.908333 0.263750 0.891667 0.266250 0.663750 0.245000 0.676250 0.242500
6 0.886667 0.270000 0.871667 0.271250 0.650000 0.247500 0.662500 0.246250
6 0.870000 0.272500 0.855000 0.273750 0.637500 0.252500 0.648750 0.250000
4 0.853333 0.280000 0.833333 0.282500 0.620000 0.257500 0.635000 0.255000
4 0.825000 0.281250 0.810000 0.285000 0.601250 0.262500 0.613750 0.258750
6 0.808333 0.351250 0.788333 0.352500 0.588750 0.333750 0.603750 0.331250
6 0.866667 0.345000 0.850000 0.347500 0.633750 0.325000 0.646250 0.323750
4 0.888333 0.340000 0.873333 0.342500 0.651250 0.326250 0.662500 0.322500
6 0.925000 0.337500 0.910000 0.340000 0.680000 0.321250 0.691250 0.320000
6 0.953333 0.342500 0.936667 0.345000 0.697500 0.320000 0.711250 0.318750
4 0.988333 0.336250 0.973333 0.337500 0.727500 0.318750 0.738750 0.317500
5 0.986667 0.315000 0.968333 0.316250 0.722500 0.291250 0.736250 0.288750
4 0.965000 0.317500 0.948333 0.320000 0.707500 0.298750 0.720000 0.296250
4 0.945000 0.317500 0.928333 0.320000 0.692500 0.298750 0.705000 0.296250
6 0.923333 0.318750 0.903333 0.321250 0.673750 0.295000 0.687500 0.292500
4 0.930000 0.382500 0.915000 0.390000 0.673750 0.373750 0.683750 0.366250
4 0.913333 0.388750 0.903333 0.396250 0.661250 0.380000 0.668750 0.372500
5 0.885000 0.386250 0.873333 0.395000 0.638750 0.376250 0.647500 0.367500
6 0.865000 0.392500 0.853333 0.400000 0.622500 0.380000 0.632500 0.372500
4 0.811667 0.412500 0.773333 0.412500 0.580000 0.402500 0.608750 0.402500
6 0.813333 0.421250 0.781667 0.423750 0.585000 0.413750 0.610000 0.412500
5 0.831667 0.510000 0.788333 0.512500 0.590000 0.502500 0.623750 0.500000
3 0.663333 0.518750 0.648333 0.521250 0.482500 0.493750 0.493750 0.492500
6 0.703333 0.421250 0.683333 0.423750 0.510000 0.400000 0.523750 0.397500
4 0.478333 0.476250 0.470000 0.483750 0.333750 0.467500 0.341250 0.460000
4 0.463333 0.481250 0.458333 0.490000 0.317500 0.477500 0.322500 0.467500
4 0.451667 0.493750 0.445000 0.502500 0.310000 0.486250 0.315000 0.478750
4 0.436667 0.501250 0.430000 0.508750 0.298750 0.495000 0.303750 0.487500
6 0.418333 0.511250 0.413333 0.518750 0.291250 0.508750 0.295000 0.500000
6 0.528333 0.513750 0.520000 0.523750 0.370000 0.511250 0.375000 0.501250
4 0.523333 0.526250 0.516667 0.533750 0.365000 0.520000 0.370000 0.512500
4 0.506667 0.533750 0.500000 0.542500 0.355000 0.530000 0.360000 0.521250
6 0.498333 0.545000 0.490000 0.552500 0.346250 0.537500 0.352500 0.530000
6 0.491667 0.555000 0.483333 0.565000 0.336250 0.548750 0.342500 0.538750
4 0.376667 0.515000 0.353333 0.533750 0.256250 0.525000 0.273750 0.506250
6 0.358333 0.508750 0.331667 0.530000 0.238750 0.520000 0.258750 0.498750
6 0.338333 0.502500 0.313333 0.518750 0.227500 0.510000 0.246250 0.493750
6 0.276667 0.488750 0.261667 0.510000 0.183750 0.503750 0.195000 0.482500
6 0.256667 0.466250 0.233333 0.483750 0.166250 0.475000 0.183750 0.457500
5 0.240000 0.457500 0.213333 0.473750 0.153750 0.466250 0.172500 0.450000
4 0.198333 0.590000 0.158333 0.592500 0.118750 0.581250 0.148750 0.580000
4 0.101667 0.562500 0.093333 0.572500 0.040000 0.551250 0.047500 0.541250
6 0.046667 0.542500 0.035000 0.551250 0.003750 0.528750 0.012500 0.521250
6 0.281667 0.406250 0.261667 0.406250 0.196250 0.397500 0.211250 0.396250
4 0.228333 0.388750 0.193333 0.395000 0.142500 0.385000 0.168750 0.378750
6 0.303333 0.370000 0.288333 0.373750 0.208750 0.352500 0.220000 0.348750
6 0.238333 0.328750 0.208333 0.342500 0.150000 0.332500 0.173750 0.318750
6 0.243333 0.305000 0.233333 0.312500 0.158750 0.296250 0.166250 0.288750
6 0.268333 0.301250 0.253333 0.305000 0.180000 0.282500 0.190000 0.277500
6 0.255000 0.276250 0.238333 0.280000 0.171250 0.258750 0.183750 0.255000
4 0.088333 0.383750 0.046667 0.388750 0.033750 0.377500 0.065000 0.373750
6 0.063333 0.375000 0.028333 0.377500 0.021250 0.368750 0.046250 0.366250
6 0.048333 0.353750 0.013333 0.356250 0.008750 0.347500 0.036250 0.343750
6 0.050000 0.342500 0.010000 0.343750 0.007500 0.333750 0.036250 0.331250
4 0.046667 0.331250 0.011667 0.332500 0.007500 0.323750 0.035000 0.321250
4 0.048333 0.318750 0.013333 0.322500 0.007500 0.312500 0.035000 0.308750
6 0.043333 0.307500 0.008333 0.308750 0.005000 0.300000 0.032500 0.297500
6 0.126667 0.256250 0.115000 0.277500 0.072500 0.271250 0.081250 0.250000
4 0.131667 0.243750 0.113333 0.243750 0.085000 0.222500 0.098750 0.222500
6 0.230000 0.082500 0.198333 0.083750 0.148750 0.073750 0.172500 0.072500
4 0.238333 0.102500 0.203333 0.105000 0.151250 0.096250 0.178750 0.093750
6 0.321667 0.097500 0.283333 0.098750 0.211250 0.088750 0.241250 0.086250
4 0.325000 0.108750 0.288333 0.110000 0.216250 0.100000 0.243750 0.098750
4 0.900000 0.897500 0.885000 0.900000 0.660000 0.883750 0.671250 0.881250
