4 0.218750 0.893333 0.190000 0.891667 0.255000 0.878333 0.291667 0.880000
4 0.247500 0.885000 0.246250 0.900000 0.295000 0.896667 0.296667 0.881667
4 0.293750 0.895000 0.292500 0.910000 0.348333 0.906667 0.350000 0.891667
6 0.197500 0.946667 0.191250 0.971667 0.241667 0.966667 0.250000 0.941667
4 0.262500 0.955000 0.258750 0.983333 0.330000 0.981667 0.335000 0.953333
4 0.551250 0.970000 0.550000 0.983333 0.696667 0.981667 0.696667 0.968333
4 0.477500 0.940000 0.475000 0.953333 0.595000 0.945000 0.598333 0.931667
4 0.481250 0.886667 0.452500 0.888333 0.603333 0.871667 0.640000 0.871667
6 0.076250 0.766667 0.048750 0.766667 0.065000 0.753333 0.101667 0.753333
4 0.458750 0.840000 0.441250 0.840000 0.588333 0.828333 0.611667 0.828333
4 0.475000 0.871667 0.456250 0.871667 0.608333 0.861667 0.631667 0.861667
4 0.450000 0.825000 0.437500 0.826667 0.581667 0.815000 0.600000 0.815000
4 0.447500 0.810000 0.433750 0.810000 0.578333 0.798333 0.596667 0.800000
4 0.397500 0.755000 0.388750 0.778333 0.505000 0.771667 0.516667 0.748333
4 0.382500 0.753333 0.372500 0.773333 0.485000 0.766667 0.498333 0.745000
5 0.368750 0.750000 0.357500 0.771667 0.463333 0.761667 0.480000 0.741667
4 0.305000 0.736667 0.290000 0.760000 0.373333 0.750000 0.395000 0.725000
6 0.320000 0.741667 0.312500 0.756667 0.406667 0.750000 0.418333 0.735000
4 0.270000 0.731667 0.258750 0.756667 0.330000 0.746667 0.345000 0.721667
4 0.255000 0.728333 0.242500 0.753333 0.308333 0.743333 0.325000 0.718333
4 0.225000 0.723333 0.210000 0.748333 0.270000 0.741667 0.290000 0.715000
4 0.211250 0.718333 0.196250 0.740000 0.251667 0.730000 0.271667 0.708333
6 0.190000 0.723333 0.181250 0.745000 0.228333 0.738333 0.240000 0.715000
4 0.071250 0.748333 0.046250 0.748333 0.061667 0.735000 0.095000 0.736667
6 0.077500 0.730000 0.046250 0.730000 0.061667 0.718333 0.103333 0.718333
6 0.065000 0.713333 0.043750 0.715000 0.056667 0.703333 0.086667 0.701667
4 0.071250 0.696667 0.043750 0.696667 0.058333 0.681667 0.095000 0.683333
4 0.068750 0.678333 0.042500 0.680000 0.055000 0.670000 0.091667 0.668333
6 0.068750 0.665000 0.042500 0.665000 0.056667 0.653333 0.091667 0.653333
4 0.071250 0.635000 0.068750 0.648333 0.061667 0.643333 0.063333 0.630000
4 0.073750 0.618333 0.072500 0.630000 0.061667 0.626667 0.063333 0.615000
6 0.072500 0.598333 0.071250 0.610000 0.065000 0.610000 0.065000 0.596667
6 0.080000 0.588333 0.078750 0.600000 0.070000 0.593333 0.071667 0.581667
4 0.077500 0.571667 0.075000 0.583333 0.070000 0.575000 0.073333 0.563333
6 0.081250 0.563333 0.056250 0.561667 0.075000 0.550000 0.108333 0.551667
6 0.083750 0.535000 0.082500 0.546667 0.076667 0.541667 0.078333 0.530000
6 0.086250 0.530000 0.062500 0.525000 0.085000 0.515000 0.115000 0.520000
4 0.092500 0.503333 0.090000 0.515000 0.086667 0.508333 0.088333 0.496667
4 0.096250 0.486667 0.095000 0.496667 0.093333 0.490000 0.095000 0.480000
4 0.095000 0.468333 0.093750 0.480000 0.095000 0.473333 0.096667 0.461667
4 0.100000 0.448333 0.071250 0.443333 0.095000 0.433333 0.133333 0.436667
4 0.098750 0.451667 0.096250 0.465000 0.098333 0.458333 0.101667 0.445000
4 0.101250 0.418333 0.100000 0.430000 0.103333 0.423333 0.106667 0.411667
4 0.107500 0.405000 0.105000 0.416667 0.105000 0.408333 0.106667 0.396667
4 0.117500 0.370000 0.115000 0.381667 0.116667 0.375000 0.120000 0.361667
6 0.121250 0.333333 0.120000 0.348333 0.120000 0.345000 0.121667 0.330000
6 0.127500 0.318333 0.125000 0.331667 0.128333 0.325000 0.130000 0.311667
4 0.211250 0.330000 0.210000 0.343333 0.246667 0.340000 0.248333 0.326667
4 0.208750 0.348333 0.207500 0.360000 0.245000 0.356667 0.246667 0.343333
6 0.206250 0.366667 0.205000 0.376667 0.238333 0.371667 0.238333 0.361667
4 0.203750 0.383333 0.202500 0.395000 0.236667 0.391667 0.238333 0.380000
4 0.203750 0.400000 0.202500 0.411667 0.231667 0.405000 0.233333 0.393333
4 0.200000 0.426667 0.172500 0.423333 0.231667 0.411667 0.266667 0.415000
6 0.195000 0.450000 0.193750 0.463333 0.221667 0.456667 0.223333 0.443333
4 0.191250 0.466667 0.190000 0.478333 0.218333 0.471667 0.220000 0.460000
4 0.135000 0.230000 0.133750 0.243333 0.143333 0.238333 0.145000 0.225000
6 0.135000 0.261667 0.105000 0.256667 0.141667 0.245000 0.180000 0.250000
4 0.131250 0.263333 0.130000 0.280000 0.133333 0.275000 0.135000 0.258333
4 0.125000 0.725000 0.110000 0.746667 0.133333 0.735000 0.153333 0.713333
6 0.588750 0.695000 0.580000 0.705000 0.755000 0.683333 0.766667 0.673333
4 0.590000 0.663333 0.581250 0.671667 0.756667 0.648333 0.766667 0.640000
4 0.590000 0.635000 0.582500 0.645000 0.758333 0.623333 0.768333 0.615000
4 0.596250 0.613333 0.588750 0.625000 0.763333 0.605000 0.775000 0.593333
4 0.601250 0.595000 0.595000 0.603333 0.773333 0.581667 0.783333 0.573333
4 0.602500 0.566667 0.595000 0.576667 0.771667 0.550000 0.781667 0.541667
6 0.605000 0.543333 0.597500 0.551667 0.780000 0.533333 0.790000 0.525000
5 0.796250 0.265000 0.795000 0.298333 1.043333 0.296667 1.045000 0.265000
3 0.770000 0.355000 0.758750 0.413333 0.981667 0.405000 0.996667 0.346667
4 0.933750 0.248333 0.932500 0.258333 1.208333 0.253333 1.210000 0.241667
6 0.988750 0.821667 0.985000 0.853333 1.295000 0.851667 1.300000 0.818333
4 0.651250 0.906667 0.647500 0.933333 0.848333 0.930000 0.853333 0.905000
6 0.963750 0.941667 0.961250 0.973333 1.265000 0.971667 1.268333 0.940000
4 0.446250 0.928333 0.445000 0.941667 0.558333 0.935000 0.560000 0.921667
6 0.390000 0.916667 0.387500 0.933333 0.483333 0.926667 0.485000 0.910000
4 0.358750 0.910000 0.356250 0.925000 0.438333 0.918333 0.441667 0.903333
6 0.468750 0.845000 0.467500 0.858333 0.600000 0.856667 0.601667 0.845000
5 0.056250 0.900000 0.048750 0.931667 0.048333 0.926667 0.058333 0.895000
4 0.220000 0.306667 0.218750 0.320000 0.260000 0.318333 0.261667 0.303333
