4 0.313000 0.576000 0.308000 0.579000 0.301000 0.564000 0.307000 0.562000
4 0.303000 0.578000 0.298000 0.580000 0.292000 0.567000 0.296000 0.565000
4 0.293000 0.581000 0.290000 0.582000 0.286000 0.574000 0.288000 0.572000
6 0.295000 0.564000 0.292000 0.566000 0.287000 0.555000 0.290000 0.553000
6 0.307000 0.563000 0.304000 0.565000 0.298000 0.552000 0.301000 0.550000
6 0.301000 0.617000 0.296000 0.619000 0.291000 0.608000 0.295000 0.606000
6 0.291000 0.620000 0.288000 0.622000 0.285000 0.612000 0.288000 0.611000
6 0.320000 0.614000 0.316000 0.616000 0.310000 0.603000 0.314000 0.601000
4 0.330000 0.610000 0.325000 0.612000 0.319000 0.599000 0.324000 0.596000
6 0.335000 0.624000 0.331000 0.626000 0.325000 0.615000 0.330000 0.613000
6 0.317000 0.629000 0.313000 0.631000 0.308000 0.620000 0.311000 0.618000
6 0.364000 0.601000 0.359000 0.603000 0.354000 0.590000 0.359000 0.588000
6 0.349000 0.639000 0.335000 0.636000 0.336000 0.632000 0.349000 0.635000
6 0.291000 0.528000 0.285000 0.531000 0.279000 0.516000 0.284000 0.514000
6 0.282000 0.531000 0.277000 0.533000 0.270000 0.519000 0.275000 0.517000
6 0.283000 0.511000 0.277000 0.514000 0.271000 0.499000 0.277000 0.497000
4 0.273000 0.515000 0.268000 0.517000 0.263000 0.504000 0.268000 0.502000
4 0.219000 0.510000 0.205000 0.516000 0.203000 0.511000 0.218000 0.505000
4 0.200000 0.508000 0.186000 0.513000 0.184000 0.508000 0.199000 0.504000
4 0.215000 0.504000 0.201000 0.510000 0.199000 0.505000 0.213000 0.500000
4 0.255000 0.480000 0.251000 0.482000 0.247000 0.471000 0.251000 0.469000
6 0.265000 0.478000 0.262000 0.480000 0.257000 0.468000 0.261000 0.467000
4 0.170000 0.500000 0.151000 0.505000 0.149000 0.500000 0.168000 0.495000
6 0.185000 0.495000 0.172000 0.497000 0.172000 0.492000 0.185000 0.491000
6 0.204000 0.487000 0.190000 0.492000 0.189000 0.488000 0.203000 0.483000
4 0.114000 0.519000 0.098000 0.524000 0.097000 0.519000 0.113000 0.515000
4 0.134000 0.513000 0.115000 0.518000 0.113000 0.513000 0.132000 0.508000
4 0.152000 0.509000 0.132000 0.510000 0.131000 0.504000 0.151000 0.503000
4 0.209000 0.417000 0.197000 0.423000 0.195000 0.419000 0.208000 0.414000
3 0.224000 0.444000 0.201000 0.452000 0.199000 0.445000 0.222000 0.437000
3 0.230000 0.451000 0.207000 0.460000 0.203000 0.452000 0.227000 0.443000
3 0.233000 0.459000 0.210000 0.468000 0.207000 0.461000 0.230000 0.451000
6 0.290000 0.409000 0.276000 0.413000 0.275000 0.408000 0.288000 0.404000
6 0.291000 0.417000 0.279000 0.421000 0.277000 0.417000 0.290000 0.412000
6 0.292000 0.425000 0.280000 0.429000 0.279000 0.425000 0.291000 0.421000
6 0.327000 0.407000 0.323000 0.409000 0.317000 0.395000 0.321000 0.393000
3 0.350000 0.443000 0.321000 0.454000 0.318000 0.446000 0.347000 0.435000
6 0.315000 0.675000 0.312000 0.677000 0.307000 0.667000 0.311000 0.666000
6 0.326000 0.670000 0.323000 0.672000 0.318000 0.663000 0.321000 0.661000
6 0.336000 0.668000 0.333000 0.669000 0.328000 0.661000 0.331000 0.660000
6 0.343000 0.664000 0.340000 0.666000 0.336000 0.656000 0.338000 0.655000
6 0.354000 0.664000 0.351000 0.665000 0.346000 0.653000 0.349000 0.652000
6 0.364000 0.685000 0.360000 0.687000 0.355000 0.674000 0.359000 0.672000
6 0.466000 0.640000 0.462000 0.643000 0.460000 0.641000 0.464000 0.637000
3 0.469000 0.716000 0.463000 0.719000 0.455000 0.703000 0.461000 0.700000
3 0.452000 0.750000 0.446000 0.754000 0.434000 0.736000 0.440000 0.732000
3 0.461000 0.744000 0.455000 0.747000 0.445000 0.731000 0.451000 0.727000
3 0.469000 0.740000 0.464000 0.743000 0.457000 0.728000 0.462000 0.726000
3 0.480000 0.737000 0.475000 0.740000 0.468000 0.726000 0.473000 0.723000
3 0.491000 0.734000 0.485000 0.736000 0.478000 0.721000 0.484000 0.719000
3 0.501000 0.732000 0.496000 0.734000 0.489000 0.719000 0.495000 0.717000
3 0.512000 0.728000 0.507000 0.731000 0.498000 0.715000 0.504000 0.712000
3 0.523000 0.725000 0.517000 0.728000 0.508000 0.712000 0.514000 0.709000
3 0.531000 0.719000 0.526000 0.722000 0.520000 0.710000 0.524000 0.707000
3 0.539000 0.712000 0.534000 0.715000 0.529000 0.705000 0.534000 0.702000
3 0.550000 0.709000 0.545000 0.711000 0.540000 0.701000 0.545000 0.699000
3 0.561000 0.707000 0.557000 0.709000 0.553000 0.699000 0.557000 0.697000
3 0.572000 0.704000 0.569000 0.706000 0.564000 0.696000 0.567000 0.694000
3 0.585000 0.704000 0.580000 0.706000 0.572000 0.691000 0.577000 0.689000
3 0.597000 0.702000 0.591000 0.705000 0.582000 0.688000 0.588000 0.685000
3 0.606000 0.699000 0.601000 0.702000 0.592000 0.686000 0.598000 0.683000
3 0.616000 0.692000 0.611000 0.694000 0.605000 0.681000 0.610000 0.678000
3 0.480000 0.712000 0.473000 0.716000 0.464000 0.700000 0.471000 0.696000
3 0.491000 0.708000 0.484000 0.712000 0.475000 0.698000 0.482000 0.694000
3 0.502000 0.705000 0.495000 0.709000 0.487000 0.695000 0.493000 0.691000
3 0.513000 0.701000 0.507000 0.705000 0.497000 0.691000 0.504000 0.687000
3 0.523000 0.698000 0.516000 0.703000 0.507000 0.688000 0.514000 0.684000
3 0.533000 0.695000 0.526000 0.699000 0.518000 0.685000 0.524000 0.681000
3 0.542000 0.690000 0.536000 0.694000 0.528000 0.680000 0.535000 0.676000
3 0.553000 0.688000 0.546000 0.692000 0.539000 0.678000 0.546000 0.675000
3 0.564000 0.686000 0.558000 0.690000 0.550000 0.676000 0.556000 0.673000
3 0.574000 0.682000 0.568000 0.686000 0.560000 0.672000 0.567000 0.668000
3 0.585000 0.676000 0.578000 0.680000 0.570000 0.666000 0.576000 0.662000
3 0.595000 0.674000 0.589000 0.678000 0.581000 0.664000 0.588000 0.660000
3 0.606000 0.671000 0.600000 0.675000 0.592000 0.661000 0.599000 0.657000
3 0.617000 0.666000 0.610000 0.670000 0.602000 0.656000 0.609000 0.652000
3 0.626000 0.664000 0.620000 0.668000 0.612000 0.654000 0.618000 0.651000
3 0.637000 0.661000 0.631000 0.665000 0.623000 0.651000 0.629000 0.647000
3 0.648000 0.658000 0.641000 0.662000 0.633000 0.648000 0.639000 0.644000
3 0.656000 0.655000 0.650000 0.658000 0.641000 0.644000 0.647000 0.640000
3 0.668000 0.650000 0.662000 0.654000 0.653000 0.638000 0.659000 0.635000
3 0.678000 0.649000 0.671000 0.652000 0.662000 0.634000 0.669000 0.631000
3 0.627000 0.691000 0.622000 0.693000 0.615000 0.678000 0.620000 0.676000
3 0.637000 0.688000 0.631000 0.691000 0.624000 0.675000 0.629000 0.672000
3 0.648000 0.684000 0.642000 0.687000 0.635000 0.672000 0.640000 0.670000
3 0.656000 0.679000 0.651000 0.681000 0.645000 0.669000 0.650000 0.667000
3 0.664000 0.675000 0.660000 0.677000 0.654000 0.665000 0.658000 0.663000
3 0.675000 0.671000 0.671000 0.673000 0.665000 0.660000 0.669000 0.658000
3 0.683000 0.666000 0.679000 0.667000 0.675000 0.655000 0.679000 0.654000
3 0.693000 0.662000 0.690000 0.663000 0.686000 0.652000 0.689000 0.650000
3 0.709000 0.665000 0.704000 0.668000 0.695000 0.650000 0.700000 0.647000
3 0.748000 0.623000 0.741000 0.627000 0.730000 0.605000 0.737000 0.601000
3 0.759000 0.620000 0.751000 0.624000 0.741000 0.603000 0.749000 0.599000
3 0.759000 0.647000 0.752000 0.650000 0.742000 0.628000 0.748000 0.625000
3 0.769000 0.645000 0.764000 0.647000 0.755000 0.628000 0.761000 0.626000
3 0.778000 0.641000 0.773000 0.643000 0.764000 0.624000 0.770000 0.622000
3 0.956000 0.697000 0.952000 0.699000 0.946000 0.688000 0.951000 0.686000
6 0.965000 0.695000 0.962000 0.697000 0.956000 0.686000 0.959000 0.684000
6 0.974000 0.692000 0.970000 0.694000 0.965000 0.684000 0.969000 0.682000
6 0.983000 0.689000 0.979000 0.691000 0.974000 0.680000 0.978000 0.678000
6 0.992000 0.688000 0.988000 0.690000 0.983000 0.678000 0.987000 0.677000
6 0.999000 0.684000 0.996000 0.685000 0.991000 0.674000 0.994000 0.673000
6 0.997000 0.720000 0.994000 0.721000 0.989000 0.712000 0.992000 0.711000
6 0.989000 0.723000 0.986000 0.724000 0.982000 0.716000 0.984000 0.714000
6 0.971000 0.730000 0.969000 0.731000 0.963000 0.721000 0.966000 0.719000
6 0.521000 0.887000 0.518000 0.889000 0.513000 0.878000 0.516000 0.877000
6 0.532000 0.884000 0.528000 0.886000 0.522000 0.873000 0.526000 0.871000
6 0.541000 0.878000 0.537000 0.880000 0.531000 0.867000 0.535000 0.865000
6 0.553000 0.875000 0.548000 0.877000 0.542000 0.864000 0.547000 0.862000
6 0.560000 0.870000 0.556000 0.872000 0.551000 0.860000 0.555000 0.858000
6 0.568000 0.867000 0.564000 0.869000 0.558000 0.856000 0.562000 0.854000
6 0.578000 0.866000 0.574000 0.867000 0.570000 0.855000 0.574000 0.854000
4 0.591000 0.863000 0.586000 0.864000 0.582000 0.852000 0.586000 0.850000
6 0.600000 0.859000 0.597000 0.860000 0.592000 0.850000 0.595000 0.848000
6 0.531000 0.908000 0.519000 0.913000 0.517000 0.909000 0.530000 0.904000
6 0.543000 0.917000 0.528000 0.921000 0.527000 0.916000 0.542000 0.912000
6 0.568000 0.910000 0.555000 0.914000 0.554000 0.910000 0.567000 0.907000
6 0.566000 0.896000 0.554000 0.900000 0.553000 0.896000 0.564000 0.892000
6 0.597000 0.888000 0.583000 0.892000 0.581000 0.887000 0.595000 0.883000
3 0.602000 0.899000 0.584000 0.904000 0.582000 0.898000 0.600000 0.893000
6 0.630000 0.892000 0.614000 0.896000 0.613000 0.891000 0.629000 0.887000
6 0.626000 0.879000 0.612000 0.883000 0.610000 0.877000 0.625000 0.873000
6 0.610000 0.854000 0.605000 0.856000 0.599000 0.842000 0.604000 0.840000
6 0.621000 0.853000 0.615000 0.855000 0.610000 0.840000 0.616000 0.838000
6 0.632000 0.847000 0.627000 0.849000 0.620000 0.835000 0.626000 0.833000
6 0.642000 0.845000 0.636000 0.847000 0.630000 0.834000 0.636000 0.831000
6 0.552000 0.830000 0.547000 0.831000 0.544000 0.817000 0.549000 0.816000
6 0.562000 0.827000 0.558000 0.828000 0.554000 0.816000 0.559000 0.815000
6 0.574000 0.821000 0.569000 0.822000 0.565000 0.810000 0.570000 0.808000
6 0.583000 0.817000 0.579000 0.818000 0.576000 0.808000 0.579000 0.807000
6 0.595000 0.816000 0.591000 0.817000 0.586000 0.805000 0.589000 0.803000
6 0.604000 0.814000 0.600000 0.816000 0.594000 0.803000 0.598000 0.801000
3 0.617000 0.808000 0.611000 0.811000 0.604000 0.796000 0.610000 0.793000
3 0.710000 0.785000 0.704000 0.788000 0.696000 0.770000 0.703000 0.767000
3 0.725000 0.788000 0.718000 0.791000 0.709000 0.769000 0.716000 0.767000
3 0.740000 0.784000 0.733000 0.787000 0.723000 0.766000 0.730000 0.762000
3 0.806000 0.768000 0.797000 0.772000 0.779000 0.736000 0.787000 0.731000
3 0.896000 0.762000 0.855000 0.774000 0.852000 0.765000 0.893000 0.753000
3 0.787000 0.849000 0.743000 0.862000 0.739000 0.851000 0.784000 0.838000
3 0.856000 0.856000 0.810000 0.870000 0.807000 0.857000 0.852000 0.844000
3 0.712000 0.994000 0.701000 0.999000 0.686000 0.967000 0.696000 0.962000
4 0.528333 1.000000 0.522667 1.000000 0.519900 0.991700 0.525000 0.990000
3 0.506000 0.954000 0.498000 0.958000 0.481000 0.922000 0.490000 0.918000
4 0.626000 0.719000 0.612000 0.723000 0.611000 0.719000 0.625000 0.715000
4 0.773000 0.716000 0.756000 0.721000 0.754000 0.716000 0.771000 0.710000
4 0.791000 0.714000 0.779000 0.716000 0.777000 0.711000 0.790000 0.708000
6 0.817000 0.704000 0.806000 0.709000 0.805000 0.706000 0.815000 0.701000
6 0.838000 0.700000 0.825000 0.702000 0.824000 0.699000 0.838000 0.696000
4 0.943000 0.615000 0.929000 0.618000 0.928000 0.614000 0.941000 0.610000
4 0.983000 0.623000 0.964000 0.629000 0.962000 0.623000 0.980000 0.617000
6 0.811000 0.333000 0.796000 0.338000 0.794000 0.334000 0.809000 0.329000
4 0.831000 0.328000 0.814000 0.334000 0.812000 0.327000 0.829000 0.322000
4 0.851000 0.322000 0.834000 0.327000 0.832000 0.321000 0.849000 0.316000
4 0.871000 0.314000 0.855000 0.320000 0.853000 0.315000 0.870000 0.309000
4 0.877000 0.332000 0.861000 0.336000 0.859000 0.329000 0.876000 0.325000
4 0.855000 0.329000 0.838000 0.335000 0.836000 0.328000 0.853000 0.322000
4 0.839000 0.344000 0.822000 0.349000 0.820000 0.341000 0.837000 0.336000
4 0.844000 0.352000 0.827000 0.356000 0.825000 0.349000 0.842000 0.344000
4 0.821000 0.356000 0.807000 0.362000 0.805000 0.357000 0.819000 0.351000
4 0.817000 0.349000 0.803000 0.354000 0.802000 0.350000 0.816000 0.345000
4 0.813000 0.341000 0.799000 0.346000 0.797000 0.342000 0.812000 0.337000
4 0.862000 0.345000 0.846000 0.350000 0.844000 0.343000 0.861000 0.339000
4 0.879000 0.340000 0.864000 0.343000 0.863000 0.336000 0.878000 0.334000
4 0.858000 0.338000 0.842000 0.342000 0.840000 0.335000 0.857000 0.331000
4 0.835000 0.336000 0.818000 0.341000 0.816000 0.334000 0.833000 0.329000
4 0.875000 0.322000 0.860000 0.327000 0.858000 0.321000 0.873000 0.316000
4 0.845000 0.362000 0.829000 0.366000 0.827000 0.359000 0.844000 0.355000
4 0.825000 0.366000 0.810000 0.372000 0.808000 0.367000 0.823000 0.361000
4 0.828000 0.374000 0.814000 0.380000 0.812000 0.375000 0.825000 0.369000
4 0.847000 0.369000 0.832000 0.375000 0.829000 0.368000 0.845000 0.362000
4 0.861000 0.356000 0.846000 0.361000 0.844000 0.355000 0.859000 0.350000
4 0.884000 0.349000 0.869000 0.352000 0.867000 0.346000 0.882000 0.343000
6 0.888000 0.365000 0.874000 0.369000 0.872000 0.363000 0.887000 0.359000
6 0.895000 0.373000 0.878000 0.378000 0.876000 0.371000 0.893000 0.366000
6 0.871000 0.371000 0.856000 0.375000 0.854000 0.369000 0.869000 0.364000
6 0.853000 0.376000 0.837000 0.382000 0.834000 0.375000 0.850000 0.369000
6 0.834000 0.381000 0.819000 0.387000 0.817000 0.382000 0.831000 0.375000
4 0.836000 0.390000 0.821000 0.396000 0.819000 0.391000 0.834000 0.385000
4 0.839000 0.398000 0.824000 0.403000 0.822000 0.397000 0.837000 0.392000
6 0.843000 0.406000 0.828000 0.410000 0.826000 0.405000 0.841000 0.400000
6 0.863000 0.400000 0.847000 0.407000 0.844000 0.399000 0.860000 0.393000
6 0.860000 0.394000 0.843000 0.399000 0.841000 0.391000 0.858000 0.386000
6 0.857000 0.384000 0.840000 0.390000 0.838000 0.383000 0.854000 0.377000
6 0.878000 0.386000 0.863000 0.392000 0.860000 0.385000 0.876000 0.380000
6 0.882000 0.394000 0.865000 0.399000 0.863000 0.392000 0.880000 0.387000
6 0.902000 0.388000 0.887000 0.392000 0.885000 0.386000 0.900000 0.381000
6 0.898000 0.380000 0.883000 0.386000 0.881000 0.379000 0.896000 0.374000
6 0.906000 0.395000 0.890000 0.399000 0.889000 0.393000 0.905000 0.389000
6 0.908000 0.403000 0.890000 0.406000 0.889000 0.400000 0.907000 0.396000
6 0.886000 0.401000 0.871000 0.407000 0.868000 0.400000 0.884000 0.395000
6 0.888000 0.409000 0.872000 0.413000 0.870000 0.407000 0.886000 0.402000
6 0.866000 0.408000 0.851000 0.413000 0.849000 0.406000 0.864000 0.401000
6 0.847000 0.413000 0.832000 0.419000 0.830000 0.414000 0.845000 0.408000
6 0.850000 0.421000 0.836000 0.427000 0.834000 0.421000 0.848000 0.416000
6 0.854000 0.428000 0.840000 0.433000 0.838000 0.428000 0.852000 0.423000
6 0.859000 0.437000 0.844000 0.442000 0.842000 0.435000 0.856000 0.430000
4 0.873000 0.423000 0.858000 0.428000 0.856000 0.422000 0.871000 0.417000
6 0.892000 0.417000 0.876000 0.422000 0.874000 0.416000 0.890000 0.411000
4 0.881000 0.438000 0.865000 0.443000 0.864000 0.437000 0.879000 0.432000
4 0.862000 0.444000 0.847000 0.449000 0.845000 0.442000 0.860000 0.438000
6 0.862000 0.453000 0.849000 0.457000 0.847000 0.452000 0.860000 0.448000
6 0.865000 0.460000 0.852000 0.464000 0.851000 0.459000 0.863000 0.455000
6 0.869000 0.467000 0.857000 0.471000 0.856000 0.468000 0.867000 0.463000
6 0.882000 0.462000 0.870000 0.466000 0.868000 0.462000 0.881000 0.458000
6 0.879000 0.455000 0.867000 0.459000 0.865000 0.456000 0.878000 0.451000
6 0.876000 0.448000 0.862000 0.453000 0.861000 0.448000 0.875000 0.443000
6 0.890000 0.444000 0.875000 0.448000 0.873000 0.443000 0.888000 0.438000
6 0.893000 0.450000 0.881000 0.455000 0.879000 0.450000 0.892000 0.446000
6 0.899000 0.459000 0.884000 0.463000 0.882000 0.458000 0.897000 0.454000
6 0.912000 0.454000 0.897000 0.458000 0.895000 0.453000 0.910000 0.449000
6 0.908000 0.446000 0.893000 0.451000 0.891000 0.447000 0.906000 0.442000
6 0.903000 0.438000 0.890000 0.443000 0.888000 0.439000 0.901000 0.434000
6 0.919000 0.435000 0.903000 0.440000 0.901000 0.434000 0.917000 0.429000
6 0.923000 0.443000 0.908000 0.448000 0.906000 0.443000 0.921000 0.437000
6 0.927000 0.450000 0.911000 0.454000 0.910000 0.449000 0.925000 0.445000
6 0.881000 0.478000 0.866000 0.484000 0.864000 0.479000 0.879000 0.474000
6 0.901000 0.474000 0.883000 0.478000 0.881000 0.472000 0.900000 0.467000
6 0.889000 0.494000 0.875000 0.499000 0.873000 0.495000 0.888000 0.490000
6 0.892000 0.501000 0.878000 0.506000 0.876000 0.502000 0.891000 0.497000
6 0.912000 0.497000 0.896000 0.502000 0.894000 0.495000 0.910000 0.491000
6 0.906000 0.490000 0.890000 0.495000 0.888000 0.489000 0.905000 0.484000
6 0.924000 0.483000 0.912000 0.487000 0.910000 0.483000 0.923000 0.479000
6 0.946000 0.477000 0.932000 0.481000 0.930000 0.476000 0.945000 0.472000
4 0.951000 0.484000 0.936000 0.488000 0.934000 0.482000 0.949000 0.478000
11 0.902000 0.518000 0.892000 0.521000 0.890000 0.515000 0.901000 0.513000
3 0.911000 0.300000 0.896000 0.306000 0.893000 0.301000 0.909000 0.294000
3 0.915000 0.310000 0.898000 0.315000 0.896000 0.309000 0.913000 0.304000
3 0.933000 0.293000 0.913000 0.300000 0.911000 0.294000 0.931000 0.287000
3 0.934000 0.301000 0.919000 0.307000 0.917000 0.302000 0.932000 0.296000
3 0.937000 0.311000 0.924000 0.316000 0.922000 0.310000 0.935000 0.305000
3 0.949000 0.286000 0.934000 0.291000 0.932000 0.286000 0.947000 0.281000
3 0.952000 0.296000 0.939000 0.302000 0.937000 0.297000 0.950000 0.291000
3 0.956000 0.305000 0.942000 0.309000 0.940000 0.305000 0.955000 0.300000
3 0.970000 0.282000 0.951000 0.287000 0.949000 0.281000 0.968000 0.276000
3 0.971000 0.290000 0.957000 0.296000 0.955000 0.290000 0.969000 0.284000
3 0.975000 0.299000 0.960000 0.303000 0.958000 0.297000 0.973000 0.293000
3 0.989000 0.274000 0.972000 0.282000 0.969000 0.277000 0.986000 0.269000
3 0.992000 0.283000 0.978000 0.291000 0.974000 0.284000 0.989000 0.277000
3 0.996000 0.292000 0.980000 0.297000 0.977000 0.290000 0.993000 0.285000
4 0.922000 0.325000 0.906000 0.330000 0.904000 0.324000 0.921000 0.319000
4 0.942000 0.319000 0.926000 0.323000 0.925000 0.317000 0.941000 0.313000
4 0.961000 0.313000 0.945000 0.317000 0.944000 0.311000 0.960000 0.307000
4 0.978000 0.307000 0.964000 0.311000 0.962000 0.306000 0.977000 0.302000
4 0.997000 0.301000 0.982000 0.306000 0.980000 0.301000 0.995000 0.295000
4 1.000000 0.308588 0.984783 0.313064 0.983000 0.307000 1.000000 0.302000
3 1.000000 0.321143 0.989075 0.324264 0.986736 0.316076 1.000000 0.312286
3 0.990000 0.323000 0.971000 0.329000 0.969000 0.322000 0.988000 0.317000
3 0.971000 0.329000 0.952000 0.334000 0.950000 0.328000 0.969000 0.322000
3 0.949000 0.334000 0.930000 0.340000 0.928000 0.333000 0.947000 0.328000
3 0.930000 0.339000 0.912000 0.345000 0.910000 0.338000 0.928000 0.333000
4 0.948000 0.343000 0.934000 0.347000 0.933000 0.342000 0.947000 0.338000
6 0.969000 0.337000 0.955000 0.342000 0.954000 0.338000 0.968000 0.333000
4 0.971000 0.344000 0.959000 0.349000 0.958000 0.345000 0.970000 0.340000
4 0.950000 0.349000 0.941000 0.353000 0.940000 0.349000 0.949000 0.346000
4 0.931000 0.358000 0.919000 0.362000 0.917000 0.357000 0.930000 0.353000
3 1.000000 0.361750 0.989461 0.343308 0.997215 0.338877 1.000000 0.343750
3 0.943000 0.384000 0.936000 0.387000 0.925000 0.365000 0.932000 0.362000
4 0.659000 0.329000 0.655000 0.330000 0.651000 0.318000 0.655000 0.317000
6 0.669000 0.325000 0.665000 0.327000 0.661000 0.315000 0.664000 0.314000
6 0.678000 0.322000 0.674000 0.323000 0.670000 0.311000 0.674000 0.310000
4 0.690000 0.319000 0.686000 0.321000 0.680000 0.309000 0.685000 0.307000
6 0.698000 0.314000 0.695000 0.316000 0.690000 0.306000 0.693000 0.305000
6 0.060000 0.287000 0.057000 0.288000 0.053000 0.280000 0.056000 0.279000
6 0.147000 0.306000 0.134000 0.310000 0.133000 0.306000 0.147000 0.303000
6 0.236000 0.318000 0.225000 0.322000 0.224000 0.319000 0.235000 0.315000
6 0.847000 0.050000 0.834000 0.054000 0.833000 0.050000 0.846000 0.047000
6 0.853000 0.059000 0.839000 0.063000 0.837000 0.059000 0.851000 0.055000
6 0.857000 0.068000 0.843000 0.072000 0.841000 0.067000 0.856000 0.063000
6 0.860000 0.077000 0.846000 0.081000 0.845000 0.078000 0.859000 0.073000
4 0.021489 0.602151 0.000000 0.608519 0.000000 0.592037 0.017000 0.587000
4 0.075000 0.589000 0.061000 0.593000 0.059000 0.588000 0.074000 0.584000
31 0.014218 0.936930 0.000000 0.941480 -0.000000 0.933840 0.012000 0.930000
31 0.041000 0.928000 0.017000 0.935000 0.015000 0.928000 0.039000 0.921000
31 0.034000 0.938000 0.012000 0.945000 0.010000 0.939000 0.032000 0.932000
31 0.056000 0.932000 0.039000 0.938000 0.037000 0.932000 0.055000 0.927000
31 0.037000 0.948000 0.013000 0.955000 0.011000 0.948000 0.035000 0.941000
31 0.059000 0.940000 0.042000 0.945000 0.040000 0.939000 0.057000 0.934000
31 0.401000 1.004000 0.398794 0.997066 0.421000 0.990000 0.423206 0.996934
31 0.429000 1.005000 0.426908 0.998028 0.447000 0.992000 0.449092 0.998973
31 0.414000 0.991000 0.387000 0.999000 0.385000 0.993000 0.412000 0.984000
31 0.343000 1.004000 0.340911 0.998031 0.361000 0.991000 0.363089 0.996969
31 0.389000 0.990000 0.368000 0.996000 0.366000 0.990000 0.387000 0.983000
31 0.414000 0.983000 0.394000 0.989000 0.392000 0.981000 0.412000 0.975000
31 0.409000 0.974000 0.387000 0.981000 0.385000 0.975000 0.407000 0.968000
31 0.385000 0.981000 0.362000 0.989000 0.360000 0.981000 0.383000 0.974000
31 0.357000 0.989000 0.338000 0.995000 0.336000 0.989000 0.355000 0.983000
31 0.311000 1.004000 0.308924 0.996736 0.329924 0.990736 0.332000 0.998000
31 0.253826 1.003737 0.252000 0.998000 0.274000 0.991000 0.275826 0.996737
31 0.297000 0.990000 0.278000 0.996000 0.276000 0.990000 0.295000 0.984000
31 0.297000 1.000000 0.280333 1.000000 0.279700 0.998100 0.295000 0.993000
31 0.323000 0.980000 0.302000 0.987000 0.301000 0.981000 0.321000 0.975000
31 0.318000 0.993000 0.300000 0.999000 0.298000 0.993000 0.317000 0.987000
31 0.351000 0.973000 0.327000 0.981000 0.325000 0.974000 0.349000 0.966000
31 0.341000 0.986000 0.320000 0.992000 0.318000 0.986000 0.339000 0.979000
3 0.362000 0.979000 0.344000 0.985000 0.342000 0.978000 0.360000 0.972000
31 0.374000 0.966000 0.354000 0.973000 0.352000 0.966000 0.372000 0.960000
3 0.385000 0.973000 0.366000 0.979000 0.364000 0.972000 0.383000 0.966000
11 0.399000 0.959000 0.379000 0.965000 0.376000 0.958000 0.396000 0.952000
3 0.403000 0.967000 0.387000 0.972000 0.385000 0.965000 0.401000 0.960000
11 0.420000 0.951000 0.401000 0.957000 0.399000 0.950000 0.418000 0.944000
11 0.426000 0.960000 0.407000 0.966000 0.405000 0.958000 0.424000 0.953000
11 0.423000 0.970000 0.412000 0.973000 0.410000 0.968000 0.421000 0.965000
11 0.132000 0.904000 0.108000 0.911000 0.105000 0.904000 0.130000 0.896000
31 0.155000 0.895000 0.134000 0.901000 0.132000 0.895000 0.153000 0.888000
31 0.183000 0.887000 0.160000 0.894000 0.158000 0.888000 0.181000 0.880000
31 0.209000 0.879000 0.186000 0.886000 0.184000 0.879000 0.207000 0.872000
31 0.139000 0.910000 0.117000 0.917000 0.115000 0.910000 0.137000 0.903000
31 0.167000 0.901000 0.141000 0.909000 0.139000 0.901000 0.165000 0.893000
31 0.191000 0.894000 0.169000 0.901000 0.167000 0.895000 0.189000 0.888000
31 0.217000 0.885000 0.197000 0.892000 0.195000 0.884000 0.215000 0.878000
31 0.204000 0.871000 0.180000 0.879000 0.178000 0.871000 0.201000 0.863000
31 0.232000 0.862000 0.206000 0.870000 0.204000 0.862000 0.230000 0.854000
31 0.238000 0.869000 0.212000 0.877000 0.210000 0.871000 0.236000 0.863000
31 0.243000 0.877000 0.220000 0.884000 0.218000 0.877000 0.241000 0.870000
31 0.248000 0.885000 0.227000 0.891000 0.225000 0.885000 0.246000 0.878000
31 0.248000 0.895000 0.228000 0.901000 0.226000 0.894000 0.246000 0.888000
31 0.224000 0.891000 0.203000 0.898000 0.201000 0.892000 0.222000 0.885000
31 0.226000 0.901000 0.203000 0.908000 0.201000 0.901000 0.224000 0.894000
31 0.200000 0.900000 0.178000 0.907000 0.176000 0.900000 0.198000 0.894000
31 0.201000 0.909000 0.180000 0.916000 0.178000 0.909000 0.199000 0.902000
31 0.174000 0.908000 0.152000 0.915000 0.150000 0.908000 0.172000 0.901000
31 0.174000 0.918000 0.151000 0.925000 0.149000 0.918000 0.172000 0.911000
31 0.150000 0.916000 0.127000 0.923000 0.125000 0.916000 0.148000 0.909000
31 0.149000 0.927000 0.125000 0.935000 0.122000 0.927000 0.147000 0.919000
31 0.126000 0.924000 0.102000 0.931000 0.100000 0.924000 0.124000 0.916000
31 0.123000 0.935000 0.103000 0.941000 0.101000 0.933000 0.121000 0.927000
31 0.257000 0.854000 0.236000 0.860000 0.234000 0.853000 0.255000 0.846000
31 0.262000 0.861000 0.240000 0.868000 0.237000 0.861000 0.260000 0.854000
31 0.267000 0.869000 0.245000 0.876000 0.243000 0.869000 0.265000 0.862000
31 0.277000 0.877000 0.254000 0.884000 0.251000 0.876000 0.274000 0.869000
31 0.276000 0.886000 0.251000 0.893000 0.249000 0.886000 0.274000 0.878000
31 0.286000 0.845000 0.261000 0.852000 0.259000 0.845000 0.283000 0.838000
31 0.289000 0.853000 0.264000 0.860000 0.262000 0.854000 0.287000 0.846000
31 0.295000 0.860000 0.273000 0.867000 0.270000 0.860000 0.293000 0.853000
31 0.303000 0.867000 0.281000 0.874000 0.279000 0.866000 0.301000 0.860000
31 0.303000 0.878000 0.280000 0.885000 0.277000 0.877000 0.300000 0.869000
31 0.311000 0.835000 0.289000 0.842000 0.287000 0.837000 0.309000 0.830000
31 0.315000 0.845000 0.293000 0.852000 0.290000 0.844000 0.312000 0.837000
31 0.317000 0.853000 0.299000 0.858000 0.297000 0.852000 0.315000 0.846000
31 0.327000 0.860000 0.306000 0.866000 0.304000 0.859000 0.325000 0.852000
31 0.329000 0.868000 0.305000 0.876000 0.303000 0.868000 0.327000 0.861000
31 0.338000 0.828000 0.315000 0.835000 0.312000 0.828000 0.336000 0.821000
31 0.342000 0.837000 0.319000 0.844000 0.316000 0.836000 0.339000 0.829000
31 0.343000 0.846000 0.323000 0.852000 0.321000 0.845000 0.341000 0.839000
31 0.351000 0.852000 0.332000 0.858000 0.330000 0.851000 0.349000 0.845000
31 0.354000 0.861000 0.332000 0.868000 0.329000 0.860000 0.351000 0.853000
31 0.365000 0.819000 0.342000 0.826000 0.340000 0.819000 0.363000 0.812000
31 0.368000 0.826000 0.346000 0.833000 0.344000 0.827000 0.366000 0.820000
31 0.371000 0.835000 0.347000 0.843000 0.345000 0.837000 0.369000 0.829000
31 0.374000 0.844000 0.352000 0.850000 0.350000 0.844000 0.372000 0.837000
31 0.379000 0.852000 0.358000 0.858000 0.356000 0.852000 0.377000 0.845000
31 0.030000 0.709000 0.008000 0.715000 0.006000 0.708000 0.027000 0.702000
31 0.053000 0.700000 0.033000 0.706000 0.031000 0.700000 0.051000 0.693000
31 0.076000 0.693000 0.058000 0.698000 0.057000 0.693000 0.074000 0.688000
31 0.099000 0.686000 0.080000 0.692000 0.078000 0.684000 0.096000 0.679000
31 0.120000 0.678000 0.103000 0.683000 0.101000 0.677000 0.118000 0.672000
31 0.146000 0.670000 0.126000 0.676000 0.124000 0.669000 0.144000 0.663000
31 0.173000 0.662000 0.151000 0.669000 0.149000 0.663000 0.171000 0.656000
31 0.197000 0.653000 0.176000 0.660000 0.174000 0.653000 0.194000 0.647000
31 0.219000 0.646000 0.201000 0.652000 0.199000 0.645000 0.217000 0.640000
31 0.249000 0.637000 0.225000 0.644000 0.223000 0.638000 0.247000 0.631000
31 0.274000 0.629000 0.255000 0.635000 0.253000 0.629000 0.272000 0.623000
31 0.028000 0.718000 0.007000 0.725000 0.005000 0.719000 0.026000 0.712000
31 0.051000 0.710000 0.033000 0.715000 0.031000 0.710000 0.049000 0.704000
31 0.075000 0.703000 0.057000 0.709000 0.055000 0.702000 0.073000 0.696000
31 0.102000 0.695000 0.083000 0.701000 0.081000 0.694000 0.100000 0.688000
31 0.127000 0.686000 0.109000 0.692000 0.107000 0.686000 0.126000 0.681000
31 0.154000 0.678000 0.132000 0.684000 0.130000 0.678000 0.152000 0.671000
31 0.180000 0.669000 0.157000 0.676000 0.155000 0.669000 0.178000 0.662000
31 0.204000 0.661000 0.183000 0.668000 0.181000 0.661000 0.202000 0.654000
31 0.227000 0.654000 0.208000 0.660000 0.206000 0.654000 0.225000 0.649000
31 0.252000 0.646000 0.232000 0.652000 0.230000 0.645000 0.249000 0.639000
31 0.278000 0.637000 0.257000 0.643000 0.255000 0.638000 0.276000 0.631000
31 0.046000 0.721000 0.026000 0.728000 0.024000 0.721000 0.044000 0.715000
31 0.074000 0.712000 0.052000 0.719000 0.050000 0.713000 0.072000 0.706000
31 0.100000 0.706000 0.079000 0.712000 0.077000 0.705000 0.098000 0.698000
31 0.127000 0.697000 0.104000 0.704000 0.102000 0.697000 0.125000 0.690000
31 0.150000 0.689000 0.130000 0.695000 0.129000 0.689000 0.148000 0.683000
31 0.177000 0.681000 0.155000 0.688000 0.152000 0.681000 0.175000 0.674000
31 0.204000 0.672000 0.182000 0.679000 0.180000 0.672000 0.202000 0.666000
31 0.232000 0.664000 0.210000 0.670000 0.208000 0.663000 0.230000 0.656000
31 0.256000 0.654000 0.235000 0.661000 0.233000 0.654000 0.254000 0.648000
31 0.282000 0.646000 0.261000 0.652000 0.259000 0.646000 0.280000 0.640000
31 0.049000 0.732000 0.027000 0.739000 0.025000 0.732000 0.047000 0.725000
31 0.074000 0.723000 0.054000 0.729000 0.053000 0.723000 0.073000 0.717000
31 0.106000 0.715000 0.080000 0.723000 0.077000 0.715000 0.103000 0.707000
31 0.126000 0.707000 0.108000 0.712000 0.106000 0.706000 0.124000 0.700000
31 0.152000 0.699000 0.130000 0.706000 0.127000 0.698000 0.149000 0.691000
31 0.179000 0.689000 0.156000 0.696000 0.154000 0.690000 0.177000 0.683000
31 0.206000 0.680000 0.185000 0.686000 0.183000 0.681000 0.204000 0.674000
31 0.234000 0.673000 0.210000 0.681000 0.208000 0.673000 0.232000 0.666000
31 0.261000 0.664000 0.236000 0.672000 0.234000 0.665000 0.259000 0.657000
31 0.283000 0.658000 0.263000 0.663000 0.261000 0.656000 0.280000 0.650000
31 0.051000 0.740000 0.029000 0.747000 0.027000 0.740000 0.049000 0.734000
31 0.079000 0.732000 0.055000 0.740000 0.053000 0.733000 0.076000 0.725000
31 0.108000 0.724000 0.081000 0.732000 0.079000 0.724000 0.105000 0.716000
31 0.134000 0.715000 0.110000 0.723000 0.108000 0.715000 0.132000 0.708000
31 0.160000 0.705000 0.134000 0.714000 0.131000 0.706000 0.157000 0.698000
31 0.186000 0.698000 0.161000 0.706000 0.158000 0.697000 0.183000 0.690000
31 0.210000 0.689000 0.187000 0.697000 0.185000 0.688000 0.208000 0.681000
31 0.239000 0.681000 0.213000 0.689000 0.211000 0.682000 0.236000 0.674000
31 0.264000 0.673000 0.242000 0.680000 0.240000 0.673000 0.262000 0.666000
11 0.280000 0.668000 0.269000 0.671000 0.267000 0.665000 0.278000 0.662000
31 0.058000 0.748000 0.036000 0.754000 0.034000 0.748000 0.056000 0.741000
31 0.086000 0.740000 0.060000 0.748000 0.058000 0.741000 0.084000 0.733000
31 0.114000 0.731000 0.089000 0.738000 0.087000 0.731000 0.111000 0.724000
31 0.140000 0.723000 0.115000 0.730000 0.113000 0.723000 0.137000 0.715000
31 0.165000 0.715000 0.142000 0.723000 0.139000 0.715000 0.162000 0.707000
31 0.197000 0.705000 0.170000 0.713000 0.167000 0.706000 0.194000 0.697000
31 0.220000 0.698000 0.198000 0.704000 0.196000 0.697000 0.218000 0.690000
31 0.249000 0.689000 0.223000 0.697000 0.220000 0.689000 0.246000 0.680000
31 0.274000 0.680000 0.251000 0.687000 0.249000 0.679000 0.272000 0.671000
31 0.111000 0.864000 0.085000 0.872000 0.082000 0.863000 0.108000 0.855000
31 0.137000 0.856000 0.113000 0.864000 0.111000 0.856000 0.135000 0.848000
31 0.163000 0.845000 0.140000 0.853000 0.138000 0.846000 0.161000 0.839000
31 0.192000 0.837000 0.167000 0.845000 0.165000 0.838000 0.190000 0.830000
31 0.220000 0.826000 0.194000 0.834000 0.193000 0.830000 0.219000 0.822000
31 0.246000 0.821000 0.225000 0.828000 0.222000 0.820000 0.244000 0.813000
31 0.271000 0.813000 0.249000 0.820000 0.247000 0.812000 0.268000 0.805000
31 0.293000 0.804000 0.275000 0.809000 0.273000 0.803000 0.291000 0.798000
31 0.324000 0.796000 0.298000 0.804000 0.296000 0.796000 0.322000 0.787000
31 0.347000 0.788000 0.326000 0.794000 0.324000 0.787000 0.345000 0.781000
31 0.165000 0.855000 0.141000 0.862000 0.140000 0.857000 0.163000 0.849000
31 0.187000 0.848000 0.167000 0.854000 0.165000 0.848000 0.185000 0.842000
31 0.218000 0.838000 0.193000 0.846000 0.191000 0.839000 0.216000 0.831000
31 0.247000 0.830000 0.222000 0.838000 0.220000 0.830000 0.245000 0.822000
31 0.273000 0.822000 0.251000 0.828000 0.249000 0.821000 0.271000 0.814000
31 0.298000 0.813000 0.277000 0.819000 0.275000 0.812000 0.295000 0.805000
31 0.325000 0.804000 0.303000 0.811000 0.301000 0.804000 0.323000 0.797000
31 0.352000 0.797000 0.330000 0.804000 0.327000 0.795000 0.349000 0.788000
31 0.068000 0.754000 0.043000 0.762000 0.041000 0.755000 0.066000 0.748000
31 0.073000 0.763000 0.048000 0.771000 0.046000 0.764000 0.071000 0.756000
31 0.063000 0.775000 0.036000 0.784000 0.034000 0.777000 0.061000 0.768000
31 0.078000 0.781000 0.054000 0.788000 0.052000 0.780000 0.075000 0.773000
31 0.070000 0.800000 0.047000 0.807000 0.045000 0.801000 0.068000 0.794000
31 0.072000 0.810000 0.050000 0.817000 0.047000 0.809000 0.070000 0.802000
31 0.086000 0.814000 0.064000 0.821000 0.062000 0.815000 0.084000 0.808000
31 0.100000 0.821000 0.072000 0.829000 0.069000 0.822000 0.097000 0.813000
31 0.101000 0.828000 0.076000 0.835000 0.074000 0.830000 0.099000 0.822000
31 0.093000 0.841000 0.069000 0.849000 0.067000 0.841000 0.091000 0.834000
31 0.106000 0.846000 0.081000 0.854000 0.079000 0.847000 0.104000 0.839000
31 0.107000 0.855000 0.080000 0.864000 0.078000 0.857000 0.105000 0.849000
31 0.096000 0.793000 0.073000 0.800000 0.071000 0.793000 0.094000 0.786000
31 0.093000 0.802000 0.074000 0.808000 0.073000 0.802000 0.091000 0.796000
31 0.085000 0.787000 0.057000 0.795000 0.055000 0.789000 0.083000 0.780000
31 0.277000 0.687000 0.251000 0.695000 0.249000 0.688000 0.275000 0.680000
31 0.282000 0.696000 0.256000 0.704000 0.254000 0.696000 0.280000 0.688000
31 0.305000 0.698000 0.283000 0.705000 0.281000 0.698000 0.303000 0.692000
31 0.308000 0.705000 0.287000 0.712000 0.285000 0.705000 0.306000 0.699000
31 0.346000 0.778000 0.324000 0.785000 0.322000 0.778000 0.344000 0.771000
31 0.342000 0.770000 0.320000 0.777000 0.318000 0.770000 0.340000 0.763000
31 0.338000 0.763000 0.314000 0.770000 0.311000 0.763000 0.336000 0.755000
31 0.335000 0.755000 0.311000 0.762000 0.309000 0.753000 0.333000 0.746000
31 0.330000 0.747000 0.307000 0.754000 0.305000 0.746000 0.328000 0.739000
31 0.324000 0.739000 0.299000 0.747000 0.297000 0.740000 0.322000 0.732000
31 0.324000 0.730000 0.300000 0.737000 0.297000 0.730000 0.321000 0.722000
31 0.321000 0.721000 0.295000 0.729000 0.293000 0.722000 0.319000 0.714000
31 0.313000 0.713000 0.289000 0.720000 0.286000 0.712000 0.311000 0.704000
31 0.277000 0.706000 0.252000 0.714000 0.250000 0.706000 0.275000 0.699000
31 0.250000 0.695000 0.226000 0.703000 0.224000 0.697000 0.249000 0.690000
31 0.254000 0.703000 0.230000 0.711000 0.228000 0.705000 0.252000 0.698000
31 0.282000 0.714000 0.261000 0.721000 0.259000 0.714000 0.280000 0.708000
31 0.286000 0.722000 0.265000 0.729000 0.263000 0.722000 0.284000 0.715000
31 0.292000 0.730000 0.270000 0.737000 0.267000 0.730000 0.290000 0.723000
31 0.296000 0.739000 0.276000 0.745000 0.273000 0.737000 0.294000 0.731000
31 0.298000 0.747000 0.272000 0.755000 0.270000 0.748000 0.296000 0.740000
31 0.305000 0.754000 0.280000 0.762000 0.278000 0.755000 0.303000 0.747000
31 0.308000 0.763000 0.285000 0.770000 0.283000 0.763000 0.306000 0.756000
31 0.311000 0.771000 0.290000 0.777000 0.288000 0.770000 0.308000 0.764000
31 0.324000 0.787000 0.297000 0.795000 0.294000 0.786000 0.321000 0.778000
31 0.317000 0.778000 0.291000 0.787000 0.288000 0.779000 0.314000 0.771000
31 0.250000 0.716000 0.225000 0.724000 0.222000 0.716000 0.247000 0.708000
31 0.258000 0.722000 0.237000 0.728000 0.234000 0.721000 0.256000 0.714000
31 0.267000 0.737000 0.244000 0.744000 0.242000 0.737000 0.265000 0.730000
31 0.262000 0.730000 0.238000 0.737000 0.236000 0.730000 0.259000 0.722000
31 0.275000 0.746000 0.250000 0.754000 0.247000 0.745000 0.272000 0.737000
31 0.268000 0.756000 0.245000 0.764000 0.242000 0.755000 0.266000 0.748000
31 0.276000 0.763000 0.256000 0.769000 0.254000 0.763000 0.274000 0.756000
31 0.284000 0.771000 0.261000 0.778000 0.258000 0.771000 0.282000 0.764000
31 0.285000 0.779000 0.260000 0.787000 0.258000 0.780000 0.283000 0.772000
31 0.290000 0.787000 0.265000 0.795000 0.263000 0.788000 0.288000 0.780000
31 0.295000 0.796000 0.270000 0.803000 0.268000 0.796000 0.292000 0.789000
31 0.091000 0.747000 0.068000 0.753000 0.066000 0.747000 0.088000 0.740000
31 0.096000 0.754000 0.074000 0.760000 0.072000 0.754000 0.094000 0.748000
31 0.090000 0.765000 0.065000 0.773000 0.063000 0.766000 0.087000 0.758000
31 0.102000 0.772000 0.080000 0.779000 0.077000 0.771000 0.100000 0.764000
31 0.123000 0.746000 0.099000 0.753000 0.097000 0.747000 0.121000 0.739000
31 0.149000 0.737000 0.125000 0.745000 0.122000 0.737000 0.146000 0.730000
31 0.171000 0.720000 0.147000 0.728000 0.145000 0.721000 0.169000 0.714000
31 0.222000 0.704000 0.199000 0.711000 0.197000 0.706000 0.220000 0.699000
31 0.195000 0.712000 0.171000 0.719000 0.170000 0.714000 0.193000 0.706000
31 0.118000 0.738000 0.092000 0.746000 0.090000 0.739000 0.116000 0.731000
31 0.147000 0.730000 0.121000 0.738000 0.119000 0.730000 0.145000 0.722000
31 0.174000 0.730000 0.151000 0.737000 0.149000 0.730000 0.171000 0.723000
31 0.199000 0.722000 0.176000 0.729000 0.174000 0.722000 0.196000 0.715000
31 0.228000 0.712000 0.205000 0.719000 0.202000 0.710000 0.225000 0.703000
31 0.172000 0.741000 0.147000 0.749000 0.145000 0.741000 0.169000 0.734000
31 0.179000 0.747000 0.157000 0.754000 0.156000 0.748000 0.178000 0.741000
31 0.198000 0.761000 0.175000 0.768000 0.173000 0.760000 0.196000 0.753000
31 0.190000 0.782000 0.166000 0.790000 0.164000 0.782000 0.188000 0.774000
31 0.216000 0.773000 0.193000 0.780000 0.190000 0.772000 0.213000 0.765000
31 0.221000 0.752000 0.199000 0.759000 0.197000 0.753000 0.219000 0.746000
31 0.246000 0.755000 0.225000 0.761000 0.223000 0.755000 0.244000 0.749000
31 0.208000 0.737000 0.185000 0.745000 0.183000 0.738000 0.206000 0.731000
31 0.187000 0.755000 0.164000 0.762000 0.162000 0.754000 0.185000 0.747000
31 0.198000 0.770000 0.174000 0.778000 0.172000 0.770000 0.195000 0.762000
31 0.221000 0.762000 0.201000 0.768000 0.199000 0.761000 0.219000 0.754000
31 0.211000 0.748000 0.188000 0.755000 0.185000 0.746000 0.208000 0.739000
31 0.197000 0.733000 0.174000 0.740000 0.172000 0.732000 0.194000 0.725000
31 0.223000 0.723000 0.199000 0.730000 0.196000 0.723000 0.221000 0.715000
31 0.234000 0.729000 0.210000 0.737000 0.208000 0.730000 0.232000 0.723000
31 0.239000 0.736000 0.213000 0.744000 0.211000 0.739000 0.237000 0.731000
31 0.245000 0.745000 0.223000 0.752000 0.221000 0.745000 0.243000 0.738000
31 0.118000 0.758000 0.092000 0.766000 0.090000 0.758000 0.116000 0.750000
31 0.143000 0.748000 0.120000 0.755000 0.118000 0.748000 0.141000 0.741000
31 0.130000 0.763000 0.106000 0.770000 0.104000 0.763000 0.128000 0.756000
31 0.156000 0.755000 0.133000 0.762000 0.130000 0.753000 0.153000 0.746000
31 0.136000 0.770000 0.112000 0.777000 0.110000 0.770000 0.134000 0.763000
31 0.161000 0.762000 0.139000 0.769000 0.137000 0.761000 0.159000 0.754000
31 0.113000 0.778000 0.086000 0.786000 0.084000 0.779000 0.111000 0.771000
31 0.121000 0.784000 0.098000 0.791000 0.096000 0.785000 0.119000 0.778000
31 0.120000 0.794000 0.099000 0.800000 0.097000 0.793000 0.118000 0.787000
31 0.110000 0.807000 0.088000 0.814000 0.085000 0.806000 0.108000 0.799000
31 0.123000 0.812000 0.102000 0.818000 0.100000 0.812000 0.121000 0.805000
31 0.128000 0.819000 0.102000 0.827000 0.100000 0.820000 0.126000 0.812000
31 0.121000 0.832000 0.095000 0.840000 0.093000 0.831000 0.118000 0.824000
31 0.131000 0.838000 0.109000 0.845000 0.107000 0.839000 0.129000 0.832000
31 0.133000 0.847000 0.108000 0.855000 0.106000 0.847000 0.131000 0.840000
31 0.162000 0.790000 0.139000 0.797000 0.137000 0.790000 0.160000 0.783000
31 0.175000 0.795000 0.151000 0.803000 0.149000 0.797000 0.173000 0.789000
31 0.183000 0.802000 0.158000 0.809000 0.156000 0.803000 0.181000 0.795000
31 0.201000 0.787000 0.178000 0.794000 0.176000 0.787000 0.199000 0.780000
31 0.225000 0.779000 0.204000 0.786000 0.202000 0.780000 0.223000 0.773000
31 0.240000 0.766000 0.219000 0.772000 0.217000 0.766000 0.238000 0.760000
31 0.252000 0.771000 0.230000 0.777000 0.229000 0.771000 0.250000 0.764000
31 0.171000 0.769000 0.148000 0.777000 0.145000 0.769000 0.169000 0.762000
31 0.145000 0.777000 0.123000 0.784000 0.120000 0.777000 0.143000 0.770000
31 0.147000 0.786000 0.124000 0.793000 0.122000 0.786000 0.145000 0.779000
31 0.172000 0.778000 0.150000 0.784000 0.148000 0.777000 0.169000 0.770000
31 0.136000 0.798000 0.112000 0.805000 0.110000 0.799000 0.134000 0.791000
31 0.149000 0.803000 0.126000 0.810000 0.124000 0.804000 0.147000 0.797000
31 0.155000 0.811000 0.131000 0.818000 0.128000 0.812000 0.153000 0.804000
31 0.205000 0.794000 0.183000 0.801000 0.181000 0.794000 0.203000 0.787000
31 0.231000 0.787000 0.209000 0.794000 0.207000 0.787000 0.229000 0.780000
31 0.256000 0.780000 0.234000 0.787000 0.231000 0.779000 0.253000 0.772000
31 0.150000 0.822000 0.124000 0.830000 0.121000 0.823000 0.148000 0.815000
31 0.156000 0.829000 0.133000 0.836000 0.131000 0.830000 0.154000 0.822000
31 0.160000 0.837000 0.132000 0.846000 0.130000 0.839000 0.158000 0.830000
31 0.175000 0.814000 0.151000 0.821000 0.149000 0.812000 0.173000 0.805000
31 0.200000 0.806000 0.177000 0.813000 0.175000 0.806000 0.198000 0.799000
31 0.231000 0.798000 0.204000 0.806000 0.202000 0.799000 0.229000 0.790000
31 0.258000 0.789000 0.232000 0.797000 0.230000 0.789000 0.256000 0.781000
31 0.265000 0.804000 0.244000 0.811000 0.242000 0.805000 0.263000 0.798000
31 0.243000 0.811000 0.217000 0.819000 0.215000 0.812000 0.240000 0.805000
31 0.212000 0.821000 0.187000 0.829000 0.185000 0.821000 0.209000 0.814000
31 0.186000 0.831000 0.162000 0.838000 0.160000 0.830000 0.184000 0.823000
31 0.188000 0.819000 0.160000 0.828000 0.158000 0.822000 0.186000 0.813000
31 0.238000 0.804000 0.211000 0.812000 0.209000 0.805000 0.235000 0.797000
31 0.212000 0.812000 0.188000 0.819000 0.186000 0.811000 0.209000 0.804000
31 0.264000 0.797000 0.239000 0.804000 0.237000 0.796000 0.261000 0.788000
31 0.355000 0.868000 0.333000 0.875000 0.331000 0.869000 0.353000 0.862000
31 0.382000 0.860000 0.359000 0.867000 0.356000 0.860000 0.380000 0.852000
31 0.158000 0.940000 0.137000 0.947000 0.135000 0.941000 0.157000 0.934000
31 0.188000 0.932000 0.163000 0.940000 0.160000 0.931000 0.185000 0.924000
31 0.215000 0.923000 0.193000 0.930000 0.191000 0.923000 0.213000 0.916000
31 0.246000 0.913000 0.221000 0.921000 0.219000 0.915000 0.244000 0.907000
31 0.271000 0.906000 0.251000 0.913000 0.248000 0.904000 0.268000 0.898000
31 0.301000 0.897000 0.277000 0.904000 0.275000 0.897000 0.299000 0.890000
31 0.329000 0.887000 0.307000 0.894000 0.305000 0.887000 0.327000 0.880000
31 0.356000 0.878000 0.332000 0.886000 0.330000 0.879000 0.354000 0.871000
31 0.384000 0.869000 0.361000 0.877000 0.359000 0.871000 0.382000 0.863000
31 0.145000 0.955000 0.121000 0.962000 0.119000 0.955000 0.143000 0.948000
31 0.147000 0.963000 0.123000 0.971000 0.121000 0.965000 0.145000 0.957000
31 0.157000 0.969000 0.132000 0.977000 0.130000 0.970000 0.155000 0.962000
31 0.173000 0.946000 0.150000 0.953000 0.148000 0.946000 0.171000 0.939000
31 0.176000 0.955000 0.149000 0.963000 0.147000 0.956000 0.174000 0.948000
31 0.185000 0.961000 0.161000 0.969000 0.159000 0.962000 0.183000 0.954000
31 0.172000 0.974000 0.149000 0.981000 0.147000 0.975000 0.171000 0.967000
31 0.169000 0.984000 0.147000 0.991000 0.145000 0.985000 0.167000 0.978000
31 0.148000 1.001000 0.145689 0.993779 0.170689 0.985779 0.173000 0.993000
31 0.194000 0.968000 0.178000 0.973000 0.176000 0.966000 0.191000 0.961000
31 0.196000 0.975000 0.173000 0.983000 0.171000 0.977000 0.194000 0.970000
31 0.197000 0.985000 0.177000 0.991000 0.175000 0.985000 0.195000 0.979000
31 0.180000 1.001000 0.177796 0.993758 0.200796 0.986758 0.203000 0.994000
31 0.199000 0.936000 0.176000 0.944000 0.175000 0.938000 0.198000 0.931000
31 0.205000 0.945000 0.179000 0.953000 0.177000 0.946000 0.203000 0.939000
31 0.212000 0.952000 0.189000 0.959000 0.187000 0.952000 0.210000 0.945000
31 0.221000 0.959000 0.199000 0.966000 0.197000 0.959000 0.219000 0.952000
31 0.225000 0.966000 0.202000 0.973000 0.200000 0.967000 0.223000 0.960000
31 0.228000 0.975000 0.202000 0.983000 0.200000 0.977000 0.226000 0.969000
31 0.233000 0.984000 0.208000 0.991000 0.206000 0.984000 0.231000 0.977000
31 0.229000 0.927000 0.206000 0.934000 0.204000 0.929000 0.228000 0.922000
31 0.227000 0.936000 0.206000 0.942000 0.204000 0.937000 0.225000 0.931000
31 0.240000 0.943000 0.217000 0.950000 0.215000 0.943000 0.237000 0.936000
31 0.243000 0.951000 0.225000 0.957000 0.223000 0.951000 0.241000 0.946000
31 0.252000 0.959000 0.230000 0.966000 0.228000 0.959000 0.250000 0.952000
31 0.251000 0.969000 0.230000 0.975000 0.228000 0.969000 0.249000 0.962000
31 0.257000 0.976000 0.237000 0.982000 0.235000 0.975000 0.255000 0.969000
31 0.256000 0.918000 0.235000 0.925000 0.233000 0.919000 0.254000 0.912000
31 0.256000 0.928000 0.232000 0.936000 0.230000 0.929000 0.254000 0.922000
31 0.268000 0.934000 0.246000 0.941000 0.244000 0.935000 0.266000 0.928000
31 0.267000 0.944000 0.250000 0.949000 0.248000 0.942000 0.265000 0.937000
31 0.274000 0.950000 0.258000 0.955000 0.257000 0.949000 0.272000 0.945000
31 0.280000 0.959000 0.255000 0.967000 0.254000 0.961000 0.278000 0.953000
31 0.288000 0.967000 0.264000 0.974000 0.262000 0.967000 0.285000 0.959000
31 0.287000 0.910000 0.261000 0.918000 0.260000 0.911000 0.285000 0.904000
31 0.287000 0.918000 0.259000 0.927000 0.257000 0.921000 0.285000 0.912000
31 0.293000 0.924000 0.271000 0.931000 0.269000 0.926000 0.292000 0.919000
31 0.294000 0.934000 0.270000 0.941000 0.269000 0.936000 0.293000 0.929000
31 0.302000 0.942000 0.277000 0.949000 0.275000 0.943000 0.300000 0.936000
31 0.307000 0.949000 0.284000 0.956000 0.282000 0.950000 0.305000 0.943000
31 0.314000 0.957000 0.291000 0.964000 0.289000 0.958000 0.313000 0.951000
31 0.313000 0.901000 0.289000 0.908000 0.287000 0.902000 0.311000 0.894000
31 0.310000 0.910000 0.288000 0.917000 0.286000 0.911000 0.308000 0.904000
31 0.319000 0.917000 0.297000 0.924000 0.295000 0.918000 0.317000 0.911000
31 0.321000 0.928000 0.297000 0.935000 0.294000 0.927000 0.318000 0.919000
31 0.329000 0.933000 0.307000 0.940000 0.305000 0.934000 0.327000 0.928000
31 0.333000 0.942000 0.308000 0.949000 0.307000 0.944000 0.331000 0.936000
31 0.335000 0.948000 0.318000 0.954000 0.316000 0.949000 0.333000 0.943000
31 0.337000 0.893000 0.317000 0.900000 0.315000 0.893000 0.335000 0.887000
31 0.336000 0.901000 0.314000 0.908000 0.312000 0.903000 0.335000 0.896000
31 0.345000 0.910000 0.322000 0.917000 0.320000 0.910000 0.343000 0.903000
31 0.345000 0.918000 0.322000 0.926000 0.320000 0.920000 0.344000 0.913000
31 0.358000 0.924000 0.335000 0.931000 0.333000 0.925000 0.357000 0.918000
31 0.352000 0.934000 0.336000 0.939000 0.334000 0.933000 0.350000 0.928000
31 0.355000 0.944000 0.339000 0.949000 0.337000 0.942000 0.353000 0.937000
31 0.362000 0.884000 0.340000 0.891000 0.338000 0.885000 0.360000 0.878000
31 0.366000 0.892000 0.342000 0.900000 0.340000 0.893000 0.365000 0.886000
31 0.370000 0.901000 0.349000 0.907000 0.347000 0.902000 0.368000 0.895000
31 0.372000 0.910000 0.349000 0.917000 0.347000 0.911000 0.370000 0.904000
31 0.383000 0.916000 0.363000 0.922000 0.360000 0.915000 0.381000 0.908000
31 0.384000 0.924000 0.359000 0.932000 0.357000 0.928000 0.383000 0.920000
31 0.389000 0.934000 0.362000 0.942000 0.360000 0.935000 0.387000 0.927000
31 0.390000 0.876000 0.365000 0.883000 0.364000 0.877000 0.388000 0.870000
31 0.396000 0.883000 0.369000 0.891000 0.368000 0.886000 0.395000 0.877000
31 0.398000 0.893000 0.374000 0.901000 0.372000 0.894000 0.396000 0.886000
31 0.406000 0.900000 0.380000 0.908000 0.378000 0.901000 0.404000 0.893000
31 0.407000 0.906000 0.388000 0.912000 0.387000 0.908000 0.406000 0.902000
31 0.407000 0.917000 0.387000 0.923000 0.385000 0.917000 0.406000 0.911000
31 0.413000 0.924000 0.390000 0.931000 0.389000 0.926000 0.411000 0.919000
25 0.018000 0.620000 0.000000 0.625478 0.000000 0.616565 0.015517 0.611843
25 0.029000 0.649000 0.006000 0.656000 0.003000 0.648000 0.027000 0.641000
25 0.057000 0.641000 0.034000 0.648000 0.031000 0.640000 0.055000 0.633000
25 0.054000 0.632000 0.029000 0.639000 0.026000 0.631000 0.051000 0.623000
25 0.050000 0.622000 0.025000 0.630000 0.022000 0.621000 0.048000 0.613000
25 0.045000 0.612000 0.022000 0.620000 0.019000 0.610000 0.042000 0.603000
25 0.070000 0.603000 0.048000 0.609000 0.045000 0.601000 0.067000 0.594000
25 0.076000 0.612000 0.053000 0.619000 0.051000 0.611000 0.074000 0.604000
25 0.081000 0.621000 0.057000 0.628000 0.055000 0.620000 0.079000 0.613000
25 0.088000 0.631000 0.062000 0.639000 0.059000 0.631000 0.085000 0.623000
25 0.090000 0.640000 0.067000 0.647000 0.065000 0.640000 0.087000 0.633000
25 0.092000 0.649000 0.074000 0.654000 0.072000 0.648000 0.090000 0.642000
25 0.101000 0.659000 0.077000 0.666000 0.074000 0.658000 0.098000 0.650000
25 0.106000 0.669000 0.082000 0.677000 0.079000 0.668000 0.103000 0.660000
25 0.063000 0.650000 0.041000 0.656000 0.039000 0.648000 0.060000 0.641000
25 0.066000 0.660000 0.042000 0.667000 0.040000 0.660000 0.064000 0.653000
25 0.068000 0.669000 0.046000 0.676000 0.044000 0.669000 0.065000 0.662000
25 0.078000 0.677000 0.052000 0.685000 0.050000 0.677000 0.075000 0.669000
25 0.036000 0.657000 0.011000 0.665000 0.009000 0.658000 0.034000 0.650000
25 0.038000 0.668000 0.016000 0.675000 0.013000 0.667000 0.035000 0.660000
25 0.044000 0.675000 0.020000 0.682000 0.019000 0.677000 0.042000 0.670000
25 0.050000 0.688000 0.026000 0.695000 0.024000 0.686000 0.048000 0.679000
25 0.016206 0.682934 0.000000 0.688091 0.000000 0.680455 0.014000 0.676000
25 0.023000 0.694000 0.000000 0.701667 -0.000000 0.690667 0.019700 0.684100
25 0.022000 0.630000 0.000000 0.637000 0.000000 0.627045 0.019124 0.620961
25 0.001654 0.647101 -0.001000 0.638000 0.023346 0.630899 0.026000 0.640000
25 0.096000 0.593000 0.073000 0.600000 0.071000 0.593000 0.094000 0.585000
25 0.102000 0.602000 0.080000 0.609000 0.078000 0.602000 0.100000 0.595000
25 0.106000 0.612000 0.084000 0.619000 0.082000 0.612000 0.103000 0.605000
25 0.113000 0.621000 0.089000 0.628000 0.086000 0.621000 0.111000 0.614000
25 0.119000 0.630000 0.095000 0.637000 0.092000 0.630000 0.117000 0.623000
25 0.124000 0.639000 0.099000 0.647000 0.097000 0.639000 0.121000 0.632000
25 0.128000 0.649000 0.104000 0.657000 0.102000 0.648000 0.126000 0.641000
25 0.134000 0.659000 0.108000 0.666000 0.106000 0.659000 0.132000 0.651000
25 0.157000 0.562000 0.126000 0.572000 0.124000 0.565000 0.154000 0.555000
25 0.193000 0.551000 0.161000 0.561000 0.158000 0.552000 0.190000 0.542000
25 0.224000 0.530000 0.200000 0.538000 0.198000 0.531000 0.222000 0.524000
25 0.230000 0.539000 0.200000 0.548000 0.198000 0.541000 0.228000 0.532000
25 0.236000 0.547000 0.211000 0.555000 0.210000 0.549000 0.234000 0.541000
25 0.239000 0.557000 0.215000 0.565000 0.213000 0.558000 0.237000 0.551000
25 0.245000 0.569000 0.220000 0.577000 0.217000 0.568000 0.242000 0.560000
25 0.251000 0.578000 0.226000 0.586000 0.224000 0.579000 0.248000 0.571000
25 0.256000 0.589000 0.231000 0.597000 0.228000 0.587000 0.253000 0.580000
25 0.261000 0.596000 0.235000 0.604000 0.233000 0.598000 0.259000 0.590000
25 0.261000 0.606000 0.240000 0.613000 0.239000 0.607000 0.259000 0.601000
25 0.268000 0.615000 0.245000 0.622000 0.243000 0.614000 0.266000 0.607000
25 0.206000 0.556000 0.188000 0.562000 0.186000 0.556000 0.204000 0.550000
25 0.210000 0.566000 0.189000 0.573000 0.187000 0.567000 0.208000 0.560000
25 0.219000 0.577000 0.196000 0.584000 0.194000 0.576000 0.216000 0.569000
25 0.222000 0.586000 0.201000 0.593000 0.199000 0.586000 0.220000 0.580000
25 0.226000 0.595000 0.206000 0.602000 0.204000 0.595000 0.224000 0.588000
25 0.231000 0.606000 0.209000 0.613000 0.207000 0.606000 0.229000 0.599000
25 0.233000 0.617000 0.210000 0.624000 0.208000 0.616000 0.231000 0.609000
25 0.240000 0.625000 0.219000 0.631000 0.217000 0.625000 0.238000 0.618000
25 0.186000 0.564000 0.163000 0.571000 0.161000 0.563000 0.183000 0.556000
25 0.186000 0.575000 0.162000 0.582000 0.160000 0.575000 0.184000 0.567000
25 0.194000 0.584000 0.170000 0.591000 0.168000 0.586000 0.192000 0.578000
25 0.198000 0.593000 0.173000 0.601000 0.171000 0.595000 0.196000 0.587000
25 0.201000 0.603000 0.177000 0.611000 0.175000 0.604000 0.199000 0.597000
25 0.203000 0.614000 0.180000 0.621000 0.179000 0.615000 0.201000 0.608000
25 0.209000 0.624000 0.183000 0.632000 0.181000 0.623000 0.206000 0.615000
25 0.213000 0.631000 0.191000 0.638000 0.189000 0.631000 0.211000 0.625000
25 0.157000 0.572000 0.135000 0.579000 0.133000 0.573000 0.155000 0.566000
25 0.156000 0.584000 0.133000 0.592000 0.131000 0.584000 0.154000 0.577000
25 0.164000 0.596000 0.141000 0.603000 0.139000 0.593000 0.162000 0.586000
25 0.169000 0.602000 0.145000 0.610000 0.143000 0.604000 0.167000 0.596000
25 0.174000 0.612000 0.149000 0.620000 0.147000 0.612000 0.172000 0.605000
25 0.177000 0.621000 0.154000 0.628000 0.152000 0.621000 0.175000 0.614000
25 0.181000 0.633000 0.157000 0.640000 0.154000 0.632000 0.178000 0.624000
25 0.186000 0.640000 0.164000 0.647000 0.163000 0.642000 0.185000 0.635000
25 0.126000 0.583000 0.119000 0.587000 0.111000 0.571000 0.118000 0.567000
25 0.112000 0.589000 0.104000 0.592000 0.095000 0.576000 0.103000 0.572000
25 0.122000 0.608000 0.115000 0.612000 0.105000 0.594000 0.113000 0.590000
25 0.148000 0.625000 0.138000 0.630000 0.128000 0.611000 0.138000 0.606000
25 0.137000 0.604000 0.129000 0.608000 0.119000 0.588000 0.127000 0.584000
25 0.159000 0.650000 0.150000 0.654000 0.139000 0.633000 0.148000 0.628000
25 0.145000 0.654000 0.136000 0.658000 0.126000 0.638000 0.134000 0.633000
25 0.133000 0.630000 0.124000 0.635000 0.114000 0.615000 0.123000 0.611000
6 0.025000 0.824000 0.018000 0.827000 0.009000 0.810000 0.016000 0.807000
3 0.935000 0.113000 0.926000 0.118000 0.907000 0.078000 0.916000 0.073000
3 0.962000 0.162000 0.953000 0.168000 0.930000 0.131000 0.939000 0.125000
3 0.978000 0.389000 0.967000 0.394000 0.949000 0.354000 0.960000 0.348000
3 0.965000 0.393000 0.955000 0.398000 0.936000 0.357000 0.946000 0.353000
3 0.992000 0.419000 0.983000 0.423000 0.971000 0.396000 0.980000 0.392000
3 0.978000 0.453000 0.969000 0.457000 0.950000 0.418000 0.959000 0.413000
3 0.998000 0.492000 0.988000 0.497000 0.968000 0.457000 0.979000 0.452000
3 0.997000 0.459000 0.987000 0.463000 0.975000 0.436000 0.985000 0.432000
3 0.945000 0.544000 0.899000 0.559000 0.895000 0.547000 0.941000 0.533000
3 0.950000 0.554000 0.905000 0.569000 0.902000 0.559000 0.947000 0.544000
3 0.888000 0.587000 0.856000 0.597000 0.853000 0.586000 0.885000 0.576000
3 0.920000 0.609000 0.896000 0.616000 0.894000 0.607000 0.918000 0.600000
3 1.000000 0.605328 0.951000 0.623000 0.946710 0.611105 1.000000 0.591885
3 1.000000 0.636625 0.969203 0.646249 0.966000 0.636000 1.000000 0.625375
3 0.656000 0.757000 0.609000 0.773000 0.605000 0.761000 0.652000 0.745000
3 0.730000 0.734000 0.682000 0.749000 0.679000 0.738000 0.726000 0.723000
3 0.819000 0.659000 0.771000 0.676000 0.767000 0.665000 0.815000 0.649000
