6 0.038333 0.233750 0.033333 0.241250 0.007500 0.231250 0.011250 0.223750
6 0.315000 0.958750 0.303333 0.968750 0.220000 0.963750 0.228750 0.953750
11 0.456667 0.858750 0.443333 0.870000 0.327500 0.866250 0.337500 0.855000
6 0.575000 0.831250 0.565000 0.838750 0.406250 0.823750 0.412500 0.816250
6 0.676667 0.716250 0.658333 0.728750 0.487500 0.722500 0.501250 0.710000
11 0.740000 0.675000 0.725000 0.686250 0.537500 0.680000 0.548750 0.667500
4 0.833333 0.613750 0.815000 0.627500 0.603750 0.621250 0.618750 0.606250
6 0.810000 0.608750 0.790000 0.622500 0.587500 0.616250 0.602500 0.602500
4 0.861667 0.597500 0.841667 0.612500 0.625000 0.606250 0.638750 0.591250
11 0.931667 0.260000 0.925000 0.267500 0.680000 0.257500 0.685000 0.250000
11 0.676667 0.183750 0.671667 0.190000 0.490000 0.185000 0.493750 0.178750
11 0.560000 0.111250 0.556667 0.118750 0.401250 0.111250 0.403750 0.103750
4 0.501667 0.092500 0.496667 0.101250 0.351250 0.091250 0.355000 0.082500
4 0.205000 0.033750 0.200000 0.041250 0.128750 0.031250 0.132500 0.022500
4 0.148333 0.027500 0.141667 0.037500 0.082500 0.027500 0.086250 0.017500
3 0.200000 0.222500 0.098333 0.291250 0.062500 0.277500 0.138750 0.210000
5 0.830000 0.910000 0.821667 0.917500 0.598750 0.903750 0.605000 0.896250
4 0.476667 0.955000 0.450000 0.967500 0.332500 0.960000 0.352500 0.947500
6 0.548333 0.883750 0.543333 0.890000 0.388750 0.876250 0.393750 0.870000
6 0.175000 0.990000 0.168333 0.997500 0.110000 0.985000 0.115000 0.977500
6 0.081667 0.815000 0.068333 0.826250 0.043750 0.820000 0.055000 0.808750
4 0.040000 0.790000 0.021667 0.803750 0.010000 0.797500 0.025000 0.785000
4 0.043333 0.741250 0.030000 0.752500 0.016250 0.746250 0.026250 0.736250
4 0.201667 0.672500 0.183333 0.687500 0.130000 0.681250 0.145000 0.666250
6 0.196667 0.637500 0.190000 0.643750 0.123750 0.630000 0.128750 0.623750
4 0.275000 0.675000 0.268333 0.681250 0.186250 0.670000 0.191250 0.663750
4 0.148333 0.635000 0.125000 0.651250 0.087500 0.643750 0.105000 0.628750
6 0.531667 0.428750 0.526667 0.436250 0.376250 0.426250 0.380000 0.420000
