5 0.266000 0.431000 0.242000 0.430000 0.243000 0.422000 0.266000 0.423000
5 0.153000 0.476000 0.144000 0.476000 0.144000 0.464000 0.153000 0.464000
6 0.138000 0.479000 0.128000 0.479000 0.129000 0.462000 0.138000 0.463000
4 0.119000 0.455000 0.093000 0.456000 0.093000 0.447000 0.119000 0.446000
6 0.083000 0.455000 0.059000 0.454000 0.059000 0.447000 0.083000 0.448000
6 0.192000 0.331000 0.184000 0.350000 0.175000 0.346000 0.183000 0.327000
6 0.051000 0.327000 0.032000 0.327000 0.032000 0.320000 0.051000 0.321000
5 0.049000 0.319000 0.028000 0.319000 0.028000 0.312000 0.049000 0.311000
5 0.010000 0.199000 0.000000 0.199000 0.000000 0.179000 0.010000 0.178000
5 0.301000 0.292000 0.271000 0.293000 0.271000 0.283000 0.300000 0.282000
4 0.212000 0.186000 0.211000 0.194000 0.189000 0.194000 0.189000 0.186000
6 0.210000 0.104000 0.208000 0.121000 0.198000 0.120000 0.199000 0.103000
4 0.381000 0.033000 0.372000 0.033000 0.373000 0.016000 0.381000 0.016000
5 0.355000 0.028000 0.354000 0.042000 0.347000 0.042000 0.347000 0.028000
6 0.408000 0.080000 0.385000 0.080000 0.385000 0.073000 0.408000 0.073000
6 0.356000 0.127000 0.346000 0.128000 0.345000 0.107000 0.355000 0.107000
4 0.429000 0.139000 0.406000 0.140000 0.406000 0.132000 0.428000 0.131000
6 0.442000 0.211000 0.419000 0.214000 0.418000 0.207000 0.440000 0.204000
6 0.439000 0.010000 0.419000 0.010000 0.420000 0.002000 0.439000 0.002000
6 0.710000 0.047000 0.679000 0.046000 0.680000 0.036000 0.710000 0.037000
4 0.701000 0.154000 0.673000 0.154000 0.673000 0.146000 0.701000 0.146000
4 0.695000 0.301000 0.671000 0.301000 0.671000 0.291000 0.695000 0.291000
5 0.729000 0.332000 0.717000 0.333000 0.716000 0.309000 0.728000 0.308000
4 0.620000 0.458000 0.595000 0.457000 0.595000 0.449000 0.620000 0.450000
6 0.656000 0.449000 0.655000 0.456000 0.632000 0.455000 0.633000 0.447000
4 0.763000 0.248000 0.753000 0.248000 0.753000 0.229000 0.763000 0.230000
4 0.765000 0.149000 0.764000 0.167000 0.754000 0.167000 0.754000 0.148000
5 0.815000 0.253000 0.794000 0.252000 0.794000 0.245000 0.815000 0.246000
6 0.862000 0.252000 0.839000 0.250000 0.840000 0.243000 0.862000 0.244000
6 0.967000 0.408000 0.958000 0.410000 0.955000 0.394000 0.964000 0.392000
5 0.932000 0.140000 0.902000 0.140000 0.902000 0.128000 0.932000 0.128000
30 0.953000 0.139000 0.934000 0.140000 0.933000 0.130000 0.952000 0.129000
9 0.769000 0.423000 0.768000 0.463000 0.707000 0.460000 0.708000 0.421000
28 0.202000 0.618000 0.171000 0.616000 0.172000 0.607000 0.202000 0.609000
6 0.270000 0.507000 0.269000 0.516000 0.244000 0.515000 0.246000 0.506000
5 0.196000 0.644000 0.173000 0.644000 0.173000 0.636000 0.196000 0.637000
6 0.288000 0.648000 0.268000 0.648000 0.269000 0.640000 0.288000 0.641000
4 0.267000 0.647000 0.244000 0.646000 0.246000 0.639000 0.267000 0.640000
6 0.047000 0.664000 0.026000 0.665000 0.026000 0.657000 0.047000 0.656000
6 0.044000 0.707000 0.026000 0.708000 0.026000 0.701000 0.044000 0.700000
4 0.265000 0.833000 0.241000 0.833000 0.240000 0.824000 0.265000 0.823000
6 0.042000 0.916000 0.021000 0.917000 0.021000 0.909000 0.041000 0.908000
5 0.266000 0.947000 0.246000 0.957000 0.241000 0.948000 0.259000 0.937000
3 0.282000 0.952000 0.255000 0.965000 0.250000 0.954000 0.277000 0.941000
9 0.388000 0.419000 0.387000 0.463000 0.332000 0.461000 0.334000 0.417000
6 0.689000 0.595000 0.670000 0.596000 0.670000 0.588000 0.689000 0.587000
4 0.760000 0.632000 0.749000 0.632000 0.749000 0.616000 0.759000 0.616000
6 0.424000 0.798000 0.403000 0.798000 0.403000 0.790000 0.424000 0.790000
4 0.682000 0.840000 0.657000 0.840000 0.656000 0.832000 0.682000 0.831000
4 0.705000 0.849000 0.680000 0.849000 0.680000 0.841000 0.705000 0.841000
4 0.723000 0.872000 0.712000 0.872000 0.710000 0.853000 0.722000 0.853000
4 0.723000 0.811000 0.713000 0.812000 0.712000 0.794000 0.722000 0.793000
4 0.680000 0.848000 0.656000 0.847000 0.656000 0.840000 0.680000 0.841000
6 0.759000 0.932000 0.746000 0.932000 0.745000 0.914000 0.758000 0.914000
6 0.680000 0.900000 0.660000 0.900000 0.660000 0.893000 0.680000 0.893000
4 0.370000 0.893000 0.369000 0.908000 0.361000 0.908000 0.362000 0.892000
6 0.802000 0.598000 0.782000 0.600000 0.782000 0.592000 0.800000 0.590000
6 0.963000 0.847000 0.946000 0.848000 0.945000 0.840000 0.963000 0.839000
5 0.179000 0.869000 0.169000 0.868000 0.169000 0.853000 0.179000 0.854000
5 0.442000 0.012000 0.440000 0.019000 0.416000 0.017000 0.416000 0.011000
