5 0.396250 0.758333 0.376250 0.780000 0.493333 0.768333 0.520000 0.748333
6 0.325000 0.771667 0.308750 0.790000 0.403333 0.780000 0.425000 0.761667
6 0.288750 0.728333 0.270000 0.750000 0.350000 0.738333 0.375000 0.718333
6 0.278750 0.716667 0.262500 0.733333 0.341667 0.725000 0.365000 0.708333
6 0.050000 0.551667 0.042500 0.561667 0.030000 0.533333 0.040000 0.525000
6 0.068750 0.530000 0.061250 0.538333 0.061667 0.516667 0.070000 0.508333
6 0.240000 0.363333 0.232500 0.371667 0.290000 0.350000 0.300000 0.341667
5 0.381250 0.316667 0.371250 0.326667 0.471667 0.300000 0.483333 0.288333
4 0.858750 0.166667 0.852500 0.176667 1.113333 0.156667 1.123333 0.145000
4 0.866250 0.733333 0.865000 0.745000 1.126667 0.740000 1.128333 0.728333
6 0.921250 0.801667 0.896250 0.818333 1.190000 0.806667 1.221667 0.790000
6 0.858750 0.873333 0.851250 0.881667 1.113333 0.861667 1.123333 0.851667
6 0.832500 0.846667 0.826250 0.853333 1.085000 0.836667 1.091667 0.828333
6 0.748750 0.696667 0.737500 0.715000 0.975000 0.706667 0.990000 0.688333
5 0.637500 0.831667 0.620000 0.860000 0.815000 0.851667 0.838333 0.823333
6 0.370000 0.725000 0.355000 0.740000 0.466667 0.731667 0.486667 0.716667
6 0.363750 0.713333 0.346250 0.728333 0.455000 0.718333 0.478333 0.703333
6 0.355000 0.701667 0.336250 0.721667 0.440000 0.711667 0.466667 0.691667
6 0.343750 0.686667 0.323750 0.705000 0.425000 0.695000 0.451667 0.676667
