6 0.087500 0.931667 0.086250 0.960000 0.100000 0.958333 0.101667 0.931667
4 0.090000 0.898333 0.087500 0.925000 0.103333 0.923333 0.105000 0.896667
6 0.095000 0.866667 0.090000 0.891667 0.108333 0.890000 0.113333 0.863333
6 0.105000 0.828333 0.101250 0.856667 0.118333 0.853333 0.123333 0.825000
6 0.193750 0.485000 0.186250 0.508333 0.235000 0.501667 0.245000 0.480000
6 0.225000 0.401667 0.217500 0.421667 0.278333 0.416667 0.290000 0.395000
6 0.252500 0.323333 0.248750 0.336667 0.320000 0.333333 0.326667 0.318333
4 0.261250 0.295000 0.252500 0.320000 0.325000 0.313333 0.336667 0.290000
4 0.665000 0.530000 0.643750 0.536667 0.856667 0.525000 0.885000 0.518333
4 0.658750 0.513333 0.637500 0.525000 0.845000 0.515000 0.875000 0.503333
5 0.655000 0.501667 0.628750 0.511667 0.833333 0.500000 0.868333 0.490000
4 0.638750 0.473333 0.617500 0.485000 0.818333 0.471667 0.848333 0.461667
4 0.636250 0.460000 0.611250 0.468333 0.811667 0.455000 0.845000 0.446667
4 0.626250 0.446667 0.600000 0.456667 0.796667 0.443333 0.831667 0.433333
4 0.595000 0.360000 0.573750 0.371667 0.760000 0.360000 0.788333 0.348333
4 0.503750 0.298333 0.478750 0.310000 0.633333 0.300000 0.668333 0.288333
5 0.561250 0.273333 0.541250 0.285000 0.716667 0.273333 0.745000 0.263333
4 0.573750 0.303333 0.551250 0.315000 0.730000 0.303333 0.760000 0.291667
4 0.545000 0.410000 0.526250 0.418333 0.698333 0.406667 0.723333 0.398333
4 0.540000 0.396667 0.518750 0.405000 0.688333 0.395000 0.716667 0.386667
6 0.577500 0.485000 0.555000 0.496667 0.736667 0.485000 0.765000 0.473333
4 0.602500 0.546667 0.588750 0.555000 0.781667 0.545000 0.800000 0.538333
4 0.631250 0.616667 0.607500 0.626667 0.806667 0.615000 0.838333 0.605000
6 0.637500 0.628333 0.618750 0.635000 0.821667 0.625000 0.846667 0.616667
6 0.641250 0.641667 0.628750 0.648333 0.833333 0.636667 0.851667 0.630000
6 0.651250 0.666667 0.630000 0.676667 0.836667 0.666667 0.863333 0.655000
4 0.478750 0.513333 0.457500 0.523333 0.605000 0.513333 0.633333 0.501667
4 0.473750 0.498333 0.452500 0.510000 0.598333 0.498333 0.626667 0.486667
4 0.455000 0.465000 0.433750 0.476667 0.575000 0.465000 0.603333 0.455000
5 0.330000 0.248333 0.320000 0.281667 0.410000 0.275000 0.425000 0.241667
6 0.316250 0.283333 0.307500 0.308333 0.396667 0.301667 0.408333 0.276667
6 0.288750 0.358333 0.281250 0.381667 0.361667 0.375000 0.371667 0.353333
4 0.280000 0.385000 0.271250 0.408333 0.348333 0.401667 0.360000 0.380000
4 0.271250 0.411667 0.266250 0.428333 0.343333 0.423333 0.350000 0.406667
4 0.256250 0.451667 0.252500 0.461667 0.325000 0.456667 0.330000 0.446667
4 0.238750 0.495000 0.231250 0.520000 0.293333 0.513333 0.303333 0.490000
6 0.230000 0.526667 0.223750 0.545000 0.283333 0.538333 0.291667 0.520000
6 0.208750 0.586667 0.202500 0.610000 0.256667 0.605000 0.265000 0.581667
4 0.200000 0.613333 0.192500 0.640000 0.243333 0.635000 0.253333 0.608333
4 0.180000 0.675000 0.176250 0.703333 0.220000 0.701667 0.226667 0.673333
6 0.147500 0.810000 0.145000 0.835000 0.180000 0.833333 0.183333 0.808333
6 0.137500 0.891667 0.127500 0.891667 0.171667 0.866667 0.183333 0.866667
6 0.136250 0.930000 0.125000 0.930000 0.165000 0.903333 0.181667 0.903333
6 0.295000 0.983333 0.285000 0.991667 0.365000 0.966667 0.378333 0.960000
4 0.310000 0.980000 0.300000 0.985000 0.388333 0.960000 0.401667 0.953333
6 0.243750 0.933333 0.235000 0.940000 0.303333 0.918333 0.315000 0.913333
6 0.268750 0.920000 0.260000 0.926667 0.336667 0.908333 0.348333 0.901667
4 0.308750 0.910000 0.300000 0.916667 0.386667 0.896667 0.398333 0.888333
4 0.332500 0.890000 0.322500 0.898333 0.413333 0.873333 0.426667 0.865000
4 0.365000 0.880000 0.355000 0.886667 0.458333 0.860000 0.471667 0.853333
4 0.396250 0.865000 0.386250 0.871667 0.501667 0.846667 0.513333 0.840000
6 0.407500 0.855000 0.397500 0.861667 0.518333 0.838333 0.531667 0.831667
6 0.453750 0.840000 0.443750 0.848333 0.580000 0.825000 0.593333 0.818333
4 0.495000 0.823333 0.483750 0.831667 0.630000 0.801667 0.645000 0.795000
4 0.507500 0.816667 0.498750 0.825000 0.648333 0.796667 0.660000 0.790000
6 0.520000 0.808333 0.510000 0.815000 0.668333 0.790000 0.681667 0.783333
6 0.562500 0.791667 0.553750 0.798333 0.723333 0.773333 0.736667 0.766667
4 0.635000 0.833333 0.626250 0.840000 0.821667 0.815000 0.835000 0.808333
6 0.661250 0.823333 0.648750 0.830000 0.851667 0.801667 0.868333 0.795000
4 0.781250 0.983333 0.762500 0.990000 1.013333 0.980000 1.038333 0.973333
4 0.758750 0.926667 0.741250 0.935000 0.985000 0.923333 1.006667 0.915000
4 0.743750 0.898333 0.727500 0.906667 0.966667 0.898333 0.988333 0.890000
5 0.740000 0.885000 0.713750 0.895000 0.948333 0.883333 0.983333 0.873333
4 0.727500 0.856667 0.701250 0.868333 0.930000 0.855000 0.966667 0.843333
6 0.710000 0.813333 0.687500 0.826667 0.910000 0.815000 0.941667 0.800000
4 0.792500 0.841667 0.770000 0.853333 1.020000 0.841667 1.050000 0.828333
4 0.801250 0.855000 0.778750 0.868333 1.033333 0.856667 1.063333 0.843333
4 0.807500 0.875000 0.780000 0.885000 1.036667 0.870000 1.073333 0.860000
4 0.836250 0.958333 0.812500 0.968333 1.080000 0.956667 1.110000 0.946667
4 0.842500 0.968333 0.817500 0.981667 1.086667 0.970000 1.120000 0.958333
4 0.848750 0.983333 0.823750 0.996667 1.093333 0.983333 1.126667 0.970000
6 0.598750 0.038333 0.588750 0.045000 0.768333 0.018333 0.783333 0.010000
4 0.628750 0.068333 0.618750 0.076667 0.808333 0.050000 0.820000 0.041667
4 0.632500 0.120000 0.623750 0.126667 0.818333 0.100000 0.830000 0.093333
4 0.593750 0.168333 0.583750 0.175000 0.770000 0.156667 0.783333 0.150000
4 0.616250 0.215000 0.605000 0.223333 0.796667 0.205000 0.813333 0.196667
6 0.631250 0.253333 0.621250 0.261667 0.811667 0.235000 0.826667 0.226667
4 0.660000 0.316667 0.650000 0.325000 0.850000 0.298333 0.863333 0.290000
4 0.678750 0.365000 0.671250 0.373333 0.886667 0.360000 0.896667 0.353333
4 0.758750 0.321667 0.748750 0.330000 0.986667 0.308333 0.998333 0.301667
4 0.710000 0.438333 0.698750 0.446667 0.920000 0.423333 0.935000 0.415000
6 0.717500 0.458333 0.707500 0.465000 0.935000 0.448333 0.948333 0.440000
6 0.735000 0.501667 0.725000 0.510000 0.951667 0.488333 0.965000 0.480000
4 0.872500 0.596667 0.857500 0.606667 1.131667 0.585000 1.150000 0.575000
4 0.886250 0.633333 0.875000 0.643333 1.151667 0.616667 1.166667 0.608333
4 0.898750 0.665000 0.888750 0.671667 1.170000 0.645000 1.183333 0.638333
4 0.907500 0.693333 0.898750 0.698333 1.186667 0.676667 1.198333 0.670000
4 0.843750 0.765000 0.833750 0.771667 1.098333 0.745000 1.113333 0.738333
4 0.026250 0.948333 0.000000 0.945000 0.000000 0.931667 0.035000 0.936667
6 0.033750 0.906667 0.032500 0.916667 0.015000 0.915000 0.016667 0.905000
6 0.036250 0.903333 0.010000 0.900000 0.015000 0.890000 0.048333 0.893333
4 0.047500 0.816667 0.046250 0.828333 0.033333 0.825000 0.033333 0.813333
6 0.071250 0.291667 0.051250 0.300000 0.065000 0.288333 0.091667 0.280000
6 0.096250 0.283333 0.073750 0.291667 0.095000 0.280000 0.125000 0.270000
6 0.048750 0.301667 0.025000 0.310000 0.030000 0.298333 0.061667 0.288333
6 0.020000 0.311667 0.000000 0.320000 0.000000 0.305000 0.023333 0.298333
4 0.126250 0.268333 0.101250 0.280000 0.130000 0.266667 0.163333 0.256667
4 0.152500 0.255000 0.131250 0.270000 0.170000 0.258333 0.198333 0.243333
4 0.066250 0.240000 0.040000 0.250000 0.050000 0.236667 0.083333 0.226667
6 0.728750 0.678333 0.703750 0.690000 0.933333 0.676667 0.966667 0.665000
6 0.720000 0.661667 0.697500 0.673333 0.925000 0.661667 0.955000 0.650000
14 0.995000 0.556667 0.938750 0.583333 1.183333 0.456667 1.258333 0.431667
6 0.463750 0.911667 0.456250 0.918333 0.591667 0.891667 0.601667 0.885000
6 0.490000 0.896667 0.480000 0.903333 0.626667 0.876667 0.638333 0.870000
4 0.517500 0.883333 0.510000 0.890000 0.663333 0.865000 0.675000 0.858333
6 0.532500 0.876667 0.523750 0.883333 0.685000 0.858333 0.695000 0.853333
6 0.376250 0.941667 0.368750 0.948333 0.481667 0.931667 0.491667 0.925000
