33 0.315000 0.180000 0.216250 0.191667 0.276667 0.066667 0.410000 0.055000
35 0.338750 0.373333 0.220000 0.390000 0.280000 0.255000 0.436667 0.238333
17 0.976250 0.338333 0.913750 0.341667 1.215000 0.263333 1.298333 0.260000
33 0.822500 0.406667 0.722500 0.421667 0.948333 0.296667 1.081667 0.281667
29 0.357500 0.566667 0.240000 0.583333 0.301667 0.416667 0.460000 0.400000
29 0.367500 0.746667 0.252500 0.763333 0.318333 0.596667 0.471667 0.580000
34 0.382500 0.908333 0.267500 0.925000 0.340000 0.791667 0.493333 0.773333
34 0.591250 0.726667 0.478750 0.741667 0.625000 0.605000 0.775000 0.590000
34 0.605000 0.776667 0.568750 0.905000 0.616667 0.850000 0.666667 0.723333
13 0.818750 0.588333 0.810000 0.663333 0.988333 0.646667 1.001667 0.573333
17 0.816250 0.716667 0.755000 0.741667 0.986667 0.673333 1.066667 0.648333
17 0.837500 0.798333 0.777500 0.821667 1.016667 0.751667 1.096667 0.730000
13 0.848750 0.851667 0.801250 0.918333 1.016667 0.868333 1.080000 0.801667
13 1.000000 0.677185 0.939969 0.680743 1.249959 0.605743 1.333333 0.602037
17 0.997500 0.776667 0.948000 0.743667 1.297333 0.677000 1.363333 0.710000
33 0.961250 0.883333 0.866250 0.895000 1.143333 0.771667 1.270000 0.760000
35 0.963304 1.000000 0.856503 1.000000 1.130000 0.908333 1.270000 0.890000
