19 0.510000 0.718333 0.467500 0.748333 0.590000 0.686667 0.645000 0.655000
19 0.991250 0.303333 0.952500 0.336667 1.230000 0.278333 1.281667 0.243333
19 0.931250 0.353333 0.891250 0.386667 1.145000 0.315000 1.200000 0.283333
19 0.878750 0.400000 0.836250 0.431667 1.080000 0.370000 1.136667 0.338333
19 0.827500 0.441667 0.786250 0.476667 1.008333 0.411667 1.063333 0.376667
19 0.775000 0.491667 0.732500 0.521667 0.941667 0.456667 0.998333 0.426667
19 0.721250 0.535000 0.680000 0.568333 0.866667 0.500000 0.921667 0.466667
19 0.667500 0.580000 0.625000 0.618333 0.793333 0.556667 0.848333 0.518333
19 0.615000 0.625000 0.570000 0.660000 0.720000 0.593333 0.780000 0.558333
19 0.563750 0.673333 0.520000 0.708333 0.656667 0.646667 0.713333 0.611667
