9 0.320000 0.660000 0.308750 0.820000 0.318333 0.810000 0.335000 0.651667
6 0.818750 0.851667 0.805000 0.853333 1.071667 0.826667 1.090000 0.825000
4 0.730000 0.850000 0.716250 0.851667 0.953333 0.818333 0.971667 0.816667
6 0.620000 0.823333 0.605000 0.825000 0.806667 0.796667 0.825000 0.796667
6 0.625000 0.856667 0.612500 0.858333 0.813333 0.831667 0.830000 0.830000
4 0.365000 0.973333 0.363750 0.995000 0.465000 0.991667 0.468333 0.971667
4 0.336250 0.956667 0.317500 0.956667 0.423333 0.938333 0.446667 0.938333
6 0.348750 0.898333 0.322500 0.906667 0.426667 0.895000 0.463333 0.886667
4 0.282500 0.866667 0.270000 0.890000 0.348333 0.881667 0.365000 0.858333
5 0.297500 0.828333 0.285000 0.861667 0.361667 0.851667 0.378333 0.818333
6 0.163750 0.881667 0.158750 0.895000 0.168333 0.878333 0.173333 0.865000
4 0.032500 0.700000 0.030000 0.728333 0.025000 0.726667 0.028333 0.698333
5 0.230000 0.848333 0.226250 0.865000 0.258333 0.853333 0.263333 0.835000
6 0.192500 0.828333 0.167500 0.826667 0.223333 0.815000 0.256667 0.816667
6 0.237500 0.821667 0.212500 0.820000 0.285000 0.810000 0.316667 0.810000
6 0.233750 0.710000 0.203750 0.708333 0.271667 0.695000 0.311667 0.696667
5 0.025000 0.668333 0.003750 0.666667 0.005000 0.653333 0.033333 0.655000
4 0.093750 0.666667 0.065000 0.666667 0.086667 0.651667 0.125000 0.651667
6 0.127500 0.661667 0.107500 0.661667 0.143333 0.651667 0.170000 0.651667
6 0.190000 0.653333 0.188750 0.666667 0.215000 0.663333 0.215000 0.650000
6 0.057500 0.386667 0.032500 0.390000 0.041667 0.378333 0.075000 0.375000
5 0.152500 0.588333 0.138750 0.588333 0.185000 0.555000 0.203333 0.555000
4 0.217500 0.590000 0.203750 0.595000 0.265000 0.571667 0.283333 0.566667
6 0.196250 0.590000 0.183750 0.590000 0.243333 0.558333 0.260000 0.556667
6 0.200000 0.541667 0.198750 0.553333 0.228333 0.553333 0.228333 0.540000
5 0.168750 0.555000 0.133750 0.555000 0.178333 0.540000 0.225000 0.540000
5 0.172500 0.521667 0.137500 0.525000 0.181667 0.511667 0.228333 0.510000
4 0.252500 0.458333 0.223750 0.456667 0.300000 0.443333 0.336667 0.445000
4 0.253750 0.431667 0.252500 0.443333 0.295000 0.435000 0.296667 0.423333
5 0.307500 0.541667 0.293750 0.541667 0.391667 0.506667 0.410000 0.508333
5 0.307500 0.546667 0.306250 0.581667 0.386667 0.580000 0.388333 0.545000
5 0.306250 0.701667 0.305000 0.730000 0.386667 0.728333 0.388333 0.700000
6 0.306250 0.700000 0.292500 0.700000 0.390000 0.678333 0.408333 0.678333
4 0.303750 0.761667 0.291250 0.763333 0.385000 0.730000 0.401667 0.728333
6 0.352500 0.750000 0.340000 0.750000 0.453333 0.718333 0.470000 0.718333
4 0.437500 0.711667 0.425000 0.711667 0.566667 0.683333 0.583333 0.683333
6 0.435000 0.743333 0.422500 0.743333 0.563333 0.713333 0.580000 0.713333
6 0.513750 0.741667 0.502500 0.743333 0.668333 0.715000 0.685000 0.715000
4 0.498750 0.765000 0.466250 0.766667 0.620000 0.753333 0.663333 0.751667
4 0.566250 0.763333 0.536250 0.761667 0.715000 0.753333 0.755000 0.753333
6 0.515000 0.706667 0.501250 0.708333 0.666667 0.678333 0.683333 0.676667
4 0.512500 0.566667 0.500000 0.566667 0.665000 0.540000 0.683333 0.540000
6 0.835000 0.751667 0.810000 0.753333 1.080000 0.741667 1.113333 0.740000
4 0.872500 0.746667 0.843750 0.750000 1.123333 0.738333 1.163333 0.735000
4 0.878750 0.600000 0.866250 0.603333 1.148333 0.573333 1.166667 0.570000
6 0.898750 0.595000 0.887500 0.600000 1.175000 0.571667 1.190000 0.566667
4 0.947500 0.563333 0.932500 0.566667 1.238333 0.538333 1.256667 0.533333
4 0.453750 0.385000 0.418750 0.393333 0.556667 0.381667 0.601667 0.373333
6 0.330000 0.416667 0.308750 0.431667 0.406667 0.421667 0.435000 0.406667
4 0.337500 0.458333 0.308750 0.473333 0.406667 0.460000 0.445000 0.445000
6 0.450000 0.445000 0.418750 0.446667 0.556667 0.435000 0.600000 0.433333
4 0.475000 0.473333 0.462500 0.476667 0.611667 0.448333 0.628333 0.446667
4 0.527500 0.485000 0.522500 0.500000 0.661667 0.486667 0.668333 0.470000
5 0.532500 0.448333 0.528750 0.463333 0.656667 0.450000 0.660000 0.433333
4 0.548750 0.435000 0.536250 0.436667 0.713333 0.406667 0.728333 0.405000
6 0.581250 0.433333 0.570000 0.436667 0.756667 0.408333 0.771667 0.406667
4 0.465000 0.341667 0.437500 0.340000 0.585000 0.326667 0.620000 0.328333
4 0.465000 0.315000 0.463750 0.326667 0.578333 0.323333 0.580000 0.310000
4 0.442500 0.240000 0.441250 0.253333 0.545000 0.250000 0.546667 0.236667
6 0.490000 0.233333 0.475000 0.255000 0.621667 0.246667 0.641667 0.225000
3 0.428750 0.221667 0.401250 0.218333 0.535000 0.206667 0.571667 0.210000
4 0.640000 0.256667 0.626250 0.261667 0.825000 0.226667 0.843333 0.221667
6 0.650000 0.291667 0.636250 0.300000 0.833333 0.261667 0.851667 0.255000
6 0.752500 0.280000 0.721250 0.285000 0.960000 0.271667 1.001667 0.266667
6 0.740000 0.250000 0.713750 0.248333 0.953333 0.233333 0.986667 0.235000
6 0.845000 0.235000 0.820000 0.241667 1.091667 0.228333 1.123333 0.223333
4 0.925000 0.331667 0.908750 0.335000 1.206667 0.301667 1.228333 0.298333
4 0.491250 0.005000 0.462500 0.008333 0.616667 0.000000 0.653333 0.000000
4 0.421250 0.015000 0.388750 0.020000 0.516667 0.006667 0.560000 0.001667
4 0.352500 0.068333 0.340000 0.073333 0.445000 0.043333 0.460000 0.038333
6 0.328750 0.071667 0.317500 0.075000 0.418333 0.045000 0.433333 0.041667
6 0.183750 0.095000 0.173750 0.098333 0.225000 0.071667 0.238333 0.068333
4 0.135000 0.120000 0.123750 0.123333 0.160000 0.093333 0.175000 0.090000
4 0.117500 0.116667 0.107500 0.120000 0.138333 0.093333 0.151667 0.091667
6 0.307500 0.036667 0.277500 0.041667 0.368333 0.026667 0.408333 0.021667
6 0.270000 0.038333 0.241250 0.043333 0.321667 0.033333 0.360000 0.028333
4 0.222500 0.050000 0.193750 0.051667 0.258333 0.040000 0.296667 0.038333
4 0.090000 0.066667 0.066250 0.071667 0.086667 0.060000 0.118333 0.055000
6 0.045000 0.078333 0.017500 0.081667 0.021667 0.070000 0.058333 0.065000
4 0.115000 0.013333 0.102500 0.016667 0.131667 0.000000 0.148333 0.000000
4 0.057500 0.015000 0.045000 0.018333 0.056667 0.000000 0.073333 0.000000
5 0.373750 0.795000 0.372500 0.808333 0.458333 0.806667 0.458333 0.791667
6 0.158750 0.663333 0.131250 0.665000 0.175000 0.651667 0.211667 0.651667
6 0.230000 0.665000 0.201250 0.665000 0.268333 0.653333 0.306667 0.655000
4 0.698750 0.488333 0.668750 0.488333 0.891667 0.475000 0.931667 0.476667
