6 0.201250 0.481667 0.186250 0.481667 0.248333 0.468333 0.268333 0.468333
5 0.240000 0.466667 0.203750 0.478333 0.268333 0.465000 0.316667 0.451667
6 0.277500 0.453333 0.262500 0.458333 0.348333 0.450000 0.368333 0.445000
6 0.313750 0.433333 0.288750 0.446667 0.380000 0.433333 0.413333 0.421667
5 0.356250 0.406667 0.332500 0.423333 0.436667 0.411667 0.470000 0.395000
4 0.400000 0.393333 0.376250 0.405000 0.496667 0.388333 0.528333 0.378333
5 0.487500 0.383333 0.451250 0.381667 0.601667 0.370000 0.650000 0.371667
3 0.537500 0.786667 0.520000 0.786667 0.693333 0.748333 0.716667 0.748333
5 0.571250 0.566667 0.570000 0.626667 0.736667 0.626667 0.736667 0.566667
5 0.570000 0.561667 0.551250 0.561667 0.735000 0.505000 0.760000 0.505000
5 0.568750 0.498333 0.552500 0.498333 0.736667 0.445000 0.758333 0.445000
6 0.401250 0.891667 0.375000 0.891667 0.500000 0.881667 0.535000 0.881667
6 0.691250 0.933333 0.663750 0.933333 0.885000 0.923333 0.921667 0.923333
30 0.793750 0.915000 0.725000 0.916667 0.966667 0.900000 1.058333 0.898333
11 0.913750 0.960000 0.886250 0.961667 1.181667 0.951667 1.216667 0.950000
4 0.945000 0.960000 0.916250 0.960000 1.221667 0.950000 1.260000 0.951667
5 0.980000 0.960000 0.952500 0.960000 1.270000 0.950000 1.306667 0.950000
4 0.858750 0.960000 0.836250 0.960000 1.115000 0.948333 1.145000 0.948333
