6 0.027500 0.688333 0.015000 0.691667 0.013333 0.663333 0.030000 0.658333
9 0.375000 0.366667 0.316250 0.373333 0.416667 0.310000 0.495000 0.303333
6 0.460000 0.663333 0.432500 0.666667 0.575000 0.650000 0.610000 0.645000
4 0.398750 0.598333 0.383750 0.601667 0.506667 0.568333 0.526667 0.565000
10 0.046250 0.740000 0.030000 0.741667 0.038333 0.690000 0.060000 0.688333
6 0.095000 0.310000 0.076250 0.311667 0.096667 0.268333 0.121667 0.266667
4 0.158750 0.391667 0.125000 0.391667 0.166667 0.376667 0.210000 0.376667
6 0.183750 0.433333 0.168750 0.435000 0.221667 0.400000 0.241667 0.398333
4 0.327500 0.616667 0.297500 0.618333 0.396667 0.601667 0.436667 0.600000
6 0.242500 0.888333 0.232500 0.903333 0.283333 0.881667 0.295000 0.866667
4 0.391250 0.986667 0.360000 0.990000 0.480000 0.973333 0.520000 0.970000
5 0.957500 0.748333 0.937500 0.750000 1.248333 0.740000 1.276667 0.738333
6 0.883750 0.763333 0.866250 0.765000 1.153333 0.753333 1.178333 0.751667
