4 0.617500 0.285000 0.586250 0.288333 0.780000 0.275000 0.823333 0.270000
4 0.407500 0.393333 0.406250 0.431667 0.520000 0.431667 0.521667 0.393333
6 0.161250 0.380000 0.160000 0.410000 0.196667 0.410000 0.198333 0.380000
6 0.278750 0.295000 0.277500 0.313333 0.353333 0.313333 0.353333 0.293333
4 0.332500 0.300000 0.323750 0.300000 0.430000 0.275000 0.443333 0.275000
6 0.665000 0.033333 0.652500 0.033333 0.870000 0.003333 0.885000 0.003333
9 0.730000 0.688333 0.726250 0.890000 0.870000 0.886667 0.876667 0.685000
6 0.826250 0.600000 0.806250 0.623333 1.065000 0.611667 1.091667 0.588333
6 0.577500 0.815000 0.571250 0.825000 0.738333 0.805000 0.746667 0.795000
4 0.306250 0.753333 0.295000 0.753333 0.391667 0.721667 0.408333 0.721667
6 0.312500 0.718333 0.300000 0.718333 0.398333 0.691667 0.415000 0.691667
4 0.312500 0.658333 0.308750 0.681667 0.396667 0.678333 0.401667 0.655000
6 0.103750 0.753333 0.088750 0.751667 0.118333 0.723333 0.138333 0.723333
6 0.178750 0.666667 0.166250 0.666667 0.221667 0.641667 0.238333 0.641667
6 0.478750 0.898333 0.471250 0.906667 0.610000 0.885000 0.620000 0.876667
4 0.031250 0.580000 0.030000 0.608333 0.023333 0.606667 0.025000 0.578333
5 0.772500 0.343333 0.740000 0.343333 0.986667 0.330000 1.030000 0.330000
4 0.841250 0.205000 0.812500 0.205000 1.083333 0.191667 1.121667 0.191667
4 0.946250 0.660000 0.938750 0.670000 1.228333 0.648333 1.238333 0.638333
4 0.962500 0.678333 0.957500 0.688333 1.256667 0.670000 1.263333 0.661667
