5 0.473750 0.983333 0.471250 1.000000 0.585000 0.991667 0.588333 0.976667
6 0.667500 0.045000 0.665000 0.058333 0.846667 0.051667 0.850000 0.036667
4 0.436250 0.950000 0.433750 0.963333 0.540000 0.955000 0.543333 0.941667
4 0.265000 0.955000 0.262500 0.966667 0.315000 0.961667 0.316667 0.948333
6 0.203750 0.936667 0.202500 0.953333 0.231667 0.946667 0.233333 0.930000
4 0.287500 0.761667 0.286250 0.775000 0.343333 0.768333 0.346667 0.756667
6 0.262500 0.645000 0.260000 0.660000 0.311667 0.651667 0.315000 0.636667
6 0.342500 0.465000 0.340000 0.480000 0.413333 0.471667 0.416667 0.456667
4 0.111250 0.221667 0.108750 0.235000 0.108333 0.226667 0.110000 0.213333
5 0.027500 0.126667 0.020000 0.163333 0.006667 0.156667 0.016667 0.121667
6 0.032500 0.096667 0.027500 0.123333 0.020000 0.120000 0.026667 0.091667
4 0.151250 0.040000 0.148750 0.055000 0.161667 0.046667 0.165000 0.031667
