2 0.850000 0.941667 0.843750 0.961667 1.053333 0.923333 1.063333 0.905000
2 0.852500 0.923333 0.845000 0.938333 1.056667 0.900000 1.066667 0.885000
2 0.750000 0.875000 0.742500 0.890000 0.921667 0.846667 0.931667 0.831667
2 0.737500 0.885000 0.730000 0.900000 0.910000 0.858333 0.921667 0.843333
2 0.771250 0.866667 0.763750 0.881667 0.890000 0.805000 0.896667 0.791667
2 0.742500 0.926667 0.735000 0.941667 0.868333 0.875000 0.876667 0.858333
2 0.750000 0.916667 0.745000 0.926667 0.876667 0.858333 0.883333 0.848333
18 0.412500 0.593333 0.401250 0.670000 0.521667 0.666667 0.538333 0.593333
18 0.401250 0.598333 0.393750 0.650000 0.515000 0.646667 0.525000 0.598333
18 0.420000 0.488333 0.412500 0.545000 0.538333 0.545000 0.550000 0.488333
18 0.477500 0.473333 0.453750 0.518333 0.588333 0.510000 0.618333 0.461667
18 0.557500 0.435000 0.518750 0.495000 0.675000 0.480000 0.726667 0.423333
28 0.917500 0.411667 0.912500 0.423333 1.168333 0.390000 1.175000 0.381667
7 0.958750 0.423333 0.953750 0.435000 1.236667 0.415000 1.243333 0.400000
7 0.927500 0.405000 0.922500 0.411667 1.171667 0.375000 1.178333 0.366667
1 0.997904 0.393683 0.951250 0.353333 1.276128 0.341317 1.338333 0.381667
7 0.987500 0.388333 0.982500 0.396667 1.275000 0.375000 1.281667 0.363333
7 0.990000 0.416667 0.987500 0.423333 1.296667 0.408333 1.300000 0.405000
7 0.985000 0.426667 0.968750 0.420000 1.293333 0.415000 1.313333 0.420000
7 0.958750 0.286667 0.953750 0.298333 1.233333 0.276667 1.240000 0.265000
7 0.925000 0.260000 0.920000 0.265000 1.205000 0.250000 1.210000 0.245000
7 0.927500 0.253333 0.925000 0.256667 1.213333 0.245000 1.216667 0.238333
7 0.763750 0.036667 0.742500 0.066667 0.980000 0.056667 1.005000 0.025000
7 0.745000 0.003333 0.735000 0.021667 0.976667 0.018333 0.990000 0.000000
8 0.693750 0.370000 0.685000 0.385000 0.806667 0.316667 0.816667 0.298333
1 0.950000 0.341667 0.945000 0.350000 1.213333 0.320000 1.220000 0.310000
7 0.838750 0.183333 0.833750 0.195000 1.085000 0.178333 1.090000 0.168333
