4 0.923750 0.673333 0.910000 0.673333 1.215000 0.638333 1.231667 0.638333
4 0.925000 0.516667 0.912500 0.518333 1.216667 0.486667 1.233333 0.486667
6 0.883750 0.161667 0.872500 0.161667 1.163333 0.133333 1.178333 0.133333
4 0.721250 1.000000 0.692500 0.998333 0.923333 0.983333 0.961667 0.985000
5 0.722500 0.981667 0.687500 0.985000 0.916667 0.970000 0.961667 0.966667
4 0.646250 1.000000 0.618750 1.000000 0.825000 0.983333 0.861667 0.985000
4 0.717500 0.846667 0.705000 0.846667 0.938333 0.820000 0.955000 0.818333
4 0.701250 0.845000 0.690000 0.845000 0.920000 0.825000 0.935000 0.825000
4 0.527500 0.935000 0.513750 0.938333 0.681667 0.910000 0.701667 0.908333
4 0.318750 0.898333 0.306250 0.900000 0.408333 0.868333 0.423333 0.868333
4 0.195000 0.935000 0.193750 0.965000 0.241667 0.963333 0.241667 0.935000
6 0.175000 0.898333 0.162500 0.900000 0.211667 0.865000 0.228333 0.863333
6 0.205000 0.631667 0.193750 0.633333 0.256667 0.605000 0.270000 0.603333
4 0.443750 0.451667 0.415000 0.455000 0.551667 0.440000 0.590000 0.435000
4 0.503750 0.410000 0.491250 0.411667 0.653333 0.380000 0.670000 0.378333
6 0.461250 0.401667 0.447500 0.401667 0.596667 0.376667 0.615000 0.376667
6 0.317500 0.450000 0.305000 0.450000 0.406667 0.420000 0.421667 0.420000
6 0.317500 0.421667 0.306250 0.421667 0.408333 0.395000 0.423333 0.395000
6 0.148750 0.456667 0.135000 0.480000 0.168333 0.470000 0.186667 0.448333
4 0.093750 0.488333 0.080000 0.488333 0.108333 0.456667 0.125000 0.458333
4 0.028750 0.395000 0.027500 0.428333 0.020000 0.426667 0.021667 0.395000
6 0.195000 0.323333 0.177500 0.325000 0.236667 0.311667 0.260000 0.311667
4 0.495000 0.278333 0.493750 0.295000 0.618333 0.293333 0.620000 0.276667
6 0.597500 0.293333 0.568750 0.291667 0.758333 0.278333 0.796667 0.281667
4 0.636250 0.291667 0.605000 0.290000 0.806667 0.276667 0.848333 0.278333
6 0.671250 0.278333 0.670000 0.293333 0.858333 0.291667 0.858333 0.278333
6 0.708750 0.278333 0.707500 0.291667 0.906667 0.291667 0.906667 0.276667
9 0.358750 0.340000 0.251250 0.338333 0.336667 0.285000 0.478333 0.286667
5 0.147500 0.140000 0.138750 0.151667 0.153333 0.121667 0.165000 0.110000
6 0.167500 0.183333 0.166250 0.213333 0.203333 0.211667 0.205000 0.181667
6 0.066250 0.140000 0.058750 0.151667 0.048333 0.125000 0.060000 0.113333
6 0.551250 0.025000 0.537500 0.028333 0.713333 0.000000 0.731667 0.000000
4 0.486250 0.033333 0.473750 0.033333 0.631667 0.003333 0.648333 0.003333
6 0.443750 0.026667 0.431250 0.026667 0.575000 0.005000 0.591667 0.005000
6 0.396250 0.026667 0.385000 0.026667 0.513333 0.005000 0.528333 0.005000
