6 0.076250 0.433333 0.050000 0.433333 0.068333 0.423333 0.101667 0.425000
6 0.077500 0.420000 0.052500 0.420000 0.070000 0.410000 0.101667 0.408333
4 0.122500 0.433333 0.113750 0.433333 0.150000 0.403333 0.163333 0.403333
6 0.105000 0.416667 0.093750 0.416667 0.125000 0.390000 0.138333 0.390000
4 0.088750 0.331667 0.060000 0.331667 0.080000 0.321667 0.118333 0.320000
4 0.203750 0.405000 0.193750 0.405000 0.258333 0.376667 0.271667 0.376667
4 0.157500 0.228333 0.128750 0.233333 0.170000 0.220000 0.208333 0.215000
4 0.202500 0.226667 0.175000 0.228333 0.233333 0.213333 0.270000 0.213333
4 0.238750 0.243333 0.212500 0.245000 0.283333 0.231667 0.318333 0.231667
4 0.197500 0.123333 0.177500 0.125000 0.235000 0.115000 0.263333 0.113333
4 0.225000 0.118333 0.203750 0.120000 0.270000 0.110000 0.300000 0.108333
4 0.252500 0.118333 0.231250 0.118333 0.308333 0.108333 0.336667 0.108333
4 0.253750 0.086667 0.245000 0.091667 0.320000 0.070000 0.331667 0.066667
4 0.336250 0.135000 0.313750 0.136667 0.416667 0.125000 0.448333 0.125000
4 0.405000 0.123333 0.381250 0.126667 0.506667 0.116667 0.538333 0.113333
4 0.380000 0.235000 0.353750 0.235000 0.471667 0.221667 0.506667 0.221667
4 0.450000 0.215000 0.440000 0.216667 0.583333 0.196667 0.596667 0.193333
4 0.485000 0.201667 0.460000 0.201667 0.613333 0.190000 0.646667 0.190000
4 0.485000 0.216667 0.462500 0.218333 0.616667 0.208333 0.646667 0.206667
6 0.506250 0.113333 0.493750 0.115000 0.656667 0.080000 0.673333 0.080000
6 0.521250 0.125000 0.511250 0.126667 0.678333 0.106667 0.691667 0.105000
6 0.623750 0.066667 0.601250 0.070000 0.800000 0.056667 0.830000 0.055000
4 0.665000 0.080000 0.638750 0.081667 0.851667 0.071667 0.886667 0.070000
4 0.435000 0.293333 0.431250 0.305000 0.545000 0.291667 0.550000 0.281667
4 0.617500 0.360000 0.605000 0.361667 0.803333 0.333333 0.820000 0.330000
6 0.610000 0.330000 0.602500 0.331667 0.798333 0.306667 0.810000 0.305000
6 0.583750 0.258333 0.575000 0.260000 0.765000 0.240000 0.776667 0.238333
6 0.610000 0.216667 0.606250 0.228333 0.778333 0.215000 0.783333 0.203333
4 0.630000 0.246667 0.610000 0.250000 0.811667 0.240000 0.838333 0.236667
5 0.675000 0.180000 0.642500 0.181667 0.856667 0.166667 0.900000 0.165000
6 0.718750 0.160000 0.695000 0.161667 0.926667 0.148333 0.958333 0.148333
4 0.683750 0.205000 0.675000 0.213333 0.885000 0.190000 0.895000 0.181667
4 0.666250 0.208333 0.658750 0.216667 0.861667 0.196667 0.871667 0.188333
6 0.736250 0.195000 0.728750 0.205000 0.950000 0.183333 0.960000 0.173333
6 0.751250 0.191667 0.746250 0.201667 0.970000 0.180000 0.976667 0.171667
6 0.820000 0.040000 0.795000 0.038333 1.060000 0.028333 1.093333 0.030000
4 0.848750 0.040000 0.821250 0.040000 1.095000 0.030000 1.131667 0.030000
6 0.862500 0.115000 0.836250 0.118333 1.113333 0.108333 1.148333 0.105000
4 0.867500 0.218333 0.847500 0.218333 1.130000 0.208333 1.156667 0.208333
4 0.842500 0.221667 0.823750 0.221667 1.096667 0.213333 1.121667 0.211667
4 0.958750 0.180000 0.935000 0.180000 1.245000 0.170000 1.278333 0.168333
4 0.996250 0.160000 0.977500 0.161667 1.301667 0.151667 1.328333 0.150000
6 0.920000 0.046667 0.905000 0.048333 1.206667 0.038333 1.226667 0.038333
4 0.931250 0.260000 0.925000 0.260000 1.231667 0.238333 1.240000 0.236667
9 0.866250 0.396667 0.783750 0.408333 1.038333 0.346667 1.148333 0.333333
4 0.093750 0.988333 0.071250 0.990000 0.095000 0.980000 0.125000 0.978333
6 0.103750 0.953333 0.101250 0.965000 0.101667 0.953333 0.105000 0.941667
4 0.125000 0.956667 0.116250 0.956667 0.155000 0.933333 0.166667 0.933333
4 0.151250 0.986667 0.145000 0.993333 0.176667 0.973333 0.185000 0.966667
4 0.166250 0.953333 0.157500 0.956667 0.201667 0.931667 0.213333 0.928333
4 0.178750 0.951667 0.170000 0.953333 0.221667 0.926667 0.233333 0.925000
6 0.193750 0.946667 0.185000 0.948333 0.243333 0.923333 0.255000 0.921667
4 0.210000 0.946667 0.200000 0.950000 0.261667 0.923333 0.275000 0.920000
4 0.081250 0.496667 0.053750 0.498333 0.070000 0.486667 0.108333 0.485000
6 0.117500 0.491667 0.098750 0.493333 0.131667 0.481667 0.155000 0.480000
4 0.231250 0.655000 0.203750 0.660000 0.270000 0.648333 0.306667 0.643333
6 0.245000 0.475000 0.215000 0.478333 0.285000 0.465000 0.325000 0.460000
4 0.327500 0.461667 0.300000 0.465000 0.400000 0.453333 0.436667 0.450000
4 0.361250 0.458333 0.335000 0.460000 0.446667 0.450000 0.480000 0.448333
4 0.440000 0.446667 0.415000 0.450000 0.553333 0.438333 0.586667 0.435000
6 0.481250 0.441667 0.452500 0.443333 0.601667 0.430000 0.641667 0.428333
5 0.582500 0.425000 0.550000 0.428333 0.731667 0.415000 0.776667 0.413333
4 0.436250 0.081667 0.423750 0.083333 0.560000 0.056667 0.576667 0.053333
6 0.706250 0.926667 0.686250 0.926667 0.915000 0.916667 0.941667 0.916667
4 0.711250 0.913333 0.683750 0.915000 0.911667 0.903333 0.948333 0.903333
4 0.762500 1.000000 0.752500 1.001667 1.001667 0.973333 1.013333 0.973333
6 0.660000 0.896667 0.650000 0.898333 0.865000 0.876667 0.878333 0.875000
6 0.816250 0.978333 0.792500 0.980000 1.056667 0.966667 1.088333 0.965000
4 0.732500 0.450000 0.722500 0.451667 0.960000 0.425000 0.973333 0.423333
4 0.765000 0.445000 0.755000 0.446667 1.003333 0.421667 1.016667 0.421667
4 0.783750 0.446667 0.773750 0.448333 1.030000 0.420000 1.043333 0.420000
4 0.751250 0.513333 0.727500 0.513333 0.970000 0.503333 1.001667 0.501667
6 0.832500 0.565000 0.806250 0.566667 1.075000 0.555000 1.110000 0.553333
4 0.881250 0.450000 0.871250 0.451667 1.158333 0.425000 1.171667 0.423333
4 0.886250 0.483333 0.876250 0.483333 1.165000 0.456667 1.178333 0.455000
4 0.893750 0.540000 0.885000 0.541667 1.176667 0.516667 1.188333 0.515000
4 0.860000 0.548333 0.850000 0.550000 1.130000 0.523333 1.143333 0.521667
4 0.898750 0.573333 0.888750 0.575000 1.181667 0.553333 1.195000 0.551667
4 0.863750 0.576667 0.855000 0.576667 1.136667 0.553333 1.150000 0.551667
6 0.875000 0.645000 0.862500 0.646667 1.148333 0.620000 1.165000 0.618333
6 0.878750 0.676667 0.867500 0.678333 1.155000 0.653333 1.170000 0.651667
6 0.916250 0.678333 0.905000 0.680000 1.203333 0.655000 1.218333 0.653333
4 0.918750 0.705000 0.910000 0.706667 1.208333 0.681667 1.220000 0.680000
4 0.888750 0.745000 0.878750 0.746667 1.170000 0.721667 1.181667 0.720000
4 0.956250 0.656667 0.930000 0.658333 1.240000 0.648333 1.275000 0.645000
4 0.896250 0.795000 0.886250 0.796667 1.178333 0.770000 1.191667 0.768333
4 0.932500 0.798333 0.922500 0.798333 1.228333 0.773333 1.240000 0.771667
4 0.905000 0.865000 0.896250 0.865000 1.191667 0.840000 1.205000 0.840000
4 0.941250 0.865000 0.930000 0.865000 1.238333 0.838333 1.253333 0.838333
4 0.908750 0.891667 0.900000 0.893333 1.196667 0.870000 1.208333 0.868333
4 0.913750 0.926667 0.902500 0.926667 1.200000 0.900000 1.215000 0.898333
4 0.917500 0.953333 0.907500 0.955000 1.208333 0.930000 1.220000 0.928333
4 0.956250 0.968333 0.945000 0.970000 1.258333 0.946667 1.271667 0.945000
4 0.982500 0.941667 0.963750 0.943333 1.285000 0.931667 1.308333 0.930000
4 0.986250 0.918333 0.963750 0.918333 1.285000 0.908333 1.315000 0.906667
3 0.986250 0.868333 0.985000 0.878333 1.280000 0.878333 1.280000 0.868333
5 0.992500 0.486667 0.970000 0.488333 1.293333 0.476667 1.321667 0.475000
4 0.941250 0.376667 0.916250 0.380000 1.221667 0.368333 1.253333 0.365000
