5 0.078000 0.690000 0.075000 0.698000 0.056000 0.691000 0.059000 0.683000
6 0.087000 0.676000 0.085000 0.681000 0.072000 0.675000 0.074000 0.670000
6 0.131000 0.696000 0.127000 0.703000 0.111000 0.696000 0.115000 0.688000
6 0.161000 0.711000 0.158000 0.717000 0.143000 0.709000 0.146000 0.704000
6 0.267000 0.758000 0.263000 0.765000 0.250000 0.758000 0.253000 0.752000
5 0.287000 0.769000 0.284000 0.775000 0.269000 0.767000 0.271000 0.762000
4 0.308000 0.779000 0.305000 0.785000 0.289000 0.777000 0.291000 0.771000
6 0.327000 0.786000 0.324000 0.792000 0.310000 0.786000 0.314000 0.779000
6 0.354000 0.799000 0.351000 0.806000 0.335000 0.799000 0.338000 0.792000
6 0.375000 0.810000 0.372000 0.816000 0.357000 0.809000 0.360000 0.803000
6 0.399000 0.820000 0.396000 0.826000 0.381000 0.819000 0.384000 0.813000
6 0.423000 0.831000 0.420000 0.837000 0.404000 0.829000 0.407000 0.823000
6 0.444000 0.840000 0.442000 0.846000 0.424000 0.837000 0.427000 0.831000
6 0.486000 0.859000 0.484000 0.864000 0.467000 0.856000 0.469000 0.851000
6 0.512000 0.861000 0.511000 0.866000 0.493000 0.865000 0.493000 0.859000
3 0.532000 0.936000 0.529000 0.943000 0.509000 0.932000 0.512000 0.926000
3 0.508000 0.925000 0.505000 0.932000 0.469000 0.916000 0.471000 0.910000
3 0.470000 0.909000 0.467000 0.915000 0.442000 0.903000 0.446000 0.896000
5 0.445000 0.897000 0.442000 0.903000 0.422000 0.893000 0.425000 0.887000
6 0.419000 0.887000 0.416000 0.893000 0.398000 0.884000 0.401000 0.878000
6 0.387000 0.870000 0.383000 0.876000 0.367000 0.868000 0.370000 0.861000
6 0.353000 0.857000 0.351000 0.862000 0.338000 0.855000 0.341000 0.850000
4 0.338000 0.848000 0.335000 0.854000 0.316000 0.845000 0.320000 0.839000
4 0.313000 0.837000 0.309000 0.843000 0.297000 0.837000 0.301000 0.831000
4 0.295000 0.829000 0.292000 0.835000 0.279000 0.828000 0.282000 0.822000
6 0.264000 0.815000 0.261000 0.822000 0.248000 0.815000 0.251000 0.808000
6 0.241000 0.804000 0.238000 0.809000 0.225000 0.803000 0.228000 0.798000
6 0.197000 0.765000 0.194000 0.772000 0.177000 0.763000 0.180000 0.757000
3 0.199000 0.779000 0.194000 0.788000 0.150000 0.766000 0.155000 0.757000
3 0.085000 0.731000 0.081000 0.740000 0.051000 0.724000 0.055000 0.716000
6 0.037000 0.711000 0.034000 0.717000 0.017000 0.709000 0.020000 0.703000
5 0.189000 0.360000 0.183000 0.371000 0.160000 0.358000 0.165000 0.348000
30 0.300000 0.417000 0.294000 0.428000 0.232000 0.397000 0.238000 0.386000
3 0.397000 0.463000 0.394000 0.471000 0.349000 0.451000 0.353000 0.443000
11 0.457000 0.514000 0.453000 0.523000 0.401000 0.499000 0.405000 0.490000
3 0.586000 0.546000 0.581000 0.555000 0.536000 0.534000 0.540000 0.524000
3 0.651000 0.574000 0.647000 0.583000 0.605000 0.563000 0.609000 0.555000
3 0.593000 0.690000 0.568000 0.729000 0.557000 0.722000 0.582000 0.683000
6 0.594000 0.648000 0.586000 0.661000 0.579000 0.657000 0.586000 0.644000
6 0.605000 0.652000 0.595000 0.667000 0.588000 0.662000 0.598000 0.647000
6 0.617000 0.654000 0.607000 0.669000 0.599000 0.664000 0.609000 0.649000
6 0.603000 0.722000 0.596000 0.734000 0.589000 0.730000 0.596000 0.718000
6 0.636000 0.680000 0.632000 0.688000 0.616000 0.681000 0.620000 0.673000
6 0.610000 0.757000 0.601000 0.772000 0.594000 0.768000 0.603000 0.753000
6 0.620000 0.742000 0.610000 0.754000 0.605000 0.749000 0.614000 0.738000
3 0.655000 0.699000 0.632000 0.733000 0.621000 0.726000 0.643000 0.691000
6 0.536000 0.860000 0.523000 0.865000 0.520000 0.857000 0.533000 0.852000
6 0.482000 0.802000 0.479000 0.807000 0.463000 0.798000 0.466000 0.792000
6 0.474000 0.807000 0.472000 0.813000 0.458000 0.807000 0.460000 0.801000
6 0.467000 0.813000 0.464000 0.819000 0.448000 0.812000 0.451000 0.806000
6 0.521000 0.827000 0.518000 0.833000 0.505000 0.827000 0.508000 0.822000
6 0.512000 0.842000 0.509000 0.847000 0.496000 0.841000 0.498000 0.835000
5 0.275000 0.734000 0.271000 0.743000 0.246000 0.732000 0.250000 0.723000
11 0.301000 0.751000 0.297000 0.759000 0.273000 0.747000 0.277000 0.739000
11 0.320000 0.725000 0.317000 0.731000 0.299000 0.722000 0.301000 0.717000
6 0.155000 0.671000 0.152000 0.676000 0.134000 0.668000 0.137000 0.662000
6 0.158000 0.661000 0.155000 0.667000 0.141000 0.661000 0.143000 0.655000
6 0.145000 0.676000 0.142000 0.681000 0.127000 0.674000 0.130000 0.669000
6 0.168000 0.628000 0.160000 0.641000 0.152000 0.637000 0.160000 0.623000
6 0.126000 0.662000 0.124000 0.668000 0.108000 0.660000 0.110000 0.655000
3 0.138000 0.648000 0.135000 0.654000 0.118000 0.646000 0.121000 0.640000
3 0.225000 0.658000 0.213000 0.675000 0.206000 0.670000 0.218000 0.653000
11 0.214000 0.652000 0.201000 0.670000 0.192000 0.664000 0.204000 0.646000
3 0.199000 0.646000 0.192000 0.656000 0.186000 0.652000 0.193000 0.641000
3 0.191000 0.642000 0.182000 0.656000 0.177000 0.652000 0.186000 0.638000
3 0.184000 0.639000 0.174000 0.653000 0.168000 0.649000 0.178000 0.635000
3 0.177000 0.635000 0.167000 0.649000 0.159000 0.644000 0.169000 0.629000
4 0.107000 0.602000 0.098000 0.616000 0.092000 0.612000 0.102000 0.598000
3 0.097000 0.590000 0.074000 0.623000 0.064000 0.616000 0.087000 0.583000
3 0.083000 0.585000 0.068000 0.606000 0.058000 0.599000 0.073000 0.578000
3 0.061000 0.574000 0.046000 0.596000 0.037000 0.590000 0.052000 0.568000
3 0.047000 0.569000 0.033000 0.588000 0.024000 0.581000 0.037000 0.562000
3 0.036000 0.773000 0.032000 0.780000 0.000000 0.763000 0.004000 0.755000
3 0.098000 0.800000 0.094000 0.808000 0.063000 0.792000 0.067000 0.784000
3 0.219000 0.855000 0.215000 0.864000 0.171000 0.840000 0.175000 0.832000
3 0.317000 0.901000 0.312000 0.909000 0.268000 0.885000 0.272000 0.877000
6 0.505000 0.984000 0.501000 0.991000 0.485000 0.982000 0.489000 0.975000
3 0.301000 0.979000 0.296000 0.988000 0.280000 0.979000 0.285000 0.970000
3 0.246000 0.952000 0.241000 0.962000 0.212000 0.949000 0.217000 0.939000
3 0.195000 0.928000 0.190000 0.938000 0.146000 0.918000 0.150000 0.908000
3 0.110000 0.888000 0.105000 0.901000 0.061000 0.884000 0.066000 0.871000
5 0.067000 0.864000 0.066000 0.873000 0.033000 0.869000 0.034000 0.860000
4 0.234000 0.504000 0.225000 0.519000 0.218000 0.515000 0.227000 0.500000
4 0.221000 0.522000 0.211000 0.539000 0.205000 0.535000 0.215000 0.519000
6 0.208000 0.543000 0.199000 0.554000 0.195000 0.551000 0.203000 0.539000
6 0.198000 0.557000 0.190000 0.569000 0.185000 0.565000 0.193000 0.554000
6 0.069000 0.943000 0.066000 0.950000 0.048000 0.943000 0.051000 0.936000
3 0.708000 0.959000 0.704000 0.968000 0.672000 0.952000 0.677000 0.944000
3 0.667000 0.755000 0.639000 0.797000 0.627000 0.789000 0.655000 0.748000
6 0.720000 0.731000 0.711000 0.748000 0.704000 0.744000 0.713000 0.727000
6 0.706000 0.752000 0.698000 0.766000 0.691000 0.761000 0.700000 0.747000
6 0.694000 0.769000 0.688000 0.780000 0.682000 0.777000 0.688000 0.766000
6 0.703000 0.715000 0.696000 0.727000 0.691000 0.724000 0.698000 0.713000
6 0.690000 0.738000 0.681000 0.752000 0.674000 0.748000 0.683000 0.734000
6 0.678000 0.760000 0.665000 0.777000 0.659000 0.772000 0.673000 0.755000
6 0.621000 0.834000 0.614000 0.847000 0.609000 0.844000 0.616000 0.831000
6 0.650000 0.913000 0.643000 0.915000 0.638000 0.900000 0.646000 0.898000
6 0.642000 0.885000 0.633000 0.888000 0.627000 0.871000 0.635000 0.868000
6 0.629000 0.892000 0.621000 0.894000 0.616000 0.877000 0.625000 0.874000
6 0.852000 0.649000 0.844000 0.654000 0.836000 0.639000 0.844000 0.634000
6 0.843000 0.653000 0.833000 0.658000 0.824000 0.640000 0.834000 0.636000
6 0.832000 0.656000 0.825000 0.660000 0.816000 0.645000 0.823000 0.640000
6 0.813000 0.668000 0.805000 0.672000 0.797000 0.658000 0.805000 0.654000
6 0.801000 0.672000 0.792000 0.677000 0.785000 0.665000 0.794000 0.660000
6 0.791000 0.676000 0.783000 0.680000 0.777000 0.669000 0.784000 0.665000
6 0.784000 0.684000 0.777000 0.688000 0.769000 0.674000 0.776000 0.669000
6 0.770000 0.685000 0.764000 0.689000 0.756000 0.674000 0.762000 0.670000
6 0.761000 0.690000 0.753000 0.694000 0.745000 0.678000 0.752000 0.674000
6 0.752000 0.693000 0.744000 0.698000 0.736000 0.684000 0.744000 0.679000
6 0.741000 0.699000 0.734000 0.703000 0.725000 0.687000 0.732000 0.683000
6 0.732000 0.704000 0.726000 0.708000 0.717000 0.693000 0.724000 0.689000
4 0.719000 0.707000 0.711000 0.711000 0.702000 0.696000 0.710000 0.691000
6 0.711000 0.709000 0.706000 0.715000 0.694000 0.705000 0.698000 0.700000
6 0.984000 0.603000 0.969000 0.610000 0.966000 0.604000 0.981000 0.598000
6 0.991000 0.611000 0.977000 0.619000 0.973000 0.611000 0.987000 0.603000
6 0.997000 0.616000 0.982000 0.624000 0.979000 0.619000 0.994000 0.610000
