32 1.000000 0.470656 0.883634 0.477020 0.878000 0.374000 1.000000 0.367328
32 0.640000 0.222000 0.624000 0.300000 0.527000 0.280000 0.543000 0.201000
6 0.900000 0.127000 0.896000 0.143000 0.889000 0.141000 0.893000 0.125000
4 0.900000 0.108000 0.899000 0.124000 0.892000 0.124000 0.893000 0.108000
6 0.793000 0.091000 0.791000 0.108000 0.784000 0.107000 0.786000 0.091000
4 0.790000 0.113000 0.787000 0.130000 0.779000 0.128000 0.782000 0.111000
6 0.779000 0.095000 0.778000 0.111000 0.769000 0.111000 0.771000 0.094000
6 0.452000 0.073000 0.445000 0.074000 0.443000 0.064000 0.450000 0.063000
6 0.102000 0.085000 0.101000 0.094000 0.072000 0.091000 0.073000 0.083000
6 0.285000 0.215000 0.277000 0.216000 0.276000 0.198000 0.284000 0.198000
6 0.272000 0.198000 0.271000 0.213000 0.262000 0.213000 0.263000 0.197000
4 0.103000 0.241000 0.098000 0.258000 0.089000 0.256000 0.094000 0.238000
6 0.180000 0.308000 0.179000 0.323000 0.172000 0.323000 0.173000 0.307000
6 0.241000 0.379000 0.240000 0.395000 0.232000 0.395000 0.233000 0.379000
6 0.370000 0.587000 0.365000 0.592000 0.354000 0.582000 0.359000 0.576000
6 0.378000 0.580000 0.373000 0.585000 0.359000 0.574000 0.363000 0.568000
6 0.509000 0.560000 0.494000 0.570000 0.490000 0.563000 0.505000 0.554000
4 0.504000 0.552000 0.488000 0.562000 0.484000 0.555000 0.500000 0.545000
6 0.544000 0.652000 0.530000 0.664000 0.524000 0.657000 0.538000 0.645000
6 0.329000 0.774000 0.324000 0.779000 0.314000 0.769000 0.319000 0.764000
6 0.245000 0.685000 0.240000 0.690000 0.226000 0.678000 0.231000 0.672000
6 0.347000 0.957000 0.341000 0.963000 0.329000 0.950000 0.335000 0.944000
6 0.357000 0.944000 0.355000 0.951000 0.334000 0.944000 0.336000 0.937000
6 0.557000 0.913000 0.554000 0.929000 0.546000 0.928000 0.549000 0.911000
6 0.626000 0.906000 0.620000 0.912000 0.607000 0.898000 0.612000 0.893000
6 0.640000 0.907000 0.632000 0.910000 0.627000 0.896000 0.635000 0.893000
6 0.711000 0.942000 0.709000 0.948000 0.690000 0.942000 0.693000 0.936000
