6 0.996000 0.921000 0.986000 0.921000 0.985000 0.905000 0.994000 0.904000
4 0.991000 0.876000 0.982000 0.877000 0.981000 0.860000 0.990000 0.860000
6 0.707000 0.967000 0.706000 0.982000 0.695000 0.982000 0.696000 0.966000
6 0.622000 0.856000 0.621000 0.873000 0.609000 0.873000 0.610000 0.855000
5 0.207000 0.763000 0.202000 0.784000 0.191000 0.781000 0.196000 0.761000
4 0.438000 0.749000 0.429000 0.749000 0.429000 0.732000 0.438000 0.732000
4 0.505000 0.761000 0.504000 0.776000 0.496000 0.776000 0.496000 0.760000
6 0.677000 0.817000 0.659000 0.817000 0.659000 0.810000 0.677000 0.810000
4 0.712000 0.754000 0.701000 0.754000 0.701000 0.738000 0.712000 0.738000
4 0.930000 0.754000 0.920000 0.754000 0.920000 0.737000 0.930000 0.736000
4 0.832000 0.664000 0.831000 0.679000 0.823000 0.679000 0.823000 0.664000
4 0.912000 0.451000 0.901000 0.451000 0.901000 0.436000 0.911000 0.436000
4 0.933000 0.401000 0.925000 0.401000 0.925000 0.384000 0.933000 0.384000
4 0.904000 0.385000 0.891000 0.384000 0.892000 0.369000 0.904000 0.369000
4 0.919000 0.122000 0.910000 0.122000 0.910000 0.107000 0.919000 0.107000
6 0.981000 0.067000 0.960000 0.067000 0.960000 0.060000 0.981000 0.060000
6 0.957000 0.068000 0.938000 0.069000 0.938000 0.063000 0.957000 0.062000
5 0.312000 0.464000 0.287000 0.465000 0.287000 0.459000 0.312000 0.458000
6 0.311000 0.453000 0.292000 0.453000 0.292000 0.447000 0.311000 0.447000
6 0.311000 0.444000 0.289000 0.445000 0.289000 0.438000 0.311000 0.438000
4 0.309000 0.435000 0.289000 0.436000 0.288000 0.431000 0.308000 0.429000
6 0.309000 0.427000 0.282000 0.429000 0.281000 0.424000 0.308000 0.421000
4 0.305000 0.419000 0.283000 0.420000 0.283000 0.414000 0.305000 0.413000
4 0.306000 0.410000 0.283000 0.411000 0.283000 0.405000 0.306000 0.404000
6 0.303000 0.391000 0.280000 0.395000 0.279000 0.388000 0.302000 0.385000
6 0.383000 0.389000 0.373000 0.389000 0.373000 0.375000 0.383000 0.374000
4 0.396000 0.334000 0.387000 0.354000 0.375000 0.348000 0.384000 0.328000
4 0.365000 0.338000 0.358000 0.355000 0.349000 0.351000 0.356000 0.334000
4 0.339000 0.334000 0.334000 0.351000 0.323000 0.347000 0.328000 0.331000
4 0.324000 0.335000 0.318000 0.352000 0.308000 0.348000 0.315000 0.332000
4 0.309000 0.335000 0.302000 0.351000 0.294000 0.347000 0.301000 0.332000
6 0.548000 0.207000 0.526000 0.207000 0.525000 0.199000 0.548000 0.198000
4 0.388000 0.287000 0.386000 0.294000 0.365000 0.289000 0.367000 0.282000
4 0.310000 0.292000 0.291000 0.303000 0.287000 0.296000 0.306000 0.285000
4 0.304000 0.284000 0.288000 0.293000 0.284000 0.287000 0.301000 0.278000
6 0.310000 0.273000 0.287000 0.284000 0.283000 0.277000 0.306000 0.266000
4 0.320000 0.220000 0.311000 0.239000 0.301000 0.235000 0.310000 0.215000
4 0.169000 0.173000 0.149000 0.172000 0.149000 0.164000 0.169000 0.165000
