6 0.213333 0.071250 0.173333 0.072500 0.130000 0.065000 0.160000 0.062500
6 0.273333 0.025000 0.258333 0.025000 0.193750 0.005000 0.203750 0.003750
5 0.653333 0.031250 0.593333 0.035000 0.443750 0.022500 0.488750 0.020000
3 0.958333 0.028750 0.948333 0.038750 0.681250 0.016250 0.688750 0.007500
3 0.958333 0.045000 0.950000 0.055000 0.682500 0.036250 0.690000 0.026250
3 0.963333 0.081250 0.953333 0.092500 0.687500 0.076250 0.695000 0.063750
5 0.885000 0.225000 0.871667 0.251250 0.641250 0.247500 0.651250 0.220000
5 0.876667 0.312500 0.846667 0.328750 0.627500 0.320000 0.651250 0.302500
4 0.865000 0.946250 0.838333 0.948750 0.627500 0.940000 0.647500 0.937500
4 0.966667 0.868750 0.961667 0.877500 0.698750 0.867500 0.702500 0.858750
6 0.966667 0.826250 0.961667 0.835000 0.702500 0.826250 0.707500 0.817500
12 0.966667 0.811250 0.960000 0.821250 0.703750 0.812500 0.708750 0.803750
6 0.938333 0.805000 0.933333 0.812500 0.680000 0.802500 0.683750 0.795000
6 0.938333 0.821250 0.930000 0.831250 0.680000 0.821250 0.686250 0.810000
12 0.938333 0.833750 0.933333 0.845000 0.677500 0.836250 0.682500 0.826250
6 0.866667 0.846250 0.841667 0.852500 0.628750 0.845000 0.647500 0.837500
4 0.870000 0.831250 0.841667 0.837500 0.628750 0.830000 0.650000 0.823750
6 0.863333 0.815000 0.843333 0.823750 0.627500 0.815000 0.643750 0.807500
4 0.866667 0.801250 0.836667 0.811250 0.622500 0.801250 0.646250 0.791250
6 0.941667 0.791250 0.936667 0.800000 0.681250 0.791250 0.683750 0.782500
6 0.815000 0.697500 0.811667 0.718750 0.596250 0.717500 0.598750 0.695000
6 0.815000 0.671250 0.810000 0.693750 0.597500 0.692500 0.600000 0.670000
4 0.815000 0.648750 0.813333 0.670000 0.598750 0.668750 0.601250 0.647500
6 0.816667 0.618750 0.815000 0.642500 0.598750 0.642500 0.598750 0.618750
4 0.815000 0.615000 0.800000 0.616250 0.598750 0.595000 0.610000 0.595000
6 0.815000 0.565000 0.813333 0.583750 0.598750 0.582500 0.601250 0.563750
6 0.815000 0.532500 0.811667 0.552500 0.598750 0.550000 0.602500 0.531250
4 0.818333 0.508750 0.815000 0.528750 0.601250 0.527500 0.603750 0.507500
4 0.818333 0.476250 0.815000 0.500000 0.600000 0.498750 0.602500 0.475000
6 0.820000 0.450000 0.818333 0.472500 0.602500 0.472500 0.603750 0.450000
6 0.743333 0.462500 0.711667 0.463750 0.532500 0.451250 0.557500 0.450000
6 0.750000 0.447500 0.716667 0.448750 0.537500 0.437500 0.561250 0.436250
3 0.893333 0.367500 0.890000 0.412500 0.651250 0.411250 0.652500 0.366250
4 0.913333 0.388750 0.901667 0.388750 0.675000 0.368750 0.685000 0.368750
4 0.951667 0.392500 0.941667 0.392500 0.706250 0.370000 0.713750 0.370000
4 1.000000 0.390000 0.991667 0.390000 0.745000 0.370000 0.750000 0.370000
4 0.970000 0.388750 0.956667 0.388750 0.718750 0.371250 0.727500 0.371250
6 0.960000 0.421250 0.930000 0.422500 0.697500 0.413750 0.720000 0.412500
6 0.943333 0.430000 0.941667 0.447500 0.696250 0.446250 0.697500 0.428750
6 0.921667 0.428750 0.920000 0.447500 0.681250 0.447500 0.682500 0.428750
6 0.903333 0.448750 0.871667 0.450000 0.652500 0.442500 0.676250 0.440000
6 0.170000 0.347500 0.138333 0.347500 0.103750 0.341250 0.127500 0.341250
4 0.383333 0.300000 0.381667 0.307500 0.263750 0.306250 0.263750 0.298750
4 0.213333 0.291250 0.180000 0.291250 0.135000 0.285000 0.160000 0.283750
5 0.043333 0.866250 0.028333 0.865000 0.022500 0.841250 0.032500 0.841250
6 0.496667 0.183750 0.486667 0.190000 0.355000 0.175000 0.362500 0.168750
6 0.476667 0.188750 0.465000 0.195000 0.337500 0.180000 0.346250 0.173750
5 0.545000 0.203750 0.508333 0.203750 0.381250 0.193750 0.408750 0.193750
4 0.241667 0.191250 0.226667 0.191250 0.170000 0.170000 0.181250 0.170000
