6 0.876667 0.501250 0.861667 0.505000 0.645000 0.500000 0.655000 0.496250
4 0.890000 0.523750 0.866667 0.532500 0.646250 0.525000 0.663750 0.516250
6 0.651667 0.698750 0.643333 0.720000 0.473750 0.717500 0.480000 0.696250
6 0.873333 0.785000 0.870000 0.793750 0.626250 0.785000 0.628750 0.776250
6 0.655000 0.988750 0.651667 1.000000 0.480000 1.000000 0.481250 0.987500
6 0.186667 0.796250 0.180000 0.817500 0.123750 0.815000 0.128750 0.793750
6 0.160000 0.713750 0.158333 0.722500 0.093750 0.718750 0.096250 0.708750
4 0.608333 0.387500 0.601667 0.408750 0.441250 0.406250 0.445000 0.385000
6 0.598333 0.410000 0.596667 0.431250 0.435000 0.430000 0.437500 0.408750
6 0.371667 0.388750 0.365000 0.411250 0.261250 0.408750 0.266250 0.385000
