19 0.235000 0.183000 0.211000 0.128000 0.161000 0.150000 0.186000 0.205000
19 0.318000 0.148000 0.295000 0.097000 0.248000 0.118000 0.270000 0.169000
19 0.395000 0.106000 0.373000 0.056000 0.333000 0.073000 0.356000 0.124000
19 0.904000 0.261000 0.885000 0.217000 0.849000 0.233000 0.868000 0.277000
19 0.830000 0.303000 0.808000 0.251000 0.760000 0.272000 0.783000 0.324000
19 0.749000 0.345000 0.725000 0.292000 0.679000 0.312000 0.703000 0.366000
19 0.650000 0.381000 0.636000 0.349000 0.613000 0.359000 0.627000 0.391000
19 0.996000 0.624000 0.979000 0.584000 0.942000 0.601000 0.960000 0.640000
19 0.934000 0.633000 0.916000 0.592000 0.882000 0.607000 0.899000 0.648000
19 0.882000 0.648000 0.862000 0.602000 0.819000 0.621000 0.839000 0.667000
19 0.738000 0.033000 0.755000 0.069000 0.789000 0.053000 0.772000 0.017000
19 0.572000 0.119000 0.592000 0.161000 0.640000 0.138000 0.620000 0.096000
19 0.493000 0.160000 0.510000 0.196000 0.553000 0.176000 0.535000 0.140000
19 0.407000 0.190000 0.420000 0.216000 0.452000 0.201000 0.439000 0.175000
19 0.334000 0.227000 0.343000 0.248000 0.375000 0.232000 0.365000 0.212000
19 0.928000 0.355000 0.939000 0.377000 0.966000 0.363000 0.955000 0.341000
19 0.632000 0.496000 0.647000 0.527000 0.690000 0.506000 0.675000 0.476000
19 0.404000 0.456000 0.393000 0.506000 0.447000 0.518000 0.458000 0.468000
19 0.298000 0.243000 0.236000 0.278000 0.272000 0.342000 0.334000 0.307000
19 0.338000 0.343000 0.290000 0.369000 0.314000 0.414000 0.362000 0.388000
