2 0.553333 0.378750 0.500000 0.472500 0.362500 0.466250 0.401250 0.373750
0 0.210000 0.215000 0.115000 0.413750 0.065000 0.406250 0.136250 0.207500
18 0.295000 0.242500 0.291667 0.251250 0.183750 0.237500 0.186250 0.230000
18 0.301667 0.235000 0.296667 0.242500 0.186250 0.228750 0.188750 0.221250
2 0.286667 0.352500 0.268333 0.402500 0.191250 0.400000 0.205000 0.348750
2 0.911667 0.528750 0.816667 0.626250 0.598750 0.616250 0.668750 0.518750
2 0.928333 0.541250 0.838333 0.636250 0.616250 0.627500 0.683750 0.531250
2 0.945000 0.550000 0.843333 0.665000 0.620000 0.657500 0.696250 0.541250
2 0.966667 0.557500 0.866667 0.672500 0.636250 0.662500 0.711250 0.547500
2 0.975000 0.582500 0.881667 0.691250 0.645000 0.681250 0.716250 0.572500
2 0.743333 0.713750 0.640000 0.818750 0.465000 0.807500 0.542500 0.702500
2 0.761667 0.721250 0.656667 0.832500 0.477500 0.822500 0.556250 0.710000
2 0.835000 0.677500 0.725000 0.792500 0.528750 0.781250 0.611250 0.667500
2 0.860000 0.681250 0.755000 0.788750 0.553750 0.780000 0.632500 0.672500
2 0.876667 0.696250 0.781667 0.795000 0.571250 0.783750 0.642500 0.686250
2 0.595000 0.856250 0.496667 0.962500 0.361250 0.955000 0.435000 0.847500
