17 0.284000 0.586000 0.255000 0.549000 0.220000 0.577000 0.249000 0.614000
17 0.199000 0.487000 0.239000 0.452000 0.210000 0.418000 0.169000 0.453000
19 0.326000 0.551000 0.298000 0.518000 0.269000 0.542000 0.297000 0.576000
17 0.470000 0.662000 0.437000 0.621000 0.402000 0.650000 0.434000 0.691000
17 0.523000 0.620000 0.489000 0.577000 0.453000 0.606000 0.486000 0.648000
17 0.576000 0.578000 0.544000 0.535000 0.507000 0.564000 0.540000 0.606000
17 0.631000 0.534000 0.597000 0.493000 0.562000 0.522000 0.595000 0.563000
17 0.698000 0.230000 0.667000 0.191000 0.631000 0.220000 0.663000 0.259000
17 0.875000 0.339000 0.842000 0.297000 0.806000 0.325000 0.838000 0.367000
20 0.954000 0.283000 0.903000 0.217000 0.841000 0.266000 0.892000 0.331000
17 0.993000 0.245000 0.961000 0.206000 0.926000 0.234000 0.958000 0.274000
12 0.872000 0.094000 0.843000 0.048000 0.804000 0.074000 0.834000 0.119000
