9 0.900000 0.316250 0.896667 0.373750 0.611250 0.371250 0.613750 0.313750
6 0.065000 0.838750 0.063333 0.857500 0.036250 0.857500 0.036250 0.838750
5 0.310000 0.076250 0.306667 0.102500 0.217500 0.102500 0.218750 0.075000
6 0.246667 0.247500 0.245000 0.272500 0.170000 0.272500 0.170000 0.247500
4 0.135000 0.022500 0.131667 0.043750 0.087500 0.042500 0.088750 0.021250
6 0.316667 0.362500 0.315000 0.388750 0.225000 0.387500 0.226250 0.361250
4 0.313333 0.413750 0.295000 0.413750 0.222500 0.395000 0.235000 0.395000
6 0.238333 0.680000 0.236667 0.695000 0.142500 0.692500 0.143750 0.677500
6 0.705000 0.920000 0.700000 0.930000 0.498750 0.918750 0.501250 0.910000
6 0.885000 0.676250 0.870000 0.676250 0.652500 0.656250 0.663750 0.656250
6 0.891667 0.717500 0.873333 0.717500 0.653750 0.695000 0.667500 0.695000
6 0.888333 0.471250 0.871667 0.471250 0.653750 0.451250 0.665000 0.451250
4 0.651667 0.315000 0.650000 0.327500 0.455000 0.325000 0.456250 0.312500
6 0.960000 0.257500 0.928333 0.257500 0.695000 0.247500 0.720000 0.246250
4 1.000000 0.262500 0.968333 0.262500 0.726250 0.250000 0.750000 0.250000
6 0.640000 0.387500 0.620000 0.388750 0.463750 0.362500 0.478750 0.361250
