6 0.992500 0.976667 0.970000 0.986667 1.290000 0.975000 1.320000 0.965000
4 0.987500 0.965000 0.963750 0.973333 1.281667 0.961667 1.313333 0.953333
4 0.981250 0.951667 0.960000 0.960000 1.276667 0.945000 1.305000 0.936667
6 0.972500 0.923333 0.951250 0.931667 1.263333 0.916667 1.291667 0.906667
6 0.967500 0.910000 0.942500 0.918333 1.253333 0.905000 1.286667 0.895000
4 0.963750 0.893333 0.941250 0.905000 1.250000 0.890000 1.280000 0.880000
6 0.958750 0.880000 0.937500 0.890000 1.245000 0.876667 1.275000 0.866667
6 0.953750 0.863333 0.933750 0.873333 1.240000 0.860000 1.266667 0.850000
6 0.947500 0.851667 0.925000 0.858333 1.230000 0.845000 1.260000 0.838333
4 0.943750 0.836667 0.921250 0.845000 1.225000 0.831667 1.255000 0.825000
6 0.936250 0.821667 0.916250 0.828333 1.218333 0.816667 1.243333 0.810000
4 0.933750 0.806667 0.907500 0.818333 1.205000 0.805000 1.241667 0.793333
4 0.928750 0.791667 0.906250 0.801667 1.203333 0.788333 1.233333 0.778333
4 0.923750 0.776667 0.900000 0.785000 1.195000 0.773333 1.228333 0.763333
6 0.917500 0.761667 0.896250 0.770000 1.191667 0.758333 1.220000 0.750000
4 0.912500 0.748333 0.890000 0.758333 1.183333 0.743333 1.211667 0.735000
6 0.908750 0.733333 0.885000 0.743333 1.176667 0.728333 1.208333 0.720000
4 0.902500 0.720000 0.877500 0.728333 1.166667 0.715000 1.200000 0.706667
4 0.895000 0.690000 0.870000 0.698333 1.156667 0.686667 1.190000 0.676667
4 0.888750 0.676667 0.867500 0.685000 1.153333 0.671667 1.181667 0.663333
6 0.850000 0.673333 0.815000 0.688333 1.081667 0.668333 1.128333 0.653333
6 0.771250 0.706667 0.743750 0.718333 0.986667 0.703333 1.021667 0.691667
6 0.703750 0.735000 0.673750 0.748333 0.893333 0.731667 0.933333 0.718333
11 0.911250 0.978333 0.896250 0.986667 1.190000 0.973333 1.210000 0.966667
4 0.863750 0.948333 0.841250 0.956667 1.116667 0.945000 1.146667 0.935000
4 0.856250 0.966667 0.845000 0.971667 1.121667 0.961667 1.138333 0.956667
4 0.893750 0.921667 0.868750 0.933333 1.153333 0.920000 1.186667 0.908333
4 0.857500 0.935000 0.833750 0.943333 1.108333 0.930000 1.140000 0.921667
4 0.886250 0.906667 0.862500 0.920000 1.145000 0.905000 1.175000 0.893333
4 0.850000 0.923333 0.827500 0.933333 1.098333 0.918333 1.130000 0.910000
4 0.881250 0.893333 0.857500 0.903333 1.140000 0.890000 1.170000 0.880000
6 0.846250 0.908333 0.823750 0.916667 1.093333 0.903333 1.125000 0.893333
6 0.843750 0.890000 0.820000 0.901667 1.090000 0.888333 1.120000 0.878333
4 0.873750 0.880000 0.853750 0.890000 1.133333 0.876667 1.160000 0.866667
4 0.871250 0.865000 0.858750 0.871667 1.140000 0.858333 1.156667 0.851667
6 0.832500 0.878333 0.816250 0.885000 1.083333 0.871667 1.106667 0.865000
4 0.830000 0.863333 0.810000 0.871667 1.076667 0.860000 1.101667 0.851667
4 0.825000 0.851667 0.803750 0.860000 1.066667 0.846667 1.096667 0.838333
11 0.863750 0.836667 0.850000 0.843333 1.128333 0.830000 1.148333 0.823333
4 0.820000 0.836667 0.797500 0.843333 1.060000 0.831667 1.090000 0.825000
4 0.861250 0.821667 0.836250 0.833333 1.110000 0.818333 1.143333 0.808333
4 0.813750 0.821667 0.792500 0.831667 1.053333 0.818333 1.081667 0.810000
4 0.855000 0.806667 0.831250 0.816667 1.103333 0.803333 1.136667 0.793333
5 0.813750 0.808333 0.786250 0.820000 1.043333 0.805000 1.081667 0.793333
4 0.847500 0.791667 0.826250 0.800000 1.098333 0.790000 1.125000 0.780000
4 0.807500 0.793333 0.785000 0.801667 1.043333 0.786667 1.073333 0.778333
6 0.842500 0.778333 0.820000 0.788333 1.088333 0.775000 1.118333 0.763333
4 0.790000 0.770000 0.775000 0.776667 1.028333 0.763333 1.048333 0.756667
4 0.771250 0.990000 0.748750 1.000000 0.993333 0.986667 1.023333 0.976667
4 0.801250 0.976667 0.778750 0.986667 1.033333 0.973333 1.065000 0.965000
4 0.797500 0.960000 0.775000 0.973333 1.028333 0.960000 1.056667 0.948333
4 0.762500 0.976667 0.741250 0.985000 0.983333 0.970000 1.013333 0.961667
4 0.761250 0.961667 0.737500 0.968333 0.980000 0.955000 1.011667 0.946667
4 0.792500 0.946667 0.768750 0.958333 1.021667 0.943333 1.053333 0.933333
6 0.757500 0.946667 0.735000 0.955000 0.976667 0.940000 1.006667 0.931667
4 0.787500 0.931667 0.765000 0.943333 1.015000 0.930000 1.045000 0.918333
6 0.742500 0.935000 0.730000 0.940000 0.970000 0.928333 0.985000 0.923333
6 0.765000 0.861667 0.741250 0.873333 0.983333 0.860000 1.015000 0.848333
4 0.733750 0.871667 0.710000 0.881667 0.943333 0.870000 0.973333 0.860000
6 0.726250 0.860000 0.701250 0.871667 0.930000 0.858333 0.963333 0.846667
6 0.718750 0.848333 0.693750 0.858333 0.920000 0.845000 0.953333 0.833333
6 0.752500 0.833333 0.731250 0.843333 0.970000 0.830000 0.998333 0.820000
5 0.747500 0.820000 0.726250 0.830000 0.963333 0.816667 0.991667 0.805000
4 0.738750 0.790000 0.716250 0.801667 0.950000 0.788333 0.980000 0.778333
4 0.747500 0.803333 0.722500 0.815000 0.958333 0.801667 0.991667 0.790000
4 0.737500 0.775000 0.712500 0.786667 0.945000 0.771667 0.976667 0.760000
4 0.768750 0.876667 0.755000 0.883333 1.003333 0.870000 1.021667 0.863333
4 0.700000 0.986667 0.677500 0.996667 0.898333 0.985000 0.928333 0.973333
4 0.636250 0.911667 0.612500 0.920000 0.813333 0.906667 0.845000 0.900000
6 0.667500 0.900000 0.645000 0.911667 0.855000 0.898333 0.885000 0.888333
6 0.636250 0.900000 0.610000 0.906667 0.810000 0.891667 0.845000 0.883333
4 0.665000 0.886667 0.640000 0.896667 0.850000 0.883333 0.881667 0.873333
4 0.655000 0.858333 0.631250 0.868333 0.836667 0.853333 0.868333 0.845000
6 0.662500 0.873333 0.638750 0.881667 0.846667 0.870000 0.878333 0.860000
6 0.623750 0.870000 0.601250 0.878333 0.798333 0.865000 0.828333 0.856667
4 0.620000 0.856667 0.593750 0.865000 0.788333 0.850000 0.823333 0.841667
5 0.652500 0.838333 0.627500 0.851667 0.830000 0.838333 0.865000 0.825000
4 0.611250 0.841667 0.590000 0.851667 0.783333 0.838333 0.810000 0.828333
6 0.611250 0.826667 0.586250 0.836667 0.778333 0.821667 0.810000 0.811667
6 0.591250 0.983333 0.567500 0.991667 0.753333 0.978333 0.785000 0.970000
6 0.552500 0.981667 0.532500 0.990000 0.706667 0.978333 0.733333 0.970000
6 0.587500 0.970000 0.562500 0.980000 0.746667 0.966667 0.778333 0.956667
4 0.580000 0.956667 0.555000 0.965000 0.736667 0.951667 0.770000 0.943333
4 0.548750 0.970000 0.526250 0.975000 0.698333 0.963333 0.728333 0.956667
6 0.576250 0.940000 0.552500 0.950000 0.731667 0.936667 0.765000 0.926667
4 0.543750 0.953333 0.521250 0.961667 0.691667 0.950000 0.721667 0.940000
4 0.538750 0.940000 0.516250 0.950000 0.685000 0.936667 0.715000 0.926667
4 0.571250 0.926667 0.546250 0.936667 0.725000 0.921667 0.758333 0.913333
6 0.535000 0.926667 0.513750 0.933333 0.681667 0.921667 0.710000 0.915000
4 0.568750 0.913333 0.543750 0.921667 0.721667 0.908333 0.755000 0.900000
6 0.560000 0.900000 0.537500 0.908333 0.713333 0.896667 0.743333 0.886667
6 0.555000 0.885000 0.532500 0.893333 0.706667 0.881667 0.736667 0.873333
4 0.552500 0.871667 0.528750 0.881667 0.700000 0.866667 0.731667 0.856667
6 0.546250 0.856667 0.523750 0.866667 0.693333 0.853333 0.725000 0.843333
4 0.480000 0.983333 0.453750 0.991667 0.601667 0.976667 0.636667 0.968333
6 0.445000 0.978333 0.421250 0.988333 0.556667 0.975000 0.588333 0.965000
6 0.440000 0.963333 0.418750 0.973333 0.553333 0.960000 0.583333 0.950000
6 0.475000 0.970000 0.452500 0.976667 0.600000 0.961667 0.630000 0.955000
4 0.468750 0.956667 0.443750 0.963333 0.588333 0.948333 0.621667 0.940000
4 0.465000 0.938333 0.441250 0.948333 0.583333 0.935000 0.615000 0.925000
4 0.328750 0.980000 0.311250 0.988333 0.411667 0.975000 0.435000 0.968333
6 0.368750 0.981667 0.346250 0.990000 0.458333 0.976667 0.488333 0.968333
4 0.258750 0.963333 0.235000 0.973333 0.308333 0.960000 0.341667 0.950000
5 0.261250 0.978333 0.238750 0.985000 0.315000 0.973333 0.345000 0.965000
4 0.921250 0.468333 0.893750 0.480000 1.188333 0.468333 1.225000 0.458333
6 0.897500 0.420000 0.875000 0.428333 1.163333 0.415000 1.193333 0.406667
6 0.886250 0.391667 0.865000 0.401667 1.150000 0.388333 1.178333 0.380000
6 0.897500 0.401667 0.870000 0.416667 1.155000 0.401667 1.191667 0.388333
5 0.883750 0.376667 0.860000 0.386667 1.141667 0.375000 1.175000 0.365000
6 0.880000 0.363333 0.855000 0.375000 1.135000 0.361667 1.168333 0.350000
4 0.870000 0.335000 0.846250 0.346667 1.123333 0.333333 1.155000 0.321667
6 0.873750 0.350000 0.850000 0.361667 1.130000 0.348333 1.160000 0.336667
6 0.865000 0.321667 0.841250 0.331667 1.118333 0.318333 1.148333 0.308333
6 0.855000 0.291667 0.832500 0.301667 1.106667 0.286667 1.135000 0.278333
4 0.862500 0.306667 0.837500 0.316667 1.111667 0.303333 1.145000 0.293333
5 0.835000 0.233333 0.810000 0.240000 1.078333 0.226667 1.110000 0.220000
4 0.830000 0.218333 0.807500 0.228333 1.071667 0.215000 1.103333 0.205000
5 0.825000 0.205000 0.801250 0.215000 1.065000 0.201667 1.095000 0.191667
5 0.822500 0.188333 0.796250 0.201667 1.056667 0.190000 1.091667 0.176667
4 0.817500 0.178333 0.793750 0.188333 1.053333 0.175000 1.085000 0.165000
6 0.806250 0.146667 0.783750 0.158333 1.040000 0.145000 1.071667 0.135000
6 0.812500 0.165000 0.788750 0.175000 1.048333 0.161667 1.080000 0.151667
4 0.800000 0.136667 0.777500 0.145000 1.033333 0.133333 1.063333 0.123333
4 0.791250 0.106667 0.770000 0.118333 1.021667 0.105000 1.051667 0.095000
6 0.796250 0.123333 0.773750 0.133333 1.028333 0.121667 1.056667 0.111667
4 0.788750 0.091667 0.766250 0.103333 1.015000 0.088333 1.046667 0.078333
4 0.782500 0.080000 0.757500 0.090000 1.006667 0.076667 1.038333 0.066667
4 0.771250 0.050000 0.750000 0.060000 0.995000 0.048333 1.025000 0.036667
6 0.777500 0.066667 0.753750 0.078333 1.000000 0.063333 1.031667 0.051667
6 0.767500 0.036667 0.742500 0.050000 0.985000 0.035000 1.018333 0.023333
6 0.765000 0.023333 0.738750 0.035000 0.980000 0.018333 1.015000 0.006667
11 0.245000 0.795000 0.233750 0.805000 0.298333 0.783333 0.313333 0.775000
5 0.220000 0.718333 0.187500 0.733333 0.243333 0.715000 0.286667 0.700000
4 0.172500 0.696667 0.160000 0.705000 0.200000 0.676667 0.216667 0.668333
