6 0.775000 0.885000 0.762500 0.885000 1.016667 0.858333 1.033333 0.858333
4 0.951250 0.780000 0.921250 0.780000 1.228333 0.768333 1.268333 0.768333
4 0.556250 0.595000 0.555000 0.605000 0.703333 0.603333 0.703333 0.593333
4 0.556250 0.591667 0.528750 0.591667 0.705000 0.580000 0.741667 0.581667
6 0.800000 0.363333 0.798750 0.390000 1.048333 0.390000 1.050000 0.363333
6 0.832500 0.301667 0.803750 0.303333 1.071667 0.290000 1.110000 0.290000
4 0.910000 0.035000 0.898750 0.035000 1.198333 0.006667 1.213333 0.006667
6 0.851250 0.208333 0.841250 0.208333 1.121667 0.180000 1.135000 0.180000
4 0.792500 0.200000 0.782500 0.201667 1.041667 0.158333 1.056667 0.156667
6 0.507500 0.196667 0.476250 0.196667 0.636667 0.185000 0.676667 0.185000
3 0.607500 0.060000 0.565000 0.060000 0.753333 0.041667 0.810000 0.043333
4 0.610000 0.118333 0.582500 0.121667 0.775000 0.108333 0.813333 0.106667
6 0.398750 0.520000 0.385000 0.520000 0.511667 0.495000 0.531667 0.495000
6 0.393750 0.758333 0.392500 0.788333 0.506667 0.786667 0.508333 0.758333
6 0.411250 0.920000 0.401250 0.920000 0.533333 0.890000 0.546667 0.890000
6 0.028750 0.880000 0.000000 0.878333 0.000000 0.868333 0.038333 0.870000
4 0.176250 0.866667 0.145000 0.866667 0.193333 0.853333 0.233333 0.853333
4 0.176250 0.666667 0.166250 0.668333 0.220000 0.638333 0.235000 0.636667
6 0.261250 0.643333 0.235000 0.643333 0.313333 0.633333 0.348333 0.635000
6 0.278750 0.320000 0.277500 0.330000 0.335000 0.328333 0.336667 0.318333
4 0.225000 0.316667 0.223750 0.328333 0.261667 0.325000 0.263333 0.315000
6 0.280000 0.613333 0.270000 0.613333 0.360000 0.586667 0.373333 0.586667
6 0.080000 0.821667 0.051250 0.820000 0.068333 0.808333 0.106667 0.811667
