4 0.168333 0.728750 0.150000 0.745000 0.106250 0.740000 0.120000 0.723750
4 0.256667 0.667500 0.240000 0.681250 0.173750 0.676250 0.186250 0.661250
6 0.328333 0.613750 0.310000 0.627500 0.225000 0.621250 0.240000 0.607500
4 0.255000 0.485000 0.238333 0.500000 0.171250 0.493750 0.183750 0.478750
6 0.351667 0.512500 0.333333 0.528750 0.242500 0.522500 0.256250 0.506250
4 0.425000 0.542500 0.405000 0.553750 0.297500 0.546250 0.312500 0.535000
6 0.473333 0.511250 0.456667 0.525000 0.335000 0.517500 0.347500 0.503750
6 0.505000 0.460000 0.481667 0.480000 0.353750 0.473750 0.372500 0.453750
6 0.546667 0.458750 0.530000 0.472500 0.391250 0.466250 0.403750 0.452500
4 0.568333 0.418750 0.550000 0.431250 0.406250 0.425000 0.420000 0.411250
4 0.608333 0.418750 0.585000 0.433750 0.432500 0.427500 0.450000 0.411250
4 0.641667 0.373750 0.620000 0.388750 0.458750 0.382500 0.476250 0.367500
6 0.668333 0.378750 0.648333 0.395000 0.480000 0.388750 0.495000 0.372500
6 0.713333 0.406250 0.693333 0.425000 0.512500 0.417500 0.527500 0.400000
4 0.735000 0.335000 0.713333 0.347500 0.530000 0.340000 0.545000 0.327500
6 0.723333 0.321250 0.703333 0.337500 0.521250 0.331250 0.535000 0.315000
4 0.803333 0.293750 0.781667 0.306250 0.580000 0.300000 0.597500 0.287500
6 0.801667 0.270000 0.780000 0.285000 0.578750 0.278750 0.595000 0.263750
6 0.845000 0.308750 0.823333 0.325000 0.611250 0.318750 0.626250 0.302500
6 0.786667 0.231250 0.765000 0.245000 0.567500 0.238750 0.583750 0.225000
4 0.888333 0.242500 0.870000 0.253750 0.646250 0.245000 0.660000 0.235000
4 0.863333 0.253750 0.848333 0.266250 0.630000 0.260000 0.641250 0.248750
4 0.945000 0.206250 0.928333 0.218750 0.691250 0.212500 0.703750 0.200000
6 0.933333 0.191250 0.913333 0.205000 0.678750 0.197500 0.693750 0.183750
