6 0.243000 0.517000 0.232000 0.521000 0.225000 0.503000 0.236000 0.499000
9 0.335000 0.639000 0.251000 0.663000 0.230000 0.590000 0.315000 0.566000
6 0.859000 0.084000 0.851000 0.088000 0.842000 0.073000 0.850000 0.068000
6 0.815000 0.103000 0.807000 0.107000 0.795000 0.084000 0.803000 0.080000
6 0.538000 0.199000 0.531000 0.204000 0.519000 0.186000 0.527000 0.181000
4 0.840000 0.141000 0.832000 0.145000 0.823000 0.128000 0.831000 0.123000
4 0.792000 0.158000 0.784000 0.162000 0.773000 0.144000 0.781000 0.139000
6 0.730000 0.178000 0.722000 0.183000 0.711000 0.164000 0.719000 0.159000
4 0.696000 0.193000 0.687000 0.197000 0.677000 0.177000 0.685000 0.172000
4 0.672000 0.201000 0.662000 0.205000 0.653000 0.185000 0.662000 0.181000
6 0.838000 0.163000 0.830000 0.168000 0.821000 0.154000 0.829000 0.148000
6 0.777000 0.186000 0.769000 0.190000 0.760000 0.173000 0.767000 0.169000
6 0.731000 0.256000 0.723000 0.260000 0.716000 0.245000 0.725000 0.241000
6 0.759000 0.246000 0.749000 0.252000 0.738000 0.234000 0.748000 0.228000
4 0.815000 0.223000 0.809000 0.227000 0.798000 0.209000 0.804000 0.205000
6 0.828000 0.221000 0.818000 0.226000 0.809000 0.208000 0.820000 0.203000
6 0.755000 0.294000 0.736000 0.301000 0.733000 0.293000 0.752000 0.286000
6 0.805000 0.278000 0.787000 0.286000 0.784000 0.278000 0.802000 0.270000
4 0.875000 0.252000 0.858000 0.260000 0.854000 0.251000 0.871000 0.244000
6 0.929000 0.234000 0.908000 0.242000 0.905000 0.233000 0.926000 0.226000
4 0.704000 0.313000 0.686000 0.322000 0.682000 0.314000 0.700000 0.305000
5 0.749000 0.431000 0.723000 0.442000 0.718000 0.432000 0.745000 0.421000
6 0.701000 0.476000 0.682000 0.485000 0.678000 0.477000 0.697000 0.467000
