4 0.015000 0.120000 0.012000 0.134000 0.006000 0.133000 0.009000 0.119000
6 0.028000 0.123000 0.025000 0.138000 0.017000 0.137000 0.020000 0.121000
4 0.042000 0.126000 0.039000 0.139000 0.032000 0.137000 0.035000 0.124000
6 0.077000 0.132000 0.074000 0.146000 0.066000 0.144000 0.069000 0.130000
4 0.015000 0.172000 0.011000 0.188000 0.003000 0.186000 0.007000 0.170000
4 0.025000 0.174000 0.023000 0.187000 0.015000 0.186000 0.017000 0.173000
4 0.040000 0.176000 0.039000 0.192000 0.031000 0.191000 0.032000 0.176000
4 0.103000 0.188000 0.100000 0.203000 0.091000 0.201000 0.095000 0.186000
4 0.190000 0.139000 0.185000 0.142000 0.176000 0.130000 0.182000 0.126000
4 0.204000 0.135000 0.197000 0.139000 0.188000 0.124000 0.196000 0.120000
6 0.215000 0.134000 0.208000 0.135000 0.206000 0.124000 0.213000 0.123000
4 0.230000 0.127000 0.228000 0.138000 0.220000 0.136000 0.222000 0.125000
4 0.249000 0.133000 0.237000 0.144000 0.232000 0.138000 0.243000 0.127000
11 0.266000 0.157000 0.251000 0.159000 0.250000 0.150000 0.264000 0.148000
4 0.251000 0.185000 0.245000 0.190000 0.235000 0.179000 0.241000 0.173000
6 0.242000 0.190000 0.237000 0.194000 0.225000 0.182000 0.230000 0.177000
5 0.221000 0.183000 0.220000 0.201000 0.211000 0.201000 0.212000 0.183000
6 0.207000 0.200000 0.200000 0.200000 0.200000 0.183000 0.207000 0.183000
4 0.185000 0.178000 0.183000 0.194000 0.175000 0.193000 0.177000 0.177000
4 0.174000 0.180000 0.170000 0.193000 0.163000 0.191000 0.167000 0.178000
4 0.276000 0.372000 0.257000 0.375000 0.256000 0.368000 0.275000 0.366000
4 0.277000 0.383000 0.258000 0.385000 0.257000 0.378000 0.276000 0.376000
4 0.280000 0.391000 0.260000 0.395000 0.258000 0.388000 0.278000 0.384000
6 0.284000 0.407000 0.266000 0.410000 0.264000 0.402000 0.283000 0.400000
4 0.292000 0.440000 0.273000 0.443000 0.272000 0.436000 0.291000 0.433000
4 0.293000 0.448000 0.278000 0.451000 0.277000 0.445000 0.292000 0.442000
6 0.297000 0.456000 0.280000 0.460000 0.278000 0.453000 0.295000 0.450000
6 0.308000 0.499000 0.292000 0.502000 0.291000 0.495000 0.307000 0.493000
7 0.386000 0.538000 0.383000 0.547000 0.358000 0.539000 0.361000 0.529000
6 0.098000 0.548000 0.096000 0.554000 0.077000 0.548000 0.079000 0.541000
4 0.070000 0.540000 0.068000 0.545000 0.050000 0.539000 0.052000 0.533000
5 0.091000 0.573000 0.089000 0.581000 0.068000 0.574000 0.070000 0.566000
6 0.061000 0.564000 0.059000 0.571000 0.041000 0.565000 0.044000 0.558000
4 0.317000 0.744000 0.315000 0.748000 0.300000 0.742000 0.302000 0.738000
6 0.397000 0.671000 0.390000 0.671000 0.389000 0.656000 0.396000 0.655000
6 0.411000 0.658000 0.409000 0.672000 0.402000 0.671000 0.405000 0.657000
4 0.437000 0.667000 0.429000 0.681000 0.423000 0.677000 0.431000 0.663000
4 0.463000 0.684000 0.446000 0.693000 0.443000 0.687000 0.459000 0.678000
6 0.476000 0.703000 0.456000 0.709000 0.454000 0.701000 0.474000 0.695000
4 0.476000 0.715000 0.460000 0.717000 0.459000 0.710000 0.475000 0.708000
4 0.478000 0.724000 0.458000 0.726000 0.457000 0.720000 0.478000 0.717000
6 0.476000 0.736000 0.457000 0.735000 0.457000 0.728000 0.476000 0.729000
6 0.468000 0.753000 0.464000 0.760000 0.447000 0.751000 0.451000 0.744000
4 0.456000 0.768000 0.453000 0.773000 0.438000 0.765000 0.441000 0.760000
4 0.444000 0.783000 0.441000 0.789000 0.424000 0.780000 0.427000 0.774000
4 0.439000 0.790000 0.436000 0.797000 0.418000 0.787000 0.421000 0.780000
4 0.425000 0.804000 0.422000 0.810000 0.405000 0.800000 0.408000 0.794000
4 0.384000 0.835000 0.378000 0.839000 0.369000 0.824000 0.375000 0.820000
4 0.373000 0.838000 0.365000 0.842000 0.357000 0.827000 0.365000 0.823000
4 0.359000 0.841000 0.351000 0.844000 0.346000 0.828000 0.354000 0.825000
4 0.343000 0.827000 0.342000 0.842000 0.335000 0.842000 0.335000 0.827000
4 0.310000 0.859000 0.306000 0.864000 0.293000 0.853000 0.297000 0.848000
4 0.304000 0.866000 0.300000 0.872000 0.284000 0.859000 0.289000 0.853000
5 0.289000 0.878000 0.283000 0.884000 0.266000 0.868000 0.271000 0.862000
5 0.264000 0.843000 0.259000 0.848000 0.241000 0.832000 0.246000 0.826000
6 0.234000 0.859000 0.227000 0.864000 0.215000 0.849000 0.222000 0.844000
6 0.221000 0.865000 0.216000 0.868000 0.210000 0.858000 0.215000 0.854000
5 0.197000 0.919000 0.195000 0.928000 0.171000 0.922000 0.173000 0.914000
4 0.192000 0.930000 0.191000 0.937000 0.172000 0.932000 0.174000 0.925000
6 0.161000 0.966000 0.156000 0.971000 0.143000 0.958000 0.148000 0.954000
4 0.153000 0.973000 0.147000 0.979000 0.134000 0.964000 0.140000 0.959000
6 0.142000 0.980000 0.135000 0.985000 0.126000 0.972000 0.132000 0.967000
6 0.129000 0.984000 0.122000 0.988000 0.115000 0.974000 0.122000 0.971000
6 0.116000 0.987000 0.110000 0.990000 0.105000 0.976000 0.110000 0.974000
6 0.102000 0.991000 0.094000 0.993000 0.091000 0.977000 0.099000 0.976000
6 0.056000 0.973000 0.049000 0.990000 0.041000 0.987000 0.048000 0.970000
4 0.041000 0.972000 0.036000 0.982000 0.030000 0.980000 0.035000 0.969000
4 0.033000 0.968000 0.021000 0.981000 0.016000 0.975000 0.028000 0.963000
5 0.025000 0.960000 0.011000 0.975000 0.006000 0.970000 0.019000 0.955000
4 0.003000 0.964000 0.000000 0.958000 0.010000 0.949000 0.015000 0.954000
4 0.671000 0.923000 0.665000 0.925000 0.660000 0.912000 0.666000 0.910000
4 0.683000 0.919000 0.678000 0.921000 0.672000 0.909000 0.677000 0.907000
6 0.736000 0.870000 0.732000 0.874000 0.721000 0.864000 0.725000 0.860000
4 0.753000 0.853000 0.748000 0.859000 0.735000 0.848000 0.740000 0.842000
6 0.994000 0.809000 0.983000 0.820000 0.978000 0.815000 0.989000 0.804000
4 0.966000 0.738000 0.961000 0.741000 0.954000 0.728000 0.960000 0.725000
6 0.922000 0.695000 0.904000 0.700000 0.902000 0.694000 0.920000 0.689000
5 0.911000 0.516000 0.904000 0.517000 0.901000 0.500000 0.908000 0.499000
4 0.847000 0.506000 0.829000 0.507000 0.828000 0.501000 0.847000 0.500000
4 0.870000 0.457000 0.862000 0.458000 0.861000 0.443000 0.868000 0.442000
4 0.827000 0.369000 0.808000 0.368000 0.809000 0.361000 0.827000 0.363000
6 0.874000 0.334000 0.872000 0.350000 0.863000 0.349000 0.865000 0.333000
4 0.836000 0.294000 0.818000 0.294000 0.818000 0.287000 0.836000 0.288000
4 0.862000 0.278000 0.861000 0.285000 0.842000 0.282000 0.843000 0.275000
4 0.895000 0.248000 0.891000 0.265000 0.882000 0.263000 0.887000 0.246000
4 0.303000 0.762000 0.300000 0.771000 0.284000 0.765000 0.287000 0.756000
4 0.253000 0.145000 0.243000 0.151000 0.238000 0.144000 0.248000 0.137000
4 0.051000 0.871000 0.044000 0.872000 0.040000 0.856000 0.048000 0.854000
