6 0.853333 0.313750 0.851667 0.322500 0.612500 0.320000 0.612500 0.310000
4 0.478333 0.151250 0.435000 0.150000 0.326250 0.137500 0.358750 0.138750
5 0.335000 0.447500 0.295000 0.448750 0.220000 0.436250 0.251250 0.433750
4 0.168333 0.868750 0.166667 0.878750 0.097500 0.877500 0.098750 0.867500
6 0.985000 0.911250 0.970000 0.916250 0.716250 0.892500 0.727500 0.887500
4 0.811667 0.870000 0.795000 0.871250 0.595000 0.848750 0.607500 0.847500
6 0.795000 0.853750 0.775000 0.855000 0.577500 0.832500 0.592500 0.830000
4 0.731667 0.581250 0.693333 0.580000 0.520000 0.568750 0.548750 0.568750
6 0.640000 0.680000 0.621667 0.680000 0.466250 0.662500 0.478750 0.662500
4 0.640000 0.661250 0.623333 0.661250 0.466250 0.638750 0.478750 0.638750
4 0.718333 0.707500 0.683333 0.707500 0.512500 0.696250 0.538750 0.696250
4 0.646667 0.965000 0.626667 0.965000 0.470000 0.935000 0.483750 0.935000
4 0.643333 0.810000 0.623333 0.810000 0.466250 0.788750 0.482500 0.788750
6 0.641667 0.750000 0.621667 0.750000 0.466250 0.728750 0.480000 0.728750
4 0.640000 0.728750 0.620000 0.728750 0.465000 0.706250 0.480000 0.705000
4 0.643333 0.843750 0.625000 0.843750 0.468750 0.817500 0.482500 0.817500
6 0.635000 0.565000 0.618333 0.565000 0.463750 0.542500 0.476250 0.542500
4 0.635000 0.541250 0.620000 0.541250 0.465000 0.520000 0.476250 0.520000
4 0.638333 0.391250 0.618333 0.391250 0.463750 0.370000 0.478750 0.370000
6 0.635000 0.302500 0.615000 0.303750 0.460000 0.280000 0.475000 0.278750
6 0.720000 0.415000 0.683333 0.415000 0.512500 0.403750 0.540000 0.403750
3 0.635000 0.231250 0.615000 0.231250 0.462500 0.206250 0.476250 0.207500
4 0.630000 0.207500 0.613333 0.207500 0.460000 0.182500 0.472500 0.182500
4 0.190000 0.846250 0.171667 0.850000 0.122500 0.823750 0.136250 0.821250
6 0.440000 0.871250 0.403333 0.871250 0.302500 0.861250 0.330000 0.861250
6 0.440000 0.847500 0.438333 0.858750 0.301250 0.858750 0.301250 0.846250
6 0.080000 0.148750 0.041667 0.148750 0.031250 0.137500 0.060000 0.137500
4 0.561667 0.833750 0.560000 0.843750 0.391250 0.842500 0.391250 0.832500
