2 0.086500 0.207000 0.209000 0.207000 0.209000 0.186500 0.086500 0.186500
2 0.384000 0.197500 0.447000 0.197500 0.447000 0.185000 0.384000 0.185000
28 0.508500 0.160000 0.546000 0.160000 0.546000 0.152500 0.508500 0.152500
28 0.548000 0.160000 0.580000 0.160000 0.580000 0.152500 0.548000 0.152500
28 0.583500 0.158500 0.619000 0.158500 0.619000 0.152000 0.583500 0.152000
28 0.544500 0.167500 0.579000 0.167500 0.579000 0.160000 0.544500 0.160000
28 0.584000 0.164500 0.619000 0.164500 0.619000 0.159000 0.584000 0.159000
28 0.623500 0.159000 0.645000 0.159000 0.645000 0.154500 0.623500 0.154500
28 0.622500 0.164000 0.645500 0.164000 0.645500 0.159500 0.622500 0.159500
28 0.625000 0.168000 0.645000 0.168000 0.645000 0.164500 0.625000 0.164500
28 0.649500 0.160000 0.666000 0.160000 0.666000 0.155500 0.649500 0.155500
28 0.647500 0.164000 0.669500 0.164000 0.669500 0.160000 0.647500 0.160000
28 0.674500 0.160000 0.689000 0.160000 0.689000 0.156000 0.674500 0.156000
28 0.673000 0.164500 0.692500 0.164500 0.692500 0.160500 0.673000 0.160500
28 0.649000 0.168500 0.670500 0.168500 0.670500 0.164500 0.649000 0.164500
28 0.648500 0.172500 0.670500 0.172500 0.670500 0.169500 0.648500 0.169500
28 0.696000 0.139500 0.692500 0.156000 0.700500 0.157000 0.703000 0.139500
22 0.898500 0.000000 0.856500 0.036000 0.866500 0.048000 0.909500 0.011000
18 0.990000 0.143500 0.978000 0.160000 0.986500 0.165000 0.998500 0.150500
2 0.990000 0.299000 0.928500 0.317000 0.932500 0.328000 0.994000 0.310000
7 0.558000 0.405500 0.569000 0.415000 0.573500 0.410500 0.562500 0.401000
7 0.428000 0.423500 0.432000 0.413000 0.427000 0.411000 0.425000 0.422500
7 0.373000 0.439500 0.378500 0.439500 0.378500 0.427000 0.373000 0.427000
7 0.250000 0.477000 0.254000 0.477000 0.254000 0.462500 0.250000 0.462500
7 0.590500 0.560500 0.580000 0.559000 0.579000 0.564000 0.589500 0.565500
7 0.545500 0.568500 0.555000 0.567500 0.554500 0.564500 0.545000 0.565000
2 0.291500 0.549500 0.213500 0.566000 0.216000 0.579000 0.294000 0.562500
1 0.236000 0.636000 0.227500 0.607500 0.220000 0.609500 0.228500 0.638000
28 0.186500 0.627500 0.142000 0.633000 0.142500 0.640500 0.187500 0.635000
18 0.182000 0.652500 0.141000 0.662000 0.143000 0.671000 0.184000 0.661000
28 0.187000 0.674500 0.155500 0.682000 0.157000 0.689000 0.188000 0.681500
22 0.158000 0.747500 0.169000 0.745000 0.176000 0.777500 0.165500 0.780000
22 0.145500 0.719500 0.157000 0.714500 0.167500 0.740500 0.156000 0.745000
22 0.148000 0.752000 0.157000 0.749500 0.163500 0.772000 0.154000 0.775000
28 0.145500 0.812000 0.152000 0.810000 0.158500 0.835500 0.152000 0.837000
