2 0.048000 0.338000 0.026000 0.291000 0.017000 0.295000 0.040000 0.342000
2 0.040000 0.344000 0.020000 0.302000 0.013000 0.306000 0.033000 0.348000
2 0.074000 0.401000 0.051000 0.355000 0.040000 0.361000 0.063000 0.407000
2 0.037000 0.446000 0.086000 0.421000 0.081000 0.411000 0.032000 0.436000
2 0.269000 0.379000 0.210000 0.283000 0.193000 0.294000 0.251000 0.389000
2 0.016000 0.506000 0.059000 0.485000 0.055000 0.475000 0.011000 0.496000
2 0.020000 0.514000 0.063000 0.493000 0.059000 0.485000 0.016000 0.506000
2 0.104000 0.529000 0.084000 0.490000 0.075000 0.494000 0.095000 0.533000
2 0.096000 0.538000 0.075000 0.496000 0.069000 0.499000 0.090000 0.541000
2 0.079000 0.548000 0.060000 0.510000 0.052000 0.513000 0.071000 0.552000
2 0.070000 0.553000 0.051000 0.513000 0.044000 0.516000 0.063000 0.557000
2 0.154000 0.643000 0.125000 0.590000 0.116000 0.595000 0.145000 0.648000
2 0.112000 0.719000 0.159000 0.694000 0.154000 0.685000 0.107000 0.710000
2 0.153000 0.710000 0.172000 0.750000 0.182000 0.745000 0.164000 0.705000
2 0.204000 0.731000 0.183000 0.685000 0.177000 0.688000 0.198000 0.734000
2 0.215000 0.726000 0.192000 0.678000 0.182000 0.683000 0.205000 0.731000
2 0.198000 0.736000 0.177000 0.689000 0.169000 0.693000 0.191000 0.739000
2 0.162000 0.818000 0.201000 0.797000 0.196000 0.787000 0.157000 0.808000
2 0.205000 0.809000 0.224000 0.847000 0.232000 0.843000 0.214000 0.805000
2 0.218000 0.786000 0.239000 0.829000 0.247000 0.824000 0.226000 0.782000
2 0.226000 0.781000 0.250000 0.827000 0.257000 0.824000 0.233000 0.778000
22 0.828000 0.143000 0.894000 0.265000 0.914000 0.254000 0.848000 0.132000
24 0.881000 0.243000 0.855000 0.195000 0.841000 0.202000 0.867000 0.251000
22 0.998000 0.203000 0.953000 0.084000 0.932000 0.092000 0.977000 0.211000
2 0.698000 0.346000 0.618000 0.269000 0.603000 0.285000 0.683000 0.361000
2 0.572000 0.286000 0.662000 0.371000 0.676000 0.356000 0.586000 0.271000
2 0.797000 0.598000 0.714000 0.523000 0.699000 0.540000 0.782000 0.614000
0 0.961000 0.433000 0.979000 0.495000 0.996000 0.490000 0.978000 0.428000
2 0.352000 0.070000 0.391000 0.144000 0.404000 0.137000 0.365000 0.063000
22 0.413000 0.180000 0.359000 0.095000 0.332000 0.112000 0.386000 0.197000
