4 0.295000 0.704000 0.292000 0.720000 0.284000 0.719000 0.287000 0.702000
6 0.645000 0.929000 0.644000 0.937000 0.624000 0.933000 0.625000 0.925000
4 0.918000 0.869000 0.912000 0.880000 0.904000 0.876000 0.910000 0.864000
4 0.948000 0.857000 0.946000 0.866000 0.923000 0.860000 0.925000 0.852000
6 0.980000 0.866000 0.979000 0.872000 0.958000 0.868000 0.959000 0.862000
6 0.037000 0.050000 0.033000 0.057000 0.012000 0.046000 0.016000 0.039000
4 0.565000 0.030000 0.548000 0.038000 0.545000 0.031000 0.562000 0.023000
6 0.399000 0.112000 0.385000 0.119000 0.382000 0.114000 0.396000 0.106000
4 0.127000 0.188000 0.109000 0.199000 0.106000 0.193000 0.123000 0.182000
4 0.242000 0.169000 0.220000 0.181000 0.216000 0.174000 0.237000 0.161000
6 0.148000 0.251000 0.131000 0.261000 0.128000 0.255000 0.145000 0.246000
6 0.138000 0.241000 0.124000 0.251000 0.121000 0.246000 0.135000 0.236000
4 0.121000 0.237000 0.105000 0.246000 0.101000 0.241000 0.118000 0.231000
9 0.342000 0.768000 0.305000 0.851000 0.190000 0.798000 0.228000 0.716000
6 0.067000 0.860000 0.045000 0.860000 0.045000 0.853000 0.067000 0.852000
6 0.062000 0.882000 0.042000 0.885000 0.041000 0.877000 0.061000 0.874000
4 0.088000 0.909000 0.079000 0.910000 0.078000 0.893000 0.088000 0.893000
6 0.151000 0.898000 0.143000 0.901000 0.137000 0.885000 0.145000 0.882000
6 0.170000 0.870000 0.150000 0.873000 0.149000 0.866000 0.169000 0.863000
6 0.136000 0.857000 0.112000 0.857000 0.112000 0.850000 0.136000 0.850000
6 0.191000 0.856000 0.172000 0.858000 0.172000 0.851000 0.190000 0.850000
6 0.280000 0.847000 0.262000 0.847000 0.262000 0.840000 0.280000 0.840000
4 0.513000 0.850000 0.506000 0.852000 0.501000 0.837000 0.508000 0.834000
4 0.470000 0.803000 0.468000 0.813000 0.460000 0.811000 0.462000 0.801000
3 0.418000 0.850000 0.416000 0.860000 0.363000 0.847000 0.365000 0.838000
4 0.291000 0.757000 0.284000 0.771000 0.277000 0.767000 0.284000 0.754000
3 0.252000 0.808000 0.213000 0.830000 0.208000 0.820000 0.247000 0.798000
6 0.227000 0.749000 0.222000 0.756000 0.202000 0.742000 0.207000 0.735000
4 0.189000 0.751000 0.187000 0.758000 0.165000 0.751000 0.167000 0.745000
4 0.163000 0.743000 0.161000 0.750000 0.141000 0.745000 0.143000 0.738000
6 0.097000 0.739000 0.094000 0.746000 0.072000 0.738000 0.074000 0.731000
4 0.084000 0.695000 0.083000 0.701000 0.062000 0.696000 0.064000 0.691000
6 0.061000 0.689000 0.060000 0.696000 0.040000 0.693000 0.042000 0.686000
