4 0.961667 0.153750 0.935000 0.161250 0.698750 0.153750 0.717500 0.146250
6 0.971667 0.130000 0.958333 0.130000 0.720000 0.112500 0.728750 0.112500
6 0.955000 0.298750 0.945000 0.318750 0.701250 0.315000 0.707500 0.296250
6 0.768333 0.363750 0.756667 0.370000 0.555000 0.353750 0.563750 0.346250
4 0.820000 0.417500 0.816667 0.426250 0.587500 0.418750 0.590000 0.410000
6 0.805000 0.426250 0.801667 0.435000 0.577500 0.427500 0.578750 0.418750
6 0.786667 0.443750 0.783333 0.452500 0.567500 0.446250 0.570000 0.437500
5 0.788333 0.637500 0.786667 0.648750 0.567500 0.645000 0.570000 0.633750
5 0.655000 0.636250 0.628333 0.658750 0.462500 0.650000 0.481250 0.628750
4 0.620000 0.658750 0.603333 0.676250 0.445000 0.670000 0.458750 0.652500
5 0.651667 0.681250 0.630000 0.702500 0.462500 0.695000 0.477500 0.673750
6 0.101667 0.092500 0.083333 0.112500 0.052500 0.106250 0.067500 0.086250
6 0.055000 0.197500 0.050000 0.206250 0.020000 0.198750 0.023750 0.190000
6 0.851667 0.470000 0.835000 0.496250 0.615000 0.491250 0.627500 0.465000
