7 0.470500 0.198750 0.483000 0.196500 0.482000 0.192000 0.469500 0.194250
18 0.801250 0.133500 0.817250 0.133500 0.817250 0.130000 0.801250 0.130000
18 0.826250 0.106750 0.824500 0.110250 0.825750 0.111250 0.827750 0.107250
18 0.823500 0.105500 0.821000 0.109500 0.822500 0.110750 0.825250 0.106250
18 0.828250 0.108250 0.826750 0.112250 0.828250 0.112500 0.829250 0.108500
18 0.831500 0.109000 0.830750 0.113000 0.832500 0.113500 0.833500 0.109000
18 0.834500 0.110000 0.833000 0.115250 0.834500 0.115750 0.836000 0.110750
18 0.839250 0.111750 0.838750 0.116250 0.839750 0.116500 0.840750 0.112250
18 0.850750 0.117000 0.850000 0.121000 0.851250 0.121500 0.851750 0.117000
18 0.853250 0.118750 0.852750 0.121500 0.853750 0.121500 0.854250 0.118750
18 0.859000 0.118750 0.858500 0.122500 0.860000 0.122500 0.860500 0.118750
18 0.861500 0.119750 0.861000 0.122500 0.862000 0.122500 0.862500 0.119750
18 0.864750 0.120250 0.864750 0.122500 0.865750 0.122500 0.865750 0.120250
7 0.853250 0.127750 0.844500 0.127750 0.844500 0.130500 0.853250 0.130500
7 0.867250 0.129500 0.862000 0.130000 0.862000 0.131750 0.867750 0.131250
7 0.869500 0.131250 0.874500 0.131250 0.874500 0.130000 0.869500 0.130000
24 0.849500 0.139000 0.860000 0.139000 0.860000 0.134000 0.849500 0.134000
24 0.866250 0.139750 0.874500 0.139750 0.874500 0.135000 0.866250 0.135000
24 0.936500 0.144250 0.944000 0.144250 0.944000 0.139750 0.936500 0.139750
24 0.946000 0.144250 0.955250 0.144250 0.955250 0.139750 0.946000 0.139750
24 0.975250 0.140250 0.966750 0.140250 0.966750 0.143750 0.975250 0.143750
24 0.976250 0.143000 0.983000 0.143000 0.983000 0.139500 0.976250 0.139500
24 0.936000 0.151500 0.946000 0.151500 0.946000 0.147000 0.936000 0.147000
24 0.947000 0.150500 0.955750 0.150500 0.955750 0.147500 0.947000 0.147500
24 0.966750 0.149750 0.975000 0.149750 0.975000 0.147000 0.966750 0.147000
24 0.976250 0.150500 0.984500 0.150500 0.984500 0.146500 0.976250 0.146500
24 0.986000 0.150000 0.994000 0.150000 0.994000 0.146500 0.986000 0.146500
18 0.242750 0.182750 0.257000 0.181000 0.257000 0.178750 0.242750 0.180500
18 0.256500 0.255500 0.248000 0.255000 0.247500 0.257750 0.256500 0.258250
18 0.133000 0.236250 0.126750 0.235750 0.126250 0.239000 0.133000 0.239000
7 0.370000 0.225500 0.359000 0.225000 0.358500 0.229500 0.369500 0.229500
0 0.654250 0.227000 0.628750 0.227250 0.628750 0.231250 0.654250 0.230500
18 0.580000 0.247250 0.575250 0.247250 0.575000 0.248500 0.579750 0.248500
7 0.712750 0.232250 0.703750 0.232750 0.704250 0.235000 0.712750 0.235000
18 0.699500 0.252750 0.695000 0.252750 0.695000 0.254500 0.699500 0.254500
2 0.680750 0.268000 0.704750 0.268000 0.704750 0.263500 0.680750 0.263500
2 0.715750 0.268750 0.763250 0.268750 0.763250 0.261750 0.715750 0.261750
2 0.811500 0.263500 0.780250 0.264000 0.780250 0.269250 0.811500 0.268000
2 0.857500 0.189000 0.874500 0.189000 0.874500 0.185000 0.857500 0.185000
2 0.854250 0.192000 0.872000 0.192000 0.872000 0.189000 0.854250 0.189000
18 0.949000 0.230000 0.941250 0.231000 0.941250 0.233250 0.949000 0.232250
2 0.831500 0.268750 0.900250 0.268750 0.900250 0.259500 0.831500 0.259500
2 0.911500 0.268000 0.963250 0.268000 0.963250 0.260250 0.911500 0.260250
2 0.518750 0.273250 0.530750 0.284000 0.533000 0.281250 0.521000 0.270750
22 0.521000 0.281750 0.529250 0.289000 0.532000 0.285750 0.524000 0.278750
18 0.618750 0.276500 0.616250 0.285750 0.618750 0.286250 0.621000 0.277250
18 0.711500 0.305000 0.724000 0.306750 0.724500 0.303250 0.712000 0.301500
18 0.460500 0.388000 0.479750 0.388000 0.479750 0.384000 0.460500 0.384000
18 0.463750 0.390250 0.475250 0.390250 0.475250 0.387500 0.463750 0.387500
18 0.478750 0.389750 0.462000 0.390750 0.462500 0.394250 0.479250 0.393000
18 0.515250 0.387250 0.530250 0.388000 0.530750 0.384500 0.515250 0.383500
18 0.530750 0.388000 0.515250 0.387250 0.514750 0.389750 0.530750 0.390750
18 0.567750 0.382750 0.551750 0.381750 0.551750 0.385250 0.567750 0.386250
7 0.155750 0.281750 0.151750 0.281250 0.151250 0.282750 0.155250 0.283250
7 0.163750 0.284500 0.159000 0.282750 0.158500 0.284500 0.163250 0.286250
7 0.157500 0.280000 0.162500 0.281750 0.162750 0.280500 0.158000 0.278750
1 0.159500 0.426500 0.151750 0.433250 0.153750 0.435250 0.161000 0.428750
1 0.163250 0.429250 0.155500 0.436500 0.157500 0.438750 0.165250 0.431250
2 0.222000 0.453250 0.203750 0.435750 0.201250 0.438500 0.219000 0.456250
7 0.210500 0.501500 0.208000 0.508500 0.210000 0.509500 0.212500 0.502250
18 0.215000 0.493000 0.211500 0.500750 0.213250 0.501500 0.216750 0.493500
18 0.213000 0.492500 0.209500 0.500500 0.211250 0.501000 0.214750 0.493000
7 0.221500 0.500250 0.218750 0.508250 0.221500 0.509250 0.224000 0.501000
7 0.225250 0.510750 0.227250 0.503750 0.225000 0.502750 0.223000 0.510000
2 0.337000 0.803750 0.318250 0.811750 0.319500 0.814500 0.338250 0.806250
2 0.334500 0.810250 0.321500 0.816000 0.323000 0.819000 0.336000 0.813250
2 0.319500 0.850000 0.336500 0.843000 0.335500 0.840250 0.318250 0.847000
2 0.317250 0.909500 0.320500 0.909500 0.320500 0.892500 0.317250 0.892500
2 0.334500 0.928750 0.337000 0.926500 0.327250 0.915250 0.325000 0.917500
2 0.322000 0.918500 0.324500 0.916250 0.315250 0.906250 0.313250 0.908250
2 0.350000 0.942000 0.351750 0.940250 0.343250 0.928750 0.340750 0.930500
2 0.348000 0.943750 0.350250 0.942000 0.340250 0.930500 0.338250 0.932750
22 0.334000 0.958500 0.345000 0.955500 0.344000 0.952250 0.333000 0.955000
24 0.340250 0.948750 0.342750 0.947500 0.339250 0.941250 0.337000 0.942500
2 0.396500 0.944750 0.371500 0.963500 0.373500 0.966250 0.398500 0.947500
2 0.742750 0.346000 0.743250 0.388000 0.750750 0.388000 0.750250 0.346000
18 0.674000 0.464000 0.662000 0.453750 0.660000 0.456250 0.672000 0.466250
2 0.672500 0.495750 0.738750 0.540250 0.745000 0.531250 0.678750 0.486250
2 0.887000 0.627750 0.925250 0.652750 0.929750 0.646000 0.891250 0.621000
2 0.941250 0.664000 0.982000 0.691250 0.987000 0.683500 0.946500 0.656750
22 0.340250 0.936250 0.332000 0.928750 0.329250 0.931750 0.337500 0.939500
24 0.347500 0.935000 0.352750 0.938000 0.353750 0.935750 0.348500 0.932750
2 0.094500 0.362500 0.089750 0.358500 0.087750 0.360750 0.092250 0.364750
2 0.087000 0.359000 0.081500 0.354000 0.080250 0.356000 0.085500 0.360750
2 0.080250 0.353250 0.075750 0.348750 0.073500 0.350500 0.078250 0.355000
18 0.074500 0.360750 0.070000 0.356000 0.068250 0.357750 0.072500 0.362500
2 0.087000 0.356750 0.082500 0.352750 0.081250 0.354000 0.086000 0.358250
2 0.081500 0.351500 0.076750 0.347000 0.075250 0.348250 0.079750 0.353250
2 0.076250 0.347000 0.071000 0.342500 0.069500 0.343750 0.074500 0.348250
2 0.095000 0.356750 0.085500 0.348250 0.083000 0.351000 0.092750 0.359500
2 0.083500 0.371000 0.078750 0.365750 0.076250 0.368000 0.081500 0.373250
2 0.071000 0.342000 0.065750 0.337500 0.064250 0.339500 0.069000 0.343750
2 0.057500 0.344750 0.056500 0.338000 0.053250 0.338500 0.054250 0.345250
21 0.045500 0.611750 0.065750 0.612500 0.066750 0.580500 0.046500 0.580000
2 0.173000 0.440500 0.165250 0.447750 0.167000 0.449500 0.174750 0.442250
7 0.183000 0.450750 0.177500 0.445750 0.176000 0.447500 0.181250 0.452500
18 0.210500 0.493750 0.207750 0.499500 0.209500 0.500000 0.212250 0.494250
18 0.208750 0.494500 0.207000 0.498250 0.208500 0.498500 0.210000 0.495000
18 0.207750 0.492250 0.205500 0.497500 0.206750 0.497750 0.209250 0.492500
18 0.203750 0.504250 0.202250 0.509000 0.203750 0.509250 0.205250 0.504500
18 0.219000 0.510250 0.217000 0.516000 0.218750 0.516250 0.220750 0.510750
7 0.222500 0.512750 0.220500 0.518500 0.222250 0.518750 0.224250 0.513000
18 0.341000 0.807750 0.335750 0.810000 0.336500 0.811750 0.342000 0.809250
7 0.132000 0.404000 0.134750 0.406500 0.135750 0.405500 0.133000 0.403000
7 0.135250 0.407500 0.138000 0.409750 0.139000 0.408750 0.136250 0.406500
