6 0.566667 0.208750 0.556667 0.216250 0.400000 0.200000 0.406250 0.192500
6 0.536667 0.191250 0.528333 0.198750 0.378750 0.183750 0.386250 0.176250
15 0.383333 0.342500 0.346667 0.393750 0.160000 0.366250 0.187500 0.317500
4 0.315000 0.413750 0.301667 0.435000 0.216250 0.431250 0.225000 0.408750
4 0.416667 0.440000 0.405000 0.457500 0.293750 0.452500 0.301250 0.435000
3 0.450000 0.446250 0.438333 0.467500 0.317500 0.462500 0.327500 0.441250
6 0.501667 0.457500 0.493333 0.475000 0.361250 0.471250 0.367500 0.455000
4 0.483333 0.511250 0.473333 0.533750 0.345000 0.530000 0.352500 0.507500
6 0.485000 0.538750 0.475000 0.557500 0.345000 0.553750 0.353750 0.535000
4 0.455000 0.526250 0.440000 0.548750 0.320000 0.543750 0.330000 0.521250
4 0.791667 0.587500 0.766667 0.602500 0.568750 0.593750 0.587500 0.580000
4 0.765000 0.571250 0.745000 0.586250 0.551250 0.578750 0.566250 0.563750
6 0.680000 0.532500 0.665000 0.542500 0.493750 0.536250 0.505000 0.526250
4 0.668333 0.523750 0.651667 0.535000 0.482500 0.527500 0.495000 0.516250
4 0.641667 0.571250 0.618333 0.586250 0.456250 0.577500 0.473750 0.562500
4 0.673333 0.596250 0.655000 0.610000 0.483750 0.601250 0.497500 0.587500
5 0.698333 0.600000 0.670000 0.618750 0.495000 0.608750 0.515000 0.591250
6 0.730000 0.625000 0.710000 0.638750 0.525000 0.630000 0.541250 0.617500
6 0.670000 0.697500 0.646667 0.715000 0.477500 0.708750 0.495000 0.691250
5 0.650000 0.687500 0.626667 0.703750 0.462500 0.696250 0.480000 0.680000
4 0.591667 0.652500 0.570000 0.666250 0.420000 0.656250 0.436250 0.643750
4 0.536667 0.700000 0.533333 0.710000 0.376250 0.703750 0.378750 0.693750
6 0.531667 0.711250 0.528333 0.721250 0.367500 0.712500 0.370000 0.702500
3 0.506667 0.740000 0.503333 0.750000 0.357500 0.745000 0.360000 0.733750
6 0.501667 0.752500 0.498333 0.761250 0.351250 0.752500 0.353750 0.745000
6 0.415000 0.745000 0.401667 0.765000 0.291250 0.760000 0.301250 0.740000
6 0.383333 0.735000 0.370000 0.756250 0.266250 0.750000 0.276250 0.730000
3 0.391667 0.661250 0.376667 0.697500 0.266250 0.692500 0.277500 0.656250
3 0.365000 0.656250 0.348333 0.685000 0.246250 0.677500 0.260000 0.650000
3 0.336667 0.648750 0.316667 0.676250 0.225000 0.668750 0.240000 0.641250
6 0.236667 0.530000 0.223333 0.551250 0.156250 0.546250 0.166250 0.523750
4 0.201667 0.525000 0.185000 0.542500 0.130000 0.537500 0.142500 0.518750
6 0.181667 0.525000 0.166667 0.542500 0.117500 0.536250 0.127500 0.520000
6 0.198333 0.548750 0.190000 0.568750 0.132500 0.566250 0.138750 0.545000
6 0.166667 0.600000 0.156667 0.620000 0.106250 0.616250 0.115000 0.596250
6 0.131667 0.673750 0.118333 0.692500 0.077500 0.687500 0.087500 0.668750
6 0.095000 0.662500 0.085000 0.685000 0.053750 0.681250 0.061250 0.658750
4 0.285000 0.023750 0.270000 0.026250 0.197500 0.002500 0.208750 0.000000
4 0.678333 0.287500 0.670000 0.295000 0.483750 0.277500 0.490000 0.270000
4 0.700000 0.302500 0.691667 0.310000 0.505000 0.296250 0.511250 0.288750
4 0.731667 0.326250 0.723333 0.332500 0.523750 0.315000 0.530000 0.308750
6 0.761667 0.345000 0.755000 0.352500 0.547500 0.337500 0.553750 0.330000
6 0.915000 0.472500 0.906667 0.481250 0.661250 0.466250 0.667500 0.458750
6 0.998333 0.496250 0.991667 0.502500 0.725000 0.490000 0.730000 0.482500
3 0.933333 0.737500 0.893333 0.765000 0.660000 0.753750 0.690000 0.727500
6 0.713333 0.541250 0.691667 0.556250 0.511250 0.547500 0.528750 0.533750
6 0.843333 0.405000 0.836667 0.410000 0.621250 0.403750 0.625000 0.398750
6 0.881667 0.425000 0.875000 0.431250 0.647500 0.423750 0.653750 0.417500
6 0.906667 0.440000 0.896667 0.447500 0.660000 0.436250 0.667500 0.427500
