6 0.930000 0.116667 0.918750 0.130000 1.216667 0.121667 1.231667 0.108333
4 0.990000 0.283333 0.965000 0.296667 1.280000 0.281667 1.313333 0.270000
6 0.901250 0.181667 0.882500 0.195000 1.171667 0.185000 1.196667 0.171667
4 0.927500 0.165000 0.907500 0.178333 1.205000 0.168333 1.231667 0.155000
4 0.942500 0.048333 0.922500 0.061667 1.223333 0.050000 1.250000 0.036667
6 0.963750 0.090000 0.951250 0.101667 1.261667 0.090000 1.278333 0.080000
4 0.933750 0.098333 0.922500 0.103333 1.220000 0.075000 1.235000 0.070000
6 0.901250 0.076667 0.893750 0.085000 1.173333 0.061667 1.183333 0.053333
6 0.885000 0.088333 0.863750 0.106667 1.145000 0.095000 1.173333 0.078333
4 0.873750 0.076667 0.855000 0.093333 1.133333 0.083333 1.160000 0.066667
4 0.857500 0.108333 0.836250 0.123333 1.110000 0.111667 1.138333 0.098333
6 0.830000 0.068333 0.811250 0.080000 1.075000 0.070000 1.101667 0.056667
4 0.816250 0.040000 0.795000 0.051667 1.056667 0.041667 1.083333 0.030000
6 0.820000 0.158333 0.812500 0.166667 1.065000 0.143333 1.075000 0.135000
4 0.651250 0.693333 0.642500 0.701667 0.840000 0.676667 0.850000 0.668333
5 0.447500 0.480000 0.442500 0.511667 0.576667 0.508333 0.583333 0.478333
4 0.473750 0.478333 0.471250 0.510000 0.615000 0.510000 0.618333 0.476667
6 0.578750 0.448333 0.557500 0.465000 0.736667 0.455000 0.765000 0.438333
4 0.560000 0.423333 0.537500 0.440000 0.710000 0.428333 0.740000 0.411667
6 0.551250 0.410000 0.531250 0.426667 0.701667 0.415000 0.728333 0.398333
4 0.501250 0.340000 0.482500 0.353333 0.638333 0.345000 0.661667 0.330000
4 0.490000 0.325000 0.470000 0.341667 0.621667 0.331667 0.646667 0.315000
4 0.483750 0.310000 0.465000 0.325000 0.613333 0.315000 0.638333 0.300000
6 0.471250 0.298333 0.453750 0.315000 0.596667 0.305000 0.621667 0.286667
4 0.462500 0.283333 0.445000 0.298333 0.586667 0.290000 0.610000 0.273333
4 0.382500 0.401667 0.356250 0.405000 0.475000 0.391667 0.508333 0.388333
4 0.392500 0.365000 0.391250 0.376667 0.481667 0.370000 0.485000 0.358333
4 0.056250 0.476667 0.048750 0.485000 0.045000 0.461667 0.056667 0.453333
4 0.070000 0.465000 0.062500 0.473333 0.061667 0.451667 0.071667 0.441667
4 0.098750 0.448333 0.092500 0.456667 0.100000 0.435000 0.110000 0.425000
4 0.111250 0.438333 0.102500 0.448333 0.116667 0.421667 0.126667 0.411667
4 0.126250 0.428333 0.117500 0.436667 0.135000 0.411667 0.145000 0.401667
4 0.138750 0.418333 0.131250 0.426667 0.153333 0.400000 0.163333 0.391667
4 0.151250 0.410000 0.142500 0.418333 0.170000 0.391667 0.180000 0.383333
4 0.165000 0.401667 0.157500 0.408333 0.191667 0.383333 0.203333 0.376667
4 0.192500 0.380000 0.183750 0.386667 0.226667 0.361667 0.238333 0.353333
6 0.207500 0.368333 0.198750 0.378333 0.246667 0.356667 0.258333 0.346667
4 0.220000 0.358333 0.213750 0.368333 0.261667 0.345000 0.270000 0.336667
4 0.261250 0.330000 0.253750 0.340000 0.315000 0.315000 0.325000 0.305000
6 0.287500 0.310000 0.281250 0.316667 0.355000 0.295000 0.363333 0.286667
4 0.301250 0.301667 0.293750 0.310000 0.368333 0.281667 0.378333 0.273333
4 0.313750 0.286667 0.306250 0.296667 0.386667 0.273333 0.396667 0.263333
4 0.447500 0.188333 0.440000 0.196667 0.566667 0.175000 0.576667 0.166667
6 0.461250 0.178333 0.453750 0.186667 0.583333 0.161667 0.591667 0.153333
4 0.475000 0.168333 0.468750 0.176667 0.601667 0.155000 0.610000 0.146667
6 0.487500 0.160000 0.480000 0.168333 0.620000 0.141667 0.630000 0.133333
4 0.515000 0.141667 0.506250 0.150000 0.655000 0.123333 0.666667 0.115000
3 0.571250 0.096667 0.560000 0.111667 0.713333 0.076667 0.728333 0.063333
4 0.607500 0.071667 0.600000 0.078333 0.781667 0.055000 0.791667 0.048333
4 0.625000 0.063333 0.617500 0.070000 0.805000 0.043333 0.815000 0.036667
4 0.650000 0.040000 0.643750 0.050000 0.835000 0.026667 0.845000 0.018333
4 0.663750 0.030000 0.657500 0.038333 0.856667 0.013333 0.865000 0.006667
6 0.141250 0.126667 0.135000 0.136667 0.151667 0.111667 0.160000 0.101667
4 0.123750 0.088333 0.117500 0.096667 0.133333 0.076667 0.140000 0.068333
