7 0.925000 0.777500 0.900000 0.775000 0.675000 0.766250 0.693750 0.768750
7 0.876667 0.741250 0.875000 0.752500 0.628750 0.748750 0.631250 0.737500
7 0.928333 0.730000 0.906667 0.726250 0.682500 0.721250 0.696250 0.723750
7 0.751667 0.837500 0.726667 0.846250 0.540000 0.835000 0.557500 0.826250
7 0.421667 0.902500 0.393333 0.922500 0.287500 0.913750 0.307500 0.893750
7 0.435000 0.840000 0.418333 0.843750 0.312500 0.835000 0.323750 0.831250
7 0.455000 0.788750 0.435000 0.791250 0.326250 0.781250 0.338750 0.777500
7 0.496667 0.960000 0.448333 0.985000 0.331250 0.976250 0.367500 0.951250
7 0.720000 0.772500 0.688333 0.772500 0.518750 0.763750 0.540000 0.763750
7 0.688333 0.755000 0.668333 0.757500 0.500000 0.750000 0.513750 0.748750
28 0.376667 0.296250 0.361667 0.295000 0.271250 0.263750 0.282500 0.265000
28 0.375000 0.237500 0.358333 0.237500 0.267500 0.203750 0.280000 0.203750
28 0.376667 0.338750 0.363333 0.337500 0.272500 0.311250 0.282500 0.312500
28 0.363333 0.363750 0.361667 0.382500 0.263750 0.383750 0.263750 0.365000
7 0.360000 0.403750 0.353333 0.403750 0.265000 0.390000 0.270000 0.390000
7 0.360000 0.448750 0.351667 0.450000 0.263750 0.435000 0.270000 0.435000
7 0.358333 0.468750 0.351667 0.468750 0.263750 0.456250 0.268750 0.456250
