2 0.642000 0.422000 0.584000 0.470000 0.592000 0.481000 0.651000 0.431000
2 0.300000 0.608000 0.217000 0.547000 0.207000 0.559000 0.290000 0.620000
2 -0.002000 0.523000 0.070000 0.572000 0.079000 0.559000 0.006000 0.510000
2 -0.005000 0.725000 0.057000 0.765000 0.063000 0.756000 0.001000 0.715000
2 -0.005000 0.502000 0.078000 0.556000 0.084000 0.545000 0.001000 0.490000
22 0.101000 0.518000 0.021000 0.468000 0.007000 0.493000 0.084000 0.543000
2 0.071000 0.402000 0.002000 0.353000 -0.006000 0.365000 0.063000 0.415000
2 0.484000 0.959000 0.542000 0.913000 0.535000 0.904000 0.477000 0.950000
8 0.213000 0.513000 0.246000 0.468000 0.236000 0.461000 0.203000 0.506000
2 0.152000 0.505000 0.001000 0.399000 -0.022000 0.432000 0.127000 0.538000
2 0.428000 1.004000 0.467000 0.974000 0.460000 0.965000 0.421000 0.996000
18 0.149000 0.462000 0.121000 0.442000 0.116000 0.449000 0.144000 0.469000
18 0.120000 0.431000 0.095000 0.413000 0.084000 0.427000 0.110000 0.445000
