4 0.147000 0.513000 0.146000 0.522000 0.123000 0.519000 0.124000 0.510000
4 0.151000 0.501000 0.149000 0.513000 0.126000 0.509000 0.127000 0.498000
4 0.015000 0.727000 -0.002000 0.719000 0.001000 0.710000 0.018000 0.717000
4 0.019000 0.704000 0.015000 0.715000 0.000000 0.709000 0.000000 0.697000
14 0.631000 0.341000 0.583000 0.342000 0.581000 0.262000 0.629000 0.261000
14 0.566000 0.341000 0.518000 0.342000 0.516000 0.262000 0.566000 0.261000
14 0.632000 0.475000 0.582000 0.474000 0.583000 0.395000 0.630000 0.395000
14 0.567000 0.395000 0.566000 0.474000 0.519000 0.473000 0.518000 0.395000
14 0.634000 0.611000 0.585000 0.613000 0.580000 0.532000 0.631000 0.531000
14 0.566000 0.612000 0.518000 0.613000 0.515000 0.531000 0.566000 0.533000
14 0.631000 0.746000 0.582000 0.748000 0.583000 0.668000 0.631000 0.668000
14 0.567000 0.667000 0.566000 0.746000 0.515000 0.747000 0.518000 0.665000
4 0.427000 0.765000 0.418000 0.765000 0.417000 0.744000 0.427000 0.744000
4 0.428000 0.787000 0.417000 0.787000 0.417000 0.766000 0.428000 0.766000
4 0.429000 0.727000 0.420000 0.727000 0.420000 0.705000 0.429000 0.705000
4 0.523000 0.937000 0.514000 0.937000 0.514000 0.920000 0.523000 0.920000
9 0.480000 0.839000 0.478000 0.886000 0.399000 0.883000 0.401000 0.835000
6 0.079000 0.699000 0.056000 0.702000 0.055000 0.693000 0.078000 0.690000
6 0.016000 0.741000 0.014000 0.748000 0.000000 0.744000 0.000000 0.737000
4 0.018000 0.696000 -0.001000 0.686000 0.002000 0.680000 0.021000 0.689000
4 0.153000 0.492000 0.151000 0.501000 0.131000 0.498000 0.132000 0.488000
6 0.428000 0.669000 0.419000 0.669000 0.419000 0.653000 0.428000 0.653000
4 0.428000 0.643000 0.419000 0.643000 0.418000 0.624000 0.427000 0.623000
4 0.427000 0.578000 0.418000 0.578000 0.418000 0.563000 0.427000 0.563000
4 0.433000 0.480000 0.432000 0.498000 0.420000 0.497000 0.422000 0.479000
4 0.052000 0.089000 0.051000 0.098000 0.028000 0.096000 0.028000 0.087000
4 0.055000 0.048000 0.054000 0.057000 0.031000 0.054000 0.032000 0.046000
6 0.719000 0.004000 0.718000 0.012000 0.699000 0.011000 0.699000 0.003000
4 0.716000 0.020000 0.697000 0.021000 0.696000 0.012000 0.716000 0.012000
6 0.716000 0.032000 0.696000 0.033000 0.696000 0.023000 0.716000 0.023000
6 0.719000 0.054000 0.696000 0.055000 0.695000 0.047000 0.718000 0.046000
4 0.779000 0.000000 0.779000 0.007000 0.755000 0.005000 0.755000 0.000000
4 0.780000 0.034000 0.759000 0.034000 0.759000 0.027000 0.780000 0.028000
4 0.990000 0.533000 0.988000 0.551000 0.977000 0.549000 0.979000 0.532000
6 0.978000 0.532000 0.977000 0.551000 0.966000 0.550000 0.967000 0.531000
6 0.964000 0.549000 0.952000 0.551000 0.948000 0.531000 0.960000 0.529000
6 0.939000 0.548000 0.926000 0.548000 0.925000 0.530000 0.939000 0.529000
4 0.912000 0.548000 0.903000 0.549000 0.901000 0.532000 0.911000 0.531000
5 0.887000 0.549000 0.875000 0.549000 0.875000 0.532000 0.887000 0.532000
5 0.827000 0.550000 0.816000 0.551000 0.815000 0.534000 0.826000 0.534000
4 0.888000 0.585000 0.887000 0.596000 0.866000 0.593000 0.867000 0.583000
3 0.802000 0.597000 0.754000 0.598000 0.754000 0.588000 0.802000 0.588000
4 0.990000 0.716000 0.989000 0.724000 0.965000 0.723000 0.965000 0.715000
4 0.990000 0.704000 0.967000 0.705000 0.967000 0.696000 0.990000 0.696000
4 0.988000 0.681000 0.987000 0.689000 0.965000 0.687000 0.966000 0.680000
4 0.993000 0.661000 0.992000 0.670000 0.966000 0.668000 0.967000 0.659000
4 0.988000 0.659000 0.967000 0.658000 0.967000 0.649000 0.988000 0.651000
4 0.985000 0.623000 0.984000 0.632000 0.965000 0.631000 0.966000 0.622000
6 0.986000 0.623000 0.964000 0.622000 0.965000 0.613000 0.986000 0.614000
4 0.990000 0.606000 0.967000 0.605000 0.967000 0.596000 0.990000 0.597000
6 0.886000 0.752000 0.867000 0.751000 0.867000 0.744000 0.886000 0.745000
4 0.950000 0.742000 0.930000 0.742000 0.930000 0.732000 0.950000 0.733000
4 0.949000 0.724000 0.929000 0.723000 0.929000 0.715000 0.949000 0.716000
6 0.954000 0.706000 0.929000 0.705000 0.930000 0.698000 0.954000 0.699000
4 0.952000 0.698000 0.928000 0.697000 0.928000 0.688000 0.952000 0.689000
5 0.895000 0.698000 0.870000 0.697000 0.870000 0.688000 0.895000 0.689000
6 0.895000 0.706000 0.875000 0.707000 0.875000 0.699000 0.895000 0.699000
6 0.893000 0.716000 0.892000 0.725000 0.872000 0.724000 0.872000 0.716000
4 0.865000 0.751000 0.842000 0.750000 0.842000 0.743000 0.865000 0.744000
4 0.865000 0.734000 0.841000 0.734000 0.841000 0.727000 0.865000 0.727000
6 0.891000 0.670000 0.867000 0.669000 0.867000 0.661000 0.891000 0.661000
6 0.806000 0.743000 0.805000 0.752000 0.780000 0.751000 0.781000 0.742000
6 0.713000 0.716000 0.687000 0.715000 0.688000 0.701000 0.713000 0.702000
6 0.719000 0.734000 0.694000 0.734000 0.694000 0.726000 0.719000 0.726000
4 0.780000 0.807000 0.771000 0.808000 0.768000 0.789000 0.778000 0.787000
4 0.847000 0.805000 0.836000 0.806000 0.835000 0.784000 0.846000 0.784000
4 0.884000 0.806000 0.874000 0.807000 0.872000 0.789000 0.882000 0.788000
6 0.908000 0.790000 0.907000 0.808000 0.897000 0.807000 0.898000 0.789000
6 0.921000 0.808000 0.909000 0.808000 0.909000 0.790000 0.921000 0.790000
4 0.798000 0.810000 0.788000 0.810000 0.787000 0.793000 0.797000 0.792000
4 0.550000 0.938000 0.539000 0.938000 0.539000 0.920000 0.550000 0.920000
4 0.970000 0.999000 0.960000 0.999000 0.959000 0.979000 0.969000 0.978000
4 0.959000 0.978000 0.946000 0.980000 0.944000 0.960000 0.957000 0.959000
4 0.934000 0.979000 0.920000 0.980000 0.919000 0.954000 0.933000 0.953000
4 0.883000 0.980000 0.870000 0.980000 0.870000 0.958000 0.883000 0.958000
4 0.857000 0.957000 0.856000 0.978000 0.845000 0.978000 0.846000 0.956000
