32 0.519000 0.149000 0.502000 0.320000 0.286000 0.299000 0.303000 0.127000
5 0.382000 0.551000 0.380000 0.565000 0.370000 0.563000 0.373000 0.549000
5 0.747000 0.345000 0.722000 0.349000 0.721000 0.342000 0.746000 0.337000
6 0.743000 0.337000 0.725000 0.340000 0.724000 0.332000 0.742000 0.329000
4 0.819000 0.317000 0.811000 0.320000 0.806000 0.303000 0.815000 0.301000
6 0.739000 0.319000 0.719000 0.323000 0.717000 0.315000 0.737000 0.311000
6 0.974000 0.642000 0.964000 0.655000 0.957000 0.650000 0.968000 0.636000
4 0.990000 0.639000 0.982000 0.633000 0.993000 0.619000 1.001000 0.625000
6 0.989000 0.625000 0.979000 0.639000 0.972000 0.635000 0.983000 0.620000
4 0.972000 0.625000 0.962000 0.641000 0.955000 0.637000 0.964000 0.620000
4 0.957000 0.624000 0.948000 0.640000 0.941000 0.636000 0.950000 0.619000
6 0.989000 0.643000 0.980000 0.658000 0.972000 0.653000 0.982000 0.638000
6 0.944000 0.644000 0.934000 0.658000 0.927000 0.652000 0.937000 0.638000
4 0.902000 0.642000 0.892000 0.659000 0.882000 0.653000 0.892000 0.636000
6 0.932000 0.642000 0.921000 0.656000 0.915000 0.652000 0.926000 0.637000
6 0.929000 0.625000 0.920000 0.637000 0.914000 0.633000 0.922000 0.620000
4 0.899000 0.625000 0.888000 0.638000 0.881000 0.632000 0.892000 0.619000
4 0.870000 0.644000 0.859000 0.658000 0.853000 0.653000 0.864000 0.640000
4 0.832000 0.701000 0.825000 0.704000 0.820000 0.690000 0.827000 0.687000
4 0.874000 0.700000 0.867000 0.703000 0.860000 0.687000 0.867000 0.684000
6 0.961000 0.701000 0.954000 0.705000 0.943000 0.690000 0.950000 0.685000
6 0.315000 0.512000 0.310000 0.515000 0.302000 0.500000 0.308000 0.497000
4 0.319000 0.557000 0.315000 0.572000 0.307000 0.570000 0.311000 0.555000
4 0.170000 0.489000 0.163000 0.494000 0.153000 0.478000 0.159000 0.474000
4 0.088000 0.521000 0.087000 0.530000 0.063000 0.527000 0.064000 0.518000
3 0.143000 0.575000 0.139000 0.601000 0.126000 0.600000 0.130000 0.573000
4 0.091000 0.692000 0.083000 0.692000 0.082000 0.677000 0.091000 0.677000
4 0.189000 0.687000 0.182000 0.690000 0.176000 0.674000 0.183000 0.671000
4 0.308000 0.686000 0.299000 0.686000 0.298000 0.668000 0.307000 0.668000
4 0.570000 0.747000 0.548000 0.747000 0.548000 0.739000 0.569000 0.739000
9 0.787000 0.774000 0.715000 0.773000 0.716000 0.714000 0.787000 0.715000
6 0.364000 0.962000 0.341000 0.962000 0.341000 0.952000 0.364000 0.952000
4 0.364000 0.935000 0.344000 0.936000 0.344000 0.927000 0.364000 0.927000
4 0.367000 0.917000 0.345000 0.917000 0.345000 0.909000 0.366000 0.909000
11 0.309000 0.890000 0.287000 0.890000 0.287000 0.882000 0.309000 0.882000
6 0.306000 0.899000 0.288000 0.899000 0.288000 0.891000 0.306000 0.890000
6 0.311000 0.907000 0.290000 0.908000 0.290000 0.900000 0.311000 0.900000
4 0.311000 0.916000 0.290000 0.916000 0.290000 0.908000 0.311000 0.908000
6 0.311000 0.926000 0.287000 0.927000 0.287000 0.919000 0.311000 0.919000
4 0.310000 0.956000 0.285000 0.956000 0.285000 0.947000 0.310000 0.947000
4 0.099000 0.982000 0.079000 0.982000 0.079000 0.975000 0.099000 0.975000
6 0.106000 0.962000 0.084000 0.962000 0.084000 0.956000 0.106000 0.956000
4 0.102000 0.935000 0.082000 0.935000 0.082000 0.928000 0.102000 0.927000
6 0.910000 1.001000 0.904000 0.996000 0.912000 0.986000 0.918000 0.991000
