4 0.998000 0.124000 0.991000 0.124000 0.990000 0.107000 0.997000 0.107000
6 0.998000 0.102000 0.990000 0.102000 0.990000 0.087000 0.997000 0.087000
11 0.907000 0.056000 0.882000 0.056000 0.882000 0.047000 0.907000 0.047000
5 0.909000 0.045000 0.882000 0.046000 0.882000 0.038000 0.909000 0.037000
4 0.658000 0.151000 0.637000 0.151000 0.637000 0.144000 0.658000 0.144000
4 0.594000 0.119000 0.586000 0.120000 0.585000 0.103000 0.594000 0.103000
6 0.535000 0.101000 0.526000 0.100000 0.526000 0.084000 0.535000 0.084000
4 0.405000 0.038000 0.386000 0.039000 0.386000 0.033000 0.404000 0.032000
5 0.350000 0.055000 0.327000 0.054000 0.327000 0.048000 0.350000 0.048000
6 0.356000 0.039000 0.335000 0.038000 0.335000 0.031000 0.356000 0.031000
6 0.243000 0.096000 0.235000 0.096000 0.235000 0.080000 0.243000 0.081000
4 0.213000 0.031000 0.194000 0.032000 0.194000 0.025000 0.213000 0.024000
6 0.177000 0.098000 0.171000 0.098000 0.171000 0.080000 0.177000 0.080000
6 0.039000 0.122000 0.033000 0.122000 0.032000 0.107000 0.039000 0.107000
4 0.041000 0.099000 0.033000 0.099000 0.033000 0.082000 0.041000 0.082000
4 0.042000 0.072000 0.035000 0.072000 0.034000 0.056000 0.040000 0.055000
6 0.878000 0.257000 0.869000 0.258000 0.868000 0.241000 0.876000 0.240000
4 0.810000 0.296000 0.791000 0.296000 0.791000 0.291000 0.810000 0.291000
6 0.812000 0.307000 0.790000 0.307000 0.790000 0.301000 0.812000 0.300000
4 0.809000 0.316000 0.790000 0.316000 0.790000 0.309000 0.809000 0.309000
4 0.734000 0.328000 0.716000 0.327000 0.716000 0.322000 0.734000 0.323000
4 0.350000 0.221000 0.343000 0.226000 0.331000 0.210000 0.338000 0.205000
6 0.840000 0.643000 0.837000 0.650000 0.821000 0.642000 0.824000 0.636000
4 0.822000 0.742000 0.814000 0.742000 0.814000 0.726000 0.822000 0.726000
4 0.807000 0.743000 0.799000 0.745000 0.795000 0.728000 0.803000 0.726000
6 0.793000 0.744000 0.784000 0.747000 0.779000 0.729000 0.787000 0.727000
4 0.781000 0.744000 0.775000 0.748000 0.764000 0.734000 0.770000 0.729000
4 0.770000 0.751000 0.765000 0.755000 0.753000 0.739000 0.758000 0.735000
4 0.760000 0.757000 0.755000 0.762000 0.743000 0.749000 0.748000 0.744000
4 0.707000 0.739000 0.696000 0.752000 0.690000 0.747000 0.701000 0.733000
4 0.683000 0.765000 0.674000 0.778000 0.668000 0.773000 0.677000 0.761000
6 0.684000 0.836000 0.665000 0.836000 0.665000 0.830000 0.684000 0.829000
4 0.686000 0.847000 0.667000 0.846000 0.667000 0.841000 0.686000 0.841000
4 0.688000 0.856000 0.667000 0.856000 0.667000 0.849000 0.688000 0.849000
6 0.687000 0.867000 0.668000 0.869000 0.667000 0.862000 0.686000 0.860000
4 0.687000 0.889000 0.665000 0.889000 0.665000 0.882000 0.687000 0.882000
4 0.687000 0.899000 0.664000 0.899000 0.665000 0.893000 0.687000 0.893000
5 0.687000 0.907000 0.664000 0.908000 0.664000 0.901000 0.687000 0.901000
6 0.686000 0.927000 0.667000 0.927000 0.666000 0.921000 0.686000 0.920000
4 0.687000 0.935000 0.666000 0.937000 0.665000 0.930000 0.687000 0.929000
4 0.443000 0.857000 0.427000 0.857000 0.427000 0.851000 0.443000 0.850000
4 0.446000 0.876000 0.426000 0.875000 0.427000 0.869000 0.446000 0.869000
4 0.443000 0.893000 0.429000 0.893000 0.429000 0.888000 0.443000 0.888000
4 0.444000 0.905000 0.443000 0.912000 0.430000 0.911000 0.430000 0.905000
4 0.445000 0.956000 0.432000 0.956000 0.432000 0.950000 0.445000 0.950000
6 0.587000 0.554000 0.578000 0.569000 0.571000 0.565000 0.580000 0.550000
4 0.655000 0.608000 0.652000 0.614000 0.635000 0.606000 0.638000 0.600000
6 0.270000 0.795000 0.261000 0.797000 0.259000 0.779000 0.268000 0.778000
4 0.068000 0.036000 0.050000 0.037000 0.050000 0.028000 0.068000 0.028000
4 0.124000 0.173000 0.104000 0.173000 0.104000 0.167000 0.124000 0.167000
4 0.095000 0.227000 0.085000 0.227000 0.084000 0.211000 0.095000 0.211000
6 0.737000 0.289000 0.718000 0.290000 0.718000 0.284000 0.736000 0.283000
4 0.405000 0.053000 0.382000 0.053000 0.382000 0.047000 0.405000 0.047000
