4 0.967500 0.491667 0.956250 0.491667 1.275000 0.475000 1.290000 0.473333
4 0.941250 0.493333 0.928750 0.493333 1.236667 0.468333 1.253333 0.468333
4 0.418750 0.945000 0.407500 0.946667 0.543333 0.925000 0.556667 0.923333
6 0.387500 0.968333 0.376250 0.968333 0.501667 0.938333 0.516667 0.938333
6 0.115000 0.785000 0.106250 0.785000 0.141667 0.760000 0.153333 0.760000
6 0.103750 0.763333 0.102500 0.786667 0.123333 0.785000 0.125000 0.761667
6 0.085000 0.785000 0.075000 0.785000 0.100000 0.758333 0.111667 0.758333
4 0.242500 0.688333 0.231250 0.688333 0.308333 0.663333 0.323333 0.663333
6 0.217500 0.690000 0.206250 0.690000 0.275000 0.663333 0.290000 0.663333
6 0.023750 0.126667 0.013750 0.130000 0.015000 0.106667 0.026667 0.105000
6 0.047500 0.128333 0.038750 0.128333 0.051667 0.108333 0.063333 0.108333
4 0.032500 0.090000 0.022500 0.091667 0.026667 0.065000 0.040000 0.063333
4 0.036250 0.120000 0.026250 0.123333 0.030000 0.098333 0.043333 0.095000
4 0.056250 0.216667 0.043750 0.216667 0.058333 0.190000 0.075000 0.188333
6 0.070000 0.215000 0.058750 0.215000 0.078333 0.191667 0.091667 0.190000
4 0.083750 0.211667 0.073750 0.211667 0.098333 0.190000 0.111667 0.190000
4 0.178750 0.178333 0.156250 0.180000 0.208333 0.171667 0.238333 0.168333
4 0.125000 0.200000 0.115000 0.201667 0.150000 0.175000 0.163333 0.173333
9 0.405000 0.458333 0.347500 0.458333 0.463333 0.391667 0.540000 0.391667
4 0.395000 0.216667 0.386250 0.220000 0.510000 0.196667 0.521667 0.195000
6 0.921250 0.098333 0.910000 0.101667 1.210000 0.075000 1.225000 0.073333
5 0.647500 0.111667 0.633750 0.111667 0.845000 0.080000 0.863333 0.080000
6 0.500000 0.403333 0.480000 0.403333 0.640000 0.395000 0.666667 0.395000
4 0.188750 0.455000 0.167500 0.453333 0.223333 0.441667 0.251667 0.443333
15 0.726250 0.706667 0.543750 0.713333 0.723333 0.623333 0.966667 0.621667
6 0.990000 0.488333 0.977500 0.488333 1.301667 0.473333 1.320000 0.473333
6 0.985000 0.425000 0.963750 0.425000 1.285000 0.416667 1.313333 0.416667
6 0.918750 0.428333 0.898750 0.430000 1.198333 0.420000 1.225000 0.418333
4 0.788750 0.431667 0.762500 0.433333 1.016667 0.423333 1.051667 0.421667
4 0.217500 0.455000 0.191250 0.455000 0.255000 0.443333 0.290000 0.441667
6 0.298750 0.411667 0.276250 0.411667 0.368333 0.401667 0.398333 0.401667
6 0.275000 0.411667 0.243750 0.411667 0.325000 0.403333 0.366667 0.401667
6 0.242500 0.411667 0.225000 0.413333 0.300000 0.403333 0.323333 0.401667
4 0.391250 0.161667 0.381250 0.161667 0.506667 0.135000 0.521667 0.135000
6 0.388750 0.021667 0.378750 0.025000 0.501667 0.003333 0.515000 0.001667
6 0.183750 0.195000 0.156250 0.195000 0.210000 0.183333 0.245000 0.183333
6 0.181250 0.208333 0.155000 0.206667 0.206667 0.198333 0.241667 0.200000
15 0.731250 0.885000 0.548750 0.891667 0.730000 0.801667 0.973333 0.800000
