4 0.623000 0.733000 0.620000 0.740000 0.603000 0.733000 0.606000 0.726000
5 0.735000 0.972000 0.715000 0.986000 0.710000 0.979000 0.730000 0.965000
4 0.706000 0.952000 0.692000 0.963000 0.687000 0.957000 0.701000 0.946000
6 0.700000 0.945000 0.685000 0.957000 0.680000 0.950000 0.695000 0.938000
4 0.689000 0.935000 0.675000 0.948000 0.670000 0.942000 0.684000 0.929000
4 0.684000 0.928000 0.670000 0.941000 0.665000 0.935000 0.678000 0.922000
6 0.674000 0.925000 0.659000 0.935000 0.654000 0.929000 0.670000 0.918000
4 0.668000 0.916000 0.652000 0.927000 0.648000 0.920000 0.664000 0.910000
4 0.647000 0.903000 0.632000 0.914000 0.628000 0.908000 0.643000 0.897000
6 0.642000 0.950000 0.627000 0.961000 0.623000 0.955000 0.637000 0.944000
4 0.658000 0.964000 0.643000 0.975000 0.638000 0.969000 0.654000 0.958000
4 0.684000 0.982000 0.668000 0.993000 0.664000 0.987000 0.680000 0.976000
6 0.631000 0.982000 0.617000 0.992000 0.613000 0.986000 0.627000 0.976000
4 0.616000 0.969000 0.598000 0.980000 0.594000 0.974000 0.612000 0.963000
5 0.594000 0.944000 0.573000 0.962000 0.567000 0.954000 0.588000 0.937000
4 0.442000 0.973000 0.434000 0.974000 0.431000 0.958000 0.439000 0.956000
6 0.440000 0.954000 0.432000 0.957000 0.426000 0.941000 0.434000 0.938000
6 0.433000 0.933000 0.425000 0.935000 0.420000 0.920000 0.429000 0.918000
6 0.426000 0.914000 0.418000 0.916000 0.414000 0.901000 0.422000 0.899000
4 0.389000 0.917000 0.381000 0.919000 0.376000 0.906000 0.384000 0.903000
4 0.384000 0.901000 0.376000 0.905000 0.370000 0.890000 0.379000 0.886000
4 0.379000 0.886000 0.370000 0.888000 0.365000 0.872000 0.374000 0.870000
6 0.970000 0.559000 0.969000 0.576000 0.960000 0.575000 0.961000 0.559000
4 0.972000 0.539000 0.970000 0.555000 0.962000 0.554000 0.963000 0.538000
6 0.976000 0.520000 0.972000 0.535000 0.965000 0.534000 0.968000 0.518000
6 0.984000 0.497000 0.981000 0.514000 0.971000 0.512000 0.974000 0.495000
6 1.000000 0.621000 0.992000 0.621000 0.992000 0.604000 1.000000 0.604000
4 1.000000 0.638000 0.993000 0.638000 0.993000 0.622000 1.000000 0.622000
4 1.000000 0.655000 0.993000 0.655000 0.993000 0.639000 1.000000 0.639000
6 1.000000 0.670000 0.995000 0.670000 0.995000 0.656000 1.000000 0.656000
6 0.973000 0.750000 0.964000 0.751000 0.963000 0.738000 0.972000 0.737000
4 0.970000 0.734000 0.962000 0.735000 0.961000 0.726000 0.969000 0.726000
6 0.964000 0.692000 0.956000 0.692000 0.955000 0.681000 0.963000 0.680000
6 0.964000 0.675000 0.955000 0.675000 0.954000 0.660000 0.963000 0.659000
6 0.964000 0.656000 0.956000 0.656000 0.956000 0.641000 0.964000 0.641000
6 0.965000 0.614000 0.958000 0.614000 0.958000 0.605000 0.965000 0.605000
4 0.921000 0.569000 0.899000 0.567000 0.900000 0.559000 0.921000 0.562000
6 0.927000 0.544000 0.926000 0.550000 0.909000 0.549000 0.910000 0.543000
6 0.929000 0.542000 0.908000 0.540000 0.909000 0.534000 0.929000 0.536000
4 0.938000 0.490000 0.937000 0.497000 0.920000 0.495000 0.920000 0.488000
4 0.906000 0.462000 0.903000 0.479000 0.894000 0.478000 0.897000 0.460000
4 0.894000 0.460000 0.892000 0.476000 0.885000 0.475000 0.886000 0.460000
6 0.883000 0.458000 0.882000 0.473000 0.874000 0.473000 0.874000 0.458000
6 0.872000 0.472000 0.863000 0.472000 0.863000 0.456000 0.872000 0.457000
6 0.858000 0.471000 0.849000 0.470000 0.850000 0.454000 0.858000 0.454000
6 0.858000 0.497000 0.857000 0.505000 0.840000 0.503000 0.840000 0.496000
6 0.856000 0.506000 0.855000 0.514000 0.835000 0.512000 0.836000 0.505000
6 0.852000 0.523000 0.833000 0.522000 0.833000 0.514000 0.852000 0.515000
6 0.852000 0.524000 0.851000 0.532000 0.831000 0.531000 0.832000 0.523000
6 0.869000 0.564000 0.848000 0.562000 0.849000 0.554000 0.869000 0.557000
6 0.846000 0.552000 0.845000 0.559000 0.823000 0.558000 0.823000 0.551000
6 0.871000 0.543000 0.851000 0.542000 0.851000 0.535000 0.871000 0.536000
6 0.839000 0.452000 0.835000 0.468000 0.826000 0.466000 0.829000 0.450000
4 0.787000 0.555000 0.785000 0.563000 0.763000 0.558000 0.764000 0.551000
6 0.957000 0.175000 0.941000 0.180000 0.939000 0.173000 0.955000 0.168000
6 0.977000 0.170000 0.959000 0.175000 0.957000 0.168000 0.975000 0.162000
6 0.939000 0.181000 0.920000 0.186000 0.918000 0.179000 0.937000 0.173000
6 0.916000 0.187000 0.895000 0.193000 0.893000 0.185000 0.914000 0.180000
4 0.894000 0.193000 0.873000 0.198000 0.871000 0.190000 0.893000 0.185000
4 0.980000 0.168000 0.978000 0.160000 0.998000 0.152000 1.001000 0.161000
4 0.953000 0.144000 0.932000 0.150000 0.930000 0.142000 0.950000 0.136000
4 0.907000 0.156000 0.885000 0.162000 0.883000 0.154000 0.905000 0.149000
6 0.884000 0.163000 0.865000 0.168000 0.863000 0.160000 0.882000 0.155000
4 0.864000 0.168000 0.855000 0.170000 0.854000 0.163000 0.863000 0.161000
6 0.755000 0.190000 0.744000 0.192000 0.744000 0.185000 0.755000 0.184000
4 0.777000 0.186000 0.757000 0.190000 0.755000 0.182000 0.776000 0.178000
4 0.784000 0.217000 0.767000 0.221000 0.764000 0.211000 0.782000 0.207000
6 0.744000 0.223000 0.724000 0.226000 0.723000 0.218000 0.743000 0.216000
4 0.721000 0.227000 0.702000 0.229000 0.702000 0.222000 0.720000 0.220000
4 0.473000 0.246000 0.455000 0.247000 0.454000 0.239000 0.473000 0.238000
4 0.426000 0.246000 0.407000 0.246000 0.407000 0.238000 0.426000 0.239000
4 0.195000 0.023000 0.188000 0.027000 0.180000 0.013000 0.188000 0.009000
9 1.000000 0.602000 0.955000 0.602000 0.956000 0.574000 1.000000 0.574000
6 0.995000 0.923000 0.993000 0.928000 0.978000 0.921000 0.981000 0.916000
4 0.959000 0.901000 0.955000 0.907000 0.940000 0.898000 0.944000 0.891000
4 0.939000 0.892000 0.935000 0.897000 0.920000 0.888000 0.923000 0.882000
6 0.917000 0.881000 0.913000 0.887000 0.900000 0.878000 0.904000 0.873000
6 0.900000 0.871000 0.897000 0.877000 0.882000 0.869000 0.886000 0.863000
3 0.904000 0.831000 0.901000 0.839000 0.874000 0.828000 0.877000 0.820000
6 0.735000 0.749000 0.732000 0.756000 0.710000 0.745000 0.713000 0.739000
4 0.712000 0.737000 0.709000 0.744000 0.691000 0.736000 0.694000 0.729000
6 0.693000 0.729000 0.690000 0.735000 0.673000 0.728000 0.676000 0.721000
4 0.654000 0.712000 0.652000 0.718000 0.631000 0.711000 0.634000 0.705000
6 0.632000 0.702000 0.629000 0.709000 0.611000 0.702000 0.614000 0.695000
6 0.547000 0.672000 0.545000 0.679000 0.525000 0.672000 0.528000 0.665000
4 0.416000 0.664000 0.414000 0.671000 0.395000 0.666000 0.397000 0.658000
6 0.289000 0.341000 0.279000 0.341000 0.279000 0.326000 0.289000 0.326000
4 0.290000 0.358000 0.281000 0.358000 0.280000 0.343000 0.288000 0.342000
6 0.308000 0.446000 0.299000 0.447000 0.298000 0.437000 0.307000 0.436000
6 0.311000 0.465000 0.302000 0.466000 0.299000 0.451000 0.309000 0.449000
6 0.315000 0.487000 0.306000 0.488000 0.303000 0.473000 0.312000 0.472000
4 0.320000 0.507000 0.311000 0.508000 0.308000 0.492000 0.317000 0.490000
4 0.322000 0.522000 0.313000 0.524000 0.310000 0.509000 0.319000 0.508000
4 0.325000 0.540000 0.316000 0.541000 0.315000 0.526000 0.324000 0.526000
6 0.328000 0.555000 0.320000 0.556000 0.318000 0.542000 0.326000 0.541000
6 0.331000 0.570000 0.323000 0.572000 0.321000 0.560000 0.329000 0.559000
4 0.317000 0.674000 0.309000 0.676000 0.306000 0.664000 0.315000 0.662000
4 0.308000 0.638000 0.301000 0.639000 0.298000 0.625000 0.305000 0.624000
6 0.297000 0.588000 0.287000 0.590000 0.285000 0.575000 0.295000 0.573000
4 0.295000 0.572000 0.286000 0.575000 0.280000 0.558000 0.289000 0.555000
4 0.287000 0.533000 0.278000 0.534000 0.276000 0.525000 0.285000 0.523000
4 0.283000 0.516000 0.276000 0.518000 0.271000 0.502000 0.279000 0.500000
6 0.280000 0.499000 0.271000 0.499000 0.269000 0.483000 0.279000 0.482000
6 0.275000 0.473000 0.268000 0.474000 0.266000 0.464000 0.273000 0.463000
4 0.273000 0.460000 0.266000 0.460000 0.265000 0.448000 0.272000 0.448000
6 0.129000 0.307000 0.112000 0.311000 0.111000 0.304000 0.128000 0.300000
4 0.064000 0.317000 0.045000 0.319000 0.045000 0.312000 0.064000 0.310000
