2 0.581000 0.302000 0.482000 0.382000 0.490000 0.392000 0.588000 0.312000
2 0.328000 0.525000 0.404000 0.466000 0.396000 0.455000 0.320000 0.514000
2 0.330000 0.543000 0.423000 0.470000 0.415000 0.460000 0.322000 0.532000
22 0.328000 0.505000 0.355000 0.484000 0.346000 0.473000 0.319000 0.494000
24 0.012000 0.406000 0.037000 0.423000 0.045000 0.411000 0.020000 0.394000
22 0.239000 0.546000 0.280000 0.572000 0.293000 0.552000 0.251000 0.526000
18 0.139000 0.538000 0.168000 0.558000 0.172000 0.552000 0.143000 0.532000
2 0.312000 0.892000 0.253000 0.941000 0.261000 0.949000 0.319000 0.901000
2 0.348000 0.880000 0.242000 0.965000 0.252000 0.977000 0.358000 0.892000
0 0.243000 0.880000 0.299000 0.796000 0.289000 0.789000 0.233000 0.873000
18 0.896000 0.393000 0.923000 0.360000 0.917000 0.355000 0.890000 0.388000
