18 0.464000 0.432000 0.488000 0.478000 0.499000 0.472000 0.475000 0.426000
18 0.164000 0.540000 0.173000 0.559000 0.182000 0.555000 0.173000 0.536000
7 0.101000 0.927000 0.108000 0.906000 0.102000 0.904000 0.094000 0.924000
28 0.222000 0.838000 0.211000 0.885000 0.227000 0.889000 0.238000 0.842000
18 0.235000 0.854000 0.232000 0.875000 0.239000 0.876000 0.242000 0.856000
2 0.265000 0.846000 0.256000 0.914000 0.274000 0.916000 0.282000 0.848000
24 0.260000 0.915000 0.258000 0.930000 0.267000 0.931000 0.268000 0.916000
2 0.319000 0.856000 0.314000 0.923000 0.331000 0.924000 0.337000 0.857000
2 0.368000 0.874000 0.347000 0.939000 0.363000 0.944000 0.384000 0.879000
22 0.407000 0.876000 0.386000 0.953000 0.412000 0.960000 0.434000 0.884000
24 0.320000 0.925000 0.319000 0.944000 0.327000 0.944000 0.328000 0.925000
2 0.636000 0.933000 0.648000 0.999000 0.665000 0.996000 0.653000 0.930000
2 0.653000 0.928000 0.667000 1.002000 0.684000 0.999000 0.670000 0.925000
2 0.670000 0.925000 0.684000 0.999000 0.702000 0.996000 0.688000 0.922000
2 0.689000 0.922000 0.703000 1.000000 0.722000 0.996000 0.708000 0.918000
23 0.909000 0.933000 0.873000 0.855000 0.856000 0.863000 0.893000 0.941000
22 0.938000 0.925000 0.909000 0.861000 0.883000 0.873000 0.913000 0.937000
24 0.931000 0.889000 0.922000 0.869000 0.914000 0.872000 0.924000 0.892000
22 0.937000 0.883000 0.969000 0.947000 0.996000 0.933000 0.965000 0.869000
22 0.949000 0.841000 0.981000 0.904000 1.009000 0.889000 0.977000 0.827000
18 0.937000 0.915000 0.956000 0.954000 0.968000 0.948000 0.949000 0.910000
24 0.938000 0.859000 0.947000 0.877000 0.954000 0.874000 0.945000 0.856000
24 0.947000 0.816000 0.957000 0.836000 0.966000 0.831000 0.957000 0.811000
18 0.670000 0.286000 0.721000 0.259000 0.715000 0.248000 0.664000 0.275000
