4 0.896000 0.294000 0.872000 0.294000 0.871000 0.286000 0.896000 0.285000
6 0.893000 0.274000 0.871000 0.275000 0.871000 0.268000 0.893000 0.266000
6 0.894000 0.238000 0.872000 0.239000 0.872000 0.231000 0.894000 0.230000
4 0.836000 0.303000 0.815000 0.302000 0.815000 0.295000 0.836000 0.296000
4 0.837000 0.257000 0.815000 0.256000 0.815000 0.249000 0.837000 0.250000
4 0.832000 0.239000 0.812000 0.239000 0.812000 0.232000 0.832000 0.231000
4 0.765000 0.320000 0.755000 0.320000 0.756000 0.304000 0.765000 0.305000
6 0.654000 0.317000 0.642000 0.317000 0.642000 0.300000 0.654000 0.300000
4 0.792000 0.183000 0.770000 0.183000 0.770000 0.174000 0.792000 0.174000
4 0.813000 0.182000 0.792000 0.182000 0.792000 0.175000 0.813000 0.175000
4 0.950000 0.175000 0.929000 0.175000 0.929000 0.166000 0.950000 0.167000
6 0.848000 0.162000 0.829000 0.162000 0.829000 0.155000 0.848000 0.155000
4 0.937000 0.151000 0.914000 0.150000 0.914000 0.143000 0.937000 0.143000
5 0.911000 0.151000 0.882000 0.150000 0.882000 0.141000 0.911000 0.141000
4 0.869000 0.150000 0.843000 0.150000 0.843000 0.143000 0.869000 0.142000
4 0.835000 0.151000 0.803000 0.150000 0.803000 0.141000 0.835000 0.141000
4 0.801000 0.150000 0.773000 0.150000 0.773000 0.141000 0.801000 0.141000
4 0.711000 0.150000 0.681000 0.150000 0.681000 0.140000 0.711000 0.140000
4 0.609000 0.149000 0.583000 0.149000 0.583000 0.143000 0.609000 0.142000
4 0.337000 0.608000 0.327000 0.608000 0.327000 0.591000 0.336000 0.591000
4 0.321000 0.726000 0.318000 0.734000 0.296000 0.725000 0.299000 0.717000
4 0.223000 0.831000 0.199000 0.831000 0.199000 0.822000 0.223000 0.822000
4 0.131000 0.743000 0.122000 0.743000 0.122000 0.724000 0.131000 0.725000
4 0.131000 0.645000 0.130000 0.661000 0.120000 0.660000 0.121000 0.644000
3 0.116000 0.667000 0.103000 0.667000 0.103000 0.625000 0.116000 0.625000
4 0.131000 0.237000 0.122000 0.237000 0.123000 0.223000 0.131000 0.223000
9 0.372000 0.517000 0.324000 0.517000 0.324000 0.482000 0.372000 0.482000
9 0.147000 0.479000 0.146000 0.525000 0.079000 0.525000 0.079000 0.478000
6 0.940000 0.493000 0.921000 0.493000 0.921000 0.485000 0.940000 0.486000
26 0.159000 0.872000 0.060000 0.872000 0.060000 0.790000 0.159000 0.790000
