9 0.658333 0.901250 0.655000 0.973750 0.386250 0.968750 0.390000 0.896250
5 0.080000 0.052500 0.040000 0.052500 0.030000 0.042500 0.060000 0.042500
5 0.078333 0.122500 0.040000 0.121250 0.030000 0.112500 0.058750 0.113750
5 0.081667 0.152500 0.080000 0.162500 0.027500 0.161250 0.028750 0.150000
5 0.088333 0.178750 0.041667 0.180000 0.031250 0.171250 0.065000 0.170000
5 0.091667 0.187500 0.090000 0.197500 0.032500 0.196250 0.033750 0.185000
6 0.071667 0.211250 0.036667 0.211250 0.027500 0.203750 0.053750 0.203750
5 0.230000 0.123750 0.186667 0.123750 0.140000 0.113750 0.172500 0.113750
5 0.240000 0.145000 0.206667 0.145000 0.155000 0.137500 0.180000 0.136250
5 0.233333 0.173750 0.188333 0.172500 0.142500 0.161250 0.175000 0.162500
5 0.231667 0.191250 0.191667 0.191250 0.143750 0.183750 0.173750 0.183750
4 0.230000 0.241250 0.198333 0.250000 0.146250 0.242500 0.170000 0.233750
6 0.230000 0.253750 0.196667 0.261250 0.145000 0.253750 0.168750 0.246250
4 0.230000 0.273750 0.200000 0.283750 0.146250 0.276250 0.168750 0.266250
5 0.296667 0.293750 0.253333 0.293750 0.190000 0.282500 0.222500 0.283750
6 0.351667 0.270000 0.330000 0.271250 0.246250 0.263750 0.263750 0.263750
5 0.130000 0.592500 0.113333 0.592500 0.085000 0.563750 0.097500 0.563750
6 0.230000 0.396250 0.213333 0.396250 0.158750 0.373750 0.172500 0.373750
6 0.248333 0.393750 0.233333 0.393750 0.175000 0.371250 0.185000 0.371250
6 0.268333 0.395000 0.255000 0.396250 0.190000 0.373750 0.200000 0.373750
6 0.288333 0.395000 0.275000 0.396250 0.205000 0.372500 0.216250 0.372500
6 0.308333 0.396250 0.293333 0.396250 0.220000 0.373750 0.230000 0.373750
6 0.328333 0.392500 0.311667 0.392500 0.233750 0.375000 0.246250 0.373750
6 0.350000 0.395000 0.333333 0.395000 0.250000 0.373750 0.261250 0.373750
6 0.368333 0.396250 0.355000 0.396250 0.265000 0.373750 0.276250 0.373750
6 0.391667 0.397500 0.375000 0.397500 0.280000 0.373750 0.291250 0.373750
6 0.220000 0.325000 0.203333 0.325000 0.151250 0.302500 0.163750 0.301250
6 0.260000 0.302500 0.258333 0.325000 0.182500 0.323750 0.183750 0.302500
6 0.280000 0.302500 0.278333 0.323750 0.198750 0.323750 0.198750 0.302500
6 0.300000 0.325000 0.285000 0.323750 0.213750 0.301250 0.225000 0.301250
6 0.318333 0.323750 0.306667 0.322500 0.230000 0.300000 0.238750 0.300000
6 0.340000 0.323750 0.328333 0.323750 0.245000 0.300000 0.253750 0.300000
6 0.358333 0.322500 0.346667 0.322500 0.260000 0.300000 0.268750 0.300000
6 0.380000 0.321250 0.368333 0.321250 0.275000 0.300000 0.285000 0.300000
6 0.401667 0.322500 0.386667 0.322500 0.290000 0.301250 0.301250 0.302500
6 0.481667 0.310000 0.448333 0.310000 0.335000 0.302500 0.361250 0.301250
6 0.478333 0.318750 0.453333 0.318750 0.340000 0.311250 0.358750 0.311250
6 0.483333 0.341250 0.436667 0.342500 0.327500 0.335000 0.362500 0.333750
6 0.483333 0.355000 0.440000 0.356250 0.328750 0.347500 0.362500 0.346250
4 0.283333 0.460000 0.251667 0.460000 0.188750 0.453750 0.212500 0.453750
16 0.403333 0.463750 0.345000 0.463750 0.258750 0.452500 0.302500 0.452500
16 0.476667 0.463750 0.413333 0.463750 0.310000 0.453750 0.357500 0.452500
6 0.333333 0.602500 0.318333 0.602500 0.238750 0.582500 0.248750 0.582500
4 0.206667 0.711250 0.170000 0.712500 0.127500 0.705000 0.155000 0.703750
4 0.201667 0.747500 0.165000 0.747500 0.123750 0.740000 0.151250 0.740000
4 0.296667 0.767500 0.266667 0.767500 0.200000 0.760000 0.221250 0.760000
4 0.405000 0.785000 0.371667 0.786250 0.278750 0.778750 0.303750 0.777500
4 0.543333 0.863750 0.528333 0.863750 0.396250 0.841250 0.407500 0.841250
6 0.575000 0.743750 0.573333 0.762500 0.418750 0.761250 0.418750 0.743750
6 0.576667 0.426250 0.561667 0.426250 0.421250 0.402500 0.432500 0.402500
4 0.621667 0.401250 0.606667 0.401250 0.455000 0.380000 0.466250 0.380000
6 0.650000 0.321250 0.635000 0.321250 0.475000 0.300000 0.486250 0.300000
4 0.710000 0.025000 0.673333 0.026250 0.503750 0.018750 0.531250 0.016250
4 0.856667 0.275000 0.820000 0.276250 0.615000 0.268750 0.642500 0.267500
6 0.846667 0.263750 0.815000 0.263750 0.611250 0.257500 0.635000 0.257500
6 0.760000 0.268750 0.721667 0.270000 0.541250 0.263750 0.568750 0.262500
6 0.756667 0.281250 0.723333 0.282500 0.542500 0.273750 0.567500 0.273750
4 0.761667 0.326250 0.723333 0.330000 0.541250 0.321250 0.570000 0.318750
4 0.848333 0.346250 0.816667 0.346250 0.612500 0.338750 0.636250 0.338750
4 0.765000 0.361250 0.728333 0.361250 0.546250 0.353750 0.573750 0.353750
4 0.766667 0.406250 0.731667 0.407500 0.548750 0.400000 0.575000 0.400000
6 0.758333 0.430000 0.726667 0.430000 0.545000 0.423750 0.568750 0.423750
6 0.866667 0.426250 0.851667 0.441250 0.631250 0.436250 0.642500 0.421250
4 0.910000 0.427500 0.893333 0.445000 0.663750 0.440000 0.676250 0.422500
3 0.140000 0.988750 0.115000 0.998750 0.081250 0.991250 0.100000 0.981250
6 0.243333 0.920000 0.211667 0.920000 0.158750 0.911250 0.182500 0.911250
6 0.050000 0.920000 0.020000 0.920000 0.015000 0.912500 0.037500 0.911250
4 0.123333 0.955000 0.085000 0.956250 0.063750 0.947500 0.092500 0.946250
4 0.216667 0.953750 0.183333 0.953750 0.137500 0.947500 0.162500 0.946250
4 0.251667 0.953750 0.221667 0.955000 0.166250 0.947500 0.188750 0.946250
4 0.295000 0.952500 0.266667 0.953750 0.200000 0.946250 0.221250 0.945000
4 0.338333 0.953750 0.306667 0.955000 0.230000 0.947500 0.253750 0.946250
11 0.435000 0.957500 0.401667 0.958750 0.300000 0.950000 0.325000 0.948750
4 0.618333 0.898750 0.616667 0.917500 0.451250 0.917500 0.451250 0.898750
6 0.645000 0.933750 0.630000 0.933750 0.472500 0.913750 0.483750 0.913750
6 0.890000 0.960000 0.853333 0.960000 0.640000 0.951250 0.667500 0.951250
4 0.921667 0.923750 0.885000 0.923750 0.663750 0.915000 0.691250 0.915000
6 1.000000 0.922500 0.981667 0.923750 0.735000 0.916250 0.750000 0.915000
5 0.071667 0.667500 0.068333 0.688750 0.038750 0.687500 0.040000 0.667500
