13 0.059000 0.946000 0.005000 0.959000 0.016000 1.005000 0.070000 0.992000
35 0.082000 0.852000 0.000000 0.846000 -0.006000 0.926000 0.076000 0.932000
29 0.082000 0.471000 0.017000 0.526000 0.071000 0.590000 0.136000 0.535000
20 0.066000 0.307000 0.102000 0.250000 0.050000 0.217000 0.014000 0.274000
17 0.197000 0.423000 0.222000 0.384000 0.182000 0.358000 0.157000 0.396000
35 0.362000 0.409000 0.326000 0.334000 0.256000 0.367000 0.292000 0.442000
35 0.496000 0.045000 0.407000 0.063000 0.424000 0.142000 0.512000 0.124000
29 0.668000 0.183000 0.751000 0.145000 0.717000 0.068000 0.633000 0.105000
34 0.899000 0.248000 0.907000 0.157000 0.828000 0.150000 0.820000 0.241000
13 0.972000 0.238000 0.979000 0.184000 0.935000 0.178000 0.928000 0.233000
