6 0.113750 0.296667 0.102500 0.301667 0.130000 0.276667 0.143333 0.271667
4 0.102500 0.258333 0.090000 0.263333 0.111667 0.236667 0.126667 0.231667
6 0.257500 0.525000 0.247500 0.533333 0.313333 0.506667 0.325000 0.498333
3 0.230000 0.388333 0.215000 0.400000 0.258333 0.353333 0.276667 0.341667
3 0.180000 0.263333 0.167500 0.275000 0.195000 0.231667 0.213333 0.220000
4 0.300000 0.180000 0.295000 0.190000 0.365000 0.173333 0.371667 0.163333
6 0.285000 0.186667 0.277500 0.200000 0.340000 0.180000 0.350000 0.166667
4 0.050000 0.708333 0.026250 0.710000 0.033333 0.700000 0.066667 0.700000
6 0.143750 0.706667 0.128750 0.706667 0.171667 0.696667 0.191667 0.696667
4 0.177500 0.706667 0.145000 0.706667 0.193333 0.695000 0.236667 0.695000
9 0.386250 0.680000 0.385000 0.748333 0.328333 0.745000 0.330000 0.676667
6 0.411250 0.745000 0.376250 0.743333 0.501667 0.730000 0.548333 0.730000
6 0.553750 0.701667 0.517500 0.701667 0.690000 0.686667 0.736667 0.686667
4 0.666250 0.713333 0.638750 0.711667 0.851667 0.701667 0.888333 0.701667
4 0.742500 0.748333 0.713750 0.746667 0.951667 0.736667 0.990000 0.736667
4 0.900000 0.710000 0.898750 0.721667 1.160000 0.718333 1.161667 0.706667
4 0.848750 0.753333 0.818750 0.753333 1.091667 0.741667 1.131667 0.743333
4 0.985000 0.760000 0.956250 0.760000 1.275000 0.748333 1.313333 0.748333
4 0.335000 0.016667 0.308750 0.028333 0.406667 0.016667 0.441667 0.003333
4 0.536250 0.150000 0.533750 0.178333 0.696667 0.176667 0.700000 0.148333
4 0.496250 0.123333 0.473750 0.125000 0.631667 0.115000 0.661667 0.113333
6 0.468750 0.125000 0.445000 0.123333 0.595000 0.111667 0.625000 0.113333
4 0.415000 0.123333 0.388750 0.125000 0.518333 0.111667 0.553333 0.110000
4 0.385000 0.111667 0.383750 0.123333 0.478333 0.123333 0.478333 0.110000
5 0.243750 0.038333 0.232500 0.045000 0.298333 0.020000 0.315000 0.013333
4 0.218750 0.038333 0.208750 0.045000 0.265000 0.018333 0.278333 0.013333
4 0.198750 0.033333 0.191250 0.038333 0.245000 0.018333 0.255000 0.013333
6 0.145000 0.040000 0.133750 0.046667 0.168333 0.023333 0.183333 0.016667
4 0.243750 0.120000 0.217500 0.118333 0.290000 0.108333 0.325000 0.108333
4 0.132500 0.103333 0.131250 0.115000 0.140000 0.111667 0.140000 0.100000
4 0.128750 0.041667 0.118750 0.046667 0.151667 0.026667 0.163333 0.021667
