6 0.070000 0.013750 0.031667 0.017500 0.022500 0.008750 0.050000 0.005000
4 0.491667 0.126250 0.451667 0.126250 0.338750 0.113750 0.368750 0.113750
5 0.548333 0.165000 0.528333 0.166250 0.395000 0.136250 0.410000 0.135000
4 0.366667 0.322500 0.325000 0.321250 0.243750 0.311250 0.275000 0.312500
6 0.426667 0.311250 0.425000 0.320000 0.290000 0.318750 0.291250 0.308750
4 0.605000 0.060000 0.588333 0.060000 0.441250 0.036250 0.453750 0.037500
5 0.691667 0.066250 0.656667 0.065000 0.492500 0.056250 0.518750 0.057500
6 0.770000 0.065000 0.731667 0.062500 0.550000 0.053750 0.577500 0.055000
6 0.945000 0.260000 0.930000 0.262500 0.693750 0.242500 0.705000 0.240000
9 0.615000 0.278750 0.613333 0.328750 0.383750 0.325000 0.385000 0.276250
6 0.481667 0.493750 0.450000 0.495000 0.337500 0.485000 0.361250 0.483750
4 0.600000 0.540000 0.581667 0.540000 0.436250 0.520000 0.448750 0.520000
6 0.040000 0.747500 0.005000 0.747500 0.003750 0.737500 0.030000 0.737500
4 0.470000 0.800000 0.428333 0.800000 0.320000 0.790000 0.352500 0.788750
4 0.508333 0.811250 0.466667 0.811250 0.350000 0.801250 0.381250 0.801250
4 0.538333 0.840000 0.520000 0.840000 0.387500 0.816250 0.402500 0.816250
4 0.538333 0.763750 0.521667 0.765000 0.390000 0.742500 0.402500 0.741250
4 0.466667 0.810000 0.426667 0.808750 0.320000 0.800000 0.350000 0.801250
6 0.598333 0.915000 0.576667 0.915000 0.431250 0.892500 0.447500 0.892500
6 0.466667 0.875000 0.433333 0.875000 0.325000 0.866250 0.350000 0.866250
6 0.670000 0.497500 0.636667 0.500000 0.477500 0.490000 0.500000 0.487500
6 0.938333 0.808750 0.910000 0.810000 0.681250 0.800000 0.703750 0.798750
