6 0.027000 0.074000 0.006000 0.074000 0.006000 0.068000 0.027000 0.068000
4 0.077000 0.221000 0.074000 0.240000 0.065000 0.239000 0.068000 0.220000
5 0.199000 0.805000 0.197000 0.814000 0.169000 0.806000 0.172000 0.797000
5 0.197000 0.838000 0.166000 0.838000 0.166000 0.828000 0.197000 0.828000
6 0.102000 0.118000 0.091000 0.118000 0.091000 0.103000 0.102000 0.103000
4 0.101000 0.140000 0.089000 0.140000 0.089000 0.125000 0.101000 0.125000
10 0.834000 0.481000 0.831000 0.515000 0.814000 0.514000 0.817000 0.480000
5 0.672000 0.682000 0.662000 0.683000 0.661000 0.662000 0.671000 0.661000
4 0.579000 0.385000 0.555000 0.385000 0.555000 0.378000 0.579000 0.378000
5 0.988000 0.159000 0.979000 0.160000 0.977000 0.140000 0.987000 0.139000
4 0.973000 0.139000 0.972000 0.158000 0.964000 0.158000 0.964000 0.139000
5 0.959000 0.161000 0.947000 0.161000 0.947000 0.140000 0.959000 0.140000
6 0.947000 0.169000 0.938000 0.169000 0.938000 0.149000 0.947000 0.149000
6 0.942000 0.146000 0.933000 0.146000 0.933000 0.125000 0.942000 0.125000
5 0.973000 0.176000 0.945000 0.180000 0.943000 0.170000 0.971000 0.166000
5 0.938000 0.188000 0.906000 0.193000 0.905000 0.184000 0.936000 0.179000
11 0.919000 0.134000 0.906000 0.134000 0.906000 0.128000 0.918000 0.128000
5 0.882000 0.182000 0.871000 0.184000 0.868000 0.166000 0.879000 0.164000
5 0.839000 0.165000 0.838000 0.185000 0.828000 0.185000 0.828000 0.165000
5 0.972000 0.210000 0.971000 0.218000 0.948000 0.217000 0.949000 0.209000
5 0.846000 0.198000 0.800000 0.198000 0.800000 0.189000 0.846000 0.188000
4 0.986000 0.106000 0.973000 0.106000 0.973000 0.100000 0.986000 0.100000
6 0.972000 0.106000 0.958000 0.106000 0.957000 0.100000 0.972000 0.100000
4 0.957000 0.105000 0.940000 0.105000 0.940000 0.100000 0.957000 0.100000
4 0.939000 0.105000 0.927000 0.105000 0.927000 0.099000 0.939000 0.100000
4 0.656000 0.091000 0.631000 0.090000 0.631000 0.084000 0.656000 0.085000
6 0.599000 0.100000 0.579000 0.100000 0.579000 0.090000 0.599000 0.091000
3 0.560000 0.102000 0.529000 0.102000 0.529000 0.089000 0.560000 0.089000
4 0.491000 0.097000 0.471000 0.096000 0.471000 0.088000 0.491000 0.089000
5 0.521000 0.097000 0.494000 0.096000 0.495000 0.089000 0.521000 0.089000
6 0.468000 0.096000 0.451000 0.096000 0.451000 0.089000 0.468000 0.089000
4 0.412000 0.094000 0.391000 0.093000 0.391000 0.087000 0.412000 0.089000
4 0.439000 0.095000 0.415000 0.095000 0.415000 0.088000 0.439000 0.089000
4 0.483000 0.066000 0.459000 0.065000 0.459000 0.058000 0.483000 0.059000
4 0.457000 0.064000 0.435000 0.064000 0.435000 0.058000 0.457000 0.058000
4 0.432000 0.058000 0.431000 0.065000 0.409000 0.064000 0.409000 0.057000
4 0.401000 0.063000 0.388000 0.063000 0.388000 0.057000 0.401000 0.057000
4 0.160000 0.088000 0.142000 0.088000 0.142000 0.080000 0.160000 0.080000
4 0.141000 0.086000 0.129000 0.086000 0.129000 0.079000 0.141000 0.079000
4 0.184000 0.089000 0.162000 0.089000 0.162000 0.081000 0.184000 0.081000
4 0.212000 0.089000 0.188000 0.088000 0.188000 0.082000 0.212000 0.083000
6 0.233000 0.090000 0.214000 0.090000 0.214000 0.084000 0.233000 0.084000
6 0.195000 0.134000 0.193000 0.149000 0.183000 0.148000 0.185000 0.133000
5 0.216000 0.150000 0.206000 0.150000 0.206000 0.132000 0.215000 0.132000
4 0.228000 0.151000 0.218000 0.151000 0.218000 0.133000 0.228000 0.133000
4 0.239000 0.149000 0.229000 0.150000 0.229000 0.134000 0.238000 0.133000
4 0.252000 0.133000 0.251000 0.151000 0.242000 0.150000 0.243000 0.132000
4 0.261000 0.134000 0.260000 0.151000 0.252000 0.151000 0.253000 0.134000
6 0.286000 0.147000 0.276000 0.147000 0.276000 0.134000 0.286000 0.134000
4 0.299000 0.135000 0.298000 0.148000 0.287000 0.148000 0.288000 0.135000
6 0.310000 0.150000 0.303000 0.151000 0.303000 0.134000 0.310000 0.134000
4 0.324000 0.149000 0.314000 0.149000 0.314000 0.134000 0.323000 0.134000
6 0.334000 0.151000 0.325000 0.151000 0.325000 0.136000 0.334000 0.136000
4 0.345000 0.136000 0.344000 0.150000 0.335000 0.149000 0.336000 0.136000
4 0.358000 0.137000 0.357000 0.150000 0.349000 0.150000 0.349000 0.137000
6 0.369000 0.151000 0.360000 0.151000 0.360000 0.137000 0.369000 0.137000
6 0.380000 0.152000 0.371000 0.152000 0.371000 0.138000 0.379000 0.138000
4 0.393000 0.139000 0.392000 0.155000 0.381000 0.154000 0.381000 0.139000
4 0.410000 0.154000 0.402000 0.154000 0.402000 0.139000 0.410000 0.139000
4 0.422000 0.154000 0.414000 0.155000 0.414000 0.140000 0.422000 0.140000
6 0.448000 0.160000 0.438000 0.160000 0.439000 0.144000 0.448000 0.144000
4 0.459000 0.159000 0.451000 0.159000 0.450000 0.142000 0.459000 0.142000
4 0.471000 0.159000 0.462000 0.158000 0.462000 0.142000 0.471000 0.142000
4 0.589000 0.159000 0.580000 0.158000 0.581000 0.143000 0.589000 0.143000
4 0.566000 0.157000 0.555000 0.157000 0.555000 0.142000 0.566000 0.142000
4 0.529000 0.158000 0.517000 0.158000 0.517000 0.141000 0.529000 0.141000
4 0.495000 0.153000 0.487000 0.153000 0.487000 0.139000 0.495000 0.139000
4 0.542000 0.192000 0.532000 0.192000 0.532000 0.174000 0.542000 0.174000
4 0.563000 0.191000 0.554000 0.191000 0.554000 0.176000 0.563000 0.176000
4 0.572000 0.191000 0.564000 0.191000 0.564000 0.176000 0.572000 0.176000
5 0.177000 0.179000 0.167000 0.179000 0.168000 0.162000 0.177000 0.162000
4 0.209000 0.181000 0.199000 0.181000 0.199000 0.165000 0.209000 0.165000
4 0.229000 0.166000 0.228000 0.182000 0.219000 0.182000 0.220000 0.166000
6 0.240000 0.182000 0.230000 0.182000 0.230000 0.168000 0.239000 0.167000
4 0.296000 0.195000 0.288000 0.195000 0.287000 0.182000 0.296000 0.182000
4 0.308000 0.195000 0.298000 0.195000 0.297000 0.180000 0.307000 0.179000
4 0.318000 0.195000 0.309000 0.195000 0.308000 0.179000 0.317000 0.179000
4 0.331000 0.195000 0.322000 0.195000 0.321000 0.181000 0.330000 0.180000
4 0.427000 0.198000 0.417000 0.198000 0.416000 0.182000 0.426000 0.182000
4 0.461000 0.199000 0.452000 0.200000 0.451000 0.186000 0.461000 0.186000
4 0.472000 0.199000 0.463000 0.199000 0.462000 0.184000 0.471000 0.184000
6 0.483000 0.187000 0.482000 0.201000 0.474000 0.201000 0.475000 0.186000
5 0.789000 0.161000 0.778000 0.161000 0.778000 0.142000 0.789000 0.142000
4 0.909000 0.180000 0.907000 0.185000 0.890000 0.179000 0.892000 0.174000
10 0.923000 0.175000 0.912000 0.177000 0.908000 0.153000 0.919000 0.151000
10 0.893000 0.197000 0.863000 0.209000 0.860000 0.201000 0.889000 0.189000
10 0.876000 0.252000 0.867000 0.257000 0.855000 0.238000 0.864000 0.233000
4 0.956000 0.206000 0.930000 0.204000 0.931000 0.198000 0.956000 0.199000
6 0.520000 0.184000 0.508000 0.184000 0.508000 0.173000 0.519000 0.172000
10 0.770000 0.454000 0.756000 0.458000 0.753000 0.447000 0.768000 0.443000
26 0.152000 0.363000 0.023000 0.363000 0.023000 0.264000 0.152000 0.264000
