6 0.663333 0.035000 0.633333 0.048750 0.470000 0.041250 0.492500 0.027500
6 0.625000 0.048750 0.598333 0.061250 0.443750 0.055000 0.463750 0.041250
4 0.601667 0.042500 0.575000 0.057500 0.426250 0.050000 0.446250 0.035000
6 0.740000 0.150000 0.738333 0.157500 0.537500 0.155000 0.538750 0.147500
5 0.703333 0.146250 0.700000 0.153750 0.506250 0.146250 0.508750 0.138750
6 0.626667 0.176250 0.616667 0.192500 0.452500 0.188750 0.460000 0.171250
4 0.661667 0.185000 0.651667 0.205000 0.480000 0.201250 0.487500 0.181250
6 0.700000 0.353750 0.685000 0.371250 0.505000 0.366250 0.516250 0.348750
6 0.680000 0.350000 0.668333 0.365000 0.491250 0.358750 0.500000 0.345000
4 0.645000 0.337500 0.633333 0.356250 0.465000 0.351250 0.472500 0.332500
4 0.435000 0.172500 0.420000 0.172500 0.315000 0.150000 0.325000 0.150000
4 0.376667 0.171250 0.361667 0.172500 0.270000 0.151250 0.281250 0.150000
6 0.335000 0.167500 0.323333 0.167500 0.242500 0.147500 0.251250 0.147500
4 0.400000 0.226250 0.386667 0.226250 0.288750 0.207500 0.298750 0.207500
4 0.361667 0.230000 0.346667 0.230000 0.260000 0.208750 0.271250 0.208750
4 0.328333 0.386250 0.305000 0.386250 0.228750 0.378750 0.246250 0.378750
6 0.331667 0.402500 0.330000 0.410000 0.223750 0.408750 0.223750 0.401250
6 0.286667 0.398750 0.250000 0.400000 0.187500 0.391250 0.215000 0.390000
4 0.286667 0.408750 0.251667 0.408750 0.188750 0.401250 0.215000 0.402500
4 0.286667 0.421250 0.253333 0.422500 0.190000 0.412500 0.215000 0.411250
6 0.281667 0.435000 0.248333 0.433750 0.186250 0.425000 0.211250 0.426250
4 0.336667 0.475000 0.298333 0.476250 0.223750 0.467500 0.252500 0.466250
4 0.288333 0.511250 0.255000 0.512500 0.191250 0.503750 0.216250 0.502500
4 0.331667 0.512500 0.295000 0.511250 0.221250 0.502500 0.248750 0.502500
4 0.331667 0.532500 0.293333 0.531250 0.221250 0.522500 0.248750 0.523750
4 0.291667 0.531250 0.263333 0.533750 0.196250 0.525000 0.217500 0.523750
4 0.286667 0.555000 0.253333 0.556250 0.190000 0.548750 0.215000 0.546250
4 0.291667 0.577500 0.261667 0.577500 0.195000 0.568750 0.217500 0.567500
6 0.295000 0.588750 0.258333 0.588750 0.193750 0.581250 0.221250 0.581250
6 0.285000 0.611250 0.251667 0.612500 0.188750 0.603750 0.213750 0.603750
4 0.190000 0.597500 0.168333 0.600000 0.125000 0.592500 0.141250 0.591250
5 0.183333 0.590000 0.150000 0.588750 0.113750 0.581250 0.137500 0.581250
6 0.185000 0.556250 0.165000 0.556250 0.123750 0.548750 0.138750 0.547500
4 0.148333 0.591250 0.113333 0.590000 0.085000 0.582500 0.111250 0.582500
4 0.148333 0.577500 0.118333 0.578750 0.088750 0.570000 0.111250 0.568750
6 0.148333 0.567500 0.111667 0.567500 0.083750 0.558750 0.111250 0.558750
4 0.143333 0.556250 0.108333 0.556250 0.081250 0.547500 0.107500 0.548750
4 0.141667 0.538750 0.140000 0.546250 0.078750 0.546250 0.078750 0.537500
6 0.145000 0.523750 0.108333 0.523750 0.081250 0.515000 0.108750 0.515000
4 0.141667 0.477500 0.105000 0.476250 0.078750 0.468750 0.106250 0.470000
6 0.045000 0.477500 0.010000 0.477500 0.007500 0.471250 0.032500 0.470000
4 0.045000 0.501250 0.013333 0.500000 0.010000 0.492500 0.033750 0.493750
4 0.041667 0.510000 0.003333 0.511250 0.002500 0.502500 0.031250 0.501250
4 0.045000 0.535000 0.006667 0.533750 0.005000 0.525000 0.033750 0.525000
6 0.038333 0.515000 0.036667 0.523750 0.003750 0.522500 0.005000 0.513750
4 0.043333 0.545000 0.011667 0.546250 0.008750 0.536250 0.032500 0.536250
6 0.045000 0.556250 0.020000 0.556250 0.015000 0.550000 0.033750 0.550000
4 0.040000 0.568750 0.008333 0.567500 0.006250 0.560000 0.030000 0.560000
4 0.051667 0.578750 0.015000 0.578750 0.010000 0.571250 0.038750 0.570000
4 0.045000 0.591250 0.006667 0.590000 0.005000 0.580000 0.033750 0.582500
4 0.048333 0.613750 0.016667 0.612500 0.012500 0.603750 0.036250 0.603750
4 0.125000 0.416250 0.123333 0.431250 0.082500 0.430000 0.083750 0.416250
4 0.105000 0.431250 0.091667 0.430000 0.068750 0.416250 0.078750 0.416250
6 0.040000 0.436250 0.025000 0.436250 0.020000 0.421250 0.030000 0.421250
6 0.018333 0.436250 0.005000 0.436250 0.002500 0.416250 0.012500 0.415000
6 0.130000 0.843750 0.125000 0.852500 0.068750 0.842500 0.072500 0.833750
6 0.123333 0.977500 0.118333 0.987500 0.066250 0.978750 0.070000 0.968750
