6 0.055000 0.780000 0.045000 0.786000 0.036000 0.769000 0.047000 0.764000
4 0.998000 0.313000 0.973000 0.317000 0.972000 0.310000 0.997000 0.305000
4 0.966000 0.319000 0.943000 0.323000 0.942000 0.316000 0.964000 0.312000
11 0.916000 0.328000 0.887000 0.334000 0.885000 0.326000 0.914000 0.320000
4 0.878000 0.336000 0.854000 0.341000 0.853000 0.333000 0.877000 0.328000
4 0.829000 0.373000 0.807000 0.379000 0.805000 0.371000 0.827000 0.365000
6 0.803000 0.350000 0.776000 0.355000 0.775000 0.346000 0.801000 0.342000
4 0.725000 0.366000 0.700000 0.371000 0.699000 0.363000 0.723000 0.358000
4 0.686000 0.374000 0.664000 0.378000 0.663000 0.369000 0.685000 0.365000
4 0.635000 0.449000 0.615000 0.453000 0.614000 0.446000 0.634000 0.441000
14 0.989000 0.567000 0.942000 0.575000 0.917000 0.497000 0.963000 0.488000
14 1.000000 0.452000 0.932000 0.466000 0.925000 0.427000 1.000000 0.412000
14 0.273000 0.712000 0.227000 0.722000 0.201000 0.643000 0.247000 0.632000
14 0.330000 0.701000 0.282000 0.711000 0.257000 0.632000 0.304000 0.621000
14 0.408000 0.617000 0.360000 0.627000 0.334000 0.546000 0.382000 0.537000
14 0.465000 0.605000 0.417000 0.615000 0.391000 0.534000 0.438000 0.526000
14 0.520000 0.594000 0.473000 0.603000 0.447000 0.524000 0.494000 0.514000
21 0.756000 0.253000 0.523000 0.292000 0.493000 0.172000 0.725000 0.132000
32 0.972000 0.195000 0.850000 0.217000 0.833000 0.127000 0.955000 0.104000
6 0.770000 0.358000 0.746000 0.361000 0.745000 0.353000 0.769000 0.350000
6 0.827000 0.347000 0.806000 0.350000 0.805000 0.342000 0.826000 0.339000
6 0.938000 0.324000 0.918000 0.328000 0.917000 0.321000 0.937000 0.317000
