6 0.632500 0.496667 0.631250 0.510000 0.803333 0.503333 0.805000 0.491667
6 0.620000 0.513333 0.618750 0.523333 0.788333 0.521667 0.788333 0.510000
6 0.601250 0.541667 0.600000 0.551667 0.765000 0.548333 0.766667 0.536667
4 0.578750 0.595000 0.547500 0.591667 0.731667 0.580000 0.771667 0.583333
6 0.571250 0.600000 0.570000 0.611667 0.720000 0.606667 0.721667 0.595000
4 0.560000 0.625000 0.527500 0.621667 0.705000 0.610000 0.746667 0.613333
4 0.788750 0.598333 0.781250 0.608333 1.021667 0.585000 1.031667 0.575000
4 0.780000 0.610000 0.772500 0.620000 1.011667 0.598333 1.021667 0.588333
4 0.752500 0.651667 0.743750 0.665000 0.970000 0.645000 0.981667 0.631667
4 0.712500 0.615000 0.703750 0.625000 0.921667 0.603333 0.933333 0.593333
4 0.726250 0.605000 0.717500 0.615000 0.938333 0.591667 0.948333 0.581667
6 0.732500 0.586667 0.723750 0.595000 0.946667 0.573333 0.956667 0.565000
4 0.742500 0.570000 0.733750 0.578333 0.963333 0.560000 0.975000 0.551667
4 0.755000 0.563333 0.746250 0.571667 0.978333 0.550000 0.990000 0.541667
6 0.551250 0.638333 0.522500 0.638333 0.698333 0.628333 0.735000 0.630000
5 0.582500 0.580000 0.553750 0.576667 0.740000 0.566667 0.776667 0.568333
