6 0.172500 0.200000 0.171250 0.215000 0.193333 0.213333 0.193333 0.198333
4 0.125000 0.621667 0.100000 0.621667 0.133333 0.610000 0.166667 0.610000
6 0.321250 0.618333 0.295000 0.620000 0.393333 0.608333 0.426667 0.608333
6 0.546250 0.620000 0.523750 0.620000 0.698333 0.610000 0.726667 0.608333
3 0.666250 0.648333 0.655000 0.648333 0.871667 0.618333 0.888333 0.618333
4 0.520000 0.988333 0.492500 0.990000 0.655000 0.976667 0.693333 0.976667
6 0.352500 0.748333 0.326250 0.750000 0.435000 0.740000 0.470000 0.738333
6 0.670000 0.155000 0.668750 0.180000 0.875000 0.178333 0.876667 0.155000
3 0.668750 0.223333 0.656250 0.225000 0.873333 0.198333 0.888333 0.196667
4 0.572500 0.311667 0.548750 0.311667 0.731667 0.298333 0.763333 0.298333
6 0.586250 0.413333 0.560000 0.415000 0.746667 0.403333 0.781667 0.401667
