6 0.067500 0.768333 0.043750 0.766667 0.058333 0.758333 0.090000 0.758333
6 0.091250 0.733333 0.066250 0.733333 0.088333 0.721667 0.121667 0.721667
4 0.138750 0.790000 0.137500 0.815000 0.170000 0.815000 0.171667 0.788333
4 0.232500 0.815000 0.221250 0.816667 0.293333 0.788333 0.308333 0.788333
4 0.271250 0.813333 0.257500 0.815000 0.341667 0.786667 0.358333 0.785000
6 0.895000 0.736667 0.861250 0.736667 1.148333 0.721667 1.193333 0.723333
6 0.866250 0.820000 0.855000 0.820000 1.138333 0.793333 1.153333 0.793333
6 0.651250 0.873333 0.641250 0.873333 0.851667 0.845000 0.865000 0.843333
4 0.227500 0.355000 0.198750 0.360000 0.263333 0.346667 0.301667 0.343333
6 0.251250 0.611667 0.250000 0.638333 0.321667 0.636667 0.323333 0.610000
6 0.043750 0.435000 0.031250 0.433333 0.041667 0.410000 0.058333 0.410000
6 0.010000 0.668333 0.000000 0.668333 0.000000 0.643333 0.013333 0.643333
6 1.000000 0.356667 0.973750 0.356667 1.298333 0.346667 1.333333 0.345000
