3 0.853000 0.067000 0.825000 0.066000 0.826000 0.056000 0.853000 0.057000
9 0.152000 0.166000 0.045000 0.166000 0.045000 0.086000 0.152000 0.087000
15 0.870000 0.421000 0.748000 0.449000 0.724000 0.399000 0.846000 0.370000
4 0.797000 0.997000 0.789000 0.998000 0.788000 0.983000 0.797000 0.982000
4 0.775000 0.997000 0.763000 0.998000 0.762000 0.981000 0.775000 0.981000
5 0.281000 0.011000 0.249000 0.012000 0.249000 0.002000 0.281000 0.001000
4 0.335000 0.053000 0.325000 0.053000 0.325000 0.032000 0.335000 0.032000
6 0.321000 0.054000 0.309000 0.054000 0.308000 0.033000 0.320000 0.033000
5 0.334000 0.216000 0.325000 0.216000 0.325000 0.198000 0.334000 0.198000
4 0.335000 0.231000 0.334000 0.249000 0.325000 0.249000 0.326000 0.231000
6 0.393000 0.247000 0.370000 0.247000 0.370000 0.239000 0.393000 0.238000
5 0.394000 0.264000 0.374000 0.264000 0.374000 0.258000 0.394000 0.258000
5 0.391000 0.314000 0.361000 0.315000 0.361000 0.305000 0.391000 0.305000
5 0.320000 0.306000 0.291000 0.307000 0.291000 0.297000 0.320000 0.297000
3 0.224000 0.136000 0.170000 0.137000 0.170000 0.121000 0.224000 0.120000
6 0.085000 0.830000 0.084000 0.851000 0.068000 0.850000 0.069000 0.829000
5 0.081000 0.760000 0.080000 0.782000 0.067000 0.781000 0.068000 0.759000
4 0.067000 0.448000 0.065000 0.464000 0.055000 0.463000 0.056000 0.447000
6 0.083000 0.194000 0.072000 0.194000 0.072000 0.177000 0.083000 0.177000
6 0.123000 0.165000 0.113000 0.165000 0.113000 0.151000 0.123000 0.151000
4 0.125000 0.071000 0.124000 0.088000 0.113000 0.088000 0.114000 0.070000
6 0.141000 0.098000 0.130000 0.099000 0.130000 0.082000 0.141000 0.082000
6 0.305000 0.161000 0.282000 0.159000 0.282000 0.151000 0.305000 0.152000
4 0.596000 0.962000 0.572000 0.963000 0.572000 0.955000 0.596000 0.955000
