7 0.049000 0.721000 0.091000 0.738000 0.095000 0.729000 0.054000 0.712000
1 0.299000 0.965000 0.362000 0.989000 0.367000 0.978000 0.303000 0.954000
28 0.716000 0.021000 0.725000 0.026000 0.737000 0.001000 0.729000 -0.004000
0 0.764000 -0.008000 0.745000 0.034000 0.766000 0.044000 0.785000 0.001000
2 0.795000 -0.008000 0.776000 0.036000 0.790000 0.042000 0.810000 -0.002000
2 0.805000 0.025000 0.863000 0.036000 0.866000 0.024000 0.806000 0.013000
2 0.814000 0.015000 0.866000 0.024000 0.867000 0.017000 0.816000 0.008000
2 0.872000 0.028000 0.925000 0.036000 0.928000 0.026000 0.874000 0.018000
2 0.943000 0.023000 1.012000 0.034000 1.013000 0.025000 0.944000 0.013000
2 1.015000 0.035000 0.944000 0.024000 0.943000 0.034000 1.013000 0.046000
0 0.875000 0.017000 0.941000 0.028000 0.944000 0.014000 0.877000 0.003000
2 0.920000 0.115000 0.778000 0.092000 0.775000 0.111000 0.917000 0.133000
8 0.132000 0.977000 0.231000 0.935000 0.210000 0.884000 0.111000 0.926000
7 0.066000 0.647000 0.063000 0.664000 0.071000 0.667000 0.075000 0.649000
18 0.099000 0.633000 0.094000 0.711000 0.124000 0.713000 0.130000 0.636000
