4 0.855000 0.260000 0.841667 0.260000 0.631250 0.238750 0.640000 0.238750
6 0.768333 0.661250 0.730000 0.675000 0.542500 0.666250 0.571250 0.651250
4 0.615000 0.610000 0.601667 0.616250 0.438750 0.597500 0.450000 0.591250
4 0.603333 0.620000 0.590000 0.627500 0.428750 0.606250 0.438750 0.600000
4 0.456667 0.056250 0.440000 0.063750 0.316250 0.038750 0.328750 0.032500
5 0.430000 0.025000 0.415000 0.031250 0.298750 0.007500 0.308750 0.001250
16 0.178333 0.657500 0.093333 0.683750 0.063750 0.668750 0.127500 0.642500
4 0.106667 0.903750 0.078333 0.917500 0.052500 0.907500 0.073750 0.893750
6 0.503333 0.840000 0.475000 0.852500 0.351250 0.842500 0.372500 0.830000
4 0.380000 0.873750 0.343333 0.886250 0.252500 0.877500 0.280000 0.863750
6 0.396667 0.887500 0.368333 0.900000 0.271250 0.891250 0.291250 0.878750
4 0.513333 0.891250 0.481667 0.903750 0.355000 0.892500 0.378750 0.880000
6 0.405000 0.942500 0.381667 0.953750 0.281250 0.946250 0.298750 0.935000
6 0.438333 0.930000 0.411667 0.942500 0.303750 0.933750 0.323750 0.922500
4 0.445000 0.941250 0.420000 0.953750 0.310000 0.945000 0.328750 0.932500
4 0.456667 0.950000 0.433333 0.962500 0.318750 0.953750 0.336250 0.941250
4 0.528333 0.910000 0.503333 0.921250 0.372500 0.911250 0.391250 0.901250
4 0.563333 0.898750 0.535000 0.910000 0.396250 0.901250 0.417500 0.888750
4 0.541667 0.920000 0.513333 0.930000 0.381250 0.922500 0.402500 0.912500
6 0.571667 0.908750 0.545000 0.921250 0.402500 0.911250 0.422500 0.898750
6 0.586667 0.915000 0.555000 0.928750 0.412500 0.920000 0.435000 0.907500
4 0.551667 0.928750 0.523333 0.938750 0.388750 0.930000 0.410000 0.920000
6 0.591667 0.930000 0.563333 0.941250 0.418750 0.932500 0.438750 0.921250
6 0.568333 0.950000 0.541667 0.961250 0.401250 0.953750 0.421250 0.942500
6 0.583333 0.961250 0.553333 0.972500 0.410000 0.962500 0.432500 0.951250
4 0.613333 0.950000 0.586667 0.960000 0.436250 0.951250 0.455000 0.941250
4 0.605000 0.936250 0.576667 0.948750 0.427500 0.940000 0.450000 0.928750
4 0.621667 0.960000 0.593333 0.972500 0.440000 0.962500 0.461250 0.951250
6 0.606667 0.830000 0.581667 0.842500 0.431250 0.833750 0.450000 0.821250
5 0.616667 0.840000 0.585000 0.853750 0.433750 0.843750 0.456250 0.831250
6 0.630000 0.860000 0.605000 0.872500 0.448750 0.865000 0.467500 0.852500
6 0.641667 0.868750 0.620000 0.880000 0.460000 0.872500 0.476250 0.861250
4 0.648333 0.880000 0.621667 0.892500 0.462500 0.885000 0.481250 0.872500
4 0.658333 0.890000 0.633333 0.902500 0.468750 0.892500 0.487500 0.880000
4 0.668333 0.901250 0.641667 0.913750 0.475000 0.903750 0.496250 0.892500
4 0.676667 0.911250 0.651667 0.923750 0.482500 0.913750 0.501250 0.902500
4 0.688333 0.920000 0.665000 0.931250 0.492500 0.922500 0.510000 0.911250
6 0.701667 0.927500 0.675000 0.938750 0.502500 0.931250 0.522500 0.920000
4 0.708333 0.937500 0.685000 0.947500 0.508750 0.938750 0.527500 0.928750
6 0.721667 0.946250 0.695000 0.958750 0.517500 0.950000 0.536250 0.938750
6 0.735000 0.956250 0.710000 0.967500 0.527500 0.958750 0.546250 0.947500
4 0.741667 0.968750 0.715000 0.980000 0.531250 0.970000 0.551250 0.958750
4 0.755000 0.978750 0.726667 0.991250 0.538750 0.981250 0.561250 0.968750
4 0.771667 0.997500 0.770000 1.000000 0.553750 1.000000 0.573750 0.987500
4 0.278333 0.922500 0.248333 0.936250 0.180000 0.927500 0.202500 0.913750
4 0.171667 0.941250 0.166667 0.952500 0.101250 0.946250 0.105000 0.935000
4 0.071667 0.952500 0.068333 0.975000 0.038750 0.973750 0.041250 0.951250
4 0.090000 0.955000 0.086667 0.977500 0.053750 0.976250 0.055000 0.955000
4 0.111667 0.958750 0.106667 0.977500 0.067500 0.976250 0.071250 0.956250
