4 0.056000 0.757000 0.036000 0.757000 0.036000 0.748000 0.056000 0.749000
4 0.053000 0.746000 0.032000 0.746000 0.032000 0.739000 0.053000 0.739000
5 0.902000 0.255000 0.901000 0.264000 0.872000 0.259000 0.873000 0.250000
11 0.788000 0.241000 0.786000 0.251000 0.762000 0.247000 0.763000 0.237000
11 0.708000 0.245000 0.680000 0.243000 0.680000 0.233000 0.708000 0.235000
6 0.777000 0.223000 0.773000 0.230000 0.757000 0.220000 0.761000 0.214000
4 0.727000 0.205000 0.724000 0.211000 0.706000 0.204000 0.708000 0.198000
4 0.670000 0.257000 0.669000 0.263000 0.651000 0.262000 0.651000 0.256000
4 0.641000 0.273000 0.617000 0.273000 0.618000 0.265000 0.641000 0.266000
4 0.873000 0.365000 0.850000 0.365000 0.850000 0.356000 0.873000 0.356000
4 0.770000 0.360000 0.747000 0.360000 0.747000 0.350000 0.770000 0.350000
4 0.539000 0.375000 0.520000 0.376000 0.520000 0.368000 0.539000 0.367000
4 0.496000 0.367000 0.477000 0.368000 0.477000 0.360000 0.496000 0.359000
10 0.799000 0.416000 0.765000 0.425000 0.761000 0.412000 0.795000 0.403000
6 0.859000 0.426000 0.838000 0.429000 0.837000 0.421000 0.858000 0.419000
6 0.857000 0.435000 0.839000 0.435000 0.838000 0.429000 0.857000 0.428000
4 0.851000 0.453000 0.844000 0.453000 0.844000 0.436000 0.851000 0.436000
4 0.800000 0.467000 0.798000 0.485000 0.791000 0.484000 0.792000 0.466000
4 0.761000 0.456000 0.745000 0.457000 0.745000 0.451000 0.761000 0.450000
6 0.804000 0.519000 0.796000 0.521000 0.792000 0.505000 0.799000 0.503000
4 0.875000 0.520000 0.859000 0.530000 0.856000 0.525000 0.872000 0.515000
5 0.837000 0.546000 0.821000 0.574000 0.813000 0.569000 0.829000 0.541000
6 0.993000 0.594000 0.983000 0.608000 0.977000 0.604000 0.986000 0.590000
4 0.946000 0.678000 0.945000 0.694000 0.938000 0.693000 0.938000 0.677000
6 0.726000 0.767000 0.713000 0.767000 0.713000 0.761000 0.726000 0.761000
4 0.488000 0.849000 0.479000 0.849000 0.478000 0.833000 0.487000 0.832000
4 0.469000 0.756000 0.451000 0.756000 0.451000 0.749000 0.469000 0.748000
6 0.490000 0.879000 0.482000 0.879000 0.481000 0.861000 0.489000 0.860000
6 0.489000 0.901000 0.482000 0.901000 0.481000 0.885000 0.488000 0.885000
6 0.496000 0.955000 0.495000 0.969000 0.487000 0.969000 0.489000 0.954000
6 0.268000 0.757000 0.248000 0.757000 0.248000 0.748000 0.268000 0.748000
3 0.282000 0.712000 0.272000 0.718000 0.257000 0.695000 0.266000 0.688000
6 0.092000 0.658000 0.088000 0.663000 0.076000 0.651000 0.081000 0.646000
6 0.052000 0.652000 0.044000 0.659000 0.028000 0.641000 0.036000 0.635000
4 0.057000 0.639000 0.052000 0.644000 0.041000 0.634000 0.047000 0.628000
4 0.038000 0.661000 0.030000 0.665000 0.021000 0.648000 0.028000 0.644000
6 0.110000 0.590000 0.105000 0.597000 0.086000 0.582000 0.091000 0.575000
6 0.055000 0.558000 0.052000 0.563000 0.038000 0.553000 0.041000 0.549000
