6 0.340000 0.317500 0.331667 0.325000 0.231250 0.311250 0.237500 0.303750
6 0.628333 0.575000 0.615000 0.576250 0.460000 0.555000 0.470000 0.555000
6 0.361667 0.850000 0.330000 0.850000 0.247500 0.840000 0.271250 0.841250
6 0.735000 0.518750 0.700000 0.520000 0.525000 0.510000 0.551250 0.510000
4 0.736667 0.541250 0.701667 0.542500 0.526250 0.533750 0.552500 0.532500
6 0.610000 0.576250 0.596667 0.576250 0.447500 0.555000 0.457500 0.555000
6 0.490000 0.575000 0.475000 0.575000 0.356250 0.553750 0.367500 0.553750
6 0.453333 0.576250 0.435000 0.576250 0.325000 0.552500 0.338750 0.552500
4 0.801667 0.015000 0.800000 0.035000 0.590000 0.035000 0.591250 0.015000
5 0.851667 0.353750 0.836667 0.353750 0.627500 0.328750 0.638750 0.328750
6 0.915000 0.060000 0.913333 0.070000 0.656250 0.066250 0.657500 0.056250
6 0.926667 0.092500 0.908333 0.092500 0.681250 0.070000 0.695000 0.070000
6 1.000000 0.093750 0.986667 0.093750 0.740000 0.072500 0.750000 0.072500
4 0.671667 0.515000 0.670000 0.536250 0.492500 0.536250 0.493750 0.515000
6 0.576667 0.497500 0.575000 0.521250 0.420000 0.521250 0.420000 0.497500
6 0.553333 0.520000 0.540000 0.520000 0.405000 0.496250 0.415000 0.496250
6 0.638333 0.521250 0.621667 0.521250 0.467500 0.498750 0.478750 0.498750
4 0.536667 0.520000 0.523333 0.520000 0.392500 0.498750 0.402500 0.498750
6 0.518333 0.517500 0.503333 0.517500 0.377500 0.496250 0.388750 0.496250
4 0.481667 0.518750 0.468333 0.518750 0.351250 0.496250 0.361250 0.496250
6 0.068333 0.488750 0.061667 0.496250 0.030000 0.485000 0.036250 0.477500
5 0.038333 0.631250 0.036667 0.638750 0.005000 0.637500 0.005000 0.630000
6 0.048333 0.650000 0.016667 0.652500 0.011250 0.642500 0.036250 0.640000
6 0.040000 0.682500 0.011667 0.682500 0.007500 0.672500 0.030000 0.672500
6 0.041667 0.693750 0.008333 0.695000 0.006250 0.686250 0.031250 0.686250
6 0.103333 0.645000 0.098333 0.653750 0.052500 0.643750 0.055000 0.636250
6 0.100000 0.690000 0.090000 0.696250 0.055000 0.681250 0.063750 0.675000
6 0.401667 0.850000 0.368333 0.851250 0.276250 0.840000 0.301250 0.838750
6 0.593333 0.776250 0.568333 0.791250 0.418750 0.782500 0.438750 0.767500
4 0.591667 0.847500 0.560000 0.847500 0.420000 0.836250 0.443750 0.837500
6 0.591667 0.860000 0.551667 0.860000 0.413750 0.848750 0.443750 0.848750
4 0.288333 0.978750 0.255000 0.980000 0.190000 0.968750 0.215000 0.967500
4 0.083333 0.898750 0.055000 0.898750 0.041250 0.890000 0.062500 0.890000
4 0.031667 0.930000 0.018333 0.930000 0.012500 0.910000 0.023750 0.910000
6 0.061667 0.811250 0.060000 0.832500 0.035000 0.832500 0.035000 0.810000
4 0.973333 0.980000 0.941667 0.980000 0.706250 0.970000 0.730000 0.968750
6 0.925000 0.980000 0.890000 0.980000 0.667500 0.970000 0.693750 0.968750
6 0.765000 0.981250 0.730000 0.981250 0.547500 0.971250 0.573750 0.971250
6 0.716667 0.978750 0.683333 0.980000 0.511250 0.971250 0.537500 0.971250
6 0.845000 0.436250 0.843333 0.447500 0.608750 0.446250 0.608750 0.436250
4 0.458333 0.393750 0.430000 0.393750 0.322500 0.383750 0.343750 0.383750
4 0.501667 0.396250 0.468333 0.396250 0.351250 0.385000 0.376250 0.385000
4 0.540000 0.396250 0.506667 0.396250 0.380000 0.386250 0.405000 0.386250
6 0.590000 0.397500 0.553333 0.397500 0.415000 0.387500 0.442500 0.387500
6 0.658333 0.397500 0.626667 0.397500 0.470000 0.387500 0.493750 0.387500
6 0.335000 0.210000 0.326667 0.217500 0.228750 0.205000 0.235000 0.197500
6 0.335000 0.270000 0.328333 0.276250 0.231250 0.265000 0.236250 0.257500
6 0.340000 0.286250 0.331667 0.295000 0.230000 0.282500 0.236250 0.273750
4 0.341667 0.302500 0.333333 0.311250 0.230000 0.297500 0.236250 0.288750
6 0.338333 0.357500 0.331667 0.367500 0.228750 0.357500 0.233750 0.346250
6 0.030000 0.058750 0.016667 0.058750 0.011250 0.036250 0.021250 0.036250
4 0.776667 0.138750 0.761667 0.140000 0.570000 0.116250 0.581250 0.115000
6 0.845000 0.138750 0.830000 0.138750 0.621250 0.118750 0.632500 0.117500
6 0.860000 0.138750 0.848333 0.140000 0.635000 0.120000 0.643750 0.118750
4 0.741667 0.137500 0.726667 0.137500 0.545000 0.116250 0.556250 0.116250
6 0.726667 0.137500 0.711667 0.137500 0.532500 0.117500 0.543750 0.116250
6 0.708333 0.121250 0.706667 0.141250 0.521250 0.141250 0.522500 0.121250
6 0.690000 0.138750 0.676667 0.138750 0.506250 0.117500 0.517500 0.117500
6 0.658333 0.138750 0.643333 0.138750 0.482500 0.117500 0.493750 0.117500
6 0.623333 0.125000 0.621667 0.140000 0.458750 0.138750 0.458750 0.125000
6 0.780000 0.197500 0.763333 0.197500 0.571250 0.180000 0.585000 0.180000
4 0.795000 0.197500 0.781667 0.197500 0.585000 0.177500 0.595000 0.176250
4 0.810000 0.197500 0.796667 0.197500 0.597500 0.176250 0.607500 0.176250
6 0.971667 0.035000 0.955000 0.035000 0.716250 0.013750 0.728750 0.013750
6 0.191667 0.570000 0.158333 0.570000 0.118750 0.561250 0.142500 0.561250
6 0.406667 0.507500 0.393333 0.507500 0.295000 0.488750 0.305000 0.488750
6 0.386667 0.507500 0.373333 0.508750 0.280000 0.487500 0.290000 0.486250
6 0.368333 0.506250 0.358333 0.506250 0.268750 0.488750 0.276250 0.488750
5 0.863333 0.282500 0.850000 0.283750 0.636250 0.262500 0.646250 0.261250
6 0.863333 0.251250 0.850000 0.251250 0.637500 0.233750 0.646250 0.232500
