6 0.407000 0.006000 0.406000 0.012000 0.388000 0.011000 0.389000 0.004000
6 0.287000 0.071000 0.268000 0.070000 0.268000 0.063000 0.287000 0.064000
6 0.318000 0.065000 0.317000 0.072000 0.296000 0.072000 0.296000 0.064000
4 0.316000 0.076000 0.315000 0.083000 0.300000 0.082000 0.300000 0.076000
6 0.319000 0.093000 0.299000 0.093000 0.299000 0.085000 0.319000 0.085000
6 0.317000 0.096000 0.316000 0.101000 0.298000 0.099000 0.299000 0.093000
6 0.292000 0.114000 0.286000 0.117000 0.279000 0.102000 0.285000 0.099000
6 0.296000 0.091000 0.293000 0.098000 0.276000 0.091000 0.278000 0.084000
4 0.268000 0.112000 0.259000 0.111000 0.259000 0.094000 0.268000 0.095000
6 0.258000 0.090000 0.257000 0.104000 0.249000 0.104000 0.250000 0.090000
6 0.249000 0.081000 0.247000 0.096000 0.239000 0.095000 0.241000 0.080000
4 0.984000 0.105000 0.983000 0.111000 0.965000 0.110000 0.966000 0.104000
3 0.946000 0.197000 0.934000 0.197000 0.932000 0.151000 0.944000 0.150000
4 0.909000 0.149000 0.889000 0.147000 0.890000 0.140000 0.909000 0.142000
4 0.912000 0.133000 0.910000 0.141000 0.891000 0.137000 0.893000 0.130000
4 0.912000 0.115000 0.911000 0.122000 0.891000 0.121000 0.891000 0.114000
4 0.910000 0.105000 0.909000 0.112000 0.892000 0.109000 0.893000 0.103000
6 0.911000 0.093000 0.892000 0.093000 0.892000 0.086000 0.911000 0.086000
4 0.913000 0.075000 0.912000 0.081000 0.897000 0.079000 0.898000 0.073000
4 0.913000 0.072000 0.894000 0.069000 0.894000 0.063000 0.913000 0.066000
6 0.919000 0.055000 0.918000 0.062000 0.900000 0.060000 0.901000 0.054000
4 0.922000 0.043000 0.921000 0.050000 0.900000 0.047000 0.901000 0.040000
4 0.770000 0.133000 0.769000 0.141000 0.748000 0.140000 0.748000 0.133000
4 0.770000 0.131000 0.751000 0.130000 0.752000 0.123000 0.770000 0.124000
6 0.705000 0.132000 0.684000 0.130000 0.685000 0.123000 0.705000 0.124000
6 0.706000 0.111000 0.684000 0.109000 0.685000 0.102000 0.706000 0.103000
6 0.628000 0.117000 0.609000 0.116000 0.609000 0.109000 0.628000 0.110000
6 0.704000 0.075000 0.696000 0.076000 0.695000 0.060000 0.703000 0.060000
4 0.670000 0.075000 0.662000 0.075000 0.662000 0.059000 0.670000 0.059000
5 0.660000 0.056000 0.659000 0.076000 0.650000 0.076000 0.650000 0.056000
4 0.539000 0.016000 0.538000 0.032000 0.530000 0.031000 0.531000 0.015000
6 0.532000 0.054000 0.530000 0.066000 0.525000 0.066000 0.526000 0.054000
4 0.522000 0.104000 0.521000 0.119000 0.514000 0.119000 0.515000 0.103000
6 0.512000 0.158000 0.511000 0.172000 0.505000 0.171000 0.506000 0.157000
6 0.227000 0.001000 0.207000 0.003000 0.206000 0.000000 0.227000 0.000000
6 0.244000 0.020000 0.228000 0.021000 0.227000 0.013000 0.244000 0.012000
11 0.246000 0.031000 0.243000 0.038000 0.225000 0.029000 0.229000 0.022000
4 0.214000 0.060000 0.213000 0.067000 0.193000 0.066000 0.193000 0.060000
6 0.237000 0.062000 0.236000 0.069000 0.218000 0.068000 0.218000 0.061000
3 0.238000 0.046000 0.234000 0.052000 0.213000 0.039000 0.217000 0.033000
4 0.137000 0.031000 0.136000 0.049000 0.127000 0.048000 0.128000 0.030000
6 0.133000 0.070000 0.125000 0.070000 0.125000 0.055000 0.132000 0.055000
4 0.132000 0.080000 0.131000 0.098000 0.122000 0.097000 0.123000 0.080000
5 0.129000 0.100000 0.128000 0.118000 0.120000 0.117000 0.120000 0.100000
9 0.161000 0.202000 0.150000 0.283000 0.089000 0.274000 0.100000 0.194000
6 0.095000 0.369000 0.086000 0.369000 0.087000 0.354000 0.095000 0.355000
6 0.089000 0.410000 0.082000 0.410000 0.082000 0.397000 0.089000 0.397000
4 0.087000 0.431000 0.079000 0.431000 0.080000 0.416000 0.087000 0.416000
4 0.084000 0.452000 0.076000 0.452000 0.076000 0.439000 0.084000 0.439000
4 0.130000 0.426000 0.129000 0.442000 0.120000 0.441000 0.121000 0.426000
4 0.126000 0.454000 0.125000 0.471000 0.117000 0.471000 0.118000 0.454000
6 0.080000 0.502000 0.079000 0.521000 0.070000 0.521000 0.071000 0.502000
4 0.077000 0.530000 0.076000 0.542000 0.069000 0.542000 0.070000 0.529000
6 0.091000 0.535000 0.090000 0.550000 0.082000 0.550000 0.083000 0.535000
4 0.074000 0.551000 0.073000 0.567000 0.065000 0.566000 0.066000 0.550000
5 0.087000 0.564000 0.086000 0.583000 0.077000 0.582000 0.078000 0.563000
6 0.074000 0.570000 0.071000 0.590000 0.062000 0.589000 0.065000 0.569000
3 0.106000 0.535000 0.103000 0.568000 0.092000 0.567000 0.095000 0.534000
4 0.114000 0.558000 0.112000 0.572000 0.105000 0.571000 0.107000 0.557000
4 0.082000 0.604000 0.081000 0.620000 0.072000 0.620000 0.073000 0.603000
9 0.112000 0.635000 0.111000 0.686000 0.047000 0.684000 0.049000 0.633000
6 0.089000 0.708000 0.082000 0.708000 0.082000 0.694000 0.089000 0.694000
4 0.086000 0.719000 0.085000 0.734000 0.079000 0.733000 0.079000 0.719000
4 0.084000 0.757000 0.076000 0.757000 0.077000 0.742000 0.084000 0.742000
6 0.082000 0.782000 0.075000 0.782000 0.075000 0.766000 0.082000 0.767000
4 0.080000 0.792000 0.079000 0.809000 0.071000 0.808000 0.072000 0.792000
4 0.074000 0.830000 0.073000 0.845000 0.065000 0.844000 0.066000 0.829000
6 0.112000 0.845000 0.094000 0.845000 0.094000 0.839000 0.112000 0.839000
4 0.080000 0.932000 0.073000 0.932000 0.073000 0.917000 0.080000 0.917000
4 0.024000 0.636000 0.023000 0.644000 0.003000 0.642000 0.003000 0.635000
6 0.156000 0.682000 0.135000 0.680000 0.135000 0.673000 0.156000 0.674000
6 0.303000 0.649000 0.295000 0.648000 0.296000 0.631000 0.303000 0.632000
4 0.328000 0.633000 0.327000 0.649000 0.320000 0.648000 0.321000 0.633000
6 0.341000 0.651000 0.333000 0.651000 0.333000 0.634000 0.341000 0.635000
4 0.392000 0.639000 0.391000 0.653000 0.384000 0.653000 0.384000 0.639000
6 0.405000 0.637000 0.404000 0.653000 0.396000 0.652000 0.397000 0.637000
4 0.503000 0.672000 0.502000 0.679000 0.486000 0.678000 0.486000 0.671000
6 0.529000 0.682000 0.511000 0.681000 0.511000 0.674000 0.529000 0.675000
6 0.608000 0.259000 0.588000 0.259000 0.588000 0.251000 0.608000 0.252000
5 0.588000 0.275000 0.587000 0.282000 0.566000 0.281000 0.566000 0.274000
6 0.542000 0.293000 0.518000 0.293000 0.518000 0.286000 0.542000 0.286000
4 0.374000 0.232000 0.352000 0.231000 0.353000 0.224000 0.374000 0.225000
4 0.347000 0.230000 0.328000 0.229000 0.329000 0.222000 0.347000 0.223000
4 0.292000 0.225000 0.275000 0.224000 0.276000 0.218000 0.292000 0.219000
4 0.255000 0.246000 0.238000 0.245000 0.238000 0.239000 0.255000 0.240000
6 0.241000 0.221000 0.223000 0.221000 0.223000 0.215000 0.241000 0.215000
6 0.222000 0.235000 0.221000 0.242000 0.201000 0.241000 0.201000 0.235000
6 0.232000 0.275000 0.216000 0.274000 0.216000 0.268000 0.232000 0.269000
6 0.263000 0.270000 0.262000 0.277000 0.245000 0.276000 0.246000 0.269000
6 0.307000 0.280000 0.285000 0.278000 0.286000 0.271000 0.307000 0.273000
4 0.360000 0.277000 0.359000 0.284000 0.339000 0.282000 0.340000 0.275000
6 0.043000 0.202000 0.042000 0.208000 0.027000 0.207000 0.027000 0.201000
3 0.017000 0.210000 0.017000 0.219000 0.000000 0.218000 0.000000 0.209000
4 0.056000 0.244000 0.035000 0.242000 0.035000 0.236000 0.056000 0.237000
5 0.055000 0.247000 0.054000 0.255000 0.031000 0.252000 0.032000 0.244000
4 0.029000 0.257000 0.028000 0.264000 0.008000 0.261000 0.009000 0.255000
4 0.020000 0.244000 0.019000 0.252000 0.000000 0.250000 0.000000 0.242000
6 0.023000 0.234000 0.022000 0.242000 0.004000 0.239000 0.005000 0.232000
4 0.224000 0.589000 0.222000 0.603000 0.216000 0.602000 0.217000 0.588000
4 0.637000 0.428000 0.636000 0.442000 0.628000 0.442000 0.629000 0.428000
6 0.663000 0.428000 0.662000 0.443000 0.654000 0.442000 0.656000 0.428000
4 0.625000 0.358000 0.606000 0.357000 0.607000 0.351000 0.625000 0.352000
4 0.626000 0.343000 0.625000 0.350000 0.607000 0.349000 0.608000 0.342000
6 0.626000 0.333000 0.608000 0.332000 0.608000 0.326000 0.626000 0.327000
5 0.716000 0.352000 0.711000 0.358000 0.698000 0.347000 0.703000 0.341000
4 0.709000 0.368000 0.704000 0.372000 0.697000 0.360000 0.702000 0.357000
5 0.711000 0.381000 0.707000 0.386000 0.693000 0.374000 0.697000 0.369000
4 0.741000 0.379000 0.723000 0.378000 0.723000 0.371000 0.741000 0.372000
6 0.744000 0.324000 0.728000 0.323000 0.728000 0.317000 0.744000 0.318000
5 0.746000 0.422000 0.745000 0.429000 0.721000 0.427000 0.722000 0.419000
6 0.743000 0.438000 0.719000 0.436000 0.719000 0.429000 0.743000 0.430000
6 0.735000 0.440000 0.734000 0.446000 0.719000 0.444000 0.720000 0.438000
6 0.763000 0.460000 0.762000 0.476000 0.754000 0.475000 0.755000 0.460000
6 0.849000 0.440000 0.829000 0.440000 0.829000 0.433000 0.849000 0.433000
6 0.788000 0.327000 0.787000 0.342000 0.779000 0.341000 0.780000 0.326000
6 0.815000 0.340000 0.807000 0.340000 0.807000 0.325000 0.815000 0.325000
6 0.857000 0.327000 0.855000 0.344000 0.848000 0.343000 0.850000 0.326000
6 0.885000 0.330000 0.882000 0.344000 0.874000 0.343000 0.877000 0.328000
6 0.689000 0.557000 0.681000 0.557000 0.681000 0.543000 0.689000 0.543000
4 0.715000 0.544000 0.713000 0.559000 0.706000 0.558000 0.707000 0.543000
4 0.905000 0.532000 0.887000 0.531000 0.887000 0.524000 0.905000 0.524000
6 0.902000 0.555000 0.896000 0.560000 0.885000 0.547000 0.891000 0.542000
4 0.943000 0.586000 0.923000 0.586000 0.923000 0.579000 0.943000 0.578000
6 0.899000 0.573000 0.897000 0.579000 0.879000 0.572000 0.881000 0.566000
6 0.992000 0.838000 0.988000 0.852000 0.981000 0.850000 0.985000 0.836000
6 0.763000 0.830000 0.744000 0.829000 0.744000 0.823000 0.763000 0.824000
6 0.900000 0.942000 0.877000 0.942000 0.877000 0.935000 0.900000 0.935000
4 0.918000 0.963000 0.897000 0.963000 0.897000 0.956000 0.918000 0.957000
4 0.235000 0.963000 0.229000 0.964000 0.229000 0.955000 0.235000 0.955000
4 0.224000 0.952000 0.223000 0.964000 0.217000 0.964000 0.217000 0.952000
4 0.251000 0.933000 0.234000 0.933000 0.234000 0.927000 0.251000 0.927000
4 0.262000 0.907000 0.242000 0.907000 0.242000 0.899000 0.262000 0.899000
6 0.313000 0.888000 0.292000 0.888000 0.292000 0.882000 0.313000 0.882000
6 0.315000 0.877000 0.299000 0.876000 0.299000 0.871000 0.315000 0.871000
6 0.011000 0.807000 0.011000 0.813000 0.000000 0.811000 0.000000 0.805000
6 0.018000 0.891000 0.018000 0.898000 0.000000 0.897000 0.000000 0.891000
4 0.304000 0.852000 0.295000 0.852000 0.295000 0.836000 0.304000 0.836000
4 0.272000 0.891000 0.260000 0.891000 0.260000 0.871000 0.271000 0.871000
4 0.249000 0.870000 0.248000 0.887000 0.239000 0.887000 0.239000 0.870000
