4 0.014000 0.955000 0.005000 0.955000 0.005000 0.940000 0.014000 0.940000
6 0.027000 0.955000 0.019000 0.955000 0.019000 0.940000 0.026000 0.940000
4 0.095000 0.955000 0.086000 0.957000 0.082000 0.940000 0.091000 0.938000
6 0.126000 0.958000 0.117000 0.958000 0.117000 0.942000 0.126000 0.941000
4 0.138000 0.957000 0.129000 0.957000 0.129000 0.942000 0.138000 0.942000
4 0.196000 0.939000 0.187000 0.939000 0.186000 0.922000 0.195000 0.922000
4 0.558000 0.985000 0.552000 0.985000 0.552000 0.971000 0.558000 0.971000
6 0.616000 0.921000 0.615000 0.945000 0.606000 0.945000 0.606000 0.921000
4 0.363000 0.911000 0.345000 0.911000 0.345000 0.905000 0.363000 0.905000
4 0.392000 0.792000 0.389000 0.799000 0.370000 0.791000 0.373000 0.784000
4 0.333000 0.786000 0.325000 0.786000 0.324000 0.771000 0.332000 0.771000
6 0.312000 0.785000 0.304000 0.786000 0.304000 0.772000 0.311000 0.772000
4 0.246000 0.788000 0.237000 0.788000 0.237000 0.774000 0.245000 0.774000
4 0.225000 0.706000 0.217000 0.706000 0.217000 0.691000 0.225000 0.691000
4 0.192000 0.694000 0.183000 0.694000 0.182000 0.679000 0.191000 0.679000
4 0.191000 0.648000 0.184000 0.648000 0.183000 0.634000 0.191000 0.634000
6 0.166000 0.651000 0.158000 0.651000 0.158000 0.633000 0.166000 0.633000
6 0.166000 0.630000 0.157000 0.630000 0.157000 0.611000 0.166000 0.611000
6 0.005973 0.630838 0.000000 0.631833 0.000000 0.613333 0.002973 0.612838
4 0.109000 0.777000 0.100000 0.777000 0.099000 0.764000 0.108000 0.764000
6 0.545000 0.775000 0.536000 0.775000 0.536000 0.758000 0.545000 0.758000
6 0.569000 0.752000 0.558000 0.752000 0.557000 0.735000 0.568000 0.735000
6 0.566000 0.667000 0.556000 0.667000 0.556000 0.650000 0.566000 0.650000
9 0.608000 0.608000 0.526000 0.610000 0.524000 0.550000 0.606000 0.548000
4 0.959000 0.549000 0.951000 0.549000 0.951000 0.533000 0.959000 0.533000
4 0.959000 0.531000 0.951000 0.531000 0.951000 0.516000 0.958000 0.516000
6 0.948000 0.534000 0.939000 0.535000 0.939000 0.519000 0.948000 0.519000
4 0.473000 0.414000 0.461000 0.428000 0.455000 0.423000 0.467000 0.409000
6 0.471000 0.386000 0.465000 0.386000 0.464000 0.373000 0.471000 0.373000
4 0.462000 0.390000 0.452000 0.390000 0.452000 0.372000 0.462000 0.372000
4 0.459000 0.369000 0.451000 0.369000 0.450000 0.353000 0.458000 0.353000
4 0.437000 0.371000 0.428000 0.372000 0.427000 0.354000 0.437000 0.354000
4 0.413000 0.369000 0.405000 0.369000 0.405000 0.353000 0.413000 0.353000
4 0.352000 0.367000 0.332000 0.367000 0.332000 0.361000 0.352000 0.361000
4 0.403000 0.300000 0.400000 0.305000 0.383000 0.296000 0.386000 0.291000
5 0.289000 0.326000 0.281000 0.326000 0.281000 0.309000 0.289000 0.309000
4 0.244000 0.311000 0.243000 0.324000 0.235000 0.324000 0.235000 0.310000
4 0.225000 0.374000 0.203000 0.373000 0.203000 0.367000 0.225000 0.368000
4 0.139000 0.369000 0.120000 0.369000 0.120000 0.364000 0.139000 0.364000
4 0.142000 0.361000 0.119000 0.360000 0.119000 0.355000 0.142000 0.355000
4 0.142000 0.351000 0.121000 0.351000 0.121000 0.345000 0.142000 0.345000
4 0.108000 0.316000 0.100000 0.317000 0.097000 0.301000 0.105000 0.300000
5 0.077000 0.418000 0.048000 0.418000 0.048000 0.408000 0.077000 0.408000
6 0.017387 0.427251 0.013000 0.434000 0.000000 0.425550 0.000000 0.415950
9 0.585000 0.169000 0.517000 0.169000 0.517000 0.027000 0.585000 0.027000
6 0.436000 0.133000 0.414000 0.133000 0.414000 0.127000 0.436000 0.127000
6 0.410000 0.127000 0.409000 0.134000 0.385000 0.133000 0.385000 0.126000
6 0.380000 0.135000 0.357000 0.135000 0.357000 0.127000 0.380000 0.127000
5 0.354000 0.135000 0.323000 0.135000 0.323000 0.128000 0.354000 0.128000
4 0.277000 0.167000 0.253000 0.167000 0.253000 0.160000 0.277000 0.160000
5 0.222000 0.167000 0.194000 0.166000 0.194000 0.160000 0.222000 0.160000
6 0.192000 0.167000 0.168000 0.167000 0.168000 0.161000 0.192000 0.160000
4 0.156000 0.168000 0.132000 0.168000 0.132000 0.160000 0.156000 0.160000
3 0.070000 0.138000 0.034000 0.137000 0.035000 0.127000 0.070000 0.128000
4 0.732000 0.176000 0.724000 0.181000 0.717000 0.169000 0.725000 0.164000
4 0.744000 0.177000 0.736000 0.180000 0.733000 0.171000 0.741000 0.169000
4 0.787000 0.177000 0.779000 0.180000 0.774000 0.171000 0.782000 0.167000
4 0.800000 0.178000 0.793000 0.181000 0.788000 0.170000 0.794000 0.166000
4 0.250000 0.168000 0.224000 0.168000 0.224000 0.159000 0.250000 0.159000
4 0.341000 0.728000 0.340000 0.734000 0.321000 0.733000 0.322000 0.726000
