3 0.051667 0.872500 0.016667 0.887500 0.008750 0.878750 0.035000 0.865000
5 0.173333 0.968750 0.140000 0.988750 0.098750 0.982500 0.123750 0.962500
6 0.568333 0.931250 0.546667 0.943750 0.406250 0.937500 0.422500 0.926250
6 0.610000 0.912500 0.581667 0.926250 0.431250 0.918750 0.451250 0.905000
4 0.508333 0.900000 0.473333 0.910000 0.352500 0.901250 0.378750 0.891250
4 0.581667 0.873750 0.556667 0.883750 0.413750 0.877500 0.432500 0.867500
4 0.625000 0.856250 0.598333 0.867500 0.445000 0.862500 0.465000 0.850000
4 0.670000 0.837500 0.645000 0.846250 0.480000 0.840000 0.498750 0.830000
6 0.705000 0.831250 0.676667 0.833750 0.507500 0.826250 0.528750 0.823750
4 0.730000 0.865000 0.705000 0.873750 0.525000 0.866250 0.543750 0.857500
6 0.783333 0.856250 0.751667 0.860000 0.562500 0.851250 0.586250 0.848750
6 0.825000 0.851250 0.785000 0.855000 0.587500 0.846250 0.617500 0.842500
6 0.870000 0.840000 0.838333 0.850000 0.625000 0.842500 0.650000 0.833750
4 0.845000 0.820000 0.808333 0.823750 0.605000 0.815000 0.632500 0.810000
4 0.588333 0.756250 0.555000 0.757500 0.416250 0.748750 0.441250 0.748750
4 0.745000 0.758750 0.711667 0.758750 0.533750 0.750000 0.558750 0.750000
6 0.795000 0.757500 0.763333 0.757500 0.572500 0.748750 0.596250 0.748750
4 0.845000 0.750000 0.843333 0.757500 0.603750 0.757500 0.603750 0.748750
4 0.883333 0.758750 0.850000 0.758750 0.637500 0.750000 0.662500 0.750000
4 0.463333 0.636250 0.430000 0.636250 0.322500 0.627500 0.347500 0.627500
5 0.483333 0.597500 0.468333 0.597500 0.350000 0.575000 0.361250 0.573750
5 0.498333 0.597500 0.485000 0.597500 0.362500 0.573750 0.373750 0.573750
4 0.545000 0.576250 0.510000 0.577500 0.382500 0.568750 0.408750 0.567500
6 0.598333 0.542500 0.586667 0.546250 0.432500 0.527500 0.441250 0.523750
6 0.205000 0.540000 0.190000 0.545000 0.132500 0.521250 0.145000 0.517500
5 0.555000 0.332500 0.515000 0.333750 0.386250 0.322500 0.416250 0.322500
6 0.120000 0.980000 0.093333 0.992500 0.065000 0.983750 0.085000 0.971250
