4 0.956250 0.210000 0.951250 0.218333 1.243333 0.200000 1.251667 0.191667
5 0.943750 0.230000 0.937500 0.240000 1.221667 0.218333 1.230000 0.206667
4 0.802500 0.351667 0.785000 0.373333 1.040000 0.363333 1.061667 0.343333
6 0.685000 0.575000 0.680000 0.585000 0.883333 0.566667 0.890000 0.556667
4 0.727500 0.591667 0.712500 0.613333 0.941667 0.605000 0.961667 0.585000
4 0.778750 0.635000 0.762500 0.658333 1.006667 0.648333 1.028333 0.625000
4 0.740000 0.701667 0.720000 0.728333 0.950000 0.720000 0.978333 0.693333
6 0.856250 0.675000 0.850000 0.685000 1.110000 0.663333 1.120000 0.653333
3 0.933750 0.806667 0.907500 0.838333 1.196667 0.823333 1.231667 0.793333
6 0.973750 0.723333 0.960000 0.743333 1.271667 0.735000 1.290000 0.716667
