29 0.798000 0.464000 0.719000 0.430000 0.688000 0.503000 0.767000 0.537000
29 0.182000 0.095000 0.115000 0.146000 0.165000 0.212000 0.234000 0.160000
20 0.301000 0.264000 0.255000 0.205000 0.194000 0.253000 0.238000 0.312000
19 0.238000 0.312000 0.213000 0.279000 0.184000 0.304000 0.209000 0.336000
20 0.213000 0.331000 0.169000 0.277000 0.109000 0.327000 0.153000 0.380000
13 0.111000 0.204000 0.159000 0.168000 0.126000 0.127000 0.078000 0.162000
26 0.725000 0.254000 0.853000 0.254000 0.853000 0.131000 0.725000 0.131000
9 0.688000 0.730000 0.761000 0.695000 0.730000 0.629000 0.655000 0.663000
21 0.789000 0.507000 0.748000 0.424000 0.801000 0.398000 0.841000 0.481000
15 0.830000 0.386000 0.866000 0.368000 0.876000 0.387000 0.839000 0.405000
