9 0.180000 0.476667 0.108750 0.481667 0.143333 0.433333 0.238333 0.428333
4 0.235000 0.320000 0.217500 0.321667 0.290000 0.308333 0.311667 0.306667
4 0.635000 0.120000 0.608750 0.125000 0.810000 0.111667 0.845000 0.108333
11 0.610000 0.401667 0.573750 0.405000 0.763333 0.378333 0.811667 0.375000
5 0.570000 0.398333 0.535000 0.401667 0.711667 0.386667 0.758333 0.383333
6 0.670000 0.448333 0.657500 0.455000 0.868333 0.430000 0.885000 0.425000
4 0.888750 0.665000 0.857500 0.666667 1.143333 0.653333 1.185000 0.651667
6 0.747500 0.678333 0.718750 0.680000 0.958333 0.668333 0.996667 0.666667
6 0.636250 0.596667 0.635000 0.628333 0.825000 0.628333 0.826667 0.596667
6 0.413750 0.668333 0.410000 0.680000 0.518333 0.668333 0.523333 0.656667
6 0.541250 0.746667 0.503750 0.746667 0.671667 0.733333 0.721667 0.733333
6 0.737500 0.818333 0.736250 0.846667 0.961667 0.845000 0.963333 0.816667
4 0.148750 0.745000 0.147500 0.758333 0.160000 0.756667 0.160000 0.745000
6 0.320000 0.485000 0.307500 0.486667 0.406667 0.460000 0.423333 0.458333
4 0.312500 0.083333 0.300000 0.085000 0.396667 0.055000 0.413333 0.053333
6 0.266250 0.163333 0.238750 0.165000 0.316667 0.153333 0.353333 0.150000
4 0.225000 0.170000 0.197500 0.171667 0.261667 0.158333 0.298333 0.156667
4 0.195000 0.173333 0.162500 0.175000 0.216667 0.163333 0.260000 0.161667
9 0.140000 0.196667 0.078750 0.200000 0.101667 0.125000 0.183333 0.121667
4 0.021250 0.195000 0.000000 0.195000 0.000000 0.181667 0.028333 0.181667
6 0.120000 0.056667 0.105000 0.060000 0.135000 0.031667 0.153333 0.028333
4 0.153750 0.868333 0.142500 0.870000 0.186667 0.843333 0.201667 0.841667
5 0.101250 0.955000 0.097500 0.966667 0.080000 0.940000 0.085000 0.928333
5 0.123750 0.956667 0.112500 0.961667 0.140000 0.930000 0.156667 0.925000
5 0.151250 0.953333 0.137500 0.960000 0.171667 0.925000 0.188333 0.918333
5 0.098750 0.981667 0.063750 0.985000 0.085000 0.971667 0.131667 0.970000
