6 0.382000 0.447000 0.368000 0.458000 0.363000 0.451000 0.377000 0.440000
3 1.000000 0.976071 0.972787 0.978015 0.972000 0.967000 1.000000 0.965000
11 0.920000 0.933000 0.911000 0.941000 0.894000 0.922000 0.902000 0.914000
4 0.424000 0.281000 0.413000 0.292000 0.407000 0.286000 0.418000 0.275000
4 0.344000 0.314000 0.321000 0.330000 0.313000 0.320000 0.336000 0.303000
4 0.356000 0.326000 0.339000 0.338000 0.333000 0.330000 0.351000 0.318000
4 0.368000 0.331000 0.351000 0.345000 0.344000 0.337000 0.361000 0.323000
4 0.412000 0.368000 0.396000 0.384000 0.390000 0.378000 0.406000 0.362000
6 0.387000 0.419000 0.371000 0.433000 0.364000 0.425000 0.381000 0.411000
4 0.369000 0.404000 0.354000 0.418000 0.348000 0.412000 0.363000 0.397000
4 0.296000 0.346000 0.278000 0.361000 0.272000 0.353000 0.290000 0.339000
4 0.260000 0.350000 0.243000 0.364000 0.237000 0.356000 0.254000 0.343000
4 0.212000 0.382000 0.197000 0.395000 0.191000 0.389000 0.207000 0.376000
