12 0.250000 0.063000 0.287000 0.087000 0.309000 0.054000 0.271000 0.030000
17 0.069000 0.175000 0.116000 0.195000 0.133000 0.154000 0.086000 0.135000
17 0.272000 0.218000 0.318000 0.196000 0.298000 0.154000 0.252000 0.175000
19 0.294000 0.421000 0.329000 0.406000 0.309000 0.359000 0.274000 0.374000
12 0.335000 0.399000 0.376000 0.382000 0.357000 0.338000 0.316000 0.355000
13 0.452000 0.436000 0.498000 0.418000 0.482000 0.378000 0.436000 0.396000
19 0.475000 0.476000 0.519000 0.457000 0.505000 0.425000 0.461000 0.445000
12 0.368000 0.572000 0.385000 0.612000 0.424000 0.595000 0.407000 0.555000
12 0.325000 0.741000 0.372000 0.722000 0.356000 0.681000 0.308000 0.700000
12 0.449000 1.002000 0.491000 0.984000 0.474000 0.945000 0.432000 0.964000
