4 0.815000 0.088000 0.796000 0.098000 0.791000 0.089000 0.811000 0.079000
14 0.926000 0.837000 0.875000 0.835000 0.874000 0.755000 0.926000 0.755000
14 1.000000 0.836938 0.950996 0.836333 0.952000 0.755000 1.000000 0.755593
32 0.715000 0.747000 0.564000 0.843000 0.483000 0.716000 0.634000 0.620000
6 0.113000 0.939000 0.090000 0.952000 0.084000 0.941000 0.107000 0.928000
6 0.398000 0.884000 0.392000 0.890000 0.377000 0.876000 0.383000 0.870000
6 0.414000 0.877000 0.409000 0.883000 0.395000 0.869000 0.400000 0.864000
6 0.430000 0.877000 0.425000 0.882000 0.410000 0.868000 0.416000 0.862000
4 0.461000 0.879000 0.456000 0.885000 0.442000 0.873000 0.448000 0.867000
6 0.511000 0.882000 0.505000 0.888000 0.491000 0.871000 0.497000 0.865000
4 0.528000 0.883000 0.521000 0.888000 0.505000 0.870000 0.513000 0.864000
11 0.437000 0.974000 0.432000 0.979000 0.422000 0.968000 0.428000 0.963000
4 0.508000 0.980000 0.500000 0.984000 0.490000 0.967000 0.497000 0.963000
4 0.557000 0.980000 0.550000 0.985000 0.537000 0.967000 0.544000 0.962000
4 0.823000 0.889000 0.815000 0.893000 0.805000 0.875000 0.813000 0.871000
