9 0.673000 0.816000 0.626000 0.828000 0.611000 0.769000 0.658000 0.757000
9 0.296000 0.878000 0.244000 0.890000 0.230000 0.833000 0.282000 0.821000
4 0.188000 0.358000 0.166000 0.360000 0.166000 0.354000 0.188000 0.352000
4 0.997075 0.420179 0.989000 0.401000 0.998925 0.396821 1.007000 0.416000
4 0.985000 0.296000 0.973000 0.299000 0.967000 0.280000 0.979000 0.277000
5 0.715000 0.180000 0.687000 0.183000 0.686000 0.174000 0.714000 0.171000
6 0.765000 0.173000 0.749000 0.179000 0.746000 0.170000 0.762000 0.165000
6 0.768000 0.185000 0.747000 0.186000 0.747000 0.177000 0.768000 0.177000
5 0.811000 0.387000 0.795000 0.390000 0.794000 0.383000 0.809000 0.380000
6 0.817000 0.397000 0.793000 0.402000 0.791000 0.393000 0.816000 0.388000
5 0.821000 0.405000 0.794000 0.410000 0.792000 0.401000 0.819000 0.396000
5 0.814000 0.415000 0.801000 0.415000 0.801000 0.407000 0.814000 0.407000
4 0.821000 0.422000 0.799000 0.426000 0.798000 0.418000 0.820000 0.415000
4 0.822000 0.434000 0.804000 0.436000 0.803000 0.428000 0.821000 0.426000
4 0.725000 0.264000 0.709000 0.265000 0.709000 0.258000 0.724000 0.256000
4 0.597000 0.286000 0.581000 0.290000 0.579000 0.281000 0.595000 0.278000
6 0.027000 0.066000 0.018000 0.071000 0.008000 0.050000 0.017000 0.046000
5 0.429000 0.024000 0.422000 0.002000 0.433475 -0.001651 0.440475 0.020349
6 0.405000 0.024000 0.395000 0.027000 0.391000 0.010000 0.400000 0.007000
6 0.393000 0.026000 0.384000 0.030000 0.378000 0.015000 0.387000 0.011000
4 0.374000 0.032000 0.365000 0.035000 0.358000 0.016000 0.368000 0.013000
6 0.289000 0.103000 0.276000 0.106000 0.274000 0.098000 0.287000 0.095000
4 0.509000 0.123000 0.501000 0.124000 0.498000 0.108000 0.506000 0.107000
4 0.521000 0.155000 0.512000 0.158000 0.505000 0.139000 0.514000 0.135000
4 0.540000 0.221000 0.530000 0.223000 0.525000 0.202000 0.535000 0.199000
6 0.501000 0.239000 0.492000 0.243000 0.485000 0.225000 0.494000 0.221000
4 0.333000 0.289000 0.323000 0.294000 0.314000 0.278000 0.325000 0.272000
5 0.328000 0.226000 0.300000 0.232000 0.298000 0.223000 0.326000 0.217000
6 0.275000 0.220000 0.251000 0.222000 0.250000 0.213000 0.274000 0.212000
4 0.108000 0.271000 0.098000 0.272000 0.095000 0.253000 0.106000 0.252000
4 0.086000 0.264000 0.075000 0.267000 0.071000 0.249000 0.081000 0.246000
4 0.115000 0.293000 0.105000 0.297000 0.099000 0.278000 0.109000 0.274000
4 0.119000 0.314000 0.110000 0.316000 0.106000 0.298000 0.115000 0.296000
6 0.323000 0.398000 0.313000 0.400000 0.310000 0.381000 0.319000 0.379000
4 0.334000 0.395000 0.325000 0.396000 0.323000 0.380000 0.332000 0.379000
5 0.440000 0.504000 0.413000 0.506000 0.413000 0.500000 0.440000 0.498000
4 0.786000 0.541000 0.771000 0.546000 0.768000 0.536000 0.783000 0.531000
4 0.785000 0.550000 0.774000 0.565000 0.767000 0.560000 0.778000 0.545000
6 0.770000 0.553000 0.759000 0.569000 0.752000 0.564000 0.763000 0.548000
4 0.755000 0.560000 0.742000 0.572000 0.736000 0.565000 0.749000 0.553000
5 0.694000 0.569000 0.676000 0.586000 0.667000 0.576000 0.685000 0.560000
4 0.659000 0.571000 0.648000 0.590000 0.639000 0.585000 0.649000 0.566000
4 0.644000 0.576000 0.631000 0.590000 0.622000 0.581000 0.636000 0.568000
4 0.224000 0.683000 0.216000 0.684000 0.213000 0.673000 0.222000 0.672000
3 0.412000 0.731000 0.387000 0.734000 0.386000 0.725000 0.411000 0.721000
4 0.492000 0.664000 0.473000 0.666000 0.472000 0.657000 0.491000 0.655000
4 0.362000 0.712000 0.354000 0.714000 0.351000 0.702000 0.358000 0.700000
6 0.354000 0.716000 0.345000 0.718000 0.342000 0.703000 0.351000 0.701000
6 0.087000 0.444000 0.073000 0.449000 0.066000 0.427000 0.080000 0.423000
6 0.157000 0.445000 0.148000 0.448000 0.143000 0.432000 0.152000 0.429000
4 0.186000 0.554000 0.178000 0.556000 0.172000 0.537000 0.181000 0.534000
4 0.193000 0.572000 0.184000 0.575000 0.179000 0.555000 0.187000 0.553000
6 0.817000 0.832000 0.806000 0.835000 0.802000 0.819000 0.813000 0.816000
5 0.265000 0.936000 0.253000 0.939000 0.247000 0.913000 0.258000 0.910000
4 0.277000 0.991000 0.266000 0.992000 0.264000 0.974000 0.275000 0.973000
4 0.477000 0.879000 0.469000 0.880000 0.467000 0.868000 0.474000 0.867000
6 0.499000 0.889000 0.482000 0.891000 0.481000 0.884000 0.499000 0.882000
4 0.436000 0.891000 0.413000 0.895000 0.412000 0.887000 0.434000 0.883000
4 0.437000 0.901000 0.416000 0.903000 0.415000 0.894000 0.437000 0.892000
4 0.439000 0.908000 0.418000 0.911000 0.417000 0.904000 0.437000 0.900000
5 0.447000 0.917000 0.424000 0.921000 0.423000 0.911000 0.446000 0.908000
5 0.517000 0.968000 0.491000 0.970000 0.490000 0.961000 0.516000 0.959000
4 0.463724 1.003053 0.462000 0.994000 0.483276 0.989948 0.485000 0.999000
4 0.649000 0.870000 0.639000 0.873000 0.634000 0.853000 0.644000 0.851000
5 0.662000 0.919000 0.650000 0.922000 0.643000 0.898000 0.655000 0.894000
4 0.733000 0.970000 0.724000 0.975000 0.715000 0.962000 0.724000 0.956000
4 0.927000 0.875000 0.904000 0.877000 0.903000 0.867000 0.927000 0.865000
4 0.711000 0.194000 0.688000 0.197000 0.687000 0.189000 0.709000 0.185000
