11 0.746667 0.038750 0.745000 0.052500 0.526250 0.048750 0.527500 0.035000
6 0.628333 0.083750 0.590000 0.083750 0.442500 0.072500 0.471250 0.072500
4 0.836667 0.723750 0.835000 0.745000 0.615000 0.743750 0.616250 0.722500
4 0.993333 0.740000 0.991667 0.755000 0.731250 0.755000 0.731250 0.738750
6 0.428333 0.975000 0.426667 0.995000 0.311250 0.995000 0.312500 0.973750
6 0.401667 0.870000 0.366667 0.872500 0.275000 0.863750 0.301250 0.861250
4 0.363333 0.872500 0.326667 0.875000 0.243750 0.867500 0.272500 0.865000
6 0.728333 0.135000 0.715000 0.135000 0.536250 0.113750 0.545000 0.112500
6 0.393333 0.205000 0.360000 0.207500 0.270000 0.198750 0.293750 0.197500
6 0.336667 0.481250 0.333333 0.491250 0.226250 0.485000 0.227500 0.475000
6 0.188333 0.682500 0.158333 0.683750 0.118750 0.673750 0.141250 0.673750
4 0.078333 0.670000 0.038333 0.670000 0.028750 0.661250 0.058750 0.661250
3 0.666667 0.862500 0.616667 0.863750 0.462500 0.847500 0.500000 0.847500
9 0.503333 0.038750 0.498333 0.107500 0.312500 0.105000 0.316250 0.036250
9 0.450000 0.711250 0.370000 0.717500 0.268750 0.633750 0.328750 0.626250
