18 0.080000 0.015000 0.051250 0.040000 0.061667 0.028333 0.100000 0.005000
18 0.102500 0.063333 0.075000 0.091667 0.095000 0.081667 0.131667 0.055000
18 0.100000 0.088333 0.078750 0.108333 0.098333 0.098333 0.126667 0.078333
18 0.170000 0.143333 0.122500 0.180000 0.156667 0.166667 0.216667 0.128333
2 0.495000 0.301667 0.475000 0.301667 0.626667 0.143333 0.653333 0.143333
2 0.508750 0.238333 0.490000 0.238333 0.653333 0.045000 0.675000 0.045000
2 0.526250 0.241667 0.508750 0.241667 0.678333 0.048333 0.701667 0.048333
2 0.545000 0.241667 0.526250 0.241667 0.698333 0.048333 0.723333 0.048333
2 0.562500 0.233333 0.542500 0.233333 0.723333 0.048333 0.750000 0.048333
2 0.581250 0.230000 0.563750 0.230000 0.750000 0.045000 0.775000 0.045000
2 0.620000 0.226667 0.600000 0.226667 0.793333 0.045000 0.820000 0.041667
2 0.636250 0.250000 0.620000 0.250000 0.820000 0.060000 0.841667 0.060000
2 0.653750 0.181667 0.633757 0.182147 0.841727 0.000000 0.868393 0.000000
2 0.672500 0.180000 0.653750 0.180000 0.871667 0.021667 0.896667 0.021667
2 0.688750 0.193333 0.670000 0.193333 0.896667 0.030000 0.918333 0.033333
2 0.703750 0.191667 0.688750 0.191667 0.918333 0.030000 0.938333 0.030000
2 0.722500 0.191667 0.703750 0.191667 0.938333 0.030000 0.963333 0.030000
2 0.742500 0.071667 0.740000 0.263333 0.960000 0.260000 0.963333 0.071667
2 0.761250 0.036667 0.758750 0.211667 0.986667 0.211667 0.990000 0.033333
2 0.776250 0.030000 0.773750 0.226667 1.011667 0.226667 1.011667 0.030000
2 0.797500 0.048333 0.795000 0.250000 1.031667 0.250000 1.038333 0.048333
2 0.833750 0.250000 0.816250 0.253333 1.056667 0.098333 1.083333 0.093333
2 0.855000 0.271667 0.838750 0.275000 1.083333 0.093333 1.101667 0.090000
2 0.872500 0.253333 0.852500 0.260000 1.101667 0.075000 1.130000 0.071667
2 0.886250 0.241667 0.870000 0.245000 1.136667 0.083333 1.160000 0.078333
2 0.906250 0.241667 0.888750 0.245000 1.156667 0.063333 1.178333 0.060000
2 0.925000 0.256667 0.907500 0.263333 1.181667 0.066667 1.201667 0.063333
2 0.948750 0.221667 0.930000 0.223333 1.216667 0.033333 1.240000 0.030000
2 0.966250 0.223333 0.948750 0.226667 1.246667 0.071667 1.268333 0.068333
2 0.982500 0.211667 0.966250 0.215000 1.265000 0.030000 1.288333 0.026667
2 0.982418 0.196681 0.963750 0.010000 1.310000 0.006667 1.334891 0.193348
7 0.795000 0.473333 0.785000 0.515000 1.021667 0.506667 1.038333 0.468333
7 0.840000 0.558333 0.831250 0.596667 1.095000 0.593333 1.108333 0.555000
7 0.893750 0.563333 0.876250 0.586667 1.160000 0.578333 1.181667 0.555000
7 0.881250 0.610000 0.860000 0.643333 1.130000 0.628333 1.160000 0.596667
7 0.932500 0.518333 0.907500 0.555000 1.195000 0.540000 1.226667 0.503333
