4 1.000000 0.843750 0.981667 0.848750 0.733750 0.840000 0.750000 0.832500
4 0.950000 0.856250 0.921667 0.865000 0.687500 0.856250 0.710000 0.848750
4 0.880000 0.872500 0.853333 0.880000 0.637500 0.871250 0.657500 0.865000
6 0.810000 0.896250 0.778333 0.905000 0.580000 0.896250 0.603750 0.887500
6 0.780000 0.933750 0.751667 0.941250 0.561250 0.933750 0.582500 0.926250
4 0.750000 0.907500 0.723333 0.915000 0.540000 0.906250 0.560000 0.900000
6 0.695000 0.922500 0.668333 0.930000 0.498750 0.923750 0.518750 0.916250
4 0.640000 0.936250 0.611667 0.945000 0.456250 0.937500 0.477500 0.928750
6 0.601667 0.947500 0.571667 0.955000 0.426250 0.947500 0.448750 0.940000
4 0.550000 0.960000 0.521667 0.967500 0.388750 0.958750 0.410000 0.952500
4 0.610000 0.981250 0.573333 0.992500 0.427500 0.983750 0.453750 0.973750
4 0.488333 0.976250 0.456667 0.983750 0.340000 0.976250 0.363750 0.968750
11 0.346667 0.877500 0.335000 0.882500 0.236250 0.861250 0.246250 0.855000
5 0.336667 0.956250 0.326667 0.961250 0.232500 0.941250 0.240000 0.936250
5 0.328333 0.887500 0.316667 0.892500 0.225000 0.867500 0.233750 0.863750
5 0.311667 0.893750 0.296667 0.898750 0.207500 0.871250 0.218750 0.865000
4 0.290000 0.897500 0.275000 0.902500 0.196250 0.876250 0.206250 0.872500
4 0.181667 0.961250 0.160000 0.963750 0.118750 0.957500 0.135000 0.953750
