28 0.877500 0.023333 0.865000 0.103333 1.138333 0.100000 1.158333 0.020000
28 0.885000 0.090000 0.877500 0.140000 1.163333 0.135000 1.170000 0.086667
28 0.785000 0.236667 0.776250 0.308333 1.021667 0.306667 1.035000 0.231667
28 0.800000 0.241667 0.787500 0.308333 1.036667 0.301667 1.046667 0.238333
28 0.810000 0.245000 0.801250 0.298333 1.055000 0.298333 1.068333 0.243333
28 0.847500 0.241667 0.836250 0.325000 1.096667 0.325000 1.118333 0.240000
28 0.881250 0.256667 0.867500 0.341667 1.141667 0.340000 1.165000 0.253333
28 0.901250 0.208333 0.893750 0.256667 1.176667 0.256667 1.190000 0.203333
28 0.825000 0.338333 0.817500 0.400000 1.075000 0.396667 1.083333 0.336667
28 0.856250 0.343333 0.846250 0.411667 1.120000 0.410000 1.130000 0.341667
28 0.871250 0.350000 0.862500 0.410000 1.133333 0.408333 1.150000 0.348333
28 0.903750 0.341667 0.876250 0.450000 1.151667 0.440000 1.180000 0.338333
28 0.953750 0.561667 0.941250 0.633333 1.235000 0.631667 1.248333 0.558333
0 0.944663 0.733910 0.904750 1.000000 1.108000 1.000000 1.165000 0.715000
2 0.820337 0.730395 0.778977 1.000000 0.962235 1.000000 1.020450 0.715395
9 0.611250 0.333333 0.602500 0.371667 0.763333 0.358333 0.775000 0.321667
9 0.290000 0.825000 0.278750 0.856667 0.343333 0.841667 0.360000 0.810000
9 0.352500 0.486667 0.347500 0.506667 0.448333 0.501667 0.451667 0.483333
