14 0.073333 0.470000 0.071654 0.573262 0.000000 0.572607 0.000000 0.469329
15 0.233333 0.461250 0.226667 0.583750 0.092500 0.583750 0.095000 0.460000
15 0.350000 0.462500 0.345000 0.582500 0.181250 0.582500 0.185000 0.462500
15 0.465000 0.458750 0.463333 0.582500 0.267500 0.581250 0.270000 0.458750
21 0.669607 0.000000 0.668333 0.356250 0.119996 0.355228 0.120948 -0.000000
6 0.865000 0.387500 0.820000 0.387500 0.615000 0.377500 0.648750 0.377500
6 0.831667 0.430000 0.830000 0.458750 0.606250 0.458750 0.607500 0.430000
5 0.961667 0.645000 0.915000 0.646250 0.686250 0.635000 0.721250 0.635000
5 0.848333 0.751250 0.845000 0.761250 0.598750 0.751250 0.602500 0.741250
5 0.525000 0.673750 0.480000 0.675000 0.360000 0.663750 0.392500 0.662500
5 0.488333 0.648750 0.481667 0.656250 0.338750 0.638750 0.345000 0.632500
6 0.456667 0.648750 0.448333 0.653750 0.320000 0.637500 0.326250 0.631250
6 0.433333 0.646250 0.425000 0.652500 0.301250 0.637500 0.307500 0.630000
5 0.410000 0.648750 0.400000 0.656250 0.280000 0.636250 0.287500 0.628750
6 0.381667 0.647500 0.373333 0.653750 0.263750 0.638750 0.268750 0.632500
6 0.355000 0.646250 0.346667 0.653750 0.242500 0.640000 0.248750 0.632500
4 0.326667 0.646250 0.318333 0.652500 0.223750 0.641250 0.228750 0.633750
6 0.305000 0.648750 0.298333 0.656250 0.203750 0.640000 0.208750 0.633750
6 0.246667 0.643750 0.240000 0.651250 0.162500 0.637500 0.167500 0.631250
6 0.223333 0.647500 0.215000 0.653750 0.143750 0.637500 0.148750 0.631250
6 0.195000 0.646250 0.186667 0.652500 0.123750 0.636250 0.130000 0.630000
6 0.170000 0.646250 0.161667 0.653750 0.102500 0.638750 0.108750 0.631250
6 0.143333 0.647500 0.136667 0.655000 0.082500 0.641250 0.087500 0.633750
6 0.121667 0.685000 0.120000 0.698750 0.056250 0.697500 0.056250 0.683750
