5 0.235000 0.528333 0.228750 0.536667 0.273333 0.511667 0.281667 0.501667
4 0.495000 0.400000 0.482500 0.421667 0.631667 0.411667 0.650000 0.391667
4 0.471250 0.431667 0.452500 0.455000 0.591667 0.443333 0.618333 0.420000
4 0.442500 0.458333 0.431250 0.478333 0.565000 0.470000 0.581667 0.450000
5 0.446250 0.411667 0.428750 0.433333 0.561667 0.423333 0.585000 0.401667
5 0.413750 0.448333 0.392500 0.475000 0.511667 0.461667 0.540000 0.436667
4 0.435000 0.560000 0.430000 0.571667 0.545000 0.551667 0.553333 0.540000
6 0.511250 0.338333 0.491250 0.365000 0.641667 0.351667 0.668333 0.325000
6 0.531250 0.291667 0.526250 0.321667 0.685000 0.318333 0.691667 0.286667
6 0.577500 0.321667 0.561250 0.345000 0.736667 0.333333 0.758333 0.311667
