6 0.540000 0.140000 0.526250 0.140000 0.701667 0.108333 0.720000 0.108333
4 0.555000 0.113333 0.553750 0.140000 0.725000 0.138333 0.726667 0.113333
4 0.568750 0.113333 0.567500 0.140000 0.743333 0.140000 0.743333 0.113333
4 0.582500 0.141667 0.572500 0.141667 0.763333 0.113333 0.776667 0.113333
6 0.612500 0.056667 0.602500 0.056667 0.803333 0.031667 0.816667 0.031667
4 0.630000 0.058333 0.618750 0.058333 0.823333 0.033333 0.840000 0.031667
6 0.598750 0.056667 0.590000 0.056667 0.785000 0.036667 0.798333 0.036667
4 0.585000 0.058333 0.572500 0.060000 0.763333 0.033333 0.778333 0.031667
4 0.567500 0.056667 0.557500 0.056667 0.743333 0.031667 0.756667 0.031667
4 0.496250 0.061667 0.485000 0.061667 0.645000 0.035000 0.660000 0.033333
6 0.477500 0.060000 0.466250 0.060000 0.621667 0.033333 0.636667 0.033333
4 0.463750 0.060000 0.453750 0.060000 0.603333 0.033333 0.618333 0.033333
6 0.450000 0.058333 0.440000 0.058333 0.586667 0.035000 0.600000 0.035000
6 0.433750 0.058333 0.423750 0.058333 0.563333 0.031667 0.576667 0.031667
5 0.477500 0.140000 0.467500 0.141667 0.621667 0.116667 0.635000 0.115000
6 0.463750 0.138333 0.455000 0.138333 0.606667 0.121667 0.618333 0.121667
6 0.450000 0.138333 0.441250 0.140000 0.586667 0.116667 0.598333 0.115000
4 0.436250 0.136667 0.425000 0.138333 0.565000 0.113333 0.578333 0.111667
4 0.076250 0.823333 0.050000 0.825000 0.066667 0.813333 0.101667 0.810000
4 0.162500 0.763333 0.140000 0.763333 0.186667 0.753333 0.216667 0.753333
4 0.166250 0.655000 0.141250 0.655000 0.188333 0.646667 0.221667 0.646667
4 0.165000 0.638333 0.140000 0.638333 0.185000 0.630000 0.220000 0.628333
6 0.523750 0.141667 0.515000 0.140000 0.686667 0.118333 0.698333 0.118333
6 0.677500 0.046667 0.653750 0.046667 0.871667 0.033333 0.903333 0.035000
6 0.677500 0.003333 0.676250 0.016667 0.876667 0.015000 0.876667 0.001667
6 0.755000 0.015000 0.732500 0.015000 0.976667 0.006667 1.006667 0.006667
4 0.758750 0.065000 0.733750 0.065000 0.978333 0.053333 1.011667 0.053333
6 0.753750 0.078333 0.726250 0.078333 0.968333 0.066667 1.005000 0.066667
6 0.790000 0.090000 0.773750 0.090000 1.031667 0.056667 1.051667 0.055000
4 0.802500 0.081667 0.792500 0.081667 1.055000 0.056667 1.068333 0.056667
6 0.552500 0.056667 0.542500 0.056667 0.721667 0.035000 0.735000 0.033333
6 0.507500 0.140000 0.497500 0.140000 0.663333 0.118333 0.676667 0.118333
4 0.161250 0.670000 0.138750 0.670000 0.185000 0.658333 0.215000 0.658333
6 0.163750 0.700000 0.136250 0.698333 0.181667 0.688333 0.218333 0.688333
4 0.163750 0.715000 0.136250 0.715000 0.181667 0.705000 0.218333 0.705000
6 0.166250 0.793333 0.140000 0.795000 0.186667 0.781667 0.220000 0.781667
