6 0.970000 0.447000 0.960000 0.459000 0.954000 0.454000 0.965000 0.442000
6 0.930000 0.487000 0.919000 0.497000 0.914000 0.491000 0.924000 0.481000
4 0.962000 0.508000 0.950000 0.519000 0.945000 0.514000 0.958000 0.503000
6 0.969000 0.514000 0.957000 0.525000 0.952000 0.519000 0.963000 0.508000
4 0.978000 0.520000 0.965000 0.532000 0.959000 0.525000 0.971000 0.513000
4 0.999000 0.534000 0.986000 0.547000 0.980000 0.540000 0.992000 0.528000
14 0.311000 0.576000 0.268000 0.593000 0.231000 0.512000 0.275000 0.499000
6 0.990000 0.230000 0.978000 0.243000 0.971000 0.236000 0.983000 0.223000
6 0.995000 0.206000 0.985000 0.218000 0.979000 0.212000 0.989000 0.201000
4 0.932000 0.127000 0.918000 0.141000 0.912000 0.135000 0.925000 0.121000
6 0.890000 0.031000 0.885000 0.036000 0.874000 0.027000 0.878000 0.022000
4 0.898000 0.022000 0.893000 0.029000 0.875000 0.016000 0.880000 0.009000
3 0.599000 0.106000 0.594000 0.112000 0.574000 0.096000 0.579000 0.089000
6 0.619000 0.085000 0.615000 0.091000 0.603000 0.082000 0.607000 0.076000
6 0.632000 0.081000 0.626000 0.088000 0.609000 0.074000 0.615000 0.067000
3 0.588000 0.048000 0.584000 0.054000 0.568000 0.043000 0.572000 0.037000
5 0.172000 0.172000 0.152000 0.188000 0.146000 0.181000 0.166000 0.165000
32 0.990000 0.738000 0.901000 0.821000 0.826000 0.740000 0.915000 0.657000
5 0.028000 0.126000 0.011000 0.138000 0.005000 0.131000 0.023000 0.118000
5 0.104000 0.363000 0.087000 0.381000 0.078000 0.373000 0.095000 0.355000
4 0.034000 0.748000 0.026000 0.754000 0.015000 0.739000 0.023000 0.733000
14 0.379000 0.553000 0.336000 0.568000 0.299000 0.492000 0.342000 0.476000
14 0.447000 0.529000 0.404000 0.545000 0.369000 0.468000 0.410000 0.454000
14 0.538000 0.499000 0.495000 0.514000 0.459000 0.437000 0.502000 0.424000
14 0.607000 0.476000 0.564000 0.491000 0.528000 0.414000 0.571000 0.400000
14 0.674000 0.453000 0.633000 0.469000 0.595000 0.390000 0.636000 0.376000
14 0.380000 0.721000 0.338000 0.735000 0.301000 0.658000 0.344000 0.643000
14 0.449000 0.697000 0.406000 0.712000 0.369000 0.635000 0.412000 0.621000
14 0.518000 0.673000 0.475000 0.690000 0.438000 0.612000 0.481000 0.598000
14 0.609000 0.643000 0.566000 0.658000 0.528000 0.581000 0.571000 0.567000
14 0.676000 0.619000 0.635000 0.635000 0.598000 0.559000 0.640000 0.544000
14 0.746000 0.597000 0.702000 0.612000 0.665000 0.535000 0.707000 0.520000
