13 0.555556 0.083333 0.496667 0.098889 0.482222 0.048889 0.542222 0.032222
17 0.627778 0.131111 0.578889 0.135556 0.572222 0.083333 0.620000 0.077778
29 0.668889 0.551111 0.558889 0.562222 0.548889 0.461111 0.658889 0.448889
34 0.935556 0.523333 0.845556 0.532222 0.836667 0.433333 0.925556 0.424444
29 0.701111 0.682222 0.603333 0.694444 0.590000 0.581111 0.690000 0.570000
34 0.776667 0.790000 0.674444 0.801111 0.664444 0.708889 0.765556 0.698889
34 0.828889 0.903333 0.726667 0.914444 0.717778 0.824444 0.817778 0.812222
13 1.000000 0.633737 0.968780 0.636576 0.963224 0.575464 1.000000 0.572121
9 0.385556 0.758889 0.352222 0.770000 0.344444 0.745556 0.376667 0.734444
9 0.128889 0.920000 0.096667 0.930000 0.088889 0.905556 0.121111 0.895556
9 0.084444 0.773333 0.045556 0.778889 0.041111 0.750000 0.080000 0.744444
