5 0.347000 0.639000 0.339000 0.646000 0.320000 0.626000 0.328000 0.619000
6 0.160000 0.553000 0.138000 0.560000 0.135000 0.552000 0.157000 0.545000
4 0.051000 0.462000 0.043000 0.469000 0.029000 0.453000 0.037000 0.446000
5 0.093000 0.321000 0.086000 0.329000 0.067000 0.314000 0.074000 0.305000
11 0.118000 0.312000 0.109000 0.319000 0.100000 0.306000 0.109000 0.299000
4 0.312000 0.202000 0.304000 0.208000 0.293000 0.192000 0.300000 0.187000
5 0.322000 0.194000 0.315000 0.199000 0.305000 0.185000 0.312000 0.180000
4 0.709000 0.940000 0.693000 0.946000 0.690000 0.938000 0.706000 0.932000
6 0.864000 0.313000 0.857000 0.318000 0.845000 0.302000 0.852000 0.297000
5 0.863000 0.191000 0.838000 0.200000 0.835000 0.189000 0.860000 0.180000
30 0.754000 0.638000 0.711000 0.657000 0.705000 0.644000 0.749000 0.625000
4 0.918000 0.063000 0.911000 0.068000 0.899000 0.053000 0.906000 0.048000
6 0.932000 0.058000 0.926000 0.064000 0.911000 0.048000 0.918000 0.042000
6 0.987000 0.100000 0.980000 0.106000 0.968000 0.090000 0.975000 0.085000
9 0.214000 0.664000 0.189000 0.678000 0.160000 0.628000 0.186000 0.614000
