2 0.698000 0.170000 0.757000 0.085000 0.748000 0.078000 0.689000 0.164000
2 0.553000 0.384000 0.648000 0.243000 0.634000 0.233000 0.539000 0.374000
2 0.440000 0.540000 0.539000 0.402000 0.528000 0.394000 0.429000 0.532000
2 0.517000 0.672000 0.541000 0.635000 0.534000 0.630000 0.510000 0.668000
2 0.512000 0.662000 0.534000 0.628000 0.528000 0.624000 0.506000 0.657000
28 0.462000 0.647000 0.492000 0.601000 0.486000 0.597000 0.456000 0.643000
28 0.457000 0.639000 0.486000 0.595000 0.481000 0.591000 0.451000 0.635000
2 0.833000 0.240000 0.731000 0.387000 0.746000 0.397000 0.848000 0.251000
2 0.866000 0.213000 0.956000 0.245000 0.961000 0.229000 0.872000 0.197000
2 0.913000 0.677000 0.939000 0.644000 0.933000 0.639000 0.907000 0.673000
2 0.939000 0.644000 0.915000 0.676000 0.921000 0.681000 0.946000 0.649000
2 0.947000 0.649000 0.922000 0.680000 0.927000 0.685000 0.952000 0.654000
2 0.952000 0.654000 0.928000 0.685000 0.935000 0.690000 0.959000 0.660000
2 0.963000 0.653000 0.936000 0.690000 0.943000 0.695000 0.970000 0.659000
2 0.969000 0.660000 0.944000 0.694000 0.951000 0.699000 0.976000 0.665000
2 0.977000 0.665000 0.953000 0.698000 0.960000 0.703000 0.984000 0.670000
2 0.879000 0.741000 0.901000 0.709000 0.894000 0.704000 0.872000 0.736000
2 0.885000 0.746000 0.909000 0.712000 0.902000 0.707000 0.878000 0.741000
2 0.891000 0.751000 0.916000 0.716000 0.910000 0.712000 0.885000 0.746000
2 0.939000 0.718000 0.903000 0.695000 0.898000 0.702000 0.934000 0.726000
2 0.880000 0.746000 0.865000 0.771000 0.871000 0.774000 0.886000 0.749000
2 0.886000 0.749000 0.871000 0.774000 0.877000 0.777000 0.892000 0.753000
18 0.887000 0.780000 0.895000 0.765000 0.891000 0.763000 0.883000 0.779000
18 0.883000 0.778000 0.891000 0.764000 0.886000 0.761000 0.879000 0.775000
18 0.906000 0.735000 0.894000 0.751000 0.898000 0.754000 0.909000 0.737000
18 0.910000 0.738000 0.898000 0.755000 0.901000 0.757000 0.913000 0.740000
18 0.913000 0.741000 0.903000 0.757000 0.906000 0.759000 0.917000 0.743000
18 0.917000 0.718000 0.906000 0.732000 0.909000 0.735000 0.920000 0.720000
18 0.922000 0.720000 0.910000 0.737000 0.913000 0.739000 0.926000 0.723000
18 0.927000 0.723000 0.914000 0.740000 0.917000 0.742000 0.930000 0.725000
18 0.931000 0.725000 0.918000 0.740000 0.921000 0.743000 0.934000 0.727000
18 0.934000 0.727000 0.921000 0.744000 0.923000 0.746000 0.936000 0.729000
2 0.255000 0.971000 0.298000 0.910000 0.290000 0.904000 0.247000 0.965000
2 0.288000 0.884000 0.236000 0.958000 0.247000 0.966000 0.299000 0.891000
