5 0.306000 0.478000 0.293000 0.492000 0.287000 0.487000 0.300000 0.473000
9 0.410000 0.400000 0.376000 0.437000 0.334000 0.399000 0.368000 0.362000
6 0.504000 0.445000 0.492000 0.458000 0.487000 0.453000 0.498000 0.440000
6 0.516000 0.446000 0.505000 0.457000 0.500000 0.452000 0.510000 0.440000
9 0.705000 0.128000 0.674000 0.162000 0.630000 0.122000 0.661000 0.088000
6 0.848000 0.205000 0.836000 0.218000 0.831000 0.213000 0.842000 0.200000
11 0.908000 0.251000 0.896000 0.262000 0.891000 0.257000 0.903000 0.245000
6 0.857000 0.323000 0.845000 0.339000 0.839000 0.333000 0.851000 0.318000
6 0.891000 0.383000 0.878000 0.396000 0.873000 0.391000 0.886000 0.378000
6 0.869000 0.504000 0.857000 0.516000 0.852000 0.511000 0.864000 0.499000
6 0.865000 0.961000 0.860000 0.966000 0.848000 0.954000 0.853000 0.949000
6 0.969000 0.945000 0.965000 0.951000 0.953000 0.941000 0.957000 0.936000
4 0.853000 0.974000 0.847000 0.981000 0.833000 0.967000 0.838000 0.961000
6 0.727000 0.953000 0.714000 0.967000 0.709000 0.963000 0.723000 0.948000
4 0.692000 0.921000 0.678000 0.935000 0.672000 0.929000 0.686000 0.915000
6 0.674000 0.910000 0.661000 0.921000 0.656000 0.916000 0.669000 0.904000
4 0.624000 0.930000 0.611000 0.943000 0.606000 0.938000 0.619000 0.925000
4 0.638000 0.944000 0.626000 0.957000 0.621000 0.952000 0.633000 0.939000
6 0.646000 0.952000 0.633000 0.964000 0.628000 0.959000 0.640000 0.947000
4 0.660000 0.963000 0.647000 0.976000 0.641000 0.970000 0.654000 0.957000
6 0.669000 0.969000 0.655000 0.983000 0.649000 0.977000 0.662000 0.963000
5 0.678770 1.002214 0.673000 0.996000 0.687230 0.982786 0.693000 0.989000
4 0.301000 0.864000 0.290000 0.877000 0.284000 0.872000 0.295000 0.859000
6 0.312000 0.875000 0.300000 0.888000 0.295000 0.883000 0.307000 0.870000
5 0.328000 0.886000 0.313000 0.900000 0.308000 0.895000 0.322000 0.880000
5 0.356000 0.824000 0.351000 0.829000 0.339000 0.817000 0.343000 0.812000
5 0.380000 0.817000 0.375000 0.823000 0.359000 0.809000 0.364000 0.803000
4 0.389000 0.810000 0.384000 0.816000 0.370000 0.805000 0.375000 0.799000
6 0.397000 0.800000 0.392000 0.805000 0.378000 0.793000 0.383000 0.787000
6 0.460000 0.830000 0.448000 0.842000 0.443000 0.837000 0.454000 0.824000
6 0.496000 0.796000 0.484000 0.808000 0.479000 0.803000 0.492000 0.791000
4 0.695000 0.800000 0.691000 0.806000 0.676000 0.796000 0.680000 0.789000
6 0.610000 0.730000 0.604000 0.735000 0.594000 0.724000 0.599000 0.719000
4 0.639000 0.664000 0.625000 0.678000 0.620000 0.673000 0.633000 0.659000
5 0.661000 0.643000 0.650000 0.654000 0.645000 0.649000 0.656000 0.638000
5 0.676000 0.629000 0.663000 0.642000 0.657000 0.637000 0.670000 0.623000
4 0.789000 0.782000 0.784000 0.787000 0.771000 0.774000 0.776000 0.769000
4 0.812000 0.763000 0.806000 0.768000 0.794000 0.755000 0.799000 0.750000
4 0.826000 0.748000 0.821000 0.753000 0.809000 0.743000 0.814000 0.737000
5 0.837000 0.744000 0.831000 0.750000 0.814000 0.734000 0.820000 0.728000
4 0.843000 0.738000 0.838000 0.743000 0.826000 0.731000 0.831000 0.726000
6 0.850000 0.730000 0.845000 0.735000 0.832000 0.724000 0.837000 0.719000
6 0.858000 0.724000 0.853000 0.729000 0.840000 0.718000 0.844000 0.712000
4 0.865000 0.717000 0.860000 0.723000 0.847000 0.711000 0.852000 0.705000
6 0.879000 0.704000 0.874000 0.709000 0.862000 0.696000 0.867000 0.692000
4 0.893000 0.689000 0.888000 0.694000 0.875000 0.682000 0.880000 0.677000
6 0.933000 0.721000 0.927000 0.727000 0.915000 0.715000 0.921000 0.709000
6 0.918000 0.735000 0.912000 0.741000 0.901000 0.730000 0.907000 0.725000
6 0.883000 0.769000 0.878000 0.775000 0.864000 0.763000 0.869000 0.757000
6 0.868000 0.779000 0.862000 0.786000 0.849000 0.775000 0.856000 0.768000
6 0.837000 0.809000 0.832000 0.814000 0.821000 0.804000 0.825000 0.798000
6 0.831000 0.815000 0.826000 0.820000 0.814000 0.810000 0.819000 0.805000
6 0.823000 0.820000 0.817000 0.827000 0.803000 0.815000 0.809000 0.808000
5 0.061000 0.642000 0.052000 0.649000 0.038000 0.631000 0.047000 0.624000
