4 0.030000 0.060000 0.027500 0.070000 0.003333 0.058333 0.006667 0.048333
4 0.125000 0.026667 0.122500 0.036667 0.131667 0.026667 0.135000 0.016667
4 0.117500 0.038333 0.115000 0.050000 0.123333 0.040000 0.126667 0.030000
6 0.108750 0.060000 0.105000 0.071667 0.106667 0.060000 0.110000 0.050000
4 0.102500 0.075000 0.098750 0.088333 0.101667 0.076667 0.106667 0.065000
4 0.097500 0.088333 0.095000 0.101667 0.093333 0.091667 0.096667 0.078333
5 0.090000 0.103333 0.087500 0.113333 0.083333 0.101667 0.086667 0.091667
4 0.083750 0.116667 0.081250 0.128333 0.076667 0.116667 0.081667 0.106667
4 0.077500 0.131667 0.075000 0.143333 0.065000 0.130000 0.070000 0.118333
6 0.068750 0.143333 0.065000 0.155000 0.055000 0.145000 0.060000 0.131667
4 0.061250 0.173333 0.060000 0.183333 0.045000 0.173333 0.048333 0.163333
4 0.158750 0.023333 0.156250 0.033333 0.175000 0.023333 0.178333 0.013333
4 0.153750 0.038333 0.151250 0.048333 0.168333 0.036667 0.171667 0.026667
6 0.142500 0.050000 0.140000 0.060000 0.158333 0.050000 0.161667 0.038333
5 0.140000 0.071667 0.135000 0.086667 0.141667 0.071667 0.146667 0.056667
5 0.131250 0.086667 0.128750 0.098333 0.136667 0.086667 0.141667 0.075000
4 0.126250 0.103333 0.123750 0.113333 0.128333 0.100000 0.131667 0.090000
6 0.120000 0.116667 0.116250 0.126667 0.121667 0.115000 0.126667 0.105000
4 0.113750 0.130000 0.111250 0.140000 0.115000 0.130000 0.118333 0.120000
6 0.105000 0.143333 0.102500 0.153333 0.103333 0.141667 0.106667 0.131667
4 0.088750 0.183333 0.086250 0.195000 0.083333 0.183333 0.086667 0.171667
6 0.082500 0.200000 0.080000 0.208333 0.073333 0.196667 0.076667 0.186667
4 0.075000 0.211667 0.071250 0.221667 0.065000 0.213333 0.068333 0.201667
4 0.065000 0.238333 0.063750 0.248333 0.051667 0.238333 0.055000 0.228333
4 0.060000 0.253333 0.056250 0.265000 0.043333 0.253333 0.046667 0.241667
6 0.090000 0.378333 0.087500 0.390000 0.085000 0.380000 0.088333 0.368333
4 0.082500 0.393333 0.080000 0.401667 0.075000 0.391667 0.078333 0.383333
3 0.142500 0.178333 0.125000 0.216667 0.146667 0.205000 0.171667 0.166667
4 0.375000 0.038333 0.362500 0.058333 0.473333 0.050000 0.490000 0.030000
4 0.402500 0.060000 0.390000 0.083333 0.508333 0.073333 0.525000 0.051667
6 0.417500 0.066667 0.403750 0.088333 0.526667 0.080000 0.546667 0.058333
4 0.496250 0.138333 0.482500 0.155000 0.635000 0.145000 0.653333 0.128333
4 0.340000 0.108333 0.327500 0.125000 0.426667 0.115000 0.443333 0.098333
4 0.356250 0.113333 0.337500 0.136667 0.440000 0.125000 0.465000 0.103333
4 0.365000 0.125000 0.352500 0.145000 0.460000 0.135000 0.476667 0.116667
4 0.377500 0.135000 0.363750 0.155000 0.473333 0.145000 0.493333 0.125000
4 0.401250 0.153333 0.386250 0.175000 0.505000 0.165000 0.525000 0.143333
4 0.413750 0.163333 0.400000 0.183333 0.523333 0.173333 0.541667 0.153333
6 0.427500 0.173333 0.413750 0.196667 0.540000 0.186667 0.560000 0.165000
4 0.438750 0.181667 0.426250 0.201667 0.556667 0.193333 0.573333 0.173333
4 0.452500 0.193333 0.437500 0.213333 0.573333 0.203333 0.593333 0.183333
4 0.420000 0.206667 0.405000 0.228333 0.530000 0.220000 0.550000 0.198333
4 0.407500 0.196667 0.393750 0.216667 0.515000 0.208333 0.533333 0.188333
4 0.432500 0.216667 0.417500 0.236667 0.546667 0.226667 0.566667 0.206667
4 0.333750 0.141667 0.322500 0.156667 0.418333 0.146667 0.435000 0.130000
6 0.346250 0.151667 0.332500 0.170000 0.431667 0.160000 0.450000 0.141667
6 0.022500 0.701667 0.010000 0.701667 0.013333 0.673333 0.028333 0.673333
6 0.117500 0.691667 0.103750 0.715000 0.126667 0.705000 0.145000 0.681667
8 1.000000 0.419721 0.761110 0.219883 1.028333 0.198333 1.333333 0.389690
