10 0.903750 0.371667 0.901250 0.416667 1.178333 0.413333 1.183333 0.368333
10 0.976250 0.788333 0.957500 0.788333 1.275000 0.731667 1.300000 0.731667
5 0.070000 0.540000 0.042500 0.540000 0.056667 0.526667 0.093333 0.526667
4 0.085000 0.228333 0.057500 0.228333 0.075000 0.218333 0.113333 0.216667
6 0.083750 0.236667 0.082500 0.250000 0.076667 0.248333 0.078333 0.235000
6 0.218750 0.186667 0.217500 0.198333 0.260000 0.196667 0.260000 0.185000
6 0.197500 0.706667 0.167500 0.708333 0.223333 0.693333 0.263333 0.691667
4 0.050000 0.701667 0.018750 0.700000 0.025000 0.683333 0.066667 0.685000
4 0.071250 0.715000 0.041250 0.718333 0.055000 0.705000 0.095000 0.701667
4 0.807500 0.945000 0.793750 0.945000 1.058333 0.908333 1.076667 0.910000
6 0.188750 0.956667 0.161250 0.955000 0.215000 0.940000 0.251667 0.941667
3 0.066250 0.733333 0.065000 0.751667 0.051667 0.748333 0.053333 0.731667
10 0.941250 0.735000 0.940000 0.785000 1.228333 0.783333 1.231667 0.733333
