9 0.518333 0.273750 0.485000 0.283750 0.350000 0.247500 0.375000 0.237500
6 0.070000 0.913750 0.045000 0.926250 0.027500 0.917500 0.047500 0.905000
4 0.065000 0.901250 0.035000 0.915000 0.018750 0.901250 0.041250 0.888750
4 0.041667 0.883750 0.016667 0.896250 0.003750 0.885000 0.022500 0.871250
4 0.171667 0.912500 0.160000 0.918750 0.107500 0.901250 0.116250 0.895000
4 0.188333 0.908750 0.178333 0.913750 0.121250 0.897500 0.128750 0.891250
4 0.225000 0.892500 0.211667 0.898750 0.146250 0.880000 0.156250 0.873750
4 0.235000 0.853750 0.198333 0.868750 0.143750 0.857500 0.171250 0.842500
4 0.223333 0.841250 0.195000 0.853750 0.141250 0.845000 0.163750 0.833750
4 0.208333 0.832500 0.181667 0.845000 0.131250 0.835000 0.150000 0.823750
4 0.051667 0.833750 0.043333 0.840000 0.013750 0.822500 0.018750 0.816250
4 0.095000 0.810000 0.083333 0.818750 0.045000 0.801250 0.053750 0.792500
4 0.181667 0.802500 0.153333 0.812500 0.111250 0.803750 0.131250 0.792500
4 0.170000 0.790000 0.141667 0.802500 0.101250 0.795000 0.122500 0.781250
