16 0.942500 0.471667 0.932500 0.540000 1.223333 0.536667 1.236667 0.468333
3 0.967500 0.476667 0.960000 0.541667 1.260000 0.538333 1.271667 0.473333
16 0.990000 0.480000 0.985000 0.550000 1.295000 0.548333 1.301667 0.478333
6 0.871250 0.685000 0.867500 0.711667 1.145000 0.710000 1.150000 0.681667
4 0.845000 0.676667 0.842500 0.706667 1.110000 0.705000 1.113333 0.675000
6 0.952500 0.770000 0.948750 0.800000 1.251667 0.798333 1.256667 0.768333
4 0.912500 0.688333 0.910000 0.711667 1.201667 0.710000 1.205000 0.686667
6 0.831250 0.751667 0.828750 0.780000 1.090000 0.776667 1.095000 0.750000
4 0.813750 0.738333 0.811250 0.768333 1.070000 0.766667 1.073333 0.736667
4 0.345000 0.223333 0.337500 0.231667 0.433333 0.210000 0.443333 0.203333
4 0.320000 0.235000 0.312500 0.243333 0.400000 0.223333 0.410000 0.215000
4 0.266250 0.201667 0.258750 0.210000 0.328333 0.188333 0.338333 0.180000
