5 0.192500 0.826667 0.191250 0.856667 0.236667 0.855000 0.238333 0.826667
4 0.192500 0.813333 0.178750 0.813333 0.236667 0.781667 0.255000 0.781667
4 0.168750 0.741667 0.156250 0.741667 0.208333 0.713333 0.225000 0.713333
4 0.441250 0.951667 0.440000 0.966667 0.546667 0.963333 0.548333 0.948333
6 0.747500 0.343333 0.733750 0.348333 0.970000 0.316667 0.986667 0.311667
5 0.823750 0.603333 0.812500 0.608333 1.073333 0.571667 1.090000 0.568333
4 0.866250 0.906667 0.855000 0.911667 1.130000 0.881667 1.146667 0.876667
6 0.650000 0.348333 0.640000 0.353333 0.843333 0.325000 0.858333 0.320000
6 0.696250 0.593333 0.685000 0.596667 0.908333 0.565000 0.923333 0.561667
4 0.751250 0.846667 0.741250 0.848333 0.981667 0.815000 0.995000 0.813333
