2 0.592500 0.111000 0.589000 0.164000 0.604000 0.164500 0.608500 0.113000
2 0.865000 0.104500 0.864000 0.047500 0.849000 0.047500 0.850000 0.105000
2 0.457500 0.409500 0.464000 0.464500 0.482000 0.463500 0.474000 0.406000
2 0.650500 0.356000 0.662500 0.409000 0.679500 0.405000 0.669500 0.352000
2 0.839500 0.343500 0.880000 0.363000 0.886000 0.352000 0.845500 0.333500
2 0.784000 0.538000 0.817000 0.585000 0.827000 0.577000 0.792500 0.530500
2 0.583500 0.602500 0.590500 0.639500 0.600500 0.636000 0.594000 0.601500
2 0.415500 0.631000 0.428000 0.685000 0.447000 0.681000 0.434500 0.627000
2 0.341500 0.881000 0.350000 0.939500 0.367000 0.936000 0.359500 0.878000
2 0.727500 0.965000 0.745000 1.000000 0.761000 0.992000 0.745000 0.958500
24 0.908000 0.835500 0.919000 0.856500 0.926500 0.852000 0.915500 0.831000
7 0.175000 0.979500 0.178500 0.968500 0.171000 0.965000 0.167000 0.976000
