6 1.000000 0.353000 0.976000 0.353000 0.976000 0.344000 1.000000 0.344000
6 0.992000 0.364000 0.975000 0.365000 0.975000 0.356000 0.992000 0.356000
3 0.970000 0.366000 0.930000 0.365000 0.930000 0.356000 0.970000 0.356000
6 0.919000 0.365000 0.894000 0.365000 0.894000 0.356000 0.919000 0.356000
4 0.944000 0.377000 0.924000 0.377000 0.924000 0.368000 0.944000 0.369000
4 0.889000 0.363000 0.867000 0.364000 0.867000 0.357000 0.888000 0.356000
5 0.842000 0.364000 0.819000 0.364000 0.819000 0.356000 0.842000 0.356000
4 0.862000 0.378000 0.842000 0.377000 0.842000 0.371000 0.862000 0.371000
6 0.792000 0.382000 0.766000 0.381000 0.767000 0.373000 0.792000 0.373000
6 0.749000 0.364000 0.727000 0.364000 0.727000 0.355000 0.749000 0.355000
5 0.705000 0.379000 0.685000 0.379000 0.685000 0.371000 0.705000 0.371000
6 0.677000 0.363000 0.654000 0.363000 0.654000 0.354000 0.677000 0.354000
4 0.646000 0.371000 0.645000 0.378000 0.622000 0.378000 0.623000 0.371000
4 0.608000 0.373000 0.585000 0.373000 0.585000 0.366000 0.608000 0.366000
6 0.580000 0.363000 0.560000 0.363000 0.560000 0.355000 0.580000 0.355000
4 0.579000 0.372000 0.578000 0.381000 0.556000 0.381000 0.556000 0.372000
6 0.506000 0.360000 0.482000 0.359000 0.482000 0.353000 0.506000 0.353000
6 0.523000 0.381000 0.503000 0.381000 0.503000 0.374000 0.523000 0.374000
6 0.435000 0.378000 0.413000 0.378000 0.413000 0.371000 0.435000 0.371000
6 0.430000 0.359000 0.412000 0.359000 0.412000 0.352000 0.430000 0.352000
5 0.371000 0.373000 0.346000 0.372000 0.346000 0.364000 0.371000 0.365000
6 0.331000 0.361000 0.306000 0.360000 0.306000 0.353000 0.331000 0.354000
6 0.295000 0.376000 0.272000 0.376000 0.272000 0.368000 0.295000 0.368000
4 0.247000 0.360000 0.224000 0.360000 0.224000 0.352000 0.247000 0.352000
6 0.224000 0.375000 0.193000 0.374000 0.193000 0.367000 0.224000 0.368000
6 0.158000 0.372000 0.135000 0.373000 0.135000 0.366000 0.158000 0.365000
6 0.115000 0.360000 0.086000 0.359000 0.086000 0.350000 0.115000 0.351000
6 0.498000 0.322000 0.472000 0.322000 0.472000 0.314000 0.498000 0.314000
6 0.093000 0.180000 0.085000 0.180000 0.085000 0.166000 0.093000 0.166000
6 0.084000 0.166000 0.083000 0.181000 0.074000 0.180000 0.075000 0.166000
6 0.122000 0.104000 0.113000 0.104000 0.113000 0.085000 0.122000 0.086000
6 0.115000 0.151000 0.095000 0.152000 0.095000 0.145000 0.115000 0.145000
6 0.156000 0.122000 0.137000 0.122000 0.137000 0.116000 0.156000 0.116000
6 0.185000 0.122000 0.168000 0.123000 0.167000 0.115000 0.185000 0.114000
5 0.407000 0.153000 0.385000 0.153000 0.385000 0.146000 0.407000 0.146000
5 0.430000 0.186000 0.421000 0.186000 0.421000 0.166000 0.429000 0.166000
6 0.450000 0.183000 0.441000 0.183000 0.441000 0.170000 0.449000 0.169000
6 0.438000 0.184000 0.431000 0.184000 0.430000 0.169000 0.437000 0.168000
6 0.322000 0.124000 0.297000 0.124000 0.297000 0.115000 0.322000 0.115000
5 0.457000 0.107000 0.448000 0.107000 0.448000 0.087000 0.457000 0.087000
4 0.752000 0.156000 0.731000 0.155000 0.731000 0.148000 0.752000 0.148000
6 0.661000 0.154000 0.643000 0.154000 0.643000 0.148000 0.661000 0.148000
6 0.690000 0.126000 0.668000 0.126000 0.668000 0.119000 0.690000 0.119000
5 0.594000 0.085000 0.593000 0.102000 0.584000 0.102000 0.585000 0.084000
4 0.872000 0.088000 0.871000 0.104000 0.864000 0.104000 0.865000 0.088000
4 0.903000 0.126000 0.881000 0.127000 0.881000 0.120000 0.903000 0.119000
4 0.985000 0.108000 0.977000 0.108000 0.977000 0.091000 0.984000 0.091000
5 0.872000 0.157000 0.851000 0.157000 0.851000 0.151000 0.872000 0.150000
6 0.709000 0.106000 0.702000 0.106000 0.702000 0.093000 0.709000 0.093000
6 0.923000 0.184000 0.916000 0.184000 0.915000 0.171000 0.922000 0.170000
