6 0.838000 0.562000 0.827000 0.562000 0.826000 0.545000 0.837000 0.544000
6 0.996000 0.450000 0.987000 0.454000 0.980000 0.435000 0.989000 0.431000
4 0.976000 0.434000 0.965000 0.437000 0.960000 0.419000 0.971000 0.416000
4 0.970000 0.384000 0.962000 0.386000 0.958000 0.370000 0.966000 0.368000
6 0.958000 0.386000 0.950000 0.388000 0.946000 0.371000 0.953000 0.369000
6 0.912000 0.026000 0.901000 0.028000 0.897000 0.007000 0.909000 0.005000
15 0.281000 0.611000 0.217000 0.621000 0.200000 0.536000 0.264000 0.528000
15 0.349000 0.603000 0.286000 0.610000 0.269000 0.527000 0.332000 0.520000
15 0.427000 0.594000 0.362000 0.600000 0.345000 0.519000 0.411000 0.512000
15 0.504000 0.584000 0.440000 0.591000 0.424000 0.511000 0.488000 0.503000
15 0.574000 0.578000 0.510000 0.585000 0.494000 0.502000 0.561000 0.498000
9 0.965000 0.138000 0.911000 0.143000 0.906000 0.089000 0.960000 0.084000
32 0.304000 1.006000 0.283000 0.886000 0.444000 0.857000 0.465000 0.977000
