2 0.277000 0.034000 0.231500 0.010000 0.226500 0.018500 0.273000 0.042000
2 0.439000 0.117500 0.389000 0.092000 0.385500 0.100500 0.435500 0.126000
2 0.698500 0.358500 0.642000 0.330000 0.637500 0.339000 0.694000 0.367500
2 0.664500 0.457000 0.540000 0.393000 0.530500 0.410500 0.655000 0.475500
28 0.677500 0.477000 0.667000 0.496000 0.672500 0.498500 0.682500 0.480000
2 0.141000 0.287500 0.017000 0.223500 0.008500 0.241000 0.132500 0.305000
18 0.033500 0.870000 0.008000 0.919500 0.022500 0.927500 0.048000 0.878000
7 0.001000 0.869000 0.007500 0.857000 0.005500 0.856500 0.000000 0.868500
7 0.003500 0.870000 0.010000 0.859000 0.008500 0.858500 0.002000 0.869000
7 0.007500 0.871000 0.012500 0.860000 0.010500 0.859500 0.005000 0.869500
7 0.003000 0.856000 0.015500 0.860000 0.016500 0.857000 0.004000 0.852500
9 0.105500 0.858500 0.118500 0.834500 0.145500 0.849000 0.132500 0.873000
9 0.360000 0.987500 0.369000 0.970500 0.388500 0.981000 0.379500 0.998500
9 0.820500 0.497000 0.833500 0.473000 0.860500 0.487000 0.847500 0.511000
9 0.954000 0.537500 0.964500 0.517500 0.987000 0.529000 0.976500 0.549000
9 0.738500 0.658500 0.749000 0.638500 0.771000 0.649500 0.760500 0.669500
9 0.632000 0.605000 0.642500 0.585000 0.664500 0.596000 0.654000 0.616000
