4 0.508750 0.941667 0.500000 0.945000 0.653333 0.908333 0.665000 0.905000
6 0.508750 0.985000 0.497500 0.990000 0.660000 0.978333 0.676667 0.975000
6 0.512500 0.850000 0.500000 0.855000 0.660000 0.836667 0.676667 0.831667
6 0.500000 0.785000 0.490000 0.786667 0.651667 0.773333 0.665000 0.771667
6 0.465000 0.798333 0.455000 0.798333 0.605000 0.773333 0.616667 0.771667
6 0.403750 0.788333 0.381250 0.791667 0.506667 0.781667 0.536667 0.778333
6 0.135000 0.735000 0.126250 0.736667 0.161667 0.706667 0.173333 0.705000
6 0.198750 0.705000 0.183750 0.708333 0.240000 0.675000 0.260000 0.671667
6 0.060000 0.195000 0.048750 0.200000 0.060000 0.178333 0.073333 0.175000
6 0.121250 0.031667 0.096250 0.033333 0.128333 0.018333 0.161667 0.018333
6 0.263750 0.008333 0.237500 0.011667 0.316667 0.000000 0.350000 0.000000
6 0.270000 0.025000 0.238750 0.026667 0.318333 0.013333 0.358333 0.013333
4 0.276250 0.105000 0.248750 0.110000 0.330000 0.095000 0.366667 0.090000
4 0.541250 0.120000 0.511250 0.121667 0.681667 0.108333 0.720000 0.106667
4 0.568750 0.196667 0.540000 0.198333 0.720000 0.185000 0.758333 0.183333
4 0.570000 0.278333 0.542500 0.281667 0.721667 0.270000 0.760000 0.265000
6 0.928750 0.038333 0.898750 0.043333 1.196667 0.030000 1.235000 0.025000
6 0.931250 0.060000 0.895000 0.065000 1.191667 0.050000 1.240000 0.046667
6 0.936250 0.073333 0.900000 0.081667 1.198333 0.068333 1.246667 0.060000
5 0.843750 0.188333 0.832500 0.190000 1.106667 0.155000 1.123333 0.153333
4 0.955000 0.423333 0.927500 0.430000 1.233333 0.416667 1.271667 0.410000
4 0.955000 0.408333 0.922500 0.413333 1.228333 0.400000 1.271667 0.393333
4 0.913750 0.263333 0.883750 0.268333 1.176667 0.256667 1.216667 0.251667
6 0.802500 0.348333 0.776250 0.353333 1.033333 0.343333 1.068333 0.340000
4 0.803750 0.331667 0.772500 0.335000 1.028333 0.323333 1.070000 0.318333
7 0.386250 0.855000 0.347500 0.865000 0.460000 0.846667 0.511667 0.838333
4 0.772500 0.525000 0.761250 0.526667 1.010000 0.503333 1.026667 0.501667
6 0.766250 0.493333 0.755000 0.495000 1.001667 0.466667 1.016667 0.465000
6 0.827500 0.668333 0.803750 0.675000 1.070000 0.665000 1.101667 0.658333
4 0.796250 0.630000 0.795000 0.660000 1.045000 0.660000 1.046667 0.630000
4 0.602500 0.443333 0.592500 0.445000 0.788333 0.415000 0.800000 0.415000
4 0.607500 0.538333 0.593750 0.540000 0.790000 0.513333 0.806667 0.511667
6 0.415000 0.576667 0.388750 0.581667 0.515000 0.568333 0.550000 0.563333
6 0.466250 0.696667 0.455000 0.698333 0.601667 0.670000 0.616667 0.666667
6 0.727500 0.710000 0.698750 0.716667 0.930000 0.703333 0.968333 0.698333
4 0.645000 0.763333 0.635000 0.766667 0.841667 0.738333 0.855000 0.736667
4 0.682500 0.865000 0.670000 0.868333 0.888333 0.841667 0.905000 0.838333
6 0.712500 0.845000 0.701250 0.850000 0.925000 0.820000 0.938333 0.815000
6 0.492500 0.940000 0.480000 0.943333 0.631667 0.915000 0.646667 0.910000
4 0.136250 0.921667 0.115000 0.925000 0.153333 0.913333 0.180000 0.910000
4 0.140000 0.938333 0.113750 0.940000 0.150000 0.928333 0.186667 0.925000
6 0.146250 0.968333 0.121250 0.970000 0.160000 0.958333 0.195000 0.956667
