9 0.159000 0.265000 0.158000 0.378000 0.060000 0.377000 0.061000 0.264000
4 0.626240 0.988680 0.617750 1.000000 0.608000 1.000000 0.620000 0.984000
4 0.043000 0.101000 0.038000 0.104000 0.030000 0.091000 0.035000 0.088000
4 0.020000 0.066000 0.015000 0.070000 0.006000 0.059000 0.012000 0.055000
4 0.193000 0.320000 0.172000 0.320000 0.172000 0.313000 0.193000 0.313000
6 0.063000 0.355000 0.046000 0.355000 0.046000 0.349000 0.063000 0.349000
4 0.062000 0.344000 0.042000 0.344000 0.042000 0.338000 0.062000 0.338000
4 0.058000 0.129000 0.050000 0.131000 0.045000 0.116000 0.052000 0.113000
6 0.070000 0.069000 0.063000 0.074000 0.053000 0.061000 0.060000 0.056000
4 0.043000 0.034000 0.038000 0.039000 0.027000 0.027000 0.032000 0.022000
4 0.027000 0.018000 0.023000 0.022000 0.011000 0.011000 0.016000 0.006000
