9 0.190000 0.276667 0.056250 0.276667 0.075000 0.143333 0.253333 0.145000
15 1.000000 0.729399 0.920948 0.754454 1.206667 0.665000 1.333333 0.634891
5 0.351250 0.018333 0.311250 0.020000 0.415000 0.003333 0.468333 0.001667
4 0.418750 0.088333 0.406250 0.088333 0.541667 0.053333 0.558333 0.053333
6 0.401250 0.090000 0.386250 0.090000 0.513333 0.055000 0.533333 0.055000
5 0.417500 0.360000 0.406250 0.360000 0.541667 0.330000 0.556667 0.330000
4 0.418750 0.385000 0.417500 0.415000 0.541667 0.415000 0.543333 0.385000
6 0.491250 0.411667 0.462500 0.411667 0.616667 0.398333 0.655000 0.396667
5 0.492500 0.440000 0.467500 0.440000 0.623333 0.430000 0.656667 0.430000
5 0.488750 0.523333 0.451250 0.525000 0.601667 0.508333 0.651667 0.508333
5 0.400000 0.510000 0.363750 0.511667 0.485000 0.495000 0.533333 0.495000
3 0.280000 0.226667 0.212500 0.228333 0.283333 0.201667 0.373333 0.200000
4 0.083750 0.746667 0.081250 0.773333 0.091667 0.771667 0.093333 0.745000
6 0.103750 0.323333 0.090000 0.323333 0.120000 0.295000 0.138333 0.295000
6 0.153750 0.275000 0.141250 0.275000 0.188333 0.251667 0.205000 0.251667
4 0.156250 0.118333 0.155000 0.146667 0.188333 0.146667 0.190000 0.116667
6 0.176250 0.163333 0.162500 0.165000 0.216667 0.136667 0.235000 0.136667
6 0.381250 0.268333 0.352500 0.265000 0.470000 0.251667 0.508333 0.253333
