29 0.053000 0.933000 0.100000 1.004000 0.167000 0.960000 0.120000 0.889000
29 0.136000 0.882000 0.179000 0.949000 0.243000 0.907000 0.200000 0.841000
19 0.450000 0.419000 0.414000 0.442000 0.433000 0.473000 0.469000 0.450000
12 0.543000 0.564000 0.503000 0.590000 0.527000 0.626000 0.567000 0.600000
12 0.601000 0.651000 0.561000 0.677000 0.585000 0.713000 0.624000 0.687000
12 0.683000 0.706000 0.708000 0.744000 0.743000 0.720000 0.718000 0.682000
12 0.727000 0.676000 0.752000 0.716000 0.787000 0.693000 0.761000 0.654000
19 0.771000 0.650000 0.793000 0.686000 0.829000 0.663000 0.807000 0.627000
17 0.813000 0.619000 0.838000 0.660000 0.875000 0.637000 0.850000 0.596000
12 0.934000 0.531000 0.959000 0.570000 0.996000 0.546000 0.970000 0.508000
15 0.070000 0.505000 0.084000 0.497000 0.070000 0.474000 0.056000 0.483000
15 0.090000 0.494000 0.103000 0.485000 0.089000 0.462000 0.075000 0.470000
15 0.110000 0.481000 0.123000 0.472000 0.108000 0.448000 0.094000 0.457000
9 0.290000 0.070000 0.323000 0.045000 0.301000 0.015000 0.268000 0.040000
9 0.455000 0.327000 0.499000 0.298000 0.477000 0.265000 0.433000 0.294000
