19 0.073333 0.245556 0.028889 0.255556 0.021111 0.220000 0.063333 0.210000
33 0.316667 0.168889 0.257778 0.227778 0.192222 0.163333 0.251111 0.103333
19 0.347778 0.171111 0.298889 0.185556 0.282222 0.132222 0.332222 0.117778
19 0.387778 0.108889 0.382222 0.160000 0.341111 0.155556 0.345556 0.105556
19 0.302222 0.241111 0.292222 0.296667 0.216667 0.281111 0.226667 0.226667
17 0.497778 0.158889 0.450000 0.185556 0.425556 0.143333 0.473333 0.115556
13 0.493333 0.223333 0.431111 0.233333 0.422222 0.182222 0.484444 0.172222
13 0.580000 0.187778 0.530000 0.192222 0.524444 0.135556 0.573333 0.130000
19 0.691111 0.077778 0.647778 0.105556 0.623333 0.066667 0.666667 0.038889
19 0.661111 0.102222 0.641111 0.146667 0.597778 0.130000 0.615556 0.083333
19 0.658889 0.188889 0.606667 0.192222 0.603333 0.143333 0.655556 0.141111
19 0.664444 0.246667 0.614444 0.251111 0.611111 0.200000 0.661111 0.197778
19 0.670000 0.303333 0.626667 0.305556 0.625556 0.256667 0.668889 0.255556
36 0.092222 0.341111 0.067778 0.381111 0.024444 0.353333 0.048889 0.313333
17 0.293333 0.300000 0.292222 0.347778 0.234444 0.346667 0.236667 0.297778
17 0.088756 1.000000 0.033022 1.000000 0.031111 0.952222 0.086755 0.949996
17 0.234444 0.986667 0.177778 0.993333 0.173333 0.944444 0.230000 0.937778
13 0.396667 0.975556 0.335556 0.980000 0.332222 0.928889 0.391111 0.922222
19 0.547913 1.000000 0.500840 1.000000 0.499299 0.978940 0.546122 0.975514
36 0.697778 0.933333 0.638889 0.938889 0.635556 0.886667 0.694444 0.882222
19 0.722149 1.007201 0.703333 0.973333 0.743333 0.951111 0.762149 0.984979
17 0.843333 0.932222 0.784444 0.935556 0.782222 0.886667 0.842222 0.884444
13 0.803837 1.000513 0.787778 0.946667 0.851111 0.927778 0.867170 0.981624
17 1.000000 1.000000 0.960689 1.000000 0.955555 0.963333 1.000000 0.957111
