21 0.768750 0.353333 0.551250 0.813333 0.415000 0.680000 0.716667 0.208333
14 0.780000 0.666667 0.722500 0.786667 0.900000 0.755000 0.973333 0.638333
14 0.692500 0.848333 0.636250 0.966667 0.783333 0.938333 0.860000 0.816667
4 0.431250 0.983333 0.428750 0.993333 0.540000 0.978333 0.545000 0.968333
6 0.403750 0.965000 0.401250 0.976667 0.501667 0.963333 0.506667 0.951667
4 0.373750 0.948333 0.370000 0.960000 0.463333 0.946667 0.468333 0.935000
4 0.306250 0.906667 0.301250 0.918333 0.373333 0.903333 0.380000 0.891667
4 0.325000 0.985000 0.321250 0.995000 0.398333 0.980000 0.405000 0.970000
6 0.793750 0.943333 0.782500 0.970000 1.031667 0.963333 1.045000 0.938333
4 0.776250 0.775000 0.766250 0.798333 1.010000 0.791667 1.023333 0.768333
6 0.791250 0.743333 0.781250 0.770000 1.028333 0.761667 1.041667 0.736667
4 0.825000 0.673333 0.815000 0.701667 1.073333 0.695000 1.088333 0.666667
4 0.961250 0.798333 0.956250 0.808333 1.248333 0.795000 1.250000 0.785000
4 0.986250 0.811667 0.982500 0.821667 1.285000 0.810000 1.290000 0.800000
4 0.981250 0.990000 0.977500 0.998333 1.275000 0.981667 1.280000 0.971667
16 0.913750 0.501667 0.875000 0.585000 1.146667 0.573333 1.198333 0.490000
16 0.977500 0.371667 0.936250 0.455000 1.230000 0.443333 1.283333 0.360000
6 0.931250 0.458333 0.918750 0.485000 1.213333 0.478333 1.228333 0.450000
4 0.025000 0.778333 0.022500 0.788333 0.001667 0.778333 0.005000 0.768333
6 0.100000 0.675000 0.086250 0.700000 0.103333 0.690000 0.123333 0.666667
6 0.127500 0.646667 0.103750 0.651667 0.135000 0.641667 0.168333 0.635000
6 0.133750 0.628333 0.110000 0.636667 0.145000 0.625000 0.173333 0.616667
4 0.145000 0.611667 0.120000 0.613333 0.160000 0.601667 0.191667 0.600000
4 0.153750 0.591667 0.130000 0.600000 0.171667 0.588333 0.201667 0.580000
4 0.158750 0.575000 0.136250 0.581667 0.178333 0.573333 0.208333 0.565000
4 0.166250 0.560000 0.143750 0.565000 0.190000 0.553333 0.220000 0.548333
4 0.173750 0.543333 0.152500 0.548333 0.198333 0.538333 0.230000 0.533333
4 0.183750 0.525000 0.160000 0.530000 0.211667 0.520000 0.243333 0.515000
4 0.196250 0.505000 0.173750 0.511667 0.230000 0.501667 0.260000 0.495000
5 0.202500 0.491667 0.176250 0.495000 0.233333 0.481667 0.268333 0.478333
4 0.208750 0.471667 0.188750 0.476667 0.248333 0.465000 0.276667 0.461667
4 0.230000 0.576667 0.216250 0.605000 0.276667 0.598333 0.295000 0.568333
9 0.142500 0.763333 0.100000 0.868333 0.026667 0.811667 0.081667 0.706667
4 0.255000 0.356667 0.242500 0.376667 0.313333 0.368333 0.330000 0.348333
4 0.335000 0.358333 0.321250 0.381667 0.418333 0.375000 0.435000 0.350000
6 0.323750 0.235000 0.298750 0.245000 0.395000 0.231667 0.428333 0.223333
4 0.346250 0.183333 0.322500 0.186667 0.430000 0.173333 0.460000 0.170000
4 0.358750 0.161667 0.335000 0.166667 0.445000 0.158333 0.476667 0.151667
6 0.361250 0.148333 0.341250 0.155000 0.453333 0.143333 0.478333 0.136667
4 0.376250 0.126667 0.348750 0.136667 0.461667 0.126667 0.498333 0.115000
4 0.426250 0.153333 0.418750 0.178333 0.548333 0.173333 0.558333 0.148333
4 0.493750 0.023333 0.481250 0.050000 0.631667 0.043333 0.648333 0.016667
4 0.033750 0.288333 0.030000 0.298333 0.011667 0.286667 0.016667 0.276667
6 0.038750 0.276667 0.035000 0.288333 0.021667 0.275000 0.028333 0.263333
6 0.055000 0.246667 0.052500 0.258333 0.038333 0.241667 0.043333 0.231667
4 0.062500 0.231667 0.060000 0.240000 0.055000 0.228333 0.058333 0.220000
6 0.073750 0.201667 0.071250 0.210000 0.065000 0.196667 0.068333 0.186667
4 0.086250 0.171667 0.083750 0.181667 0.085000 0.170000 0.088333 0.160000
4 0.095000 0.158333 0.091250 0.170000 0.096667 0.160000 0.098333 0.148333
4 0.107500 0.128333 0.105000 0.136667 0.115000 0.125000 0.118333 0.116667
6 0.120000 0.116667 0.115000 0.128333 0.118333 0.110000 0.123333 0.098333
6 0.146250 0.201667 0.143750 0.211667 0.166667 0.201667 0.170000 0.191667
4 0.142500 0.215000 0.140000 0.226667 0.158333 0.218333 0.161667 0.206667
4 0.176250 0.175000 0.162500 0.201667 0.206667 0.193333 0.223333 0.168333
6 0.158750 0.286667 0.156250 0.298333 0.181667 0.288333 0.185000 0.276667
4 0.132500 0.300000 0.126250 0.323333 0.155000 0.318333 0.161667 0.295000
4 0.161250 0.398333 0.158750 0.406667 0.193333 0.398333 0.196667 0.390000
4 0.238750 0.278333 0.236250 0.288333 0.288333 0.276667 0.291667 0.266667
4 0.271250 0.216667 0.266250 0.226667 0.330000 0.211667 0.336667 0.201667
4 0.250000 0.150000 0.242500 0.180000 0.310000 0.175000 0.320000 0.145000
4 0.120000 0.031667 0.108750 0.058333 0.135000 0.051667 0.148333 0.025000
6 0.175000 0.013333 0.172500 0.025000 0.210000 0.018333 0.213333 0.006667
4 0.996250 0.520000 0.985000 0.543333 1.303333 0.536667 1.318333 0.513333
6 0.980000 0.551667 0.970000 0.573333 1.285000 0.568333 1.298333 0.546667
6 0.966250 0.581667 0.956250 0.606667 1.263333 0.600000 1.275000 0.575000
6 0.951250 0.613333 0.941250 0.636667 1.243333 0.631667 1.256667 0.608333
6 0.961250 0.543333 0.951250 0.563333 1.256667 0.555000 1.270000 0.536667
