5 0.548333 0.156250 0.501667 0.155000 0.376250 0.143750 0.411250 0.143750
4 0.460000 0.166250 0.458333 0.190000 0.330000 0.190000 0.330000 0.165000
5 0.925000 0.316250 0.888333 0.316250 0.666250 0.306250 0.693750 0.306250
6 1.000000 0.133750 0.961667 0.132500 0.721250 0.121250 0.750000 0.122500
6 0.430000 0.360000 0.396667 0.358750 0.297500 0.350000 0.322500 0.350000
6 0.435000 0.360000 0.433333 0.371250 0.298750 0.370000 0.298750 0.360000
6 0.436667 0.395000 0.400000 0.395000 0.300000 0.383750 0.327500 0.385000
6 0.445000 0.408750 0.401667 0.410000 0.301250 0.400000 0.333750 0.398750
6 0.440000 0.438750 0.401667 0.438750 0.301250 0.427500 0.330000 0.426250
6 0.443333 0.475000 0.405000 0.476250 0.303750 0.465000 0.332500 0.463750
6 0.445000 0.488750 0.400000 0.488750 0.300000 0.478750 0.333750 0.478750
6 0.443333 0.508750 0.400000 0.510000 0.300000 0.500000 0.332500 0.500000
6 0.443333 0.518750 0.401667 0.520000 0.301250 0.511250 0.332500 0.510000
4 0.443333 0.530000 0.405000 0.530000 0.303750 0.520000 0.332500 0.520000
6 0.440000 0.570000 0.395000 0.570000 0.296250 0.560000 0.330000 0.558750
6 0.446667 0.591250 0.398333 0.590000 0.298750 0.580000 0.335000 0.581250
6 0.448333 0.602500 0.398333 0.601250 0.298750 0.591250 0.336250 0.592500
6 0.443333 0.608750 0.441667 0.618750 0.295000 0.617500 0.296250 0.607500
6 0.458333 0.718750 0.456667 0.731250 0.301250 0.730000 0.301250 0.717500
4 0.333333 0.432500 0.293333 0.431250 0.220000 0.420000 0.250000 0.420000
4 0.331667 0.453750 0.296667 0.455000 0.222500 0.445000 0.248750 0.445000
4 0.336667 0.291250 0.335000 0.301250 0.223750 0.297500 0.225000 0.287500
5 0.065000 0.386250 0.063333 0.415000 0.032500 0.415000 0.033750 0.386250
6 0.055000 0.075000 0.041667 0.076250 0.030000 0.053750 0.041250 0.053750
5 0.648333 0.533750 0.646667 0.560000 0.467500 0.560000 0.468750 0.533750
5 0.670000 0.491250 0.636667 0.490000 0.477500 0.482500 0.502500 0.482500
6 0.508333 0.920000 0.498333 0.920000 0.373750 0.898750 0.380000 0.898750
