17 1.001000 0.300000 0.971000 0.258000 0.934000 0.283000 0.964000 0.326000
13 0.783000 0.263000 0.739000 0.299000 0.768000 0.334000 0.812000 0.297000
19 0.912000 0.366000 0.890000 0.336000 0.861000 0.356000 0.883000 0.387000
19 0.875000 0.400000 0.851000 0.365000 0.817000 0.388000 0.840000 0.424000
19 0.830000 0.432000 0.810000 0.401000 0.779000 0.420000 0.799000 0.452000
17 0.935000 0.590000 0.906000 0.550000 0.869000 0.577000 0.898000 0.616000
20 0.732000 0.754000 0.682000 0.694000 0.626000 0.740000 0.676000 0.800000
19 0.534000 0.658000 0.505000 0.623000 0.471000 0.651000 0.500000 0.686000
33 0.509000 0.936000 0.461000 0.876000 0.402000 0.924000 0.451000 0.984000
19 0.949000 0.336000 0.936000 0.319000 0.916000 0.333000 0.929000 0.351000
