12 0.835500 0.195250 0.829000 0.180000 0.815000 0.186000 0.821250 0.201250
20 0.963250 0.140500 0.974000 0.113500 0.948500 0.103250 0.937750 0.130500
33 0.938750 0.211750 0.909250 0.214500 0.911750 0.242250 0.941000 0.239500
35 0.897500 0.407750 0.867500 0.397500 0.858500 0.423250 0.888500 0.433500
29 0.862250 0.494500 0.831750 0.482750 0.819000 0.515500 0.849750 0.527250
17 0.840500 0.532500 0.824250 0.526750 0.819000 0.541500 0.835000 0.547250
34 0.789500 0.577750 0.768000 0.554000 0.746750 0.572750 0.768250 0.596750
17 0.764250 0.593500 0.746750 0.590250 0.743750 0.605500 0.761250 0.609000
20 0.755250 0.613000 0.727000 0.621750 0.734500 0.646000 0.762750 0.637250
33 0.753750 0.725750 0.755250 0.698250 0.729500 0.696500 0.727750 0.724000
17 0.709000 0.735000 0.695250 0.724000 0.685500 0.736250 0.699500 0.747000
34 0.706000 0.751500 0.673500 0.749250 0.672000 0.776750 0.704000 0.779000
34 0.716750 0.773250 0.686250 0.785250 0.696750 0.812000 0.727500 0.800000
29 0.712000 0.848000 0.682500 0.836250 0.669750 0.868000 0.699750 0.880000
17 0.690000 0.885500 0.673250 0.879000 0.667500 0.894000 0.684250 0.900500
13 0.678250 0.913000 0.659000 0.906250 0.653750 0.921000 0.672500 0.928000
12 0.866750 0.997000 0.882000 1.003500 0.888500 0.988500 0.873250 0.982000
20 0.924250 0.862500 0.948250 0.872750 0.958000 0.849250 0.934500 0.839000
12 0.995500 0.911500 0.980250 0.913500 0.982000 0.928250 0.997250 0.926500
17 0.998250 0.943000 0.981500 0.945000 0.983750 0.960500 1.000000 0.958500
17 0.996000 0.819250 1.002000 0.803750 0.987750 0.798000 0.981500 0.813250
15 0.538500 0.087500 0.546500 0.077250 0.540500 0.072500 0.532500 0.082750
15 0.545500 0.093000 0.553500 0.082750 0.547250 0.078000 0.539250 0.088250
19 0.528000 0.031500 0.533750 0.020000 0.523750 0.014500 0.517750 0.026000
15 0.427000 0.152000 0.425000 0.136250 0.418000 0.137000 0.420000 0.152750
14 0.044250 0.174500 0.044000 0.163500 0.038750 0.163500 0.039000 0.174500
14 0.050500 0.174000 0.050500 0.163250 0.045000 0.163000 0.045250 0.173750
14 0.037750 0.467000 0.030500 0.457500 0.024750 0.461750 0.032000 0.471250
19 0.209000 0.972500 0.189750 0.953250 0.172500 0.971000 0.191500 0.990000
19 0.566750 0.846750 0.571250 0.831000 0.557000 0.827000 0.552500 0.842500
