2 0.838333 0.756250 0.813333 0.775000 0.542500 0.692500 0.563750 0.675000
2 0.530000 0.702500 0.501667 0.721250 0.273750 0.601250 0.293750 0.585000
2 0.535000 0.680000 0.515000 0.691250 0.307500 0.598750 0.320000 0.587500
2 0.576667 0.673750 0.548333 0.692500 0.317500 0.585000 0.340000 0.567500
2 0.600000 0.661250 0.576667 0.677500 0.338750 0.568750 0.356250 0.553750
2 0.600000 0.636250 0.583333 0.647500 0.377500 0.577500 0.391250 0.567500
2 0.556667 0.560000 0.426667 0.563750 0.320000 0.543750 0.416250 0.540000
2 0.985000 0.533750 0.958000 0.473000 0.738750 0.466250 0.759000 0.527000
22 0.880000 0.587500 0.841667 0.593750 0.620000 0.535000 0.647500 0.527500
2 1.000000 0.343750 0.971667 0.350000 0.690000 0.252500 0.712500 0.243750
2 0.633333 0.325000 0.608333 0.337500 0.376250 0.223750 0.396250 0.210000
2 0.643333 0.300000 0.623333 0.310000 0.393750 0.203750 0.407500 0.192500
2 0.671667 0.293750 0.650000 0.306250 0.416250 0.203750 0.435000 0.192500
2 0.691667 0.275000 0.666667 0.287500 0.432500 0.187500 0.450000 0.175000
2 0.708333 0.261250 0.688333 0.272500 0.448750 0.171250 0.466250 0.161250
2 0.741667 0.255000 0.715000 0.266250 0.468750 0.163750 0.487500 0.151250
22 0.538333 0.388750 0.500000 0.411250 0.290000 0.310000 0.317500 0.286250
24 0.501667 0.335000 0.488333 0.343750 0.331250 0.296250 0.341250 0.288750
22 0.846667 0.230000 0.810000 0.241250 0.543750 0.087500 0.571250 0.076250
24 0.796667 0.222500 0.778333 0.227500 0.560000 0.171250 0.575000 0.165000
22 0.990069 0.193887 0.930000 0.073750 0.721199 0.064863 0.766250 0.185000
24 0.973333 0.163750 0.956667 0.170000 0.700000 0.127500 0.715000 0.121250
24 0.951667 0.115000 0.935000 0.118750 0.687500 0.078750 0.698750 0.076250
2 0.195000 0.192500 0.113333 0.256250 0.071250 0.243750 0.131250 0.181250
