4 0.249000 0.749000 0.233000 0.761000 0.228000 0.755000 0.244000 0.743000
6 0.325000 0.990000 0.307000 0.989000 0.307000 0.982000 0.325000 0.982000
6 0.592000 0.976000 0.589000 0.984000 0.571000 0.978000 0.574000 0.970000
6 0.639000 0.912000 0.635000 0.919000 0.622000 0.912000 0.626000 0.905000
4 0.652000 0.908000 0.648000 0.914000 0.632000 0.903000 0.636000 0.897000
6 0.674000 0.919000 0.670000 0.925000 0.656000 0.916000 0.660000 0.909000
4 0.683000 0.953000 0.673000 0.968000 0.667000 0.964000 0.677000 0.949000
6 0.737000 0.904000 0.720000 0.917000 0.715000 0.911000 0.732000 0.897000
6 0.720000 0.860000 0.714000 0.866000 0.701000 0.853000 0.708000 0.847000
4 0.779000 0.877000 0.763000 0.887000 0.759000 0.880000 0.775000 0.870000
6 0.819000 0.922000 0.812000 0.927000 0.802000 0.913000 0.809000 0.908000
4 0.798000 0.941000 0.793000 0.947000 0.778000 0.935000 0.783000 0.929000
6 0.891000 0.915000 0.885000 0.919000 0.875000 0.906000 0.880000 0.901000
4 0.897000 0.886000 0.890000 0.891000 0.880000 0.877000 0.886000 0.872000
4 0.934000 0.875000 0.928000 0.881000 0.915000 0.867000 0.921000 0.861000
6 0.972000 0.855000 0.965000 0.859000 0.954000 0.844000 0.961000 0.839000
6 0.789000 0.834000 0.782000 0.840000 0.771000 0.824000 0.778000 0.819000
4 0.808000 0.738000 0.801000 0.743000 0.789000 0.728000 0.795000 0.723000
4 0.843000 0.719000 0.836000 0.726000 0.822000 0.710000 0.829000 0.704000
4 0.862000 0.713000 0.853000 0.719000 0.842000 0.702000 0.851000 0.697000
6 0.879000 0.706000 0.870000 0.712000 0.857000 0.694000 0.866000 0.688000
6 0.902000 0.690000 0.894000 0.697000 0.883000 0.683000 0.890000 0.677000
6 0.924000 0.683000 0.917000 0.688000 0.906000 0.674000 0.913000 0.668000
4 0.964000 0.664000 0.957000 0.669000 0.947000 0.654000 0.954000 0.649000
4 0.892000 0.667000 0.873000 0.673000 0.870000 0.665000 0.890000 0.658000
4 0.799000 0.658000 0.782000 0.666000 0.779000 0.660000 0.796000 0.652000
6 0.974000 0.601000 0.968000 0.606000 0.957000 0.594000 0.963000 0.589000
6 0.987000 0.598000 0.979000 0.603000 0.968000 0.588000 0.976000 0.583000
6 0.829000 0.578000 0.812000 0.587000 0.809000 0.581000 0.825000 0.571000
4 0.828000 0.567000 0.811000 0.576000 0.807000 0.569000 0.824000 0.560000
6 0.819000 0.560000 0.803000 0.569000 0.799000 0.563000 0.816000 0.553000
4 0.797000 0.539000 0.779000 0.547000 0.776000 0.539000 0.794000 0.532000
4 0.784000 0.520000 0.767000 0.531000 0.763000 0.524000 0.779000 0.513000
6 0.861000 0.517000 0.842000 0.526000 0.839000 0.519000 0.858000 0.510000
6 0.383000 0.628000 0.365000 0.642000 0.360000 0.634000 0.377000 0.620000
5 0.292000 0.548000 0.268000 0.548000 0.268000 0.539000 0.292000 0.540000
6 0.220000 0.483000 0.219000 0.501000 0.210000 0.500000 0.211000 0.482000
5 0.067000 0.461000 0.066000 0.484000 0.056000 0.483000 0.057000 0.460000
4 0.452000 0.498000 0.451000 0.517000 0.443000 0.517000 0.444000 0.498000
9 0.518000 0.563000 0.397000 0.648000 0.367000 0.604000 0.488000 0.520000
4 0.732000 0.280000 0.731000 0.297000 0.722000 0.296000 0.723000 0.280000
4 0.758000 0.286000 0.751000 0.289000 0.746000 0.275000 0.753000 0.272000
4 0.772000 0.283000 0.764000 0.286000 0.757000 0.271000 0.764000 0.267000
4 0.793000 0.274000 0.786000 0.278000 0.775000 0.262000 0.782000 0.258000
6 0.814000 0.260000 0.807000 0.264000 0.797000 0.251000 0.804000 0.246000
4 0.765000 0.214000 0.764000 0.231000 0.755000 0.230000 0.756000 0.213000
4 0.778000 0.191000 0.777000 0.209000 0.767000 0.208000 0.769000 0.190000
6 0.792000 0.192000 0.790000 0.210000 0.781000 0.209000 0.784000 0.191000
6 0.712000 0.193000 0.711000 0.208000 0.703000 0.207000 0.704000 0.192000
4 0.841000 0.149000 0.840000 0.168000 0.832000 0.167000 0.833000 0.148000
6 0.909000 0.168000 0.908000 0.185000 0.900000 0.185000 0.901000 0.168000
6 0.925000 0.170000 0.922000 0.185000 0.913000 0.184000 0.916000 0.168000
6 0.910000 0.241000 0.903000 0.246000 0.893000 0.233000 0.899000 0.228000
6 0.931000 0.229000 0.925000 0.235000 0.914000 0.223000 0.920000 0.217000
6 0.944000 0.224000 0.938000 0.229000 0.926000 0.217000 0.933000 0.211000
4 0.961000 0.215000 0.955000 0.221000 0.943000 0.207000 0.950000 0.202000
6 0.978000 0.207000 0.971000 0.211000 0.962000 0.197000 0.969000 0.193000
6 0.988000 0.058000 0.966000 0.057000 0.967000 0.048000 0.988000 0.049000
4 0.928000 0.050000 0.909000 0.050000 0.909000 0.043000 0.928000 0.044000
4 0.872000 0.011000 0.871000 0.018000 0.852000 0.016000 0.853000 0.009000
11 0.792000 0.069000 0.784000 0.069000 0.785000 0.054000 0.792000 0.054000
4 0.575000 0.116000 0.561000 0.115000 0.561000 0.108000 0.575000 0.109000
11 0.653000 0.027000 0.634000 0.026000 0.635000 0.019000 0.653000 0.020000
11 0.680000 0.022000 0.679000 0.030000 0.658000 0.030000 0.658000 0.021000
4 1.004000 0.837000 0.999000 0.843000 0.989000 0.831000 0.994000 0.826000
