6 0.031000 0.156000 0.027000 0.171000 0.019000 0.168000 0.024000 0.154000
4 0.019000 0.144000 0.013000 0.156000 0.007000 0.153000 0.012000 0.141000
4 0.052000 0.480000 0.050000 0.486000 0.035000 0.480000 0.037000 0.474000
4 0.075000 0.489000 0.072000 0.495000 0.058000 0.489000 0.060000 0.483000
4 0.027000 0.514000 0.023000 0.519000 0.010000 0.509000 0.014000 0.504000
6 0.299000 0.608000 0.288000 0.618000 0.283000 0.613000 0.294000 0.603000
6 0.327000 0.676000 0.319000 0.678000 0.316000 0.663000 0.324000 0.662000
4 0.361000 0.654000 0.354000 0.655000 0.352000 0.640000 0.358000 0.639000
6 0.365000 0.713000 0.358000 0.715000 0.354000 0.702000 0.361000 0.700000
6 0.352000 0.741000 0.346000 0.744000 0.340000 0.730000 0.347000 0.727000
4 0.377000 0.742000 0.370000 0.745000 0.364000 0.732000 0.371000 0.729000
4 0.367000 0.781000 0.360000 0.783000 0.355000 0.769000 0.362000 0.767000
4 0.391000 0.779000 0.384000 0.781000 0.380000 0.768000 0.387000 0.765000
6 0.374000 0.799000 0.368000 0.802000 0.363000 0.787000 0.369000 0.785000
4 0.387000 0.834000 0.381000 0.837000 0.376000 0.822000 0.383000 0.820000
5 0.396000 0.860000 0.388000 0.861000 0.384000 0.844000 0.392000 0.842000
4 0.421000 0.857000 0.413000 0.859000 0.409000 0.844000 0.416000 0.842000
6 0.437000 0.901000 0.430000 0.904000 0.426000 0.890000 0.433000 0.888000
4 0.444000 0.921000 0.437000 0.924000 0.432000 0.909000 0.440000 0.907000
4 0.450000 0.936000 0.444000 0.938000 0.440000 0.925000 0.446000 0.923000
4 0.453000 0.997000 0.446000 0.999000 0.442000 0.985000 0.448000 0.983000
6 0.374000 0.879000 0.355000 0.883000 0.353000 0.876000 0.373000 0.872000
4 0.323000 0.988000 0.304000 0.992000 0.302000 0.984000 0.321000 0.979000
4 0.287000 0.994000 0.273000 0.998000 0.271000 0.991000 0.285000 0.988000
6 0.199000 0.803000 0.194000 0.807000 0.185000 0.797000 0.189000 0.793000
4 0.208000 0.797000 0.203000 0.802000 0.191000 0.792000 0.196000 0.786000
4 0.400000 0.631000 0.398000 0.638000 0.380000 0.633000 0.382000 0.626000
6 0.456000 0.649000 0.454000 0.655000 0.437000 0.650000 0.439000 0.643000
4 0.512000 0.665000 0.510000 0.672000 0.493000 0.667000 0.495000 0.660000
4 0.583000 0.684000 0.581000 0.691000 0.565000 0.685000 0.567000 0.679000
6 0.639000 0.701000 0.637000 0.708000 0.621000 0.704000 0.623000 0.697000
4 0.665000 0.706000 0.663000 0.713000 0.647000 0.709000 0.649000 0.702000
4 0.708000 0.716000 0.706000 0.724000 0.690000 0.719000 0.693000 0.711000
4 0.682000 0.780000 0.674000 0.782000 0.669000 0.765000 0.677000 0.763000
4 0.558000 0.783000 0.547000 0.786000 0.545000 0.778000 0.556000 0.775000
6 0.517000 0.808000 0.511000 0.811000 0.506000 0.801000 0.512000 0.798000
4 0.521000 0.909000 0.514000 0.912000 0.508000 0.896000 0.515000 0.894000
4 0.539000 0.910000 0.531000 0.912000 0.526000 0.895000 0.534000 0.893000
4 0.622000 0.925000 0.604000 0.929000 0.602000 0.922000 0.620000 0.918000
4 0.651000 0.920000 0.629000 0.925000 0.627000 0.918000 0.650000 0.913000
4 0.674000 0.915000 0.657000 0.918000 0.656000 0.912000 0.673000 0.908000
4 0.701000 0.910000 0.680000 0.915000 0.679000 0.908000 0.700000 0.904000
4 0.767000 0.865000 0.762000 0.869000 0.758000 0.863000 0.763000 0.859000
4 0.774000 0.858000 0.767000 0.860000 0.762000 0.846000 0.770000 0.844000
4 0.957000 0.972000 0.951000 0.975000 0.946000 0.961000 0.952000 0.959000
5 0.897000 0.836000 0.890000 0.839000 0.883000 0.820000 0.891000 0.817000
6 0.865000 0.791000 0.859000 0.792000 0.858000 0.779000 0.864000 0.778000
6 0.926000 0.758000 0.925000 0.765000 0.904000 0.763000 0.905000 0.756000
6 0.949000 0.770000 0.948000 0.776000 0.932000 0.775000 0.932000 0.768000
6 0.957000 0.820000 0.941000 0.824000 0.939000 0.816000 0.955000 0.812000
6 0.953000 0.681000 0.952000 0.687000 0.936000 0.682000 0.937000 0.676000
6 0.972000 0.587000 0.964000 0.601000 0.957000 0.597000 0.965000 0.583000
6 0.959000 0.578000 0.951000 0.590000 0.944000 0.585000 0.953000 0.573000
4 0.990000 0.528000 0.984000 0.524000 0.994000 0.509000 1.001000 0.514000
6 0.737000 0.652000 0.735000 0.659000 0.717000 0.652000 0.719000 0.646000
11 0.833000 0.569000 0.818000 0.588000 0.811000 0.583000 0.826000 0.564000
6 0.952000 0.343000 0.951000 0.349000 0.934000 0.344000 0.935000 0.339000
11 0.957000 0.321000 0.955000 0.327000 0.940000 0.324000 0.941000 0.317000
11 0.904000 0.329000 0.902000 0.336000 0.888000 0.332000 0.889000 0.326000
6 0.771000 0.278000 0.770000 0.284000 0.747000 0.279000 0.749000 0.273000
6 0.790000 0.333000 0.776000 0.337000 0.774000 0.331000 0.787000 0.326000
6 0.689000 0.279000 0.687000 0.286000 0.667000 0.280000 0.669000 0.274000
4 0.664000 0.253000 0.663000 0.259000 0.642000 0.254000 0.643000 0.248000
4 0.715000 0.240000 0.709000 0.254000 0.702000 0.251000 0.708000 0.237000
4 0.705000 0.239000 0.698000 0.253000 0.691000 0.250000 0.698000 0.236000
6 0.718000 0.230000 0.716000 0.238000 0.692000 0.232000 0.694000 0.224000
6 0.629000 0.243000 0.628000 0.249000 0.606000 0.245000 0.607000 0.239000
4 0.988000 0.260000 0.985000 0.267000 0.968000 0.262000 0.971000 0.255000
6 0.919000 0.286000 0.918000 0.293000 0.901000 0.289000 0.902000 0.283000
4 0.931000 0.272000 0.929000 0.279000 0.909000 0.272000 0.912000 0.266000
6 0.936000 0.252000 0.935000 0.258000 0.917000 0.254000 0.918000 0.248000
4 0.959000 0.209000 0.957000 0.216000 0.938000 0.210000 0.940000 0.203000
4 0.963000 0.190000 0.960000 0.197000 0.946000 0.191000 0.949000 0.184000
3 0.939000 0.193000 0.936000 0.201000 0.911000 0.192000 0.914000 0.184000
6 0.948000 0.179000 0.946000 0.184000 0.929000 0.179000 0.931000 0.173000
4 0.949000 0.168000 0.947000 0.173000 0.931000 0.169000 0.932000 0.163000
4 0.961000 0.153000 0.959000 0.160000 0.939000 0.155000 0.941000 0.147000
4 0.964000 0.143000 0.961000 0.150000 0.944000 0.144000 0.946000 0.137000
4 0.966000 0.135000 0.964000 0.142000 0.949000 0.136000 0.952000 0.129000
4 0.970000 0.125000 0.969000 0.131000 0.953000 0.126000 0.954000 0.120000
4 0.980000 0.118000 0.978000 0.124000 0.960000 0.119000 0.962000 0.112000
6 0.983000 0.108000 0.981000 0.116000 0.963000 0.111000 0.965000 0.103000
4 0.991000 0.092000 0.988000 0.099000 0.968000 0.092000 0.971000 0.085000
6 1.000000 0.070000 0.988000 0.067000 0.989000 0.061000 1.000000 0.065000
11 0.916000 0.090000 0.914000 0.098000 0.897000 0.093000 0.900000 0.086000
11 0.924000 0.074000 0.923000 0.080000 0.914000 0.077000 0.916000 0.071000
11 0.921000 0.082000 0.920000 0.088000 0.911000 0.085000 0.912000 0.080000
11 0.932000 0.064000 0.930000 0.070000 0.918000 0.068000 0.920000 0.061000
11 0.933000 0.054000 0.932000 0.061000 0.922000 0.058000 0.924000 0.052000
11 0.938000 0.046000 0.936000 0.053000 0.926000 0.050000 0.927000 0.044000
11 0.940000 0.044000 0.929000 0.043000 0.930000 0.037000 0.940000 0.038000
6 0.816000 0.070000 0.814000 0.076000 0.793000 0.071000 0.795000 0.064000
6 0.789000 0.113000 0.784000 0.128000 0.777000 0.125000 0.782000 0.110000
6 0.781000 0.102000 0.776000 0.117000 0.767000 0.114000 0.772000 0.099000
4 0.768000 0.116000 0.763000 0.131000 0.755000 0.128000 0.760000 0.113000
4 0.758000 0.139000 0.751000 0.154000 0.743000 0.150000 0.751000 0.135000
4 0.747000 0.171000 0.741000 0.186000 0.733000 0.182000 0.738000 0.168000
4 0.715000 0.219000 0.714000 0.227000 0.702000 0.225000 0.703000 0.217000
6 0.835000 0.217000 0.831000 0.231000 0.823000 0.229000 0.827000 0.215000
4 0.745000 0.035000 0.728000 0.044000 0.725000 0.037000 0.742000 0.029000
6 0.728000 0.029000 0.716000 0.038000 0.712000 0.033000 0.725000 0.024000
4 0.717000 0.024000 0.705000 0.034000 0.700000 0.029000 0.713000 0.019000
4 0.699000 0.024000 0.685000 0.033000 0.681000 0.027000 0.694000 0.017000
4 0.687000 0.018000 0.674000 0.027000 0.670000 0.021000 0.683000 0.013000
4 0.578000 0.027000 0.573000 0.042000 0.565000 0.039000 0.571000 0.024000
4 0.604000 0.038000 0.598000 0.052000 0.590000 0.049000 0.595000 0.034000
4 0.568000 0.054000 0.561000 0.069000 0.555000 0.067000 0.561000 0.051000
4 0.557000 0.074000 0.552000 0.087000 0.546000 0.085000 0.551000 0.071000
5 0.551000 0.089000 0.546000 0.104000 0.539000 0.102000 0.544000 0.087000
4 0.533000 0.135000 0.526000 0.152000 0.518000 0.149000 0.525000 0.132000
6 0.550000 0.158000 0.545000 0.173000 0.538000 0.171000 0.543000 0.156000
6 0.543000 0.177000 0.538000 0.192000 0.530000 0.189000 0.535000 0.174000
6 0.518000 0.171000 0.513000 0.187000 0.504000 0.184000 0.509000 0.168000
6 0.069000 0.195000 0.062000 0.197000 0.058000 0.183000 0.065000 0.181000
6 0.122000 0.179000 0.120000 0.186000 0.102000 0.180000 0.105000 0.173000
4 0.092000 0.200000 0.086000 0.202000 0.083000 0.190000 0.089000 0.188000
9 0.462000 0.971000 0.436000 0.980000 0.427000 0.954000 0.454000 0.945000
9 0.889000 0.741000 0.887000 0.768000 0.841000 0.763000 0.843000 0.737000
