6 0.025000 0.556667 0.001250 0.553333 0.003333 0.541667 0.033333 0.545000
6 0.056250 0.601667 0.042500 0.601667 0.056667 0.571667 0.075000 0.571667
6 0.055000 0.515000 0.043750 0.516667 0.055000 0.491667 0.070000 0.490000
6 0.017500 0.651667 0.000000 0.651667 0.000000 0.638333 0.023333 0.638333
4 0.058750 0.798333 0.045000 0.798333 0.060000 0.770000 0.076667 0.768333
5 0.112500 0.746667 0.110000 0.786667 0.126667 0.785000 0.130000 0.745000
4 0.112500 0.850000 0.097500 0.850000 0.128333 0.811667 0.148333 0.811667
6 0.061250 0.855000 0.060000 0.883333 0.063333 0.881667 0.065000 0.853333
6 0.060000 0.976667 0.047500 0.976667 0.060000 0.948333 0.078333 0.946667
6 0.185000 0.323333 0.183750 0.335000 0.208333 0.330000 0.210000 0.318333
4 0.157500 0.416667 0.156250 0.436667 0.163333 0.433333 0.165000 0.413333
6 0.181250 0.931667 0.148750 0.933333 0.198333 0.920000 0.241667 0.918333
5 0.598750 0.906667 0.585000 0.908333 0.778333 0.870000 0.796667 0.870000
6 0.646250 0.960000 0.630000 0.958333 0.841667 0.930000 0.861667 0.931667
4 0.645000 0.726667 0.631250 0.726667 0.841667 0.695000 0.858333 0.693333
4 0.690000 0.863333 0.677500 0.863333 0.901667 0.833333 0.918333 0.833333
4 0.601250 0.718333 0.588750 0.720000 0.780000 0.685000 0.796667 0.683333
6 0.700000 0.665000 0.673750 0.663333 0.900000 0.653333 0.933333 0.655000
11 0.646250 0.650000 0.635000 0.651667 0.845000 0.600000 0.861667 0.598333
6 0.648750 0.595000 0.635000 0.596667 0.843333 0.566667 0.861667 0.565000
4 0.602500 0.576667 0.590000 0.578333 0.781667 0.540000 0.796667 0.536667
4 0.646250 0.523333 0.645000 0.555000 0.843333 0.555000 0.845000 0.521667
6 0.560000 0.628333 0.532500 0.630000 0.710000 0.616667 0.745000 0.615000
4 0.562500 0.825000 0.561250 0.840000 0.705000 0.835000 0.706667 0.821667
6 0.282500 0.715000 0.276250 0.715000 0.368333 0.698333 0.376667 0.698333
6 0.601250 0.481667 0.600000 0.513333 0.785000 0.513333 0.786667 0.481667
6 0.601250 0.456667 0.587500 0.456667 0.783333 0.423333 0.801667 0.423333
6 0.646250 0.423333 0.633750 0.425000 0.841667 0.393333 0.860000 0.391667
5 0.605000 0.356667 0.603750 0.395000 0.783333 0.393333 0.785000 0.356667
6 0.650000 0.256667 0.648750 0.288333 0.845000 0.288333 0.845000 0.256667
4 0.651250 0.255000 0.637500 0.255000 0.850000 0.226667 0.868333 0.226667
4 0.603750 0.208333 0.588750 0.210000 0.783333 0.170000 0.803333 0.170000
4 0.602500 0.231667 0.593750 0.231667 0.790000 0.211667 0.803333 0.211667
5 0.702500 0.326667 0.671250 0.326667 0.895000 0.311667 0.936667 0.311667
4 0.605000 0.136667 0.590000 0.138333 0.785000 0.103333 0.803333 0.101667
6 0.575000 0.056667 0.567500 0.065000 0.736667 0.041667 0.748333 0.033333
11 0.707500 0.488333 0.681250 0.488333 0.908333 0.471667 0.943333 0.473333
4 0.751250 0.476667 0.750000 0.493333 0.955000 0.490000 0.955000 0.475000
3 0.781250 0.686667 0.742500 0.686667 0.990000 0.668333 1.041667 0.668333
4 0.803750 0.665000 0.792500 0.665000 1.056667 0.626667 1.071667 0.626667
3 0.811250 0.686667 0.781250 0.686667 1.041667 0.671667 1.081667 0.671667
14 0.413750 0.145000 0.345000 0.146667 0.455000 0.011667 0.548333 0.006667
14 0.508750 0.011667 0.506250 0.148333 0.583333 0.145000 0.586667 0.010000
6 0.752500 0.983333 0.742500 0.983333 0.990000 0.960000 1.003333 0.960000
5 0.016250 0.935000 0.000000 0.935000 0.000000 0.921667 0.021667 0.921667
