19 0.170000 0.011250 0.161667 0.060000 0.067500 0.052500 0.075000 0.003750
17 0.613333 0.058750 0.606667 0.112500 0.397500 0.106250 0.403750 0.053750
17 0.156667 0.161250 0.116667 0.206250 0.040000 0.175000 0.070000 0.130000
12 0.256667 0.236250 0.243333 0.297500 0.125000 0.288750 0.135000 0.227500
19 0.610000 0.198750 0.600000 0.257500 0.387500 0.250000 0.395000 0.191250
19 0.468333 0.387500 0.398333 0.421250 0.265000 0.370000 0.317500 0.336250
19 0.816667 0.161250 0.778333 0.170000 0.572500 0.135000 0.602500 0.126250
19 0.948333 0.203750 0.921667 0.225000 0.663750 0.200000 0.683750 0.178750
19 0.940000 0.263750 0.913333 0.286250 0.658750 0.262500 0.678750 0.240000
17 0.706667 0.833750 0.633333 0.851250 0.457500 0.797500 0.513750 0.780000
