17 0.294000 0.164000 0.336000 0.132000 0.309000 0.101000 0.269000 0.132000
17 0.357000 0.246000 0.398000 0.214000 0.371000 0.180000 0.330000 0.213000
13 0.417000 0.332000 0.463000 0.295000 0.436000 0.262000 0.390000 0.298000
19 0.467000 0.078000 0.501000 0.050000 0.475000 0.015000 0.440000 0.043000
17 0.507000 0.130000 0.548000 0.097000 0.519000 0.061000 0.478000 0.094000
12 0.061000 0.392000 0.094000 0.434000 0.132000 0.404000 0.100000 0.362000
17 0.286000 0.404000 0.246000 0.437000 0.278000 0.478000 0.319000 0.445000
17 0.319000 0.462000 0.280000 0.494000 0.309000 0.530000 0.350000 0.497000
17 0.700000 0.092000 0.663000 0.127000 0.698000 0.164000 0.734000 0.129000
29 0.382000 0.723000 0.321000 0.785000 0.378000 0.839000 0.438000 0.779000
19 0.321000 0.850000 0.351000 0.817000 0.319000 0.788000 0.290000 0.822000
15 0.116000 0.774000 0.099000 0.788000 0.125000 0.818000 0.141000 0.804000
15 0.132000 0.762000 0.116000 0.776000 0.142000 0.806000 0.158000 0.792000
