7 0.135000 0.176667 0.126250 0.211667 0.156667 0.206667 0.170000 0.173333
28 0.297500 0.070000 0.283750 0.148333 0.351667 0.141667 0.370000 0.063333
18 0.302500 0.093333 0.298750 0.126667 0.386667 0.125000 0.391667 0.090000
2 0.352500 0.080000 0.342500 0.193333 0.426667 0.190000 0.441667 0.076667
24 0.335000 0.193333 0.333750 0.218333 0.430000 0.216667 0.433333 0.191667
2 0.421250 0.095000 0.413750 0.206667 0.523333 0.205000 0.531667 0.093333
2 0.480000 0.131667 0.453750 0.240000 0.578333 0.231667 0.613333 0.123333
22 0.542500 0.140000 0.515000 0.266667 0.643333 0.255000 0.678333 0.126667
24 0.410000 0.208333 0.408750 0.240000 0.531667 0.240000 0.533333 0.208333
2 0.831250 0.326667 0.810000 0.331667 1.060000 0.221667 1.088333 0.216667
2 0.855000 0.331667 0.833750 0.336667 1.088333 0.213333 1.116667 0.208333
2 0.877500 0.326667 0.855000 0.331667 1.116667 0.208333 1.146667 0.203333
2 0.902500 0.326667 0.878750 0.333333 1.148333 0.203333 1.180000 0.196667
