4 0.062500 0.333333 0.033750 0.331667 0.045000 0.320000 0.083333 0.320000
4 0.277500 0.335000 0.250000 0.335000 0.333333 0.321667 0.370000 0.321667
4 0.310000 0.333333 0.286250 0.333333 0.381667 0.321667 0.411667 0.321667
6 0.376250 0.331667 0.353750 0.330000 0.471667 0.320000 0.501667 0.321667
6 0.403750 0.333333 0.381250 0.331667 0.508333 0.320000 0.538333 0.321667
4 0.250000 0.398333 0.223750 0.398333 0.298333 0.385000 0.333333 0.385000
4 0.280000 0.388333 0.278750 0.400000 0.340000 0.398333 0.340000 0.386667
6 0.693750 0.335000 0.662500 0.335000 0.883333 0.320000 0.925000 0.321667
4 0.738750 0.331667 0.715000 0.333333 0.953333 0.323333 0.985000 0.323333
6 0.803750 0.331667 0.781250 0.333333 1.041667 0.323333 1.071667 0.321667
6 0.828750 0.333333 0.806250 0.333333 1.076667 0.321667 1.105000 0.323333
4 0.845000 0.400000 0.821250 0.398333 1.096667 0.386667 1.126667 0.388333
4 0.952500 0.335000 0.925000 0.336667 1.233333 0.323333 1.268333 0.321667
6 0.980000 0.333333 0.958750 0.333333 1.276667 0.321667 1.306667 0.321667
4 0.058750 0.958333 0.030000 0.960000 0.040000 0.946667 0.076667 0.946667
4 0.343750 0.961667 0.321250 0.961667 0.428333 0.950000 0.458333 0.950000
6 0.376250 0.961667 0.348750 0.963333 0.465000 0.950000 0.501667 0.950000
6 0.437500 0.961667 0.415000 0.958333 0.555000 0.948333 0.583333 0.950000
4 0.540000 0.961667 0.515000 0.961667 0.686667 0.950000 0.720000 0.950000
4 0.668750 0.960000 0.643750 0.961667 0.858333 0.948333 0.891667 0.946667
6 0.697500 0.961667 0.671250 0.961667 0.895000 0.948333 0.930000 0.948333
6 0.851250 0.961667 0.831250 0.960000 1.108333 0.948333 1.135000 0.950000
4 0.876250 0.960000 0.856250 0.961667 1.140000 0.950000 1.168333 0.950000
4 0.926250 0.963333 0.901250 0.963333 1.201667 0.951667 1.235000 0.950000
6 0.021250 0.123333 0.000000 0.123333 0.000000 0.111667 0.028333 0.113333
6 0.021250 0.138333 0.000000 0.138333 0.000000 0.128333 0.026667 0.128333
6 0.022500 0.170000 0.000000 0.170000 0.000000 0.158333 0.030000 0.158333
6 0.023750 0.183333 0.001250 0.185000 0.001667 0.173333 0.031667 0.173333
4 0.025000 0.198333 0.001250 0.200000 0.001667 0.188333 0.033333 0.188333
6 0.023750 0.213333 0.002500 0.213333 0.003333 0.203333 0.031667 0.201667
6 0.022500 0.228333 0.001250 0.228333 0.001667 0.218333 0.030000 0.218333
4 0.076250 0.093333 0.053750 0.093333 0.071667 0.081667 0.101667 0.081667
6 0.077500 0.123333 0.055000 0.121667 0.073333 0.111667 0.103333 0.111667
6 0.076250 0.138333 0.055000 0.138333 0.073333 0.126667 0.101667 0.126667
6 0.078750 0.151667 0.056250 0.153333 0.075000 0.141667 0.105000 0.141667
6 0.078750 0.166667 0.057500 0.166667 0.076667 0.155000 0.105000 0.155000
4 0.078750 0.183333 0.057500 0.181667 0.076667 0.171667 0.105000 0.171667
6 0.077500 0.198333 0.056250 0.198333 0.075000 0.188333 0.103333 0.188333
6 0.078750 0.226667 0.057500 0.226667 0.076667 0.216667 0.105000 0.216667
4 0.076250 0.243333 0.051250 0.243333 0.068333 0.231667 0.101667 0.231667
4 0.078750 0.256667 0.056250 0.256667 0.075000 0.246667 0.105000 0.245000
4 0.080000 0.271667 0.058750 0.270000 0.078333 0.260000 0.106667 0.260000
6 0.080000 0.276667 0.078750 0.288333 0.075000 0.286667 0.076667 0.275000
6 0.118750 0.151667 0.107500 0.151667 0.141667 0.121667 0.156667 0.121667
4 0.170000 0.253333 0.156250 0.255000 0.208333 0.225000 0.225000 0.223333
6 0.118750 0.495000 0.110000 0.495000 0.145000 0.466667 0.158333 0.466667
6 0.117500 0.518333 0.108750 0.518333 0.145000 0.496667 0.156667 0.496667
6 0.117500 0.550000 0.107500 0.550000 0.143333 0.521667 0.156667 0.521667
5 0.117500 0.586667 0.107500 0.586667 0.141667 0.551667 0.156667 0.551667
6 0.118750 0.618333 0.108750 0.618333 0.145000 0.591667 0.156667 0.591667
6 0.010000 0.661667 0.001250 0.661667 0.000000 0.635000 0.011667 0.635000
4 0.021250 0.661667 0.012500 0.661667 0.016667 0.641667 0.028333 0.641667
4 0.118750 0.725000 0.108750 0.725000 0.145000 0.696667 0.158333 0.696667
6 0.118750 0.726667 0.117500 0.751667 0.145000 0.751667 0.146667 0.726667
4 0.097500 0.765000 0.073750 0.765000 0.098333 0.753333 0.130000 0.753333
4 0.096250 0.778333 0.073750 0.778333 0.098333 0.766667 0.128333 0.766667
6 0.118750 0.810000 0.108750 0.810000 0.143333 0.780000 0.156667 0.778333
6 0.118750 0.845000 0.108750 0.845000 0.145000 0.816667 0.158333 0.816667
4 0.118750 0.876667 0.108750 0.876667 0.145000 0.850000 0.158333 0.850000
6 0.167500 0.786667 0.156250 0.786667 0.208333 0.758333 0.223333 0.758333
4 0.168750 0.725000 0.161250 0.725000 0.215000 0.700000 0.225000 0.700000
4 0.168750 0.661667 0.160000 0.661667 0.213333 0.636667 0.225000 0.636667
4 0.168750 0.513333 0.167500 0.540000 0.213333 0.540000 0.213333 0.513333
6 0.170000 0.508333 0.158750 0.508333 0.211667 0.481667 0.226667 0.481667
4 0.170000 0.541667 0.167500 0.570000 0.211667 0.568333 0.213333 0.541667
4 0.230000 0.578333 0.207500 0.580000 0.275000 0.570000 0.306667 0.566667
4 0.295000 0.515000 0.286250 0.515000 0.381667 0.488333 0.393333 0.488333
6 0.295000 0.548333 0.286250 0.548333 0.381667 0.523333 0.393333 0.523333
4 0.630000 0.528333 0.620000 0.528333 0.826667 0.498333 0.840000 0.498333
4 0.661250 0.426667 0.660000 0.438333 0.850000 0.436667 0.850000 0.425000
4 0.691250 0.440000 0.668750 0.446667 0.890000 0.435000 0.920000 0.428333
6 0.772500 0.533333 0.763750 0.533333 1.016667 0.508333 1.028333 0.508333
6 0.786250 0.496667 0.778750 0.496667 1.035000 0.470000 1.048333 0.470000
6 0.861250 0.653333 0.853750 0.653333 1.138333 0.628333 1.148333 0.630000
4 0.738750 0.660000 0.716250 0.658333 0.955000 0.648333 0.985000 0.650000
4 0.895000 0.931667 0.886250 0.931667 1.181667 0.900000 1.193333 0.900000
5 0.880000 0.911667 0.870000 0.911667 1.158333 0.878333 1.173333 0.878333
4 0.860000 0.908333 0.836250 0.910000 1.115000 0.898333 1.146667 0.896667
4 0.861250 0.923333 0.837500 0.923333 1.116667 0.913333 1.148333 0.913333
6 0.786250 0.816667 0.785000 0.841667 1.035000 0.840000 1.035000 0.816667
6 0.751250 0.895000 0.750000 0.906667 0.970000 0.906667 0.970000 0.895000
4 0.747500 0.925000 0.723750 0.923333 0.965000 0.911667 0.996667 0.913333
4 0.666250 0.756667 0.647500 0.770000 0.856667 0.758333 0.881667 0.745000
4 0.663750 0.735000 0.645000 0.753333 0.855000 0.743333 0.880000 0.725000
4 0.631250 0.738333 0.630000 0.763333 0.828333 0.763333 0.828333 0.738333
4 0.616250 0.740000 0.600000 0.761667 0.791667 0.753333 0.813333 0.731667
4 0.582500 0.740000 0.578750 0.765000 0.758333 0.761667 0.765000 0.738333
4 0.601250 0.763333 0.585000 0.781667 0.771667 0.771667 0.793333 0.753333
6 0.525000 0.723333 0.517500 0.725000 0.688333 0.708333 0.698333 0.708333
6 0.511250 0.726667 0.503750 0.726667 0.671667 0.708333 0.681667 0.708333
4 0.500000 0.733333 0.490000 0.733333 0.653333 0.706667 0.665000 0.706667
6 0.338750 0.721667 0.328750 0.721667 0.438333 0.698333 0.451667 0.698333
4 0.351250 0.725000 0.343750 0.726667 0.456667 0.701667 0.466667 0.700000
6 0.360000 0.916667 0.338750 0.916667 0.451667 0.905000 0.480000 0.906667
4 0.278750 0.926667 0.268750 0.928333 0.358333 0.900000 0.370000 0.900000
6 0.253750 0.701667 0.248750 0.708333 0.313333 0.693333 0.320000 0.685000
4 0.266250 0.720000 0.258750 0.720000 0.345000 0.696667 0.355000 0.696667
6 0.220000 0.803333 0.200000 0.803333 0.266667 0.791667 0.293333 0.791667
9 0.193750 0.320000 0.192500 0.398333 0.126667 0.395000 0.128333 0.316667
6 0.693750 0.578333 0.692500 0.600000 0.910000 0.598333 0.910000 0.576667
6 0.692500 0.573333 0.686250 0.573333 0.910000 0.555000 0.921667 0.553333
6 0.691250 0.460000 0.670000 0.460000 0.893333 0.448333 0.921667 0.448333
6 0.755000 0.398333 0.737500 0.396667 0.983333 0.388333 1.006667 0.388333
