6 0.801000 0.171000 0.789000 0.180000 0.785000 0.175000 0.797000 0.166000
6 0.798000 0.185000 0.785000 0.194000 0.781000 0.189000 0.794000 0.179000
6 0.809000 0.213000 0.795000 0.224000 0.791000 0.218000 0.805000 0.207000
6 0.827000 0.352000 0.812000 0.362000 0.808000 0.356000 0.823000 0.346000
5 0.837000 0.412000 0.824000 0.424000 0.819000 0.419000 0.832000 0.407000
6 0.847000 0.465000 0.834000 0.474000 0.830000 0.468000 0.843000 0.459000
5 0.841000 0.445000 0.827000 0.455000 0.823000 0.450000 0.838000 0.440000
4 0.385000 0.087000 0.384000 0.095000 0.364000 0.091000 0.365000 0.083000
4 0.360000 0.083000 0.359000 0.089000 0.339000 0.086000 0.340000 0.080000
6 0.265000 0.036000 0.257000 0.051000 0.248000 0.046000 0.256000 0.032000
6 0.279000 0.041000 0.271000 0.054000 0.265000 0.050000 0.273000 0.037000
5 0.291000 0.020000 0.281000 0.037000 0.273000 0.033000 0.282000 0.015000
5 0.278000 0.012000 0.269000 0.030000 0.261000 0.026000 0.270000 0.008000
7 0.434000 0.043000 0.429000 0.063000 0.418000 0.059000 0.424000 0.040000
4 0.122000 0.059000 0.115000 0.072000 0.106000 0.067000 0.114000 0.054000
4 0.153000 0.049000 0.151000 0.055000 0.132000 0.049000 0.134000 0.043000
4 0.149000 0.068000 0.147000 0.075000 0.128000 0.068000 0.130000 0.061000
6 0.806000 0.515000 0.799000 0.515000 0.797000 0.500000 0.805000 0.499000
6 0.810000 0.535000 0.802000 0.535000 0.801000 0.521000 0.809000 0.521000
4 0.851000 0.509000 0.835000 0.519000 0.831000 0.513000 0.847000 0.503000
4 0.856000 0.528000 0.840000 0.538000 0.836000 0.533000 0.852000 0.522000
4 0.859000 0.554000 0.845000 0.565000 0.841000 0.560000 0.855000 0.549000
6 0.863000 0.569000 0.848000 0.579000 0.844000 0.573000 0.860000 0.564000
4 0.863000 0.580000 0.849000 0.590000 0.845000 0.584000 0.860000 0.575000
6 0.822000 0.626000 0.815000 0.628000 0.813000 0.613000 0.820000 0.612000
4 0.875000 0.654000 0.859000 0.664000 0.855000 0.657000 0.871000 0.647000
6 0.879000 0.673000 0.862000 0.684000 0.857000 0.677000 0.874000 0.666000
4 0.878000 0.696000 0.864000 0.705000 0.860000 0.700000 0.874000 0.690000
6 0.877000 0.719000 0.864000 0.727000 0.861000 0.722000 0.874000 0.713000
6 0.892000 0.782000 0.880000 0.790000 0.876000 0.785000 0.889000 0.776000
5 0.850000 0.831000 0.842000 0.831000 0.841000 0.812000 0.849000 0.812000
5 0.900000 0.805000 0.880000 0.817000 0.876000 0.809000 0.895000 0.797000
5 0.856000 0.854000 0.846000 0.854000 0.846000 0.835000 0.855000 0.835000
4 0.901000 0.845000 0.883000 0.854000 0.880000 0.848000 0.897000 0.838000
4 0.905000 0.854000 0.886000 0.864000 0.883000 0.857000 0.901000 0.847000
4 0.907000 0.865000 0.890000 0.874000 0.886000 0.868000 0.904000 0.859000
4 0.906000 0.877000 0.889000 0.886000 0.886000 0.880000 0.903000 0.870000
4 0.927000 0.944000 0.908000 0.946000 0.907000 0.940000 0.926000 0.939000
6 0.995000 0.938000 0.975000 0.939000 0.975000 0.933000 0.994000 0.931000
6 0.968000 0.970000 0.949000 0.971000 0.949000 0.964000 0.968000 0.963000
4 0.928000 0.975000 0.910000 0.975000 0.910000 0.968000 0.928000 0.968000
6 0.905000 0.976000 0.885000 0.977000 0.885000 0.969000 0.905000 0.969000
5 0.868000 0.979000 0.848000 0.979000 0.848000 0.972000 0.867000 0.971000
4 0.789000 0.986000 0.769000 0.987000 0.769000 0.981000 0.789000 0.980000
6 0.764000 0.989000 0.743000 0.990000 0.742000 0.982000 0.764000 0.982000
5 0.806000 0.930000 0.796000 0.930000 0.796000 0.910000 0.806000 0.910000
4 0.689000 0.919000 0.679000 0.920000 0.677000 0.901000 0.687000 0.900000
4 0.601000 0.844000 0.579000 0.847000 0.578000 0.840000 0.600000 0.837000
4 0.603000 0.854000 0.584000 0.856000 0.584000 0.849000 0.603000 0.848000
4 0.626000 0.966000 0.605000 0.969000 0.604000 0.962000 0.625000 0.959000
4 0.622000 0.957000 0.602000 0.958000 0.601000 0.951000 0.622000 0.950000
6 0.295000 0.985000 0.280000 0.986000 0.279000 0.981000 0.294000 0.979000
6 0.318000 0.983000 0.298000 0.984000 0.298000 0.978000 0.318000 0.977000
5 0.417000 0.870000 0.396000 0.869000 0.396000 0.862000 0.417000 0.863000
6 0.273000 0.882000 0.252000 0.884000 0.251000 0.876000 0.272000 0.875000
6 0.286000 0.846000 0.267000 0.847000 0.267000 0.839000 0.286000 0.839000
4 0.331000 0.747000 0.323000 0.748000 0.322000 0.733000 0.331000 0.732000
6 0.228000 0.724000 0.220000 0.724000 0.219000 0.707000 0.227000 0.707000
4 0.235000 0.743000 0.225000 0.744000 0.223000 0.728000 0.233000 0.727000
6 0.405000 0.728000 0.396000 0.729000 0.394000 0.715000 0.403000 0.714000
5 0.561000 0.716000 0.551000 0.717000 0.550000 0.696000 0.559000 0.695000
4 0.547000 0.616000 0.539000 0.617000 0.537000 0.599000 0.546000 0.598000
5 0.380000 0.631000 0.370000 0.632000 0.368000 0.613000 0.377000 0.612000
6 0.310000 0.606000 0.303000 0.606000 0.302000 0.592000 0.309000 0.591000
6 0.218000 0.639000 0.210000 0.641000 0.207000 0.626000 0.215000 0.625000
4 0.563000 0.461000 0.544000 0.463000 0.543000 0.456000 0.562000 0.454000
5 0.565000 0.353000 0.542000 0.353000 0.542000 0.346000 0.565000 0.346000
6 0.532000 0.353000 0.513000 0.354000 0.512000 0.347000 0.532000 0.347000
6 0.528000 0.325000 0.508000 0.328000 0.507000 0.321000 0.527000 0.318000
6 0.529000 0.314000 0.507000 0.316000 0.507000 0.309000 0.528000 0.307000
6 0.654000 0.344000 0.637000 0.345000 0.637000 0.339000 0.654000 0.337000
4 0.643000 0.277000 0.624000 0.278000 0.624000 0.271000 0.643000 0.271000
4 0.571000 0.256000 0.562000 0.256000 0.561000 0.236000 0.569000 0.235000
6 0.183000 0.212000 0.161000 0.215000 0.160000 0.208000 0.182000 0.204000
6 0.185000 0.227000 0.167000 0.227000 0.166000 0.221000 0.184000 0.220000
4 0.187000 0.236000 0.167000 0.237000 0.166000 0.229000 0.187000 0.228000
5 0.242000 0.238000 0.237000 0.242000 0.226000 0.227000 0.231000 0.223000
5 0.261000 0.248000 0.251000 0.250000 0.249000 0.231000 0.259000 0.230000
6 0.256000 0.224000 0.246000 0.225000 0.245000 0.208000 0.255000 0.208000
5 0.310000 0.302000 0.285000 0.303000 0.285000 0.296000 0.310000 0.295000
4 0.319000 0.411000 0.299000 0.412000 0.299000 0.404000 0.319000 0.404000
6 0.343000 0.434000 0.325000 0.435000 0.324000 0.428000 0.342000 0.427000
4 0.344000 0.511000 0.328000 0.512000 0.327000 0.505000 0.344000 0.505000
6 0.058000 0.870000 0.038000 0.871000 0.038000 0.863000 0.057000 0.862000
6 0.023000 0.544000 0.002000 0.546000 0.002000 0.539000 0.023000 0.537000
4 0.064000 0.662000 0.056000 0.662000 0.054000 0.647000 0.063000 0.646000
9 0.328000 0.696000 0.286000 0.700000 0.282000 0.658000 0.325000 0.654000
4 0.206000 0.372000 0.190000 0.373000 0.189000 0.366000 0.206000 0.365000
5 0.088000 0.898000 0.068000 0.898000 0.068000 0.892000 0.088000 0.892000
6 0.712000 0.627000 0.699000 0.628000 0.698000 0.621000 0.711000 0.620000
