4 0.947000 0.899000 0.936000 0.900000 0.934000 0.881000 0.945000 0.880000
6 0.766000 0.474000 0.765000 0.492000 0.755000 0.491000 0.756000 0.473000
4 0.747000 0.490000 0.737000 0.490000 0.738000 0.474000 0.747000 0.474000
4 0.734000 0.490000 0.723000 0.489000 0.724000 0.473000 0.734000 0.473000
4 0.524000 0.719000 0.504000 0.718000 0.504000 0.710000 0.524000 0.711000
6 0.521000 0.693000 0.501000 0.693000 0.501000 0.686000 0.521000 0.686000
6 0.525000 0.686000 0.502000 0.686000 0.502000 0.678000 0.525000 0.678000
4 0.524000 0.677000 0.500000 0.677000 0.500000 0.669000 0.524000 0.669000
4 0.169000 0.693000 0.161000 0.697000 0.152000 0.678000 0.161000 0.674000
4 0.037000 0.693000 0.027000 0.693000 0.026000 0.673000 0.036000 0.672000
4 0.726000 0.923000 0.725000 0.942000 0.714000 0.942000 0.714000 0.923000
6 0.751000 0.940000 0.741000 0.941000 0.739000 0.923000 0.750000 0.922000
4 0.763000 0.937000 0.753000 0.938000 0.751000 0.923000 0.761000 0.921000
6 0.784000 0.939000 0.774000 0.939000 0.774000 0.923000 0.784000 0.923000
6 0.807000 0.940000 0.796000 0.941000 0.796000 0.923000 0.807000 0.922000
6 0.820000 0.941000 0.809000 0.941000 0.808000 0.925000 0.819000 0.925000
4 0.843000 0.941000 0.833000 0.941000 0.832000 0.923000 0.842000 0.922000
4 0.867000 0.941000 0.855000 0.941000 0.855000 0.923000 0.867000 0.923000
6 0.889000 0.899000 0.878000 0.899000 0.877000 0.882000 0.889000 0.881000
4 0.864000 0.898000 0.854000 0.899000 0.852000 0.882000 0.863000 0.881000
4 0.841000 0.899000 0.831000 0.899000 0.830000 0.883000 0.841000 0.882000
4 0.819000 0.898000 0.808000 0.899000 0.805000 0.882000 0.817000 0.881000
6 0.794000 0.897000 0.785000 0.898000 0.783000 0.883000 0.792000 0.882000
6 0.770000 0.898000 0.760000 0.898000 0.759000 0.882000 0.769000 0.882000
6 0.749000 0.898000 0.738000 0.899000 0.738000 0.883000 0.748000 0.883000
6 0.722000 0.897000 0.712000 0.898000 0.711000 0.882000 0.722000 0.881000
6 0.711000 0.899000 0.701000 0.899000 0.701000 0.882000 0.710000 0.882000
6 0.700000 0.897000 0.690000 0.898000 0.689000 0.884000 0.699000 0.883000
4 0.687000 0.897000 0.677000 0.898000 0.675000 0.881000 0.685000 0.880000
6 0.676000 0.896000 0.667000 0.898000 0.663000 0.882000 0.672000 0.880000
4 0.651000 0.896000 0.642000 0.897000 0.641000 0.880000 0.650000 0.880000
6 0.640000 0.895000 0.630000 0.896000 0.629000 0.879000 0.639000 0.879000
4 0.627000 0.895000 0.619000 0.896000 0.617000 0.880000 0.625000 0.879000
4 0.616000 0.896000 0.606000 0.897000 0.605000 0.881000 0.615000 0.880000
6 0.605000 0.896000 0.594000 0.897000 0.594000 0.880000 0.604000 0.880000
4 0.592000 0.897000 0.582000 0.897000 0.582000 0.881000 0.592000 0.881000
6 0.689000 0.937000 0.679000 0.937000 0.679000 0.921000 0.688000 0.920000
4 0.677000 0.937000 0.668000 0.937000 0.666000 0.920000 0.676000 0.919000
4 0.666000 0.939000 0.657000 0.939000 0.656000 0.921000 0.665000 0.921000
4 0.655000 0.940000 0.645000 0.940000 0.645000 0.921000 0.655000 0.921000
4 0.643000 0.939000 0.633000 0.939000 0.633000 0.923000 0.643000 0.923000
6 0.633000 0.924000 0.632000 0.940000 0.624000 0.940000 0.625000 0.923000
4 0.618000 0.938000 0.608000 0.938000 0.608000 0.924000 0.618000 0.924000
6 0.607000 0.937000 0.596000 0.937000 0.596000 0.921000 0.606000 0.921000
6 0.595000 0.939000 0.584000 0.939000 0.583000 0.923000 0.594000 0.922000
4 0.564000 0.906000 0.563000 0.914000 0.540000 0.913000 0.540000 0.905000
4 0.508000 0.939000 0.500000 0.939000 0.501000 0.923000 0.508000 0.923000
4 0.497000 0.938000 0.488000 0.938000 0.488000 0.923000 0.497000 0.924000
6 0.487000 0.924000 0.486000 0.940000 0.476000 0.940000 0.476000 0.923000
4 0.474000 0.923000 0.472000 0.940000 0.462000 0.939000 0.464000 0.922000
4 0.449000 0.938000 0.439000 0.937000 0.440000 0.921000 0.449000 0.922000
4 0.438000 0.936000 0.429000 0.937000 0.426000 0.918000 0.435000 0.917000
4 0.427000 0.937000 0.418000 0.938000 0.415000 0.921000 0.425000 0.920000
4 0.460000 0.938000 0.450000 0.938000 0.450000 0.921000 0.460000 0.921000
4 0.520000 0.898000 0.510000 0.898000 0.509000 0.881000 0.519000 0.881000
4 0.508000 0.898000 0.499000 0.898000 0.499000 0.881000 0.508000 0.881000
6 0.497000 0.897000 0.486000 0.897000 0.486000 0.882000 0.497000 0.882000
4 0.485000 0.899000 0.475000 0.899000 0.475000 0.883000 0.485000 0.883000
6 0.474000 0.896000 0.464000 0.896000 0.464000 0.880000 0.474000 0.880000
4 0.462000 0.896000 0.452000 0.896000 0.451000 0.883000 0.461000 0.882000
6 0.450000 0.894000 0.441000 0.895000 0.440000 0.886000 0.449000 0.885000
4 0.438000 0.897000 0.428000 0.898000 0.427000 0.886000 0.437000 0.885000
6 0.424000 0.894000 0.416000 0.895000 0.415000 0.884000 0.424000 0.883000
6 0.414000 0.896000 0.404000 0.897000 0.404000 0.882000 0.414000 0.882000
6 0.402000 0.895000 0.392000 0.896000 0.392000 0.880000 0.402000 0.879000
6 0.390000 0.898000 0.380000 0.898000 0.379000 0.882000 0.389000 0.882000
6 0.376000 0.880000 0.375000 0.897000 0.365000 0.897000 0.366000 0.880000
