6 0.656667 0.987500 0.626667 0.995000 0.467500 0.986250 0.490000 0.978750
4 0.650000 0.978750 0.618333 0.985000 0.461250 0.976250 0.485000 0.970000
4 0.641667 0.968750 0.613333 0.975000 0.457500 0.963750 0.478750 0.957500
6 0.630000 0.947500 0.601667 0.953750 0.447500 0.942500 0.468750 0.935000
6 0.623333 0.937500 0.590000 0.943750 0.440000 0.933750 0.465000 0.926250
4 0.618333 0.925000 0.588333 0.933750 0.437500 0.922500 0.460000 0.915000
6 0.611667 0.915000 0.583333 0.922500 0.433750 0.912500 0.456250 0.905000
6 0.605000 0.902500 0.578333 0.910000 0.430000 0.900000 0.450000 0.892500
6 0.596667 0.893750 0.566667 0.898750 0.422500 0.888750 0.445000 0.883750
4 0.591667 0.882500 0.561667 0.888750 0.418750 0.878750 0.441250 0.873750
6 0.581667 0.871250 0.555000 0.876250 0.413750 0.867500 0.432500 0.862500
4 0.578333 0.860000 0.543333 0.868750 0.403750 0.858750 0.431250 0.850000
4 0.571667 0.848750 0.541667 0.856250 0.402500 0.846250 0.425000 0.838750
4 0.565000 0.837500 0.533333 0.843750 0.396250 0.835000 0.421250 0.827500
6 0.556667 0.826250 0.528333 0.832500 0.393750 0.823750 0.415000 0.817500
4 0.550000 0.816250 0.520000 0.823750 0.387500 0.812500 0.408750 0.806250
6 0.545000 0.805000 0.513333 0.812500 0.382500 0.801250 0.406250 0.795000
4 0.536667 0.795000 0.503333 0.801250 0.375000 0.791250 0.400000 0.785000
4 0.526667 0.772500 0.493333 0.778750 0.367500 0.770000 0.392500 0.762500
4 0.518333 0.762500 0.490000 0.768750 0.365000 0.758750 0.386250 0.752500
6 0.466667 0.760000 0.420000 0.771250 0.311250 0.756250 0.346250 0.745000
6 0.361667 0.785000 0.325000 0.793750 0.240000 0.782500 0.266250 0.773750
6 0.271667 0.806250 0.231667 0.816250 0.170000 0.803750 0.200000 0.793750
4 0.883333 0.993750 0.868333 0.998750 0.643750 0.976250 0.653750 0.972500
4 0.966667 0.912500 0.950000 0.916250 0.705000 0.897500 0.717500 0.892500
5 0.880000 0.876250 0.868333 0.903750 0.636250 0.900000 0.646250 0.871250
6 0.871667 0.852500 0.843333 0.861250 0.628750 0.851250 0.650000 0.842500
6 0.936667 0.861250 0.925000 0.866250 0.683750 0.846250 0.693750 0.842500
11 0.548333 0.988750 0.528333 0.995000 0.392500 0.985000 0.407500 0.980000
4 0.485000 0.966250 0.455000 0.972500 0.337500 0.963750 0.360000 0.956250
4 0.475000 0.980000 0.460000 0.983750 0.341250 0.976250 0.353750 0.972500
4 0.525000 0.946250 0.491667 0.955000 0.365000 0.945000 0.390000 0.936250
4 0.476667 0.956250 0.445000 0.962500 0.331250 0.952500 0.355000 0.946250
4 0.515000 0.935000 0.483333 0.945000 0.358750 0.933750 0.381250 0.925000
4 0.466667 0.947500 0.436667 0.955000 0.323750 0.943750 0.347500 0.937500
4 0.508333 0.925000 0.476667 0.932500 0.355000 0.922500 0.377500 0.915000
6 0.461667 0.936250 0.431667 0.942500 0.320000 0.932500 0.343750 0.925000
6 0.458333 0.922500 0.426667 0.931250 0.317500 0.921250 0.340000 0.913750
4 0.498333 0.915000 0.471667 0.922500 0.350000 0.912500 0.370000 0.905000
4 0.495000 0.903750 0.478333 0.908750 0.355000 0.898750 0.367500 0.893750
6 0.443333 0.913750 0.421667 0.918750 0.312500 0.908750 0.330000 0.903750
4 0.440000 0.902500 0.413333 0.908750 0.307500 0.900000 0.326250 0.893750
4 0.433333 0.893750 0.405000 0.900000 0.300000 0.890000 0.322500 0.883750
11 0.485000 0.882500 0.466667 0.887500 0.346250 0.877500 0.361250 0.872500
4 0.426667 0.882500 0.396667 0.887500 0.295000 0.878750 0.317500 0.873750
4 0.481667 0.871250 0.448333 0.880000 0.332500 0.868750 0.357500 0.861250
4 0.418333 0.871250 0.390000 0.878750 0.290000 0.868750 0.311250 0.862500
4 0.473333 0.860000 0.441667 0.867500 0.327500 0.857500 0.352500 0.850000
5 0.418333 0.861250 0.381667 0.870000 0.282500 0.858750 0.311250 0.850000
4 0.463333 0.848750 0.435000 0.855000 0.323750 0.847500 0.343750 0.840000
4 0.410000 0.850000 0.380000 0.856250 0.282500 0.845000 0.305000 0.838750
6 0.456667 0.838750 0.426667 0.846250 0.316250 0.836250 0.338750 0.827500
6 0.965000 0.650000 0.951667 0.655000 0.702500 0.635000 0.712500 0.630000
4 0.950000 0.656250 0.935000 0.662500 0.690000 0.642500 0.701250 0.637500
6 0.928333 0.661250 0.915000 0.666250 0.675000 0.646250 0.685000 0.640000
6 0.975000 0.686250 0.971667 0.696250 0.701250 0.688750 0.703750 0.678750
6 0.906667 0.665000 0.891667 0.668750 0.662500 0.650000 0.672500 0.646250
6 0.943333 0.718750 0.928333 0.723750 0.687500 0.700000 0.697500 0.696250
6 0.923333 0.722500 0.910000 0.726250 0.672500 0.703750 0.683750 0.698750
4 0.868333 0.736250 0.853333 0.741250 0.630000 0.720000 0.641250 0.715000
5 0.853333 0.748750 0.815000 0.760000 0.607500 0.747500 0.635000 0.737500
6 0.883333 0.672500 0.870000 0.678750 0.641250 0.658750 0.652500 0.652500
4 0.861667 0.677500 0.848333 0.682500 0.625000 0.662500 0.635000 0.657500
6 0.845000 0.682500 0.831667 0.686250 0.613750 0.666250 0.623750 0.661250
4 0.825000 0.687500 0.811667 0.692500 0.600000 0.672500 0.611250 0.667500
5 0.811667 0.691250 0.796667 0.696250 0.591250 0.680000 0.602500 0.675000
4 0.793333 0.693750 0.776667 0.697500 0.576250 0.681250 0.587500 0.676250
4 0.401667 0.987500 0.371667 0.995000 0.275000 0.985000 0.298750 0.978750
4 0.396667 0.975000 0.366667 0.985000 0.271250 0.975000 0.292500 0.966250
4 0.350000 0.987500 0.321667 0.993750 0.237500 0.982500 0.260000 0.976250
4 0.348333 0.976250 0.316667 0.981250 0.235000 0.971250 0.258750 0.965000
4 0.390000 0.965000 0.358333 0.973750 0.266250 0.962500 0.290000 0.955000
6 0.343333 0.965000 0.313333 0.971250 0.232500 0.960000 0.255000 0.953750
4 0.383333 0.953750 0.353333 0.962500 0.261250 0.952500 0.283750 0.943750
6 0.323333 0.956250 0.306667 0.960000 0.227500 0.951250 0.238750 0.947500
6 0.353333 0.901250 0.321667 0.910000 0.237500 0.900000 0.261250 0.891250
4 0.311667 0.908750 0.280000 0.916250 0.207500 0.907500 0.230000 0.900000
6 0.301667 0.900000 0.268333 0.908750 0.197500 0.898750 0.222500 0.890000
6 0.291667 0.891250 0.258333 0.898750 0.190000 0.888750 0.215000 0.880000
6 0.336667 0.880000 0.308333 0.887500 0.227500 0.877500 0.248750 0.870000
5 0.330000 0.870000 0.301667 0.877500 0.222500 0.867500 0.243750 0.858750
4 0.318333 0.847500 0.288333 0.856250 0.212500 0.846250 0.235000 0.838750
4 0.330000 0.857500 0.296667 0.866250 0.218750 0.856250 0.243750 0.847500
4 0.316667 0.836250 0.283333 0.845000 0.208750 0.833750 0.232500 0.825000
4 0.181667 0.938750 0.150000 0.945000 0.110000 0.935000 0.133750 0.930000
6 0.223333 0.930000 0.193333 0.938750 0.141250 0.928750 0.163750 0.921250
6 0.181667 0.930000 0.146667 0.935000 0.107500 0.923750 0.133750 0.917500
4 0.220000 0.920000 0.186667 0.927500 0.137500 0.917500 0.161250 0.910000
4 0.206667 0.898750 0.175000 0.906250 0.127500 0.895000 0.151250 0.888750
6 0.216667 0.910000 0.185000 0.916250 0.135000 0.907500 0.158750 0.900000
6 0.165000 0.907500 0.135000 0.913750 0.098750 0.903750 0.121250 0.897500
4 0.160000 0.897500 0.125000 0.903750 0.091250 0.892500 0.117500 0.886250
5 0.203333 0.883750 0.170000 0.893750 0.122500 0.883750 0.148750 0.873750
4 0.148333 0.886250 0.120000 0.893750 0.087500 0.883750 0.107500 0.876250
6 0.148333 0.875000 0.115000 0.882500 0.083750 0.871250 0.107500 0.863750
6 0.121667 0.992500 0.090000 0.998750 0.065000 0.988750 0.088750 0.982500
6 0.070000 0.991250 0.043333 0.997500 0.030000 0.988750 0.050000 0.982500
6 0.116667 0.982500 0.083333 0.990000 0.060000 0.980000 0.083750 0.972500
4 0.065000 0.982500 0.035000 0.986250 0.023750 0.977500 0.046250 0.972500
6 0.101667 0.960000 0.070000 0.967500 0.048750 0.957500 0.073750 0.950000
4 0.058333 0.970000 0.028333 0.976250 0.018750 0.967500 0.041250 0.960000
4 0.051667 0.960000 0.021667 0.967500 0.013750 0.957500 0.036250 0.950000
4 0.095000 0.950000 0.061667 0.957500 0.043750 0.946250 0.068750 0.940000
6 0.046667 0.950000 0.018333 0.955000 0.011250 0.946250 0.032500 0.941250
4 0.091667 0.940000 0.058333 0.946250 0.041250 0.936250 0.066250 0.930000
6 0.080000 0.930000 0.050000 0.936250 0.035000 0.927500 0.057500 0.920000
6 0.073333 0.918750 0.043333 0.925000 0.030000 0.916250 0.052500 0.910000
4 0.070000 0.908750 0.038333 0.916250 0.025000 0.905000 0.048750 0.897500
6 0.061667 0.897500 0.031667 0.905000 0.020000 0.895000 0.043750 0.887500
6 0.573333 0.641250 0.555000 0.647500 0.413750 0.640000 0.427500 0.633750
4 0.561667 0.606250 0.525000 0.615000 0.391250 0.606250 0.418750 0.598750
6 0.530000 0.570000 0.500000 0.576250 0.372500 0.566250 0.395000 0.560000
6 0.515000 0.548750 0.486667 0.556250 0.362500 0.546250 0.383750 0.540000
6 0.530000 0.556250 0.493333 0.567500 0.366250 0.556250 0.393750 0.546250
5 0.511667 0.537500 0.480000 0.545000 0.356250 0.536250 0.381250 0.528750
6 0.506667 0.527500 0.473333 0.536250 0.351250 0.526250 0.376250 0.517500
4 0.493333 0.506250 0.461667 0.515000 0.342500 0.505000 0.366250 0.496250
6 0.498333 0.517500 0.466667 0.526250 0.347500 0.516250 0.370000 0.507500
6 0.486667 0.496250 0.455000 0.503750 0.338750 0.493750 0.361250 0.486250
6 0.473333 0.473750 0.443333 0.481250 0.330000 0.470000 0.351250 0.463750
4 0.483333 0.485000 0.450000 0.492500 0.333750 0.482500 0.358750 0.475000
5 0.446667 0.430000 0.413333 0.435000 0.308750 0.425000 0.332500 0.420000
4 0.440000 0.418750 0.410000 0.426250 0.303750 0.416250 0.327500 0.408750
5 0.433333 0.408750 0.401667 0.416250 0.298750 0.406250 0.321250 0.398750
5 0.430000 0.396250 0.395000 0.406250 0.292500 0.397500 0.318750 0.387500
4 0.423333 0.388750 0.391667 0.396250 0.290000 0.386250 0.313750 0.378750
6 0.408333 0.365000 0.378333 0.373750 0.280000 0.363750 0.303750 0.356250
6 0.416667 0.378750 0.385000 0.386250 0.286250 0.376250 0.310000 0.368750
4 0.400000 0.357500 0.370000 0.363750 0.275000 0.355000 0.297500 0.347500
4 0.388333 0.335000 0.360000 0.343750 0.266250 0.333750 0.288750 0.326250
6 0.395000 0.347500 0.365000 0.355000 0.271250 0.346250 0.292500 0.338750
4 0.385000 0.323750 0.355000 0.332500 0.261250 0.321250 0.285000 0.313750
4 0.376667 0.315000 0.343333 0.322500 0.255000 0.312500 0.278750 0.305000
4 0.361667 0.292500 0.333333 0.300000 0.246250 0.291250 0.268750 0.282500
6 0.370000 0.305000 0.338333 0.313750 0.250000 0.302500 0.273750 0.293750
6 0.356667 0.282500 0.323333 0.292500 0.238750 0.281250 0.263750 0.272500
6 0.353333 0.272500 0.318333 0.281250 0.235000 0.268750 0.261250 0.260000
5 0.561667 0.258750 0.523333 0.267500 0.388750 0.255000 0.418750 0.246250
4 0.555000 0.178750 0.538333 0.181250 0.400000 0.160000 0.412500 0.157500
4 0.988333 0.032500 0.975000 0.037500 0.722500 0.017500 0.732500 0.012500
