14 0.484000 0.070000 0.397000 0.024000 0.416000 -0.010000 0.502000 0.034000
4 0.229000 0.203000 0.227000 0.212000 0.210000 0.212000 0.211000 0.203000
6 0.260000 0.213000 0.241000 0.214000 0.240000 0.206000 0.260000 0.205000
5 0.289000 0.214000 0.265000 0.213000 0.265000 0.203000 0.289000 0.205000
6 0.329000 0.168000 0.319000 0.168000 0.319000 0.145000 0.329000 0.145000
6 0.397000 0.224000 0.395000 0.233000 0.376000 0.228000 0.379000 0.220000
6 0.420000 0.231000 0.418000 0.238000 0.401000 0.231000 0.403000 0.224000
6 0.441000 0.237000 0.437000 0.245000 0.421000 0.239000 0.424000 0.231000
4 0.563000 0.308000 0.559000 0.313000 0.544000 0.304000 0.548000 0.298000
6 0.590000 0.332000 0.585000 0.337000 0.572000 0.325000 0.578000 0.320000
4 0.606000 0.349000 0.600000 0.353000 0.589000 0.339000 0.595000 0.335000
6 0.572000 0.337000 0.566000 0.344000 0.547000 0.326000 0.553000 0.319000
4 0.652000 0.406000 0.646000 0.410000 0.636000 0.397000 0.642000 0.392000
6 0.664000 0.424000 0.657000 0.428000 0.647000 0.409000 0.655000 0.405000
6 0.696000 0.499000 0.689000 0.501000 0.685000 0.489000 0.692000 0.487000
6 0.699000 0.513000 0.692000 0.515000 0.688000 0.502000 0.694000 0.500000
6 0.705000 0.534000 0.697000 0.536000 0.694000 0.517000 0.701000 0.515000
6 0.705000 0.555000 0.698000 0.555000 0.698000 0.540000 0.705000 0.540000
6 0.707000 0.572000 0.700000 0.572000 0.699000 0.557000 0.706000 0.557000
14 0.505000 0.837000 0.491000 0.917000 0.444000 0.912000 0.459000 0.831000
4 0.819000 0.705000 0.816000 0.711000 0.798000 0.704000 0.802000 0.697000
6 0.641000 0.900000 0.638000 0.918000 0.631000 0.916000 0.634000 0.898000
5 0.637000 0.920000 0.630000 0.937000 0.623000 0.934000 0.630000 0.917000
5 0.631000 1.000000 0.622000 1.000000 0.621000 0.988000 0.630000 0.988000
6 0.642000 1.000000 0.632000 1.000000 0.632000 0.991000 0.642000 0.991000
4 0.903000 0.289000 0.888000 0.296000 0.885000 0.291000 0.900000 0.283000
4 0.860000 0.620000 0.858000 0.627000 0.843000 0.625000 0.843000 0.618000
14 0.960000 0.513000 0.957000 0.593000 0.914000 0.594000 0.917000 0.515000
