35 0.061000 0.410000 0.007000 0.447000 0.042000 0.498000 0.096000 0.461000
35 0.115000 0.498000 0.057000 0.529000 0.086000 0.585000 0.145000 0.554000
12 0.151000 0.611000 0.102000 0.612000 0.102000 0.659000 0.151000 0.659000
35 0.140000 0.678000 0.073000 0.690000 0.084000 0.753000 0.151000 0.741000
12 0.135000 0.745000 0.093000 0.771000 0.117000 0.810000 0.159000 0.785000
12 0.165000 0.804000 0.147000 0.847000 0.185000 0.863000 0.204000 0.821000
12 0.224000 0.792000 0.241000 0.834000 0.281000 0.818000 0.264000 0.776000
35 0.523000 0.836000 0.465000 0.870000 0.497000 0.925000 0.555000 0.890000
12 0.860000 0.424000 0.880000 0.467000 0.916000 0.450000 0.897000 0.407000
17 0.937000 0.382000 0.959000 0.426000 0.998000 0.407000 0.976000 0.362000
17 0.981000 0.140000 0.945000 0.162000 0.971000 0.205000 1.007000 0.183000
13 0.913000 0.219000 0.921000 0.164000 0.871000 0.156000 0.863000 0.211000
35 0.794000 0.136000 0.861000 0.104000 0.829000 0.036000 0.762000 0.068000
19 0.366000 0.702000 0.390000 0.745000 0.428000 0.723000 0.404000 0.680000
