19 0.191000 0.416000 0.160000 0.355000 0.104000 0.383000 0.135000 0.444000
19 0.267000 0.370000 0.234000 0.311000 0.182000 0.340000 0.214000 0.399000
35 0.351000 0.322000 0.314000 0.252000 0.247000 0.288000 0.284000 0.357000
33 0.396000 0.095000 0.329000 0.132000 0.366000 0.197000 0.432000 0.160000
33 0.610000 0.177000 0.573000 0.107000 0.507000 0.142000 0.544000 0.212000
34 0.778000 0.088000 0.733000 0.009000 0.664000 0.047000 0.709000 0.127000
34 0.586000 0.566000 0.668000 0.522000 0.629000 0.450000 0.547000 0.493000
19 0.683000 0.731000 0.761000 0.687000 0.719000 0.613000 0.642000 0.657000
35 0.771000 0.885000 0.849000 0.843000 0.812000 0.772000 0.733000 0.815000
33 0.821000 0.958000 0.882000 0.922000 0.844000 0.858000 0.783000 0.894000
34 0.797000 0.525000 0.868000 0.466000 0.816000 0.403000 0.745000 0.463000
