19 0.161667 0.787500 0.158333 0.817500 0.088750 0.816250 0.091250 0.786250
19 0.141667 0.121250 0.135000 0.151250 0.073750 0.146250 0.080000 0.117500
19 0.340000 0.136250 0.306667 0.162500 0.205000 0.137500 0.228750 0.111250
19 0.343333 0.202500 0.340000 0.225000 0.230000 0.222500 0.233750 0.198750
19 0.335000 0.247500 0.330000 0.266250 0.226250 0.262500 0.230000 0.243750
19 0.131667 0.546250 0.130000 0.563750 0.077500 0.561250 0.078750 0.543750
19 0.166667 0.548750 0.165000 0.567500 0.101250 0.566250 0.103750 0.547500
19 0.200000 0.552500 0.196667 0.570000 0.126250 0.567500 0.127500 0.550000
19 0.220000 0.535000 0.216667 0.553750 0.140000 0.550000 0.142500 0.532500
19 0.266667 0.555000 0.263333 0.573750 0.175000 0.571250 0.177500 0.552500
19 0.286667 0.540000 0.283333 0.561250 0.188750 0.558750 0.191250 0.537500
19 0.025267 0.624850 -0.003333 0.596250 0.017500 0.581250 0.038950 0.609850
19 0.116667 0.613750 0.080000 0.633750 0.037500 0.602500 0.065000 0.582500
19 0.233333 0.623750 0.198333 0.645000 0.125000 0.615000 0.150000 0.595000
19 0.288333 0.628750 0.260000 0.646250 0.172500 0.618750 0.195000 0.601250
19 0.253333 0.676250 0.230000 0.686250 0.161250 0.668750 0.178750 0.658750
19 0.141667 0.686250 0.123333 0.696250 0.078750 0.678750 0.092500 0.668750
19 0.150000 0.695000 0.128333 0.695000 0.097500 0.672500 0.112500 0.672500
19 0.240000 0.707500 0.238333 0.728750 0.161250 0.726250 0.162500 0.706250
19 0.255000 0.707500 0.233333 0.717500 0.167500 0.705000 0.183750 0.695000
19 0.041667 0.746250 -0.001667 0.743750 0.000963 0.714978 0.033463 0.717478
19 0.083333 0.721250 0.080000 0.747500 0.032500 0.745000 0.035000 0.718750
19 0.126667 0.726250 0.125000 0.751250 0.065000 0.750000 0.066250 0.723750
19 0.520000 0.533750 0.496667 0.547500 0.357500 0.527500 0.375000 0.513750
19 0.570000 0.548750 0.538333 0.555000 0.397500 0.530000 0.421250 0.523750
19 0.576667 0.551250 0.571667 0.577500 0.396250 0.572500 0.400000 0.547500
19 0.570000 0.580000 0.563333 0.607500 0.392500 0.602500 0.397500 0.575000
19 0.568333 0.607500 0.561667 0.636250 0.393750 0.632500 0.397500 0.603750
