6 0.085000 0.130000 0.060000 0.151667 0.073333 0.140000 0.106667 0.118333
5 0.097500 0.150000 0.070000 0.170000 0.086667 0.155000 0.123333 0.136667
4 0.155000 0.093333 0.145000 0.095000 0.190000 0.071667 0.203333 0.070000
6 0.205000 0.150000 0.196250 0.151667 0.258333 0.126667 0.270000 0.125000
4 0.222500 0.175000 0.213750 0.176667 0.281667 0.151667 0.293333 0.150000
4 0.387500 0.043333 0.378750 0.043333 0.503333 0.018333 0.516667 0.018333
5 0.402500 0.043333 0.393750 0.045000 0.521667 0.015000 0.533333 0.013333
4 0.443750 0.036667 0.433750 0.038333 0.576667 0.010000 0.590000 0.008333
4 0.458750 0.036667 0.448750 0.038333 0.595000 0.008333 0.608333 0.006667
4 0.471250 0.033333 0.462500 0.033333 0.613333 0.006667 0.625000 0.005000
6 0.592500 0.081667 0.582500 0.083333 0.771667 0.051667 0.785000 0.050000
4 0.482500 0.101667 0.472500 0.103333 0.625000 0.076667 0.640000 0.073333
4 0.456250 0.105000 0.446250 0.106667 0.590000 0.081667 0.603333 0.080000
6 0.400000 0.115000 0.390000 0.118333 0.515000 0.091667 0.528333 0.088333
4 0.683750 0.306667 0.672500 0.308333 0.893333 0.283333 0.908333 0.281667
6 0.837500 0.396667 0.817500 0.411667 1.085000 0.401667 1.110000 0.386667
6 0.192500 0.255000 0.183750 0.256667 0.241667 0.228333 0.251667 0.226667
6 0.206250 0.250000 0.197500 0.251667 0.258333 0.226667 0.270000 0.225000
6 0.221250 0.246667 0.211250 0.248333 0.278333 0.220000 0.290000 0.218333
