6 0.411667 0.533750 0.398333 0.548750 0.291250 0.543750 0.301250 0.528750
9 0.688333 0.918750 0.661667 0.966250 0.372500 0.915000 0.391250 0.868750
4 0.660000 0.006250 0.658333 0.031250 0.478750 0.031250 0.480000 0.005000
6 0.643333 0.107500 0.638333 0.127500 0.465000 0.125000 0.468750 0.105000
11 0.070000 0.053750 0.068333 0.063750 0.027500 0.063750 0.027500 0.052500
4 0.165000 0.188750 0.130000 0.188750 0.097500 0.178750 0.123750 0.178750
4 0.213333 0.188750 0.175000 0.188750 0.131250 0.180000 0.160000 0.178750
5 0.566667 0.133750 0.516667 0.135000 0.386250 0.125000 0.423750 0.123750
4 0.613333 0.200000 0.611667 0.220000 0.447500 0.220000 0.447500 0.198750
4 0.363333 0.321250 0.326667 0.327500 0.242500 0.318750 0.270000 0.312500
5 0.363333 0.376250 0.343333 0.377500 0.253750 0.351250 0.268750 0.348750
6 0.566667 0.261250 0.565000 0.281250 0.413750 0.281250 0.415000 0.261250
4 0.383333 0.373750 0.365000 0.376250 0.270000 0.353750 0.283750 0.351250
4 0.406667 0.371250 0.393333 0.372500 0.292500 0.352500 0.303750 0.351250
6 0.430000 0.373750 0.416667 0.373750 0.311250 0.352500 0.322500 0.352500
4 0.465000 0.370000 0.445000 0.370000 0.332500 0.348750 0.347500 0.348750
6 1.000000 0.463750 0.980000 0.483750 0.726250 0.477500 0.740000 0.457500
6 0.935000 0.616250 0.918333 0.632500 0.681250 0.626250 0.693750 0.610000
6 0.661667 0.377500 0.641667 0.398750 0.468750 0.391250 0.483750 0.370000
6 0.775000 0.962500 0.770000 0.972500 0.552500 0.961250 0.556250 0.951250
4 0.725000 0.945000 0.720000 0.953750 0.513750 0.942500 0.516250 0.935000
4 0.235000 0.968750 0.215000 0.986250 0.151250 0.977500 0.166250 0.961250
6 0.460000 0.846250 0.455000 0.857500 0.310000 0.846250 0.313750 0.836250
6 0.351667 0.813750 0.346667 0.826250 0.227500 0.813750 0.231250 0.801250
6 0.838333 0.610000 0.813333 0.633750 0.601250 0.626250 0.618750 0.602500
4 0.711667 0.693750 0.696667 0.710000 0.511250 0.702500 0.521250 0.686250
4 0.691667 0.686250 0.675000 0.706250 0.495000 0.698750 0.507500 0.678750
6 0.640000 0.760000 0.621667 0.778750 0.457500 0.772500 0.471250 0.753750
4 0.651667 0.672500 0.635000 0.692500 0.466250 0.686250 0.478750 0.666250
4 0.620000 0.750000 0.601667 0.767500 0.440000 0.758750 0.455000 0.741250
4 0.671667 0.678750 0.656667 0.696250 0.481250 0.690000 0.492500 0.671250
5 0.598333 0.742500 0.583333 0.762500 0.428750 0.756250 0.440000 0.737500
4 0.583333 0.735000 0.566667 0.755000 0.416250 0.750000 0.428750 0.730000
6 0.566667 0.728750 0.548333 0.748750 0.401250 0.742500 0.413750 0.722500
4 0.540000 0.722500 0.523333 0.740000 0.383750 0.733750 0.396250 0.716250
4 0.523333 0.716250 0.505000 0.735000 0.368750 0.728750 0.381250 0.708750
4 0.485000 0.705000 0.468333 0.725000 0.341250 0.720000 0.353750 0.698750
4 0.505000 0.707500 0.488333 0.728750 0.356250 0.722500 0.368750 0.701250
6 0.451667 0.693750 0.433333 0.715000 0.313750 0.707500 0.327500 0.686250
4 0.430000 0.685000 0.411667 0.705000 0.298750 0.698750 0.311250 0.678750
6 0.135000 0.547500 0.131667 0.570000 0.086250 0.568750 0.088750 0.546250
6 0.096667 0.576250 0.080000 0.576250 0.058750 0.553750 0.072500 0.552500
6 0.103333 0.605000 0.096667 0.616250 0.045000 0.606250 0.050000 0.595000
4 0.116667 0.593750 0.110000 0.603750 0.057500 0.591250 0.062500 0.581250
4 0.041667 0.742500 0.038333 0.753750 0.000000 0.748750 0.002500 0.737500
