6 0.977500 0.970000 0.965000 0.990000 1.278333 0.983333 1.295000 0.961667
4 0.293750 0.956667 0.288750 0.966667 0.356667 0.948333 0.365000 0.938333
4 0.067500 0.933333 0.062500 0.945000 0.055000 0.926667 0.061667 0.915000
6 0.903750 0.025000 0.898750 0.035000 1.171667 0.020000 1.178333 0.008333
6 0.982500 0.795000 0.971250 0.811667 1.286667 0.805000 1.301667 0.786667
4 0.923750 0.745000 0.907500 0.765000 1.201667 0.756667 1.223333 0.736667
4 0.847500 0.621667 0.842500 0.631667 1.098333 0.618333 1.105000 0.606667
4 0.798750 0.648333 0.785000 0.668333 1.038333 0.660000 1.056667 0.640000
4 0.820000 0.666667 0.806250 0.685000 1.066667 0.676667 1.085000 0.658333
6 0.815000 0.595000 0.808750 0.608333 1.046667 0.585000 1.055000 0.573333
6 0.772500 0.561667 0.766250 0.573333 0.990000 0.551667 1.000000 0.538333
4 0.710000 0.565000 0.696250 0.585000 0.920000 0.578333 0.938333 0.558333
4 0.677500 0.540000 0.663750 0.555000 0.878333 0.548333 0.895000 0.531667
4 0.528750 0.315000 0.515000 0.333333 0.678333 0.325000 0.696667 0.306667
4 0.470000 0.365000 0.455000 0.386667 0.596667 0.376667 0.616667 0.356667
4 0.373750 0.281667 0.357500 0.303333 0.466667 0.295000 0.488333 0.273333
4 0.386250 0.195000 0.372500 0.211667 0.488333 0.205000 0.506667 0.186667
4 0.342500 0.158333 0.330000 0.176667 0.431667 0.170000 0.448333 0.151667
4 0.235000 0.066667 0.218750 0.090000 0.283333 0.081667 0.303333 0.058333
4 0.347500 0.780000 0.330000 0.803333 0.431667 0.795000 0.455000 0.771667
4 0.377500 0.413333 0.366250 0.428333 0.480000 0.420000 0.495000 0.405000
4 0.350000 0.376667 0.336250 0.400000 0.436667 0.390000 0.456667 0.368333
6 0.336250 0.370000 0.325000 0.388333 0.425000 0.380000 0.440000 0.361667
5 0.316250 0.353333 0.300000 0.378333 0.390000 0.368333 0.411667 0.345000
4 0.306250 0.340000 0.291250 0.363333 0.378333 0.355000 0.398333 0.331667
4 0.295000 0.333333 0.285000 0.351667 0.370000 0.345000 0.383333 0.326667
4 0.281250 0.326667 0.271250 0.343333 0.353333 0.336667 0.366667 0.320000
4 0.271250 0.318333 0.258750 0.338333 0.335000 0.331667 0.351667 0.310000
5 0.253750 0.295000 0.236250 0.320000 0.306667 0.311667 0.328333 0.286667
5 0.241250 0.288333 0.220000 0.316667 0.283333 0.308333 0.311667 0.278333
4 0.207500 0.261667 0.195000 0.281667 0.250000 0.275000 0.266667 0.255000
6 0.177500 0.238333 0.162500 0.258333 0.208333 0.248333 0.228333 0.230000
4 0.147500 0.215000 0.133750 0.235000 0.166667 0.226667 0.186667 0.205000
5 0.128750 0.190000 0.110000 0.218333 0.135000 0.210000 0.161667 0.181667
5 0.107500 0.175000 0.087500 0.205000 0.106667 0.195000 0.133333 0.165000
4 0.075000 0.150000 0.058750 0.171667 0.070000 0.163333 0.090000 0.141667
6 0.062500 0.140000 0.050000 0.161667 0.056667 0.153333 0.073333 0.131667
6 0.041250 0.128333 0.026250 0.148333 0.025000 0.138333 0.045000 0.118333
6 0.045000 0.261667 0.033750 0.281667 0.035000 0.273333 0.050000 0.253333
4 0.085000 0.255000 0.073750 0.273333 0.088333 0.263333 0.103333 0.245000
4 0.120000 0.280000 0.105000 0.298333 0.131667 0.291667 0.151667 0.271667
5 0.146250 0.306667 0.131250 0.326667 0.166667 0.316667 0.186667 0.298333
4 0.170000 0.323333 0.155000 0.341667 0.200000 0.333333 0.218333 0.315000
6 0.188750 0.341667 0.172500 0.365000 0.220000 0.355000 0.240000 0.331667
4 0.207500 0.358333 0.195000 0.376667 0.251667 0.368333 0.268333 0.350000
4 0.230000 0.376667 0.215000 0.395000 0.280000 0.386667 0.300000 0.368333
6 0.272500 0.408333 0.255000 0.435000 0.328333 0.423333 0.351667 0.396667
4 0.288750 0.428333 0.276250 0.446667 0.358333 0.436667 0.375000 0.420000
4 0.311250 0.445000 0.296250 0.465000 0.386667 0.455000 0.405000 0.435000
4 0.301250 0.476667 0.288750 0.495000 0.376667 0.486667 0.393333 0.468333
4 0.282500 0.458333 0.268750 0.478333 0.350000 0.470000 0.368333 0.450000
4 0.231250 0.413333 0.221250 0.430000 0.286667 0.423333 0.300000 0.406667
4 0.213750 0.396667 0.197500 0.420000 0.251667 0.410000 0.275000 0.386667
4 0.190000 0.381667 0.177500 0.400000 0.228333 0.391667 0.245000 0.373333
6 0.171250 0.365000 0.155000 0.390000 0.195000 0.380000 0.216667 0.355000
5 0.151250 0.346667 0.132500 0.370000 0.168333 0.361667 0.191667 0.336667
6 0.138750 0.340000 0.126250 0.355000 0.160000 0.348333 0.176667 0.331667
4 0.111250 0.311667 0.095000 0.333333 0.116667 0.325000 0.138333 0.303333
4 0.026250 0.331667 0.011250 0.356667 0.003333 0.346667 0.023333 0.323333
4 0.056250 0.358333 0.041250 0.381667 0.043333 0.371667 0.065000 0.348333
6 0.065000 0.368333 0.051250 0.386667 0.060000 0.378333 0.078333 0.360000
6 0.090000 0.385000 0.072500 0.408333 0.086667 0.398333 0.108333 0.375000
6 0.117500 0.408333 0.102500 0.430000 0.128333 0.421667 0.148333 0.400000
4 0.127500 0.420000 0.112500 0.440000 0.141667 0.430000 0.161667 0.411667
4 0.181250 0.461667 0.162500 0.486667 0.206667 0.476667 0.231667 0.451667
6 0.196250 0.483333 0.183750 0.501667 0.235000 0.493333 0.253333 0.475000
4 0.220000 0.540000 0.205000 0.561667 0.261667 0.551667 0.281667 0.530000
5 0.201250 0.520000 0.182500 0.545000 0.233333 0.535000 0.258333 0.510000
4 0.150000 0.478333 0.135000 0.501667 0.170000 0.491667 0.190000 0.468333
5 0.131250 0.458333 0.113750 0.481667 0.141667 0.473333 0.165000 0.448333
6 0.087500 0.426667 0.073750 0.448333 0.088333 0.440000 0.106667 0.418333
6 0.058750 0.400000 0.043750 0.423333 0.048333 0.413333 0.068333 0.391667
6 0.025000 0.376667 0.011250 0.395000 0.006667 0.386667 0.025000 0.368333
6 0.156250 0.576667 0.140000 0.600000 0.176667 0.590000 0.196667 0.568333
4 0.028750 0.828333 0.023750 0.836667 0.008333 0.821667 0.015000 0.811667
