11 0.714000 0.043000 0.690000 0.045000 0.689000 0.037000 0.713000 0.034000
4 0.780000 0.016000 0.770000 0.018000 0.766000 0.000000 0.776000 0.000000
5 0.751000 0.075000 0.741000 0.076000 0.738000 0.056000 0.748000 0.055000
4 0.884000 0.045000 0.857000 0.046000 0.856000 0.037000 0.884000 0.036000
5 0.872000 0.237000 0.847000 0.240000 0.846000 0.232000 0.871000 0.230000
6 0.798000 0.268000 0.788000 0.271000 0.782000 0.252000 0.792000 0.249000
4 0.804000 0.288000 0.795000 0.290000 0.791000 0.272000 0.801000 0.270000
4 0.816000 0.330000 0.805000 0.332000 0.800000 0.313000 0.811000 0.310000
4 0.821000 0.348000 0.810000 0.350000 0.805000 0.331000 0.817000 0.328000
4 0.850000 0.340000 0.841000 0.343000 0.835000 0.322000 0.845000 0.320000
6 0.832000 0.385000 0.823000 0.387000 0.818000 0.369000 0.827000 0.367000
4 0.837000 0.406000 0.826000 0.408000 0.823000 0.388000 0.834000 0.386000
6 0.875000 0.428000 0.865000 0.430000 0.862000 0.414000 0.872000 0.412000
6 0.934000 0.441000 0.913000 0.444000 0.912000 0.436000 0.933000 0.433000
6 0.853000 0.464000 0.843000 0.466000 0.840000 0.449000 0.850000 0.447000
5 0.895000 0.499000 0.887000 0.502000 0.882000 0.484000 0.890000 0.482000
4 0.846000 0.541000 0.823000 0.546000 0.822000 0.536000 0.845000 0.532000
6 0.908000 0.539000 0.898000 0.542000 0.891000 0.522000 0.900000 0.518000
6 0.818000 0.430000 0.795000 0.434000 0.794000 0.425000 0.817000 0.421000
3 0.943000 0.453000 0.911000 0.457000 0.909000 0.447000 0.942000 0.443000
3 0.973000 0.568000 0.946000 0.568000 0.946000 0.559000 0.973000 0.559000
4 0.985000 0.625000 0.961000 0.628000 0.960000 0.620000 0.985000 0.617000
4 1.000000 0.683000 0.981000 0.687000 0.979000 0.677000 1.000000 0.672000
4 0.991000 0.987000 0.985000 0.968000 0.996000 0.966000 1.001000 0.984000
6 0.991000 0.874000 0.984000 0.848000 0.996000 0.846000 1.002000 0.871000
21 0.484000 0.513000 0.204000 0.530000 0.155000 0.118000 0.421000 0.097000
15 0.412000 0.866000 0.352000 0.889000 0.299000 0.813000 0.360000 0.788000
15 0.490000 0.848000 0.430000 0.870000 0.371000 0.784000 0.431000 0.759000
15 0.561000 0.818000 0.500000 0.841000 0.441000 0.755000 0.501000 0.731000
15 0.562000 0.953000 0.503000 0.978000 0.449000 0.902000 0.511000 0.876000
15 0.633000 0.926000 0.573000 0.950000 0.515000 0.864000 0.575000 0.839000
6 1.000000 0.432000 0.997000 0.433000 0.995000 0.422000 1.000000 0.422000
15 0.490000 0.984000 0.430000 1.010000 0.374000 0.924000 0.434000 0.899000
