4 0.902500 0.243333 0.880000 0.258333 1.166667 0.246667 1.196667 0.231667
4 0.908750 0.293333 0.885000 0.311667 1.175000 0.303333 1.206667 0.285000
4 0.871250 0.391667 0.862500 0.400000 1.133333 0.378333 1.143333 0.370000
5 0.865000 0.408333 0.858750 0.415000 1.121667 0.386667 1.130000 0.378333
3 0.745000 0.385000 0.707500 0.415000 0.935000 0.400000 0.985000 0.370000
4 0.668750 0.408333 0.643750 0.425000 0.851667 0.411667 0.883333 0.395000
3 0.607500 0.446667 0.575000 0.470000 0.760000 0.456667 0.801667 0.433333
5 0.585000 0.713333 0.573750 0.720000 0.746667 0.678333 0.761667 0.671667
6 0.541250 0.746667 0.531250 0.748333 0.705000 0.716667 0.718333 0.716667
6 0.557500 0.853333 0.550000 0.855000 0.726667 0.828333 0.738333 0.826667
9 0.522500 0.568333 0.473750 0.621667 0.573333 0.550000 0.640000 0.496667
4 0.410000 0.496667 0.403750 0.505000 0.520000 0.483333 0.528333 0.475000
6 0.383750 0.455000 0.376250 0.461667 0.480000 0.435000 0.490000 0.426667
6 0.415000 0.413333 0.408750 0.421667 0.523333 0.400000 0.531667 0.391667
6 0.381250 0.366667 0.375000 0.375000 0.478333 0.351667 0.488333 0.343333
4 0.317500 0.415000 0.298750 0.430000 0.390000 0.420000 0.416667 0.403333
5 0.306250 0.443333 0.282500 0.460000 0.370000 0.446667 0.401667 0.430000
6 0.291250 0.435000 0.275000 0.448333 0.361667 0.438333 0.383333 0.425000
4 0.192500 0.166667 0.185000 0.175000 0.228333 0.155000 0.238333 0.146667
4 0.362500 0.268333 0.357500 0.273333 0.461667 0.256667 0.468333 0.251667
4 0.868750 0.438333 0.847500 0.453333 1.123333 0.441667 1.150000 0.425000
4 0.238750 0.836667 0.231250 0.843333 0.295000 0.825000 0.303333 0.818333
4 0.130000 0.881667 0.126250 0.891667 0.141667 0.880000 0.145000 0.870000
6 0.528750 0.795000 0.527500 0.808333 0.670000 0.806667 0.670000 0.793333
