12 0.532500 0.131667 0.490000 0.188333 0.595000 0.130000 0.650000 0.073333
12 0.716250 0.256667 0.665000 0.311667 0.838333 0.251667 0.906667 0.198333
17 0.881250 0.215000 0.831250 0.261667 1.060000 0.198333 1.126667 0.150000
17 0.758750 0.345000 0.716250 0.395000 0.903333 0.328333 0.960000 0.281667
19 0.420000 0.286667 0.367500 0.350000 0.441667 0.295000 0.511667 0.231667
12 0.508750 0.421667 0.456250 0.476667 0.563333 0.420000 0.633333 0.365000
12 0.545000 0.495000 0.495000 0.548333 0.615000 0.488333 0.678333 0.436667
12 0.588750 0.560000 0.542500 0.613333 0.668333 0.548333 0.733333 0.493333
17 0.310000 0.645000 0.263750 0.695000 0.296667 0.631667 0.358333 0.578333
17 0.403750 0.825000 0.352500 0.876667 0.421667 0.815000 0.493333 0.765000
