5 1.000000 0.373000 0.985000 0.372000 0.985000 0.363000 1.000000 0.365000
6 0.947000 0.323000 0.925000 0.323000 0.925000 0.316000 0.947000 0.317000
6 0.951000 0.335000 0.927000 0.334000 0.927000 0.327000 0.951000 0.327000
6 0.947000 0.344000 0.925000 0.343000 0.925000 0.338000 0.947000 0.338000
4 0.897000 0.263000 0.881000 0.272000 0.877000 0.266000 0.893000 0.257000
6 0.892000 0.282000 0.875000 0.293000 0.871000 0.286000 0.888000 0.276000
6 0.897000 0.295000 0.878000 0.309000 0.873000 0.302000 0.892000 0.288000
4 0.900000 0.324000 0.880000 0.337000 0.877000 0.331000 0.896000 0.319000
6 0.894000 0.349000 0.875000 0.359000 0.872000 0.352000 0.891000 0.343000
4 0.897000 0.372000 0.880000 0.379000 0.877000 0.372000 0.894000 0.364000
4 0.900000 0.380000 0.878000 0.390000 0.875000 0.384000 0.898000 0.374000
4 0.843000 0.364000 0.841000 0.369000 0.821000 0.361000 0.824000 0.355000
6 0.723000 0.243000 0.710000 0.255000 0.705000 0.250000 0.717000 0.238000
6 0.703000 0.525000 0.682000 0.526000 0.681000 0.520000 0.702000 0.519000
6 0.601000 0.079000 0.587000 0.100000 0.579000 0.094000 0.593000 0.074000
6 0.577000 0.174000 0.571000 0.185000 0.564000 0.182000 0.570000 0.170000
4 0.540000 0.177000 0.534000 0.191000 0.526000 0.188000 0.533000 0.173000
6 0.998000 0.686000 0.991000 0.686000 0.990000 0.671000 0.997000 0.671000
4 1.001000 0.733000 0.994000 0.733000 0.992000 0.716000 1.000000 0.715000
6 0.989000 0.732000 0.981000 0.732000 0.980000 0.716000 0.988000 0.715000
6 0.941000 0.732000 0.932000 0.732000 0.932000 0.716000 0.941000 0.715000
4 0.927000 0.733000 0.920000 0.733000 0.919000 0.717000 0.926000 0.717000
4 0.913000 0.733000 0.906000 0.733000 0.906000 0.717000 0.913000 0.717000
4 0.901000 0.680000 0.881000 0.681000 0.881000 0.674000 0.901000 0.673000
4 0.902000 0.690000 0.881000 0.689000 0.881000 0.682000 0.902000 0.683000
6 0.855000 0.661000 0.847000 0.661000 0.846000 0.646000 0.854000 0.645000
5 0.758000 0.663000 0.749000 0.663000 0.748000 0.643000 0.757000 0.643000
6 0.703000 0.647000 0.697000 0.653000 0.681000 0.636000 0.687000 0.630000
4 0.682000 0.645000 0.681000 0.660000 0.673000 0.660000 0.674000 0.645000
6 0.658000 0.661000 0.650000 0.663000 0.647000 0.648000 0.655000 0.647000
4 0.586000 0.868000 0.567000 0.869000 0.567000 0.861000 0.586000 0.860000
4 0.586000 0.878000 0.568000 0.878000 0.568000 0.872000 0.586000 0.872000
4 0.405000 0.602000 0.396000 0.602000 0.396000 0.585000 0.405000 0.585000
9 0.476000 0.536000 0.472000 0.621000 0.356000 0.616000 0.361000 0.531000
4 0.982000 0.104000 0.981000 0.123000 0.972000 0.122000 0.973000 0.104000
6 0.974000 0.244000 0.973000 0.260000 0.966000 0.260000 0.967000 0.244000
