4 0.338333 0.965000 0.336667 0.973750 0.228750 0.971250 0.228750 0.963750
4 0.341667 0.940000 0.301667 0.940000 0.226250 0.931250 0.256250 0.931250
4 0.481667 0.942500 0.445000 0.942500 0.333750 0.933750 0.361250 0.933750
6 0.573333 0.922500 0.525000 0.922500 0.393750 0.912500 0.430000 0.912500
6 0.575000 0.943750 0.535000 0.943750 0.401250 0.935000 0.431250 0.935000
4 0.576667 0.968750 0.531667 0.967500 0.398750 0.957500 0.432500 0.957500
4 0.615000 0.981250 0.613333 0.990000 0.433750 0.990000 0.433750 0.980000
4 0.615000 0.978750 0.576667 0.978750 0.432500 0.968750 0.461250 0.968750
6 0.615000 0.943750 0.580000 0.942500 0.435000 0.933750 0.461250 0.935000
6 0.118333 0.086250 0.081667 0.087500 0.061250 0.078750 0.088750 0.078750
6 0.066667 0.088750 0.028333 0.088750 0.021250 0.078750 0.050000 0.078750
4 0.135000 0.046250 0.103333 0.046250 0.077500 0.036250 0.101250 0.036250
6 0.096667 0.046250 0.063333 0.046250 0.046250 0.037500 0.072500 0.037500
6 0.050000 0.046250 0.015000 0.046250 0.011250 0.037500 0.037500 0.037500
4 0.810000 0.085000 0.771667 0.083750 0.578750 0.075000 0.607500 0.075000
4 0.763333 0.045000 0.716667 0.045000 0.538750 0.033750 0.572500 0.035000
9 0.325000 0.026250 0.323333 0.095000 0.168750 0.093750 0.170000 0.025000
4 0.300000 0.233750 0.283333 0.233750 0.213750 0.213750 0.225000 0.213750
6 0.590000 0.157500 0.555000 0.157500 0.416250 0.147500 0.442500 0.148750
6 0.501667 0.322500 0.483333 0.321250 0.362500 0.298750 0.376250 0.298750
5 0.541667 0.322500 0.525000 0.322500 0.393750 0.298750 0.406250 0.298750
4 0.641667 0.301250 0.640000 0.321250 0.468750 0.321250 0.468750 0.301250
6 0.866667 0.300000 0.865000 0.320000 0.636250 0.320000 0.636250 0.300000
6 0.886667 0.318750 0.870000 0.318750 0.653750 0.298750 0.665000 0.298750
9 0.283333 0.537500 0.210000 0.537500 0.156250 0.470000 0.212500 0.470000
6 0.443333 0.527500 0.410000 0.528750 0.307500 0.520000 0.332500 0.518750
4 0.493333 0.527500 0.453333 0.527500 0.340000 0.518750 0.370000 0.518750
4 0.545000 0.527500 0.508333 0.527500 0.381250 0.518750 0.408750 0.518750
6 0.600000 0.527500 0.561667 0.527500 0.421250 0.518750 0.450000 0.518750
4 0.728333 0.527500 0.688333 0.527500 0.516250 0.517500 0.546250 0.517500
4 0.733333 0.482500 0.696667 0.482500 0.522500 0.473750 0.550000 0.473750
4 0.835000 0.482500 0.805000 0.482500 0.602500 0.473750 0.626250 0.473750
4 0.830000 0.527500 0.790000 0.527500 0.592500 0.518750 0.622500 0.517500
4 0.895000 0.528750 0.856667 0.528750 0.642500 0.518750 0.671250 0.517500
4 0.940000 0.482500 0.901667 0.482500 0.676250 0.473750 0.705000 0.473750
6 0.990000 0.481250 0.958333 0.481250 0.718750 0.473750 0.742500 0.473750
4 0.958333 0.526250 0.923333 0.527500 0.692500 0.517500 0.718750 0.517500
4 0.333333 0.561250 0.330000 0.571250 0.221250 0.566250 0.223750 0.556250
4 0.328333 0.583750 0.323333 0.592500 0.218750 0.581250 0.222500 0.572500
4 0.413333 0.646250 0.381667 0.660000 0.281250 0.650000 0.303750 0.637500
3 0.411667 0.661250 0.380000 0.676250 0.281250 0.667500 0.305000 0.653750
6 0.583333 0.622500 0.546667 0.623750 0.410000 0.613750 0.437500 0.613750
6 0.578333 0.648750 0.543333 0.648750 0.407500 0.638750 0.433750 0.638750
6 0.575000 0.662500 0.540000 0.662500 0.405000 0.652500 0.431250 0.652500
4 0.673333 0.635000 0.668333 0.643750 0.477500 0.633750 0.481250 0.625000
6 0.668333 0.658750 0.663333 0.668750 0.471250 0.658750 0.475000 0.650000
6 0.675000 0.676250 0.670000 0.685000 0.475000 0.673750 0.478750 0.665000
5 0.756667 0.623750 0.715000 0.631250 0.532500 0.620000 0.565000 0.612500
4 0.755000 0.648750 0.726667 0.657500 0.540000 0.647500 0.561250 0.637500
4 0.748333 0.671250 0.715000 0.681250 0.532500 0.671250 0.556250 0.661250
6 0.748333 0.686250 0.721667 0.696250 0.536250 0.687500 0.557500 0.677500
4 0.756667 0.697500 0.726667 0.706250 0.541250 0.696250 0.563750 0.687500
6 0.798333 0.681250 0.766667 0.681250 0.575000 0.672500 0.598750 0.672500
6 0.020000 0.915000 0.006667 0.915000 0.005000 0.897500 0.015000 0.897500
4 0.043333 0.916250 0.028333 0.916250 0.021250 0.895000 0.032500 0.895000
4 0.063333 0.896250 0.061667 0.916250 0.036250 0.916250 0.036250 0.896250
6 0.085000 0.895000 0.083333 0.917500 0.051250 0.916250 0.052500 0.895000
6 0.021667 0.971250 0.005000 0.972500 0.001250 0.948750 0.013750 0.947500
6 0.041667 0.971250 0.026667 0.971250 0.020000 0.951250 0.031250 0.951250
4 0.130000 0.902500 0.128333 0.922500 0.083750 0.921250 0.085000 0.902500
6 0.928333 0.557500 0.890000 0.557500 0.667500 0.547500 0.696250 0.547500
4 0.960000 0.636250 0.926667 0.636250 0.695000 0.627500 0.720000 0.627500
6 0.988333 0.951250 0.973333 0.951250 0.730000 0.928750 0.741250 0.928750
4 0.920000 0.932500 0.918333 0.955000 0.677500 0.953750 0.677500 0.932500
6 0.895000 0.951250 0.880000 0.951250 0.660000 0.932500 0.671250 0.932500
6 0.850000 0.931250 0.848333 0.951250 0.626250 0.951250 0.626250 0.931250
9 0.283333 0.828750 0.280000 0.971250 0.160000 0.970000 0.161250 0.828750
