4 0.978750 0.571667 0.968750 0.576667 1.281667 0.550000 1.293333 0.545000
3 0.882500 0.588333 0.867500 0.598333 1.136667 0.555000 1.156667 0.546667
6 0.851250 0.515000 0.826250 0.521667 1.100000 0.508333 1.131667 0.501667
4 0.835000 0.488333 0.811250 0.498333 1.078333 0.485000 1.110000 0.475000
4 0.806250 0.500000 0.783750 0.508333 1.040000 0.495000 1.071667 0.486667
6 0.552500 0.671667 0.537500 0.696667 0.705000 0.686667 0.725000 0.661667
4 0.485000 0.723333 0.476250 0.728333 0.623333 0.703333 0.636667 0.698333
6 0.606250 0.675000 0.596250 0.680000 0.783333 0.651667 0.796667 0.646667
3 0.912500 0.360000 0.897500 0.366667 1.180000 0.316667 1.198333 0.310000
6 0.860000 0.308333 0.848750 0.315000 1.120000 0.286667 1.135000 0.281667
5 0.865000 0.218333 0.852500 0.226667 1.121667 0.193333 1.138333 0.186667
5 0.930000 0.161667 0.921250 0.165000 1.220000 0.141667 1.231667 0.136667
6 0.817500 0.071667 0.806250 0.080000 1.060000 0.051667 1.075000 0.043333
4 0.137500 0.751667 0.127500 0.755000 0.161667 0.725000 0.175000 0.721667
4 0.075000 0.781667 0.065000 0.788333 0.073333 0.756667 0.088333 0.751667
4 0.062500 0.781667 0.052500 0.788333 0.058333 0.763333 0.071667 0.756667
4 0.041250 0.770000 0.031250 0.776667 0.033333 0.756667 0.046667 0.751667
6 0.036250 0.796667 0.026250 0.801667 0.025000 0.775000 0.038333 0.770000
4 0.025000 0.715000 0.011250 0.721667 0.005000 0.690000 0.023333 0.683333
4 0.038750 0.703333 0.027500 0.710000 0.026667 0.685000 0.041667 0.678333
5 0.122500 0.678333 0.110000 0.683333 0.135000 0.648333 0.151667 0.643333
6 0.051250 0.626667 0.045000 0.635000 0.036667 0.610000 0.046667 0.601667
6 0.251250 0.641667 0.250000 0.656667 0.300000 0.653333 0.301667 0.638333
4 0.256250 0.630000 0.253750 0.641667 0.308333 0.636667 0.310000 0.625000
4 0.255000 0.613333 0.253750 0.626667 0.305000 0.620000 0.306667 0.606667
6 0.263750 0.583333 0.261250 0.598333 0.315000 0.591667 0.316667 0.576667
4 0.268750 0.553333 0.267500 0.568333 0.323333 0.561667 0.326667 0.546667
4 0.192500 0.563333 0.191250 0.576667 0.220000 0.570000 0.223333 0.556667
4 0.188750 0.578333 0.187500 0.591667 0.216667 0.586667 0.218333 0.573333
4 0.148750 0.540000 0.138750 0.550000 0.163333 0.523333 0.175000 0.513333
6 0.166250 0.518333 0.157500 0.526667 0.190000 0.503333 0.201667 0.493333
6 0.127500 0.561667 0.118750 0.571667 0.140000 0.548333 0.151667 0.538333
6 0.116250 0.568333 0.108750 0.578333 0.125000 0.556667 0.135000 0.546667
6 0.042500 0.521667 0.035000 0.533333 0.023333 0.510000 0.033333 0.500000
4 0.276250 0.506667 0.273750 0.525000 0.326667 0.516667 0.331667 0.500000
4 0.281250 0.476667 0.280000 0.491667 0.336667 0.486667 0.338333 0.473333
4 0.293750 0.415000 0.291250 0.430000 0.353333 0.425000 0.356667 0.410000
4 0.176250 0.423333 0.162500 0.426667 0.211667 0.393333 0.228333 0.391667
4 0.130000 0.446667 0.121250 0.458333 0.140000 0.435000 0.151667 0.423333
6 0.097500 0.471667 0.090000 0.483333 0.098333 0.463333 0.106667 0.451667
6 0.085000 0.483333 0.076250 0.493333 0.083333 0.470000 0.095000 0.461667
6 0.301250 0.383333 0.298750 0.396667 0.361667 0.388333 0.363333 0.375000
6 0.221250 0.381667 0.218750 0.398333 0.256667 0.391667 0.260000 0.375000
4 0.232500 0.335000 0.231250 0.350000 0.273333 0.348333 0.275000 0.333333
6 0.305000 0.326667 0.280000 0.328333 0.371667 0.311667 0.406667 0.310000
6 0.228750 0.330000 0.206250 0.331667 0.273333 0.318333 0.303333 0.316667
6 0.283750 0.273333 0.271250 0.280000 0.358333 0.270000 0.376667 0.265000
4 0.220000 0.298333 0.196250 0.306667 0.258333 0.291667 0.288333 0.283333
4 0.205000 0.250000 0.183750 0.263333 0.238333 0.251667 0.268333 0.238333
5 0.213750 0.281667 0.195000 0.291667 0.255000 0.280000 0.280000 0.270000
4 0.281250 0.226667 0.258750 0.238333 0.340000 0.226667 0.370000 0.215000
6 0.197500 0.238333 0.178750 0.250000 0.231667 0.238333 0.258333 0.226667
4 0.296250 0.205000 0.286250 0.210000 0.370000 0.181667 0.383333 0.176667
4 0.323750 0.175000 0.315000 0.183333 0.405000 0.166667 0.416667 0.156667
6 0.372500 0.111667 0.368750 0.121667 0.473333 0.110000 0.480000 0.100000
4 0.352500 0.068333 0.338750 0.091667 0.438333 0.081667 0.456667 0.058333
4 0.418750 0.051667 0.413750 0.063333 0.521667 0.050000 0.528333 0.036667
6 0.421250 0.030000 0.417500 0.041667 0.536667 0.033333 0.541667 0.021667
6 0.432500 0.016667 0.430000 0.030000 0.548333 0.023333 0.553333 0.008333
6 0.287500 0.098333 0.280000 0.106667 0.355000 0.088333 0.363333 0.080000
4 0.343750 0.018333 0.341250 0.026667 0.435000 0.018333 0.440000 0.008333
6 0.040000 0.286667 0.031250 0.293333 0.026667 0.270000 0.038333 0.263333
6 0.056250 0.281667 0.047500 0.288333 0.046667 0.263333 0.058333 0.255000
6 0.028750 0.156667 0.006250 0.166667 0.005000 0.155000 0.035000 0.145000
4 0.021250 0.143333 0.000000 0.153333 0.000000 0.140000 0.025000 0.133333
4 0.161250 0.166667 0.151250 0.171667 0.190000 0.143333 0.203333 0.138333
4 0.147500 0.168333 0.136250 0.175000 0.170000 0.146667 0.185000 0.140000
4 0.135000 0.176667 0.122500 0.183333 0.151667 0.153333 0.166667 0.146667
4 0.121250 0.180000 0.110000 0.186667 0.136667 0.160000 0.150000 0.155000
6 0.108750 0.185000 0.098750 0.191667 0.118333 0.165000 0.131667 0.158333
6 0.098750 0.153333 0.076250 0.163333 0.098333 0.150000 0.126667 0.140000
6 0.096250 0.138333 0.073750 0.148333 0.095000 0.135000 0.123333 0.125000
6 0.088750 0.123333 0.070000 0.131667 0.088333 0.118333 0.113333 0.110000
6 0.086250 0.108333 0.063750 0.116667 0.081667 0.103333 0.110000 0.095000
6 0.077500 0.095000 0.056250 0.103333 0.071667 0.086667 0.100000 0.080000
