6 0.051250 0.816667 0.050000 0.846667 0.053333 0.846667 0.055000 0.815000
6 0.067500 0.843333 0.056250 0.843333 0.076667 0.815000 0.090000 0.815000
6 0.085000 0.816667 0.083750 0.841667 0.098333 0.840000 0.098333 0.815000
4 0.097500 0.818333 0.096250 0.845000 0.115000 0.843333 0.116667 0.816667
6 0.111250 0.818333 0.110000 0.845000 0.133333 0.843333 0.135000 0.818333
6 0.127500 0.820000 0.125000 0.846667 0.153333 0.845000 0.156667 0.816667
6 0.141250 0.826667 0.137500 0.851667 0.171667 0.848333 0.176667 0.823333
6 0.157500 0.835000 0.152500 0.861667 0.191667 0.858333 0.198333 0.831667
4 0.172500 0.841667 0.167500 0.870000 0.206667 0.865000 0.215000 0.836667
4 0.185000 0.843333 0.181250 0.871667 0.230000 0.870000 0.235000 0.841667
6 0.202500 0.855000 0.196250 0.880000 0.250000 0.876667 0.258333 0.851667
4 0.215000 0.861667 0.210000 0.890000 0.265000 0.886667 0.271667 0.858333
6 0.231250 0.866667 0.226250 0.893333 0.288333 0.890000 0.293333 0.863333
4 0.268750 0.891667 0.262500 0.921667 0.336667 0.918333 0.346667 0.888333
4 0.296250 0.960000 0.291250 0.986667 0.373333 0.983333 0.380000 0.956667
4 0.231250 0.951667 0.223750 0.980000 0.285000 0.975000 0.295000 0.946667
6 0.212500 0.946667 0.210000 0.973333 0.265000 0.971667 0.266667 0.945000
6 0.121250 0.248333 0.095000 0.248333 0.128333 0.236667 0.161667 0.236667
6 0.117500 0.211667 0.093750 0.211667 0.125000 0.200000 0.156667 0.200000
4 0.076250 0.313333 0.075000 0.341667 0.088333 0.340000 0.090000 0.313333
4 0.555000 0.938333 0.552500 0.950000 0.721667 0.946667 0.725000 0.935000
4 0.158750 0.678333 0.132500 0.676667 0.176667 0.665000 0.211667 0.665000
