10 0.588000 0.710000 0.584000 0.721000 0.542000 0.707000 0.546000 0.696000
4 0.085000 0.773000 0.080000 0.779000 0.064000 0.765000 0.069000 0.759000
4 0.027000 0.753000 0.019000 0.765000 0.012000 0.761000 0.020000 0.748000
6 0.081000 0.787000 0.072000 0.795000 0.068000 0.790000 0.076000 0.782000
4 0.031000 0.997000 0.022000 0.997000 0.021000 0.982000 0.029000 0.981000
5 0.045000 0.979000 0.044000 0.998000 0.033000 0.997000 0.034000 0.979000
4 0.063000 0.981000 0.062000 0.998000 0.052000 0.998000 0.053000 0.981000
6 0.085000 0.998000 0.077000 0.999000 0.075000 0.985000 0.083000 0.984000
4 0.127000 0.892000 0.111000 0.892000 0.111000 0.885000 0.127000 0.884000
4 0.125000 0.912000 0.124000 0.921000 0.110000 0.920000 0.111000 0.911000
4 0.123000 0.927000 0.111000 0.929000 0.110000 0.923000 0.122000 0.922000
4 0.126000 0.955000 0.105000 0.957000 0.105000 0.950000 0.125000 0.948000
4 0.121000 0.976000 0.101000 0.976000 0.101000 0.968000 0.121000 0.968000
4 0.122000 0.985000 0.108000 0.986000 0.108000 0.978000 0.122000 0.978000
10 0.390000 0.684000 0.387000 0.707000 0.374000 0.705000 0.377000 0.682000
10 0.880000 0.775000 0.847000 0.782000 0.845000 0.770000 0.878000 0.764000
10 0.708000 0.506000 0.680000 0.506000 0.680000 0.491000 0.708000 0.492000
10 0.864000 0.557000 0.836000 0.571000 0.830000 0.558000 0.857000 0.544000
10 0.063000 0.115000 0.041000 0.146000 0.028000 0.137000 0.050000 0.106000
10 0.719000 0.341000 0.665000 0.352000 0.662000 0.338000 0.716000 0.327000
10 0.673000 0.051000 0.633000 0.049000 0.633000 0.036000 0.673000 0.037000
10 0.339000 0.203000 0.314000 0.207000 0.312000 0.196000 0.337000 0.192000
10 0.219000 0.372000 0.205000 0.378000 0.196000 0.358000 0.210000 0.352000
6 0.425000 0.393000 0.409000 0.398000 0.406000 0.389000 0.422000 0.384000
10 0.556000 0.558000 0.549000 0.568000 0.530000 0.554000 0.537000 0.545000
10 0.957000 0.564000 0.905000 0.569000 0.904000 0.555000 0.955000 0.550000
10 0.575000 0.560000 0.567000 0.569000 0.549000 0.552000 0.557000 0.543000
10 0.214000 0.539000 0.200000 0.575000 0.185000 0.569000 0.199000 0.533000
10 0.006000 0.450000 -0.005902 0.441857 0.007098 0.422857 0.019000 0.431000
10 0.361000 0.116000 0.328000 0.136000 0.319000 0.121000 0.352000 0.101000
4 0.009083 0.742844 0.001000 0.758000 0.000000 0.757467 0.000000 0.738000
4 0.030000 0.705000 0.022000 0.722000 0.012000 0.717000 0.020000 0.700000
10 0.061000 0.707000 0.049000 0.717000 0.015000 0.674000 0.027000 0.664000
