4 0.459000 0.962000 0.432000 0.962000 0.432000 0.955000 0.459000 0.954000
6 0.616000 0.989000 0.594000 0.988000 0.594000 0.981000 0.616000 0.981000
14 0.809000 0.412000 0.781000 0.411000 0.781000 0.366000 0.807000 0.366000
14 0.849000 0.412000 0.822000 0.412000 0.822000 0.365000 0.848000 0.365000
14 0.809000 0.473000 0.783000 0.474000 0.783000 0.428000 0.808000 0.427000
14 0.849000 0.475000 0.824000 0.475000 0.823000 0.427000 0.848000 0.427000
6 0.768000 0.883000 0.765000 0.892000 0.741000 0.884000 0.744000 0.876000
4 0.883000 0.895000 0.860000 0.896000 0.859000 0.890000 0.883000 0.889000
6 0.953000 0.937000 0.943000 0.937000 0.943000 0.921000 0.953000 0.921000
4 0.939000 0.982000 0.918000 0.982000 0.918000 0.975000 0.939000 0.975000
6 0.657000 0.895000 0.656000 0.915000 0.646000 0.914000 0.646000 0.894000
3 0.660000 0.608000 0.645000 0.608000 0.645000 0.585000 0.659000 0.585000
5 0.661000 0.535000 0.660000 0.573000 0.645000 0.572000 0.646000 0.535000
