6 0.098333 0.336250 0.068333 0.343750 0.048750 0.335000 0.071250 0.328750
6 0.128333 0.383750 0.098333 0.395000 0.068750 0.386250 0.091250 0.375000
6 0.145000 0.392500 0.113333 0.405000 0.080000 0.396250 0.103750 0.382500
4 0.168333 0.536250 0.158333 0.541250 0.106250 0.525000 0.113750 0.520000
4 0.176667 0.262500 0.165000 0.267500 0.112500 0.247500 0.121250 0.242500
4 0.158333 0.590000 0.131667 0.600000 0.095000 0.592500 0.115000 0.582500
6 0.668333 0.347500 0.638333 0.361250 0.473750 0.352500 0.495000 0.338750
6 0.796667 0.287500 0.770000 0.298750 0.572500 0.291250 0.592500 0.278750
4 0.840000 0.246250 0.830000 0.251250 0.607500 0.233750 0.615000 0.227500
4 0.956667 0.212500 0.926667 0.225000 0.691250 0.217500 0.712500 0.205000
6 0.523333 0.626250 0.496667 0.638750 0.367500 0.631250 0.387500 0.618750
4 0.411667 0.625000 0.381667 0.638750 0.281250 0.630000 0.303750 0.617500
4 0.393333 0.615000 0.368333 0.626250 0.271250 0.620000 0.290000 0.607500
4 0.433333 0.697500 0.423333 0.702500 0.303750 0.686250 0.311250 0.680000
4 0.395000 0.707500 0.385000 0.712500 0.278750 0.698750 0.286250 0.692500
6 0.323333 0.738750 0.315000 0.743750 0.222500 0.730000 0.228750 0.723750
4 0.303333 0.747500 0.295000 0.752500 0.210000 0.737500 0.217500 0.732500
4 0.315000 0.763750 0.286667 0.773750 0.211250 0.766250 0.231250 0.756250
4 0.330000 0.773750 0.300000 0.785000 0.221250 0.777500 0.242500 0.766250
6 0.708333 0.956250 0.700000 0.963750 0.508750 0.951250 0.513750 0.943750
4 0.695000 0.965000 0.686667 0.972500 0.498750 0.958750 0.503750 0.951250
6 0.680000 0.976250 0.671667 0.983750 0.487500 0.971250 0.492500 0.963750
4 0.973333 0.981250 0.953333 0.997500 0.707500 0.991250 0.723750 0.975000
6 0.588333 0.345000 0.583333 0.352500 0.418750 0.341250 0.422500 0.333750
6 0.700000 0.308750 0.686667 0.315000 0.505000 0.295000 0.515000 0.290000
6 0.773333 0.186250 0.763333 0.193750 0.553750 0.173750 0.561250 0.167500
