17 0.979000 0.215000 1.018000 0.181000 0.989000 0.146000 0.949000 0.180000
17 0.930000 0.158000 0.971000 0.125000 0.941000 0.087000 0.900000 0.120000
17 0.931000 0.471000 0.970000 0.441000 0.941000 0.404000 0.903000 0.433000
13 0.897000 0.431000 0.939000 0.394000 0.907000 0.359000 0.866000 0.395000
17 0.867000 0.387000 0.904000 0.357000 0.875000 0.321000 0.838000 0.352000
13 0.803000 0.307000 0.843000 0.275000 0.814000 0.239000 0.774000 0.271000
12 0.768000 0.270000 0.811000 0.235000 0.778000 0.196000 0.736000 0.231000
19 0.828000 0.601000 0.792000 0.632000 0.819000 0.664000 0.856000 0.632000
19 0.661000 0.340000 0.594000 0.354000 0.608000 0.421000 0.676000 0.406000
17 0.490000 0.558000 0.522000 0.596000 0.556000 0.568000 0.524000 0.530000
17 0.442000 0.676000 0.407000 0.706000 0.439000 0.742000 0.474000 0.712000
29 0.905000 0.870000 0.836000 0.927000 0.889000 0.991000 0.957000 0.934000
13 0.834000 0.906000 0.808000 0.960000 0.855000 0.982000 0.881000 0.928000
20 0.129000 0.931000 0.078000 0.870000 0.018000 0.919000 0.069000 0.981000
