6 0.095000 0.023333 0.088750 0.035000 0.088333 0.013333 0.096667 0.001667
6 0.065000 0.270000 0.058750 0.308333 0.056667 0.305000 0.065000 0.265000
6 0.051250 0.393333 0.050000 0.426667 0.046667 0.425000 0.048333 0.393333
6 0.433750 0.353333 0.428750 0.365000 0.535000 0.343333 0.541667 0.331667
5 0.435000 0.386667 0.396250 0.386667 0.528333 0.371667 0.580000 0.371667
4 0.431250 0.485000 0.403750 0.485000 0.538333 0.471667 0.575000 0.473333
6 0.436250 0.801667 0.411250 0.801667 0.548333 0.791667 0.581667 0.790000
4 0.436250 0.915000 0.410000 0.916667 0.546667 0.903333 0.581667 0.901667
4 0.460000 0.025000 0.447500 0.033333 0.585000 0.011667 0.601667 0.003333
6 0.473750 0.555000 0.462500 0.555000 0.615000 0.530000 0.630000 0.530000
4 0.525000 0.591667 0.511250 0.591667 0.681667 0.561667 0.700000 0.561667
4 0.526250 0.651667 0.511250 0.653333 0.680000 0.620000 0.698333 0.618333
5 0.526250 0.695000 0.511250 0.695000 0.681667 0.660000 0.701667 0.660000
6 0.523750 0.616667 0.511250 0.616667 0.680000 0.590000 0.698333 0.590000
4 0.473750 0.651667 0.462500 0.655000 0.611667 0.620000 0.626667 0.616667
4 0.527500 0.898333 0.515000 0.900000 0.681667 0.868333 0.700000 0.866667
4 0.527500 0.935000 0.511250 0.935000 0.681667 0.901667 0.703333 0.901667
6 0.585000 0.966667 0.558750 0.968333 0.745000 0.955000 0.780000 0.955000
4 0.585000 0.861667 0.552500 0.863333 0.736667 0.850000 0.780000 0.850000
4 0.583750 0.846667 0.555000 0.846667 0.740000 0.835000 0.778333 0.835000
6 0.583750 0.631667 0.551250 0.635000 0.731667 0.621667 0.776667 0.616667
6 0.573750 0.170000 0.551250 0.170000 0.735000 0.156667 0.765000 0.158333
11 0.760000 0.110000 0.741250 0.110000 0.986667 0.095000 1.013333 0.093333
6 0.942500 0.150000 0.930000 0.151667 1.238333 0.120000 1.255000 0.120000
5 0.943750 0.181667 0.930000 0.181667 1.238333 0.148333 1.258333 0.148333
6 0.896250 0.218333 0.867500 0.216667 1.156667 0.205000 1.195000 0.206667
6 0.903750 0.335000 0.876250 0.336667 1.168333 0.323333 1.205000 0.323333
6 0.895000 0.445000 0.871250 0.446667 1.161667 0.433333 1.191667 0.431667
6 0.943750 0.380000 0.932500 0.381667 1.241667 0.355000 1.256667 0.355000
4 0.900000 0.473333 0.898750 0.488333 1.165000 0.486667 1.166667 0.471667
3 0.571250 0.186667 0.545000 0.186667 0.726667 0.175000 0.761667 0.173333
4 0.905000 0.661667 0.873750 0.663333 1.165000 0.650000 1.205000 0.648333
4 0.878750 0.706667 0.852500 0.708333 1.136667 0.696667 1.171667 0.695000
4 0.946250 0.753333 0.933750 0.755000 1.241667 0.716667 1.258333 0.715000
3 0.996250 0.968333 0.977500 0.968333 1.303333 0.923333 1.328333 0.923333
