4 0.433750 0.176667 0.432500 0.201667 0.561667 0.201667 0.563333 0.176667
6 0.582500 0.236667 0.571250 0.236667 0.761667 0.210000 0.775000 0.208333
6 0.490000 0.288333 0.478750 0.290000 0.636667 0.261667 0.651667 0.260000
5 0.798750 0.433333 0.763750 0.435000 1.018333 0.423333 1.065000 0.421667
4 0.897500 0.043333 0.868750 0.045000 1.158333 0.033333 1.196667 0.033333
4 0.900000 0.060000 0.870000 0.061667 1.158333 0.050000 1.200000 0.048333
6 0.900000 0.106667 0.865000 0.105000 1.153333 0.090000 1.200000 0.090000
6 0.896250 0.120000 0.867500 0.121667 1.155000 0.110000 1.195000 0.108333
6 0.905000 0.151667 0.867500 0.150000 1.156667 0.133333 1.206667 0.135000
4 0.890000 0.165000 0.865000 0.165000 1.153333 0.156667 1.186667 0.155000
6 0.896250 0.195000 0.866250 0.195000 1.155000 0.183333 1.195000 0.183333
4 0.971250 0.241667 0.946250 0.243333 1.261667 0.231667 1.295000 0.230000
6 0.973750 0.195000 0.948750 0.195000 1.265000 0.185000 1.298333 0.185000
4 0.975000 0.211667 0.948750 0.213333 1.265000 0.201667 1.300000 0.200000
4 0.912500 0.251667 0.900000 0.251667 1.198333 0.225000 1.215000 0.225000
4 0.912500 0.286667 0.881250 0.286667 1.175000 0.276667 1.216667 0.275000
4 0.911250 0.306667 0.885000 0.308333 1.178333 0.298333 1.215000 0.296667
32 0.660000 0.878333 0.450000 0.883333 0.596667 0.696667 0.878333 0.693333
3 0.145000 0.981667 0.081250 0.985000 0.108333 0.966667 0.193333 0.963333
3 0.155000 0.943333 0.153750 0.963333 0.086667 0.950000 0.090000 0.930000
3 0.031250 0.666667 0.000000 0.666667 0.000000 0.645000 0.041667 0.645000
5 0.172500 0.845000 0.157500 0.846667 0.210000 0.816667 0.230000 0.815000
6 0.148750 0.813333 0.133750 0.813333 0.178333 0.786667 0.198333 0.786667
6 0.076250 0.848333 0.062500 0.848333 0.081667 0.823333 0.100000 0.823333
6 0.110000 0.725000 0.093750 0.726667 0.123333 0.700000 0.145000 0.698333
4 0.136250 0.725000 0.120000 0.725000 0.160000 0.700000 0.181667 0.700000
