4 0.181667 0.688750 0.173333 0.698750 0.106250 0.682500 0.112500 0.672500
14 0.530000 0.917500 0.448333 0.916250 0.335000 0.816250 0.395000 0.816250
14 0.423333 0.917500 0.341667 0.918750 0.256250 0.816250 0.316250 0.816250
14 0.316667 0.918750 0.235000 0.918750 0.175000 0.817500 0.235000 0.817500
14 0.148333 0.818750 0.146667 0.920000 0.048750 0.918750 0.047500 0.817500
9 0.728333 0.108750 0.726667 0.162500 0.473750 0.162500 0.473750 0.107500
9 0.738333 0.707500 0.736667 0.777500 0.478750 0.775000 0.480000 0.706250
5 0.905000 0.797500 0.848333 0.800000 0.635000 0.787500 0.677500 0.785000
4 0.670000 0.707500 0.651667 0.730000 0.477500 0.723750 0.491250 0.700000
6 0.705000 0.656250 0.686667 0.656250 0.513750 0.630000 0.527500 0.630000
6 0.910000 0.631250 0.898333 0.638750 0.656250 0.615000 0.666250 0.607500
6 0.846667 0.630000 0.835000 0.637500 0.606250 0.615000 0.616250 0.606250
6 0.811667 0.630000 0.798333 0.635000 0.590000 0.621250 0.598750 0.616250
4 0.828333 0.582500 0.808333 0.601250 0.596250 0.592500 0.611250 0.573750
4 0.833333 0.448750 0.793333 0.447500 0.595000 0.438750 0.625000 0.440000
4 1.000000 0.402500 0.978333 0.391250 0.738750 0.383750 0.750000 0.391250
4 0.963333 0.396250 0.950000 0.398750 0.708750 0.378750 0.718750 0.376250
4 0.938333 0.378750 0.903333 0.381250 0.676250 0.371250 0.702500 0.370000
4 0.900000 0.308750 0.863333 0.311250 0.646250 0.301250 0.673750 0.298750
4 0.886667 0.251250 0.885000 0.273750 0.650000 0.272500 0.651250 0.250000
6 0.885000 0.247500 0.865000 0.247500 0.647500 0.223750 0.662500 0.223750
6 0.491667 0.156250 0.451667 0.156250 0.338750 0.146250 0.368750 0.146250
6 0.038333 0.715000 0.021667 0.715000 0.016250 0.692500 0.028750 0.691250
4 0.056667 0.710000 0.041667 0.711250 0.030000 0.691250 0.041250 0.690000
5 0.080000 0.691250 0.078333 0.716250 0.045000 0.716250 0.046250 0.691250
5 0.101667 0.718750 0.081667 0.718750 0.060000 0.690000 0.075000 0.688750
4 0.186667 0.673750 0.181667 0.683750 0.108750 0.671250 0.112500 0.662500
5 0.188333 0.662500 0.183333 0.671250 0.107500 0.658750 0.111250 0.650000
5 0.190000 0.610000 0.183333 0.618750 0.108750 0.603750 0.113750 0.595000
5 0.223333 0.528750 0.206667 0.528750 0.156250 0.507500 0.167500 0.507500
4 0.248333 0.528750 0.231667 0.528750 0.173750 0.508750 0.186250 0.508750
11 0.985000 0.792500 0.923333 0.820000 0.683750 0.805000 0.730000 0.777500
