4 0.563750 0.166667 0.555000 0.175000 0.725000 0.150000 0.736667 0.143333
4 0.791250 0.068333 0.778750 0.068333 1.038333 0.041667 1.055000 0.041667
6 0.988750 0.440000 0.982500 0.441667 1.306667 0.421667 1.316667 0.420000
6 0.980000 0.486667 0.978750 0.495000 1.281667 0.488333 1.285000 0.480000
3 0.942500 0.601667 0.881250 0.610000 1.173333 0.593333 1.255000 0.585000
5 0.956250 0.520000 0.926250 0.525000 1.233333 0.506667 1.273333 0.501667
4 0.972500 0.406667 0.960000 0.410000 1.275000 0.380000 1.290000 0.376667
6 0.878750 0.423333 0.851250 0.426667 1.133333 0.415000 1.171667 0.411667
6 0.876250 0.410000 0.851250 0.411667 1.135000 0.400000 1.166667 0.396667
4 0.748750 0.451667 0.740000 0.453333 0.983333 0.435000 0.996667 0.433333
4 0.722500 0.411667 0.711250 0.413333 0.946667 0.391667 0.961667 0.390000
6 0.782500 0.418333 0.752500 0.421667 1.001667 0.406667 1.041667 0.403333
6 0.777500 0.396667 0.747500 0.403333 0.995000 0.390000 1.033333 0.383333
6 0.681250 0.386667 0.668750 0.391667 0.883333 0.365000 0.900000 0.360000
6 0.651250 0.393333 0.640000 0.396667 0.846667 0.370000 0.863333 0.366667
4 0.606250 0.615000 0.577500 0.618333 0.768333 0.606667 0.806667 0.603333
6 0.521250 0.353333 0.508750 0.355000 0.675000 0.328333 0.691667 0.325000
6 0.481250 0.385000 0.453750 0.388333 0.605000 0.375000 0.641667 0.371667
4 0.385000 0.391667 0.358750 0.396667 0.476667 0.388333 0.511667 0.381667
4 0.438750 0.486667 0.410000 0.486667 0.546667 0.475000 0.585000 0.475000
4 0.221250 0.593333 0.211250 0.595000 0.280000 0.568333 0.293333 0.568333
4 0.246250 0.526667 0.217500 0.530000 0.288333 0.516667 0.326667 0.513333
4 0.242500 0.506667 0.215000 0.511667 0.285000 0.500000 0.321667 0.495000
4 0.238750 0.495000 0.208750 0.496667 0.278333 0.483333 0.316667 0.481667
5 0.167500 0.488333 0.151250 0.491667 0.196667 0.455000 0.216667 0.451667
4 0.161250 0.555000 0.133750 0.560000 0.176667 0.546667 0.213333 0.541667
4 0.157500 0.526667 0.131250 0.528333 0.173333 0.516667 0.210000 0.516667
6 0.155000 0.513333 0.128750 0.513333 0.171667 0.503333 0.205000 0.503333
6 0.123750 0.540000 0.112500 0.543333 0.143333 0.515000 0.158333 0.511667
4 0.117500 0.510000 0.105000 0.513333 0.135000 0.485000 0.150000 0.481667
6 0.103750 0.515000 0.092500 0.520000 0.113333 0.493333 0.128333 0.486667
6 0.086250 0.510000 0.073750 0.518333 0.086667 0.491667 0.103333 0.485000
4 0.078750 0.556667 0.056250 0.560000 0.073333 0.550000 0.103333 0.545000
4 0.073750 0.543333 0.053750 0.545000 0.070000 0.533333 0.096667 0.530000
4 0.015000 0.726667 0.000000 0.730000 0.000000 0.715000 0.018333 0.711667
4 0.908750 0.785000 0.888750 0.788333 1.183333 0.776667 1.211667 0.773333
6 0.943750 0.836667 0.931250 0.841667 1.235000 0.816667 1.251667 0.811667
4 0.990000 0.946667 0.957500 0.951667 1.275000 0.938333 1.318333 0.935000
4 0.816250 0.976667 0.792500 0.978333 1.056667 0.966667 1.088333 0.965000
4 0.782500 0.955000 0.772500 0.956667 1.023333 0.928333 1.036667 0.925000
6 0.740000 0.783333 0.728750 0.806667 0.958333 0.798333 0.973333 0.775000
6 0.718750 0.785000 0.698750 0.790000 0.930000 0.776667 0.956667 0.773333
6 0.641250 0.845000 0.631250 0.848333 0.835000 0.821667 0.848333 0.818333
4 0.648750 0.990000 0.618750 0.991667 0.825000 0.980000 0.863333 0.978333
6 0.646250 0.971667 0.622500 0.976667 0.828333 0.965000 0.860000 0.960000
6 0.510000 0.861667 0.497500 0.866667 0.656667 0.838333 0.675000 0.833333
4 0.475000 0.860000 0.447500 0.870000 0.591667 0.856667 0.630000 0.846667
4 0.471250 0.830000 0.442500 0.835000 0.588333 0.820000 0.626667 0.816667
4 0.400000 0.811667 0.380000 0.835000 0.496667 0.825000 0.523333 0.801667
4 0.380000 0.868333 0.346250 0.871667 0.461667 0.858333 0.506667 0.856667
4 0.217500 0.936667 0.206250 0.940000 0.268333 0.910000 0.285000 0.906667
4 0.212500 0.878333 0.187500 0.881667 0.248333 0.868333 0.281667 0.863333
4 0.131250 0.925000 0.102500 0.931667 0.135000 0.921667 0.173333 0.913333
4 0.127500 0.910000 0.101250 0.915000 0.133333 0.903333 0.168333 0.898333
4 0.092500 0.958333 0.081250 0.960000 0.105000 0.933333 0.120000 0.931667
4 0.087500 0.930000 0.075000 0.933333 0.095000 0.903333 0.111667 0.900000
4 0.061250 0.895000 0.057500 0.923333 0.061667 0.921667 0.066667 0.891667
4 0.265000 0.036667 0.233750 0.038333 0.311667 0.026667 0.351667 0.023333
6 0.062500 0.091667 0.032500 0.093333 0.043333 0.081667 0.083333 0.080000
6 0.196250 0.230000 0.170000 0.243333 0.221667 0.230000 0.256667 0.216667
4 0.220000 0.246667 0.208750 0.246667 0.278333 0.220000 0.293333 0.221667
4 0.240000 0.230000 0.228750 0.230000 0.303333 0.203333 0.318333 0.201667
6 0.297500 0.220000 0.263750 0.221667 0.351667 0.208333 0.396667 0.206667
6 0.291250 0.195000 0.265000 0.198333 0.351667 0.185000 0.388333 0.183333
4 0.348750 0.093333 0.345000 0.108333 0.423333 0.095000 0.428333 0.080000
4 0.420000 0.083333 0.418750 0.095000 0.511667 0.088333 0.513333 0.076667
4 0.517500 0.121667 0.503750 0.125000 0.668333 0.093333 0.686667 0.090000
6 0.440000 0.053333 0.418750 0.053333 0.558333 0.036667 0.586667 0.036667
4 0.650000 0.075000 0.638750 0.075000 0.850000 0.046667 0.865000 0.045000
4 0.670000 0.081667 0.658750 0.083333 0.875000 0.055000 0.890000 0.053333
4 0.938750 0.076667 0.926250 0.080000 1.226667 0.045000 1.243333 0.041667
4 0.916250 0.076667 0.903750 0.080000 1.200000 0.055000 1.218333 0.051667
4 0.913750 0.050000 0.902500 0.051667 1.200000 0.025000 1.213333 0.023333
