2 0.376667 0.855000 0.201667 0.911250 0.143750 0.895000 0.273750 0.837500
2 0.099620 0.587068 0.000000 0.620534 -0.000000 0.604544 0.068750 0.573750
2 0.105521 0.604822 0.000000 0.640875 0.000000 0.619958 0.071250 0.587500
2 0.135000 0.618750 0.000000 0.662143 0.000000 0.641429 0.093750 0.601250
2 0.150000 0.632500 0.011667 0.678750 0.001250 0.661250 0.105000 0.616250
2 0.171667 0.643750 0.000000 0.701250 0.000000 0.680400 0.120987 0.626367
2 0.008333 0.718750 -0.002101 0.701397 0.126250 0.643750 0.134076 0.661103
2 0.191667 0.690000 0.021667 0.750000 0.008750 0.735000 0.136250 0.675000
2 0.191667 0.710000 0.043333 0.763750 0.026250 0.746250 0.136250 0.695000
2 0.233333 0.718750 0.025000 0.792500 0.011250 0.772500 0.165000 0.698750
2 0.265000 0.730000 0.105000 0.786250 0.071250 0.768750 0.188750 0.712500
2 0.278333 0.746250 0.108333 0.803750 0.073750 0.788750 0.201250 0.728750
2 0.278333 0.763750 0.115000 0.820000 0.078750 0.808750 0.203750 0.750000
2 0.281667 0.783750 0.130000 0.837500 0.088750 0.817500 0.203750 0.766250
2 0.323333 0.788750 0.146667 0.848750 0.102500 0.835000 0.235000 0.775000
2 0.313333 0.815000 0.168333 0.863750 0.120000 0.851250 0.227500 0.800000
2 0.338333 0.826250 0.163333 0.886250 0.115000 0.868750 0.245000 0.811250
2 0.348333 0.843750 0.213333 0.888750 0.153750 0.871250 0.253750 0.826250
2 0.400000 0.868750 0.233333 0.926250 0.165000 0.908750 0.292500 0.848750
2 0.418333 0.880000 0.243333 0.942500 0.175000 0.928750 0.305000 0.866250
2 0.421667 0.902500 0.275000 0.951250 0.198750 0.933750 0.307500 0.885000
2 0.463333 0.908750 0.255000 0.978750 0.185000 0.962500 0.338750 0.893750
2 0.466667 0.928750 0.258333 0.996250 0.187500 0.980000 0.341250 0.911250
2 0.473577 0.945396 0.315833 1.000000 0.188750 1.000000 0.346732 0.927085
7 0.983333 0.362500 0.958333 0.386250 0.708750 0.380000 0.727500 0.355000
7 0.980000 0.402500 0.955000 0.426250 0.708750 0.420000 0.730000 0.397500
