6 0.060000 0.443333 0.057500 0.475000 0.058333 0.473333 0.061667 0.441667
5 0.050000 0.543333 0.017500 0.540000 0.025000 0.525000 0.066667 0.528333
4 0.053750 0.256667 0.026250 0.256667 0.035000 0.243333 0.071667 0.243333
4 0.053750 0.171667 0.028750 0.173333 0.038333 0.156667 0.071667 0.155000
4 0.033750 0.115000 0.032500 0.128333 0.010000 0.126667 0.010000 0.113333
6 0.046250 0.093333 0.021250 0.093333 0.028333 0.081667 0.061667 0.081667
4 0.042500 0.075000 0.008750 0.076667 0.011667 0.061667 0.055000 0.060000
6 0.040000 0.060000 0.011250 0.058333 0.015000 0.043333 0.053333 0.045000
4 0.036250 0.043333 0.010000 0.043333 0.013333 0.028333 0.048333 0.028333
4 0.032500 0.026667 0.007500 0.026667 0.010000 0.013333 0.043333 0.013333
5 0.033750 0.565000 0.032500 0.581667 0.003333 0.581667 0.003333 0.563333
16 0.048750 0.755000 0.025000 0.758333 0.026667 0.685000 0.058333 0.681667
5 0.075000 0.865000 0.061250 0.878333 0.061667 0.850000 0.080000 0.838333
6 0.046250 0.826667 0.038750 0.843333 0.018333 0.825000 0.026667 0.808333
4 0.051250 0.801667 0.047500 0.818333 0.028333 0.810000 0.033333 0.791667
