14 0.226250 0.648333 0.162500 0.646667 0.218333 0.510000 0.301667 0.510000
14 0.136250 0.646667 0.072500 0.645000 0.095000 0.508333 0.180000 0.511667
6 0.695000 0.978333 0.671250 0.981667 0.895000 0.968333 0.925000 0.966667
4 0.805000 0.758333 0.802500 0.780000 1.055000 0.776667 1.060000 0.755000
6 0.111250 0.428333 0.100000 0.431667 0.128333 0.405000 0.143333 0.401667
6 0.213750 0.775000 0.186250 0.775000 0.248333 0.763333 0.285000 0.763333
6 0.297500 0.883333 0.272500 0.883333 0.363333 0.875000 0.396667 0.875000
6 0.308750 0.928333 0.297500 0.928333 0.395000 0.900000 0.411667 0.900000
6 0.336250 0.891667 0.326250 0.891667 0.435000 0.866667 0.448333 0.865000
4 0.355000 0.860000 0.345000 0.860000 0.460000 0.840000 0.473333 0.840000
4 0.347500 0.495000 0.346250 0.521667 0.446667 0.521667 0.446667 0.495000
6 0.835000 0.320000 0.810000 0.320000 1.080000 0.308333 1.113333 0.308333
6 0.693750 0.416667 0.665000 0.415000 0.886667 0.405000 0.925000 0.406667
6 0.772500 0.405000 0.771250 0.416667 0.991667 0.415000 0.993333 0.403333
6 0.910000 0.391667 0.882500 0.391667 1.176667 0.380000 1.213333 0.380000
6 0.880000 0.415000 0.853750 0.413333 1.138333 0.405000 1.173333 0.406667
