9 0.594000 0.355000 0.548000 0.365000 0.536000 0.308000 0.581000 0.298000
9 0.950000 0.283000 0.916000 0.290000 0.908000 0.246000 0.942000 0.240000
4 0.647000 0.303000 0.632000 0.305000 0.631000 0.298000 0.646000 0.296000
0 0.683000 0.279000 0.676000 0.281000 0.670000 0.264000 0.677000 0.261000
4 0.842000 0.288000 0.827000 0.290000 0.826000 0.283000 0.841000 0.281000
6 0.975000 0.403000 0.967000 0.404000 0.965000 0.386000 0.973000 0.385000
4 0.922000 0.416000 0.904000 0.419000 0.903000 0.412000 0.921000 0.409000
6 0.986000 0.462000 0.977000 0.465000 0.971000 0.451000 0.979000 0.447000
4 0.997000 0.511000 0.991000 0.512000 0.988000 0.497000 0.995000 0.496000
6 0.986000 0.570000 0.979000 0.572000 0.975000 0.555000 0.983000 0.554000
4 0.796000 0.659000 0.779000 0.661000 0.778000 0.652000 0.795000 0.650000
5 0.831000 0.676000 0.811000 0.679000 0.810000 0.670000 0.830000 0.668000
3 0.745000 0.670000 0.717000 0.673000 0.716000 0.664000 0.744000 0.661000
3 0.717000 0.698000 0.687000 0.703000 0.685000 0.693000 0.715000 0.688000
4 0.854000 0.716000 0.847000 0.716000 0.846000 0.703000 0.853000 0.702000
4 0.982000 0.718000 0.963000 0.720000 0.963000 0.714000 0.981000 0.712000
4 0.697000 0.843000 0.688000 0.846000 0.683000 0.829000 0.692000 0.826000
4 0.599000 0.527000 0.591000 0.529000 0.588000 0.513000 0.596000 0.512000
4 0.553000 0.034000 0.541000 0.037000 0.539000 0.030000 0.552000 0.027000
4 0.551000 0.026000 0.538000 0.028000 0.537000 0.022000 0.550000 0.019000
6 0.552000 0.017000 0.537000 0.019000 0.536000 0.013000 0.551000 0.011000
4 0.490000 0.037000 0.483000 0.038000 0.481000 0.024000 0.488000 0.023000
4 0.496000 0.062000 0.490000 0.063000 0.487000 0.047000 0.493000 0.046000
6 0.504000 0.094000 0.497000 0.095000 0.494000 0.082000 0.502000 0.081000
4 0.508000 0.112000 0.500000 0.113000 0.497000 0.097000 0.505000 0.095000
4 0.571000 0.147000 0.563000 0.151000 0.555000 0.135000 0.562000 0.131000
4 0.520000 0.170000 0.511000 0.172000 0.508000 0.155000 0.517000 0.153000
4 0.526000 0.196000 0.519000 0.197000 0.516000 0.182000 0.523000 0.181000
4 0.553000 0.200000 0.544000 0.201000 0.541000 0.183000 0.550000 0.182000
4 0.532000 0.218000 0.524000 0.219000 0.521000 0.201000 0.528000 0.199000
4 0.537000 0.240000 0.529000 0.242000 0.525000 0.222000 0.533000 0.221000
4 0.542000 0.265000 0.535000 0.266000 0.532000 0.248000 0.539000 0.247000
4 0.470000 0.246000 0.461000 0.247000 0.459000 0.232000 0.468000 0.231000
4 0.482000 0.220000 0.475000 0.222000 0.473000 0.209000 0.480000 0.208000
6 0.467000 0.227000 0.458000 0.229000 0.456000 0.214000 0.465000 0.213000
4 0.453000 0.229000 0.444000 0.230000 0.442000 0.216000 0.451000 0.215000
4 0.439000 0.231000 0.431000 0.232000 0.429000 0.217000 0.437000 0.216000
6 0.427000 0.232000 0.419000 0.233000 0.415000 0.218000 0.423000 0.216000
4 0.521000 0.348000 0.503000 0.350000 0.503000 0.342000 0.520000 0.340000
5 0.461000 0.341000 0.438000 0.346000 0.436000 0.337000 0.459000 0.332000
4 0.344000 0.362000 0.327000 0.366000 0.325000 0.359000 0.343000 0.355000
4 0.289000 0.380000 0.267000 0.384000 0.266000 0.377000 0.287000 0.372000
4 0.067000 0.422000 0.051000 0.425000 0.049000 0.417000 0.065000 0.414000
6 0.754000 0.492000 0.739000 0.495000 0.738000 0.489000 0.752000 0.486000
4 0.732000 0.495000 0.715000 0.498000 0.714000 0.492000 0.731000 0.490000
