9 0.616667 0.376250 0.561667 0.456250 0.327500 0.407500 0.368750 0.327500
4 0.606667 0.248750 0.591667 0.270000 0.433750 0.265000 0.445000 0.243750
6 0.415000 0.358750 0.381667 0.358750 0.286250 0.350000 0.311250 0.350000
6 0.998333 0.897500 0.993333 0.906250 0.722500 0.897500 0.725000 0.888750
4 1.000000 0.882500 0.976667 0.876250 0.736250 0.868750 0.750000 0.872500
4 0.993333 0.910000 0.988333 0.917500 0.715000 0.907500 0.718750 0.900000
6 0.571667 0.175000 0.570000 0.182500 0.403750 0.176250 0.405000 0.168750
6 0.973333 0.925000 0.971667 0.933750 0.705000 0.931250 0.706250 0.922500
6 0.045000 0.831250 0.011667 0.831250 0.008750 0.822500 0.033750 0.822500
6 0.381667 0.358750 0.355000 0.358750 0.266250 0.351250 0.285000 0.350000
