5 0.442000 0.116000 0.418000 0.115000 0.418000 0.108000 0.442000 0.108000
6 0.441000 0.133000 0.419000 0.133000 0.419000 0.127000 0.441000 0.127000
6 0.407000 0.124000 0.391000 0.124000 0.390000 0.118000 0.407000 0.117000
6 0.408000 0.141000 0.391000 0.141000 0.391000 0.136000 0.408000 0.136000
6 0.409000 0.158000 0.392000 0.158000 0.391000 0.152000 0.409000 0.151000
4 0.406000 0.176000 0.393000 0.175000 0.393000 0.170000 0.406000 0.170000
6 0.506000 0.347000 0.488000 0.348000 0.488000 0.340000 0.506000 0.339000
3 0.510000 0.358000 0.483000 0.358000 0.483000 0.351000 0.510000 0.351000
4 0.976000 0.461000 0.956000 0.462000 0.956000 0.455000 0.976000 0.454000
4 0.315000 0.518000 0.304000 0.519000 0.303000 0.501000 0.314000 0.500000
4 0.278000 0.515000 0.265000 0.514000 0.266000 0.494000 0.278000 0.495000
6 0.167000 0.567000 0.148000 0.567000 0.148000 0.561000 0.167000 0.561000
4 0.146000 0.567000 0.126000 0.567000 0.126000 0.559000 0.146000 0.560000
4 0.115000 0.567000 0.096000 0.567000 0.096000 0.560000 0.115000 0.561000
5 0.086000 0.568000 0.062000 0.568000 0.062000 0.561000 0.086000 0.560000
6 0.600000 0.651000 0.591000 0.655000 0.585000 0.640000 0.593000 0.636000
6 0.607000 0.673000 0.599000 0.675000 0.595000 0.661000 0.602000 0.658000
5 0.623000 0.701000 0.616000 0.705000 0.605000 0.687000 0.613000 0.682000
6 0.698000 0.742000 0.672000 0.742000 0.672000 0.735000 0.698000 0.734000
5 0.643000 0.830000 0.636000 0.848000 0.628000 0.845000 0.635000 0.827000
9 0.582000 0.497000 0.519000 0.515000 0.513000 0.492000 0.575000 0.475000
6 0.398000 0.299000 0.388000 0.299000 0.386000 0.279000 0.397000 0.279000
10 0.987000 0.535000 0.985000 0.562000 0.969000 0.561000 0.972000 0.533000
