2 0.605000 0.139000 0.603000 0.074000 0.587000 0.075000 0.589000 0.139000
2 0.613000 0.072000 0.607000 0.133000 0.620000 0.134000 0.626000 0.073000
2 0.620000 0.137000 0.614000 0.204000 0.628000 0.205000 0.634000 0.138000
2 0.607000 0.138000 0.600000 0.200000 0.612000 0.202000 0.619000 0.139000
2 0.531000 0.241000 0.507000 0.178000 0.495000 0.183000 0.519000 0.246000
2 0.540000 0.236000 0.517000 0.174000 0.507000 0.178000 0.530000 0.240000
2 0.552000 0.232000 0.529000 0.172000 0.518000 0.176000 0.541000 0.236000
2 0.562000 0.228000 0.540000 0.171000 0.529000 0.175000 0.551000 0.232000
2 0.570000 0.218000 0.549000 0.164000 0.539000 0.168000 0.560000 0.222000
2 0.579000 0.213000 0.558000 0.158000 0.548000 0.162000 0.569000 0.217000
2 0.591000 0.212000 0.568000 0.152000 0.558000 0.156000 0.581000 0.216000
2 0.602000 0.204000 0.581000 0.151000 0.569000 0.156000 0.589000 0.209000
18 0.649000 0.571000 0.649000 0.637000 0.667000 0.637000 0.667000 0.571000
22 0.059000 0.449000 0.050000 0.568000 0.079000 0.570000 0.088000 0.451000
