4 0.317000 0.579000 0.304000 0.593000 0.298000 0.588000 0.311000 0.574000
6 0.155000 0.496000 0.145000 0.510000 0.138000 0.506000 0.149000 0.491000
4 0.165000 0.502000 0.152000 0.516000 0.146000 0.510000 0.159000 0.497000
6 0.061000 0.479000 0.056000 0.486000 0.037000 0.472000 0.042000 0.465000
6 0.059000 0.859000 0.049000 0.870000 0.044000 0.865000 0.054000 0.855000
4 0.000000 0.887000 -0.004000 0.879000 0.009000 0.868000 0.014000 0.876000
6 0.026000 0.884000 0.012000 0.897000 0.006000 0.890000 0.020000 0.878000
6 0.081000 0.897000 0.070000 0.909000 0.063000 0.903000 0.075000 0.891000
6 0.002000 0.977000 -0.003000 0.971000 0.008000 0.959000 0.014000 0.965000
4 0.024000 0.970000 0.010000 0.983000 0.005000 0.977000 0.019000 0.964000
4 0.554000 0.936000 0.548000 0.941000 0.538000 0.927000 0.545000 0.922000
4 0.437000 0.916000 0.424000 0.929000 0.417000 0.922000 0.430000 0.909000
4 0.429000 0.909000 0.414000 0.921000 0.409000 0.914000 0.423000 0.903000
4 0.417000 0.901000 0.405000 0.914000 0.399000 0.908000 0.411000 0.895000
4 0.483000 0.888000 0.471000 0.901000 0.465000 0.896000 0.477000 0.883000
4 0.473000 0.884000 0.462000 0.895000 0.457000 0.889000 0.468000 0.878000
4 0.465000 0.878000 0.455000 0.889000 0.449000 0.883000 0.459000 0.872000
4 0.578000 0.840000 0.574000 0.844000 0.559000 0.832000 0.563000 0.827000
6 0.588000 0.833000 0.582000 0.840000 0.568000 0.827000 0.573000 0.821000
5 0.545000 0.834000 0.539000 0.840000 0.521000 0.824000 0.527000 0.817000
4 0.538000 0.804000 0.533000 0.810000 0.519000 0.798000 0.524000 0.792000
4 0.742000 0.595000 0.737000 0.601000 0.724000 0.590000 0.729000 0.585000
4 0.525000 0.597000 0.520000 0.603000 0.505000 0.591000 0.509000 0.584000
4 0.416000 0.409000 0.405000 0.418000 0.401000 0.413000 0.412000 0.404000
4 0.558000 0.473000 0.546000 0.485000 0.540000 0.479000 0.552000 0.468000
6 0.763000 0.490000 0.753000 0.501000 0.747000 0.496000 0.756000 0.485000
6 0.776000 0.409000 0.774000 0.415000 0.762000 0.411000 0.764000 0.405000
6 0.561000 0.287000 0.542000 0.291000 0.540000 0.284000 0.559000 0.279000
5 0.564000 0.222000 0.541000 0.225000 0.540000 0.218000 0.563000 0.214000
5 0.347000 0.292000 0.341000 0.299000 0.326000 0.286000 0.332000 0.279000
4 0.363000 0.060000 0.357000 0.065000 0.347000 0.051000 0.353000 0.047000
6 0.351000 0.037000 0.344000 0.042000 0.333000 0.025000 0.341000 0.020000
6 0.289000 0.135000 0.281000 0.139000 0.273000 0.123000 0.281000 0.119000
6 0.254000 0.053000 0.245000 0.055000 0.241000 0.040000 0.249000 0.038000
6 0.248000 0.036000 0.238000 0.038000 0.234000 0.024000 0.244000 0.021000
4 0.066000 0.205000 0.060000 0.211000 0.046000 0.200000 0.051000 0.193000
4 0.054000 0.217000 0.048000 0.223000 0.034000 0.209000 0.041000 0.203000
9 0.730000 0.544000 0.695000 0.581000 0.656000 0.545000 0.691000 0.508000
9 0.213000 0.143000 0.173000 0.186000 0.133000 0.150000 0.173000 0.106000
