29 0.967000 0.397000 0.882000 0.363000 0.853000 0.436000 0.938000 0.470000
29 0.338000 0.027000 0.276000 0.088000 0.338000 0.151000 0.400000 0.087000
13 0.265000 0.071000 0.253000 0.128000 0.303000 0.138000 0.315000 0.081000
19 0.405000 0.136000 0.415000 0.092000 0.365000 0.079000 0.355000 0.123000
20 0.359000 0.189000 0.411000 0.255000 0.471000 0.206000 0.417000 0.142000
34 0.369000 0.246000 0.311000 0.172000 0.242000 0.229000 0.301000 0.302000
13 0.415000 0.247000 0.378000 0.203000 0.338000 0.235000 0.376000 0.279000
26 0.896000 0.187000 0.998000 0.187000 0.998000 0.065000 0.896000 0.065000
9 0.857000 0.663000 0.932000 0.634000 0.903000 0.563000 0.830000 0.594000
15 0.092000 0.100000 0.069000 0.071000 0.052000 0.084000 0.075000 0.112000
15 0.109000 0.086000 0.087000 0.057000 0.070000 0.069000 0.092000 0.098000
