17 0.213750 0.123333 0.187500 0.186667 0.173333 0.143333 0.208333 0.080000
19 0.407500 0.100000 0.336250 0.111667 0.436667 0.028333 0.531667 0.016667
17 0.502500 0.146667 0.473750 0.220000 0.568333 0.185000 0.606667 0.113333
19 0.386250 0.225000 0.360000 0.301667 0.378333 0.255000 0.413333 0.178333
19 0.336250 0.310000 0.313750 0.375000 0.358333 0.345000 0.390000 0.280000
17 0.330000 0.391667 0.320000 0.463333 0.345000 0.448333 0.358333 0.376667
19 0.571250 0.408333 0.540000 0.480000 0.651667 0.438333 0.695000 0.368333
17 0.842500 0.505000 0.836250 0.576667 1.041667 0.566667 1.050000 0.496667
19 0.842500 0.596667 0.837500 0.673333 1.040000 0.666667 1.046667 0.590000
17 0.823750 0.711667 0.797500 0.773333 0.998333 0.736667 1.035000 0.675000
17 0.652500 0.696667 0.633750 0.771667 0.773333 0.748333 0.800000 0.671667
19 0.945000 0.740000 0.906250 0.825000 1.136667 0.780000 1.190000 0.695000
19 0.710000 0.970000 0.699012 1.000000 0.832481 1.000000 0.866300 0.930751
