6 0.960000 0.531667 0.947500 0.556667 1.246667 0.546667 1.261667 0.521667
6 0.927500 0.813333 0.918750 0.833333 1.215000 0.826667 1.226667 0.806667
6 0.916250 0.801667 0.908750 0.828333 1.198333 0.823333 1.208333 0.796667
6 0.902500 0.790000 0.897500 0.816667 1.183333 0.813333 1.191667 0.786667
4 0.880000 0.771667 0.867500 0.796667 1.146667 0.790000 1.163333 0.763333
6 0.802500 0.781667 0.783750 0.798333 1.038333 0.788333 1.065000 0.771667
4 0.815000 0.791667 0.793750 0.806667 1.053333 0.795000 1.081667 0.781667
4 0.828750 0.798333 0.812500 0.813333 1.075000 0.801667 1.096667 0.786667
4 0.847500 0.816667 0.830000 0.831667 1.100000 0.820000 1.123333 0.805000
4 0.880000 0.845000 0.855000 0.863333 1.133333 0.851667 1.166667 0.831667
4 0.847500 0.735000 0.836250 0.763333 1.103333 0.758333 1.116667 0.730000
6 0.815000 0.708333 0.805000 0.735000 1.058333 0.728333 1.073333 0.701667
6 0.800000 0.698333 0.792500 0.725000 1.041667 0.720000 1.055000 0.691667
4 0.731250 0.733333 0.725000 0.758333 0.955000 0.753333 0.961667 0.728333
6 0.715000 0.735000 0.710000 0.756667 0.933333 0.753333 0.940000 0.731667
6 0.687500 0.735000 0.683750 0.768333 0.893333 0.765000 0.901667 0.731667
6 0.673750 0.736667 0.667500 0.763333 0.873333 0.758333 0.881667 0.731667
3 0.557500 0.726667 0.543750 0.736667 0.703333 0.700000 0.721667 0.688333
3 0.542500 0.738333 0.530000 0.748333 0.681667 0.706667 0.698333 0.696667
3 0.525000 0.750000 0.511250 0.758333 0.668333 0.723333 0.686667 0.716667
4 0.617500 0.761667 0.607500 0.771667 0.795000 0.753333 0.808333 0.741667
5 0.530000 0.823333 0.516250 0.835000 0.665000 0.800000 0.685000 0.788333
30 0.553750 0.773333 0.501250 0.793333 0.663333 0.775000 0.733333 0.753333
4 0.551250 0.858333 0.530000 0.870000 0.703333 0.861667 0.731667 0.850000
4 0.622500 0.856667 0.601250 0.866667 0.796667 0.856667 0.826667 0.846667
5 0.620000 0.900000 0.600000 0.901667 0.798333 0.885000 0.825000 0.883333
4 0.560000 0.973333 0.535000 0.973333 0.713333 0.958333 0.746667 0.960000
4 0.560000 0.958333 0.533750 0.956667 0.711667 0.943333 0.746667 0.945000
5 0.555000 0.975000 0.553750 0.986667 0.705000 0.985000 0.706667 0.973333
6 0.418750 0.901667 0.405000 0.901667 0.540000 0.891667 0.558333 0.891667
6 0.428750 0.911667 0.412500 0.911667 0.548333 0.903333 0.571667 0.901667
6 0.311250 0.845000 0.292500 0.846667 0.390000 0.835000 0.415000 0.833333
4 0.355000 0.851667 0.335000 0.851667 0.446667 0.838333 0.473333 0.838333
6 0.338750 0.985000 0.325000 0.993333 0.418333 0.961667 0.436667 0.953333
4 0.357500 0.961667 0.348750 0.971667 0.446667 0.950000 0.456667 0.940000
5 0.386250 0.943333 0.377500 0.953333 0.481667 0.928333 0.490000 0.918333
6 0.398750 0.936667 0.391250 0.946667 0.501667 0.923333 0.513333 0.913333
4 0.220000 0.445000 0.198750 0.466667 0.255000 0.453333 0.285000 0.433333
6 0.161250 0.481667 0.151250 0.490000 0.195000 0.481667 0.208333 0.471667
6 0.152500 0.456667 0.131250 0.473333 0.168333 0.461667 0.196667 0.446667
11 0.198750 0.411667 0.153750 0.410000 0.205000 0.395000 0.265000 0.396667
11 0.133750 0.411667 0.085000 0.415000 0.111667 0.400000 0.178333 0.396667
5 0.130000 0.355000 0.107500 0.355000 0.143333 0.341667 0.173333 0.341667
6 0.133750 0.261667 0.105000 0.261667 0.140000 0.245000 0.178333 0.246667
4 0.130000 0.228333 0.101250 0.233333 0.133333 0.221667 0.170000 0.215000
