5 0.030000 0.943000 0.024000 0.947000 0.013000 0.929000 0.019000 0.925000
4 0.176000 0.857000 0.171000 0.862000 0.158000 0.850000 0.162000 0.844000
4 0.634000 0.160000 0.633000 0.174000 0.624000 0.173000 0.625000 0.159000
6 0.648000 0.177000 0.638000 0.176000 0.639000 0.159000 0.648000 0.159000
6 0.290000 0.399000 0.284000 0.403000 0.273000 0.386000 0.280000 0.382000
4 0.319000 0.486000 0.312000 0.489000 0.305000 0.472000 0.312000 0.469000
6 0.373000 0.612000 0.365000 0.613000 0.363000 0.597000 0.371000 0.596000
6 0.190000 0.613000 0.182000 0.618000 0.172000 0.603000 0.179000 0.598000
4 0.087000 0.564000 0.069000 0.570000 0.067000 0.563000 0.084000 0.557000
4 0.316000 0.777000 0.310000 0.782000 0.300000 0.767000 0.306000 0.763000
6 0.288000 0.778000 0.282000 0.782000 0.269000 0.765000 0.275000 0.760000
4 0.953000 0.722000 0.934000 0.730000 0.931000 0.723000 0.950000 0.715000
4 0.890000 0.751000 0.873000 0.757000 0.870000 0.751000 0.887000 0.744000
9 0.481000 0.937000 0.403000 0.977000 0.357000 0.887000 0.435000 0.847000
6 0.597000 0.719000 0.579000 0.728000 0.575000 0.721000 0.594000 0.712000
6 0.608000 0.728000 0.588000 0.739000 0.584000 0.731000 0.604000 0.720000
6 0.522000 0.381000 0.520000 0.388000 0.502000 0.383000 0.504000 0.376000
6 0.686000 0.405000 0.680000 0.410000 0.669000 0.397000 0.675000 0.392000
