9 0.210000 0.118000 0.203000 0.182000 0.119000 0.173000 0.126000 0.109000
5 0.549000 0.194000 0.529000 0.192000 0.530000 0.185000 0.549000 0.187000
3 0.583000 0.165000 0.533000 0.163000 0.533000 0.154000 0.583000 0.156000
6 0.657000 0.138000 0.650000 0.138000 0.650000 0.124000 0.657000 0.124000
6 0.647000 0.123000 0.646000 0.139000 0.637000 0.139000 0.638000 0.123000
6 0.633000 0.137000 0.626000 0.137000 0.626000 0.122000 0.633000 0.122000
4 0.621000 0.135000 0.613000 0.135000 0.613000 0.122000 0.621000 0.122000
4 0.608000 0.137000 0.601000 0.137000 0.601000 0.122000 0.608000 0.122000
6 0.597000 0.139000 0.587000 0.139000 0.587000 0.119000 0.596000 0.119000
4 0.583000 0.119000 0.582000 0.134000 0.574000 0.133000 0.575000 0.118000
4 0.570000 0.136000 0.563000 0.136000 0.563000 0.120000 0.570000 0.121000
4 0.560000 0.120000 0.559000 0.136000 0.551000 0.136000 0.552000 0.120000
6 0.518000 0.137000 0.509000 0.137000 0.509000 0.117000 0.518000 0.117000
6 0.503000 0.135000 0.494000 0.135000 0.493000 0.116000 0.502000 0.115000
6 0.490000 0.134000 0.480000 0.133000 0.481000 0.113000 0.490000 0.113000
6 0.837000 0.164000 0.836000 0.171000 0.815000 0.170000 0.816000 0.163000
5 0.981000 0.220000 0.956000 0.219000 0.957000 0.211000 0.981000 0.212000
6 0.912000 0.800000 0.904000 0.800000 0.903000 0.782000 0.911000 0.782000
4 0.889000 0.779000 0.888000 0.796000 0.881000 0.795000 0.882000 0.779000
5 0.841000 0.799000 0.831000 0.798000 0.832000 0.779000 0.841000 0.779000
4 0.826000 0.778000 0.825000 0.795000 0.816000 0.795000 0.817000 0.778000
3 0.791000 0.873000 0.790000 0.891000 0.779000 0.890000 0.780000 0.872000
6 0.425000 0.179000 0.424000 0.186000 0.406000 0.185000 0.406000 0.178000
