4 0.933333 0.250000 0.920000 0.250000 0.690000 0.228750 0.700000 0.228750
4 0.921667 0.281250 0.908333 0.283750 0.676250 0.255000 0.686250 0.253750
4 0.726667 0.286250 0.725000 0.295000 0.516250 0.292500 0.516250 0.283750
6 0.720000 0.297500 0.718333 0.307500 0.513750 0.303750 0.515000 0.295000
4 0.723333 0.317500 0.721667 0.325000 0.508750 0.322500 0.508750 0.315000
4 0.708333 0.343750 0.675000 0.342500 0.506250 0.335000 0.531250 0.336250
6 0.706667 0.367500 0.671667 0.367500 0.503750 0.358750 0.530000 0.358750
6 0.703333 0.386250 0.701667 0.395000 0.498750 0.392500 0.500000 0.383750
6 0.816667 0.385000 0.778333 0.385000 0.583750 0.375000 0.612500 0.375000
4 0.815000 0.411250 0.778333 0.412500 0.583750 0.403750 0.611250 0.402500
4 0.838333 0.295000 0.803333 0.295000 0.602500 0.286250 0.628750 0.286250
6 0.685000 0.611250 0.650000 0.648750 0.475000 0.641250 0.500000 0.602500
4 0.708333 0.715000 0.701667 0.723750 0.502500 0.711250 0.506250 0.702500
6 0.571667 0.761250 0.566667 0.771250 0.402500 0.762500 0.406250 0.753750
4 0.561667 0.770000 0.558333 0.780000 0.393750 0.773750 0.396250 0.765000
6 0.540000 0.788750 0.536667 0.798750 0.380000 0.792500 0.383750 0.782500
6 0.520000 0.821250 0.515000 0.831250 0.362500 0.821250 0.367500 0.811250
4 0.541667 0.898750 0.536667 0.908750 0.378750 0.898750 0.382500 0.888750
4 0.541667 0.886250 0.536667 0.896250 0.382500 0.888750 0.386250 0.878750
6 0.615000 0.816250 0.610000 0.826250 0.435000 0.817500 0.438750 0.807500
4 0.631667 0.795000 0.626667 0.805000 0.447500 0.796250 0.451250 0.787500
4 0.981667 0.748750 0.980000 0.766250 0.725000 0.766250 0.726250 0.748750
32 0.068333 0.200000 0.000000 0.200000 0.000000 0.126250 0.051250 0.126250
32 0.635000 0.241250 0.436667 0.242500 0.326250 0.128750 0.476250 0.127500
32 0.381667 0.802500 0.236667 0.961250 0.000000 0.840000 0.108750 0.681250
15 0.823333 0.757500 0.745000 0.851250 0.481250 0.822500 0.540000 0.728750
