4 0.047500 0.015000 0.023750 0.015000 0.031667 0.005000 0.063333 0.006667
4 0.116250 0.016667 0.087500 0.016667 0.116667 0.005000 0.155000 0.006667
4 0.940000 0.016667 0.915000 0.016667 1.220000 0.005000 1.253333 0.005000
4 0.256250 0.061667 0.245000 0.061667 0.326667 0.038333 0.341667 0.038333
4 0.367500 0.068333 0.358750 0.070000 0.473333 0.041667 0.485000 0.040000
4 0.542500 0.041667 0.541250 0.070000 0.706667 0.068333 0.708333 0.041667
4 0.603750 0.071667 0.590000 0.073333 0.785000 0.038333 0.801667 0.036667
5 0.603750 0.123333 0.592500 0.123333 0.788333 0.090000 0.803333 0.090000
4 0.727500 0.116667 0.715000 0.116667 0.953333 0.085000 0.970000 0.085000
4 0.901250 0.070000 0.890000 0.070000 1.185000 0.041667 1.200000 0.040000
5 0.902500 0.105000 0.892500 0.105000 1.188333 0.073333 1.201667 0.073333
4 0.968750 0.363333 0.942500 0.373333 1.253333 0.360000 1.288333 0.351667
4 0.918750 0.413333 0.900000 0.423333 1.195000 0.411667 1.221667 0.401667
4 0.843750 0.345000 0.833750 0.345000 1.111667 0.318333 1.125000 0.318333
6 0.705000 0.298333 0.692500 0.298333 0.923333 0.266667 0.940000 0.266667
4 0.723750 0.325000 0.711250 0.325000 0.948333 0.290000 0.965000 0.290000
4 0.520000 0.428333 0.508750 0.430000 0.676667 0.401667 0.691667 0.400000
4 0.382500 0.430000 0.373750 0.431667 0.496667 0.418333 0.506667 0.416667
6 0.387500 0.500000 0.377500 0.501667 0.503333 0.473333 0.515000 0.473333
4 0.390000 0.531667 0.380000 0.533333 0.505000 0.506667 0.518333 0.506667
4 0.256250 0.561667 0.245000 0.563333 0.325000 0.536667 0.340000 0.536667
6 0.105000 0.806667 0.093750 0.813333 0.113333 0.788333 0.128333 0.781667
4 0.110000 0.823333 0.100000 0.830000 0.126667 0.816667 0.138333 0.810000
4 0.125000 0.923333 0.117500 0.930000 0.145000 0.905000 0.155000 0.900000
4 0.210000 0.726667 0.202500 0.731667 0.256667 0.708333 0.266667 0.703333
4 0.382500 0.818333 0.373750 0.823333 0.485000 0.796667 0.496667 0.790000
4 0.618750 0.591667 0.611250 0.595000 0.806667 0.570000 0.816667 0.566667
4 0.710000 0.696667 0.700000 0.703333 0.921667 0.675000 0.935000 0.670000
4 0.903750 0.638333 0.896250 0.643333 1.181667 0.615000 1.193333 0.610000
4 0.960000 0.520000 0.936250 0.528333 1.245000 0.518333 1.276667 0.508333
6 0.997500 0.793333 0.987500 0.800000 1.303333 0.775000 1.315000 0.766667
4 0.880000 0.750000 0.855000 0.760000 1.138333 0.748333 1.170000 0.740000
4 0.816250 0.876667 0.807500 0.881667 1.061667 0.851667 1.073333 0.845000
4 0.540000 0.983333 0.531250 0.990000 0.693333 0.963333 0.705000 0.956667
4 0.975000 0.271667 0.965000 0.271667 1.285000 0.245000 1.298333 0.243333
