4 0.696000 0.015000 0.675000 0.014000 0.675000 0.006000 0.696000 0.007000
3 0.761000 0.019000 0.697000 0.016000 0.698000 0.004000 0.761000 0.007000
6 0.669000 0.006000 0.668000 0.013000 0.645000 0.012000 0.646000 0.005000
4 0.888000 0.017000 0.866000 0.016000 0.867000 0.009000 0.888000 0.010000
4 0.798000 0.076000 0.797000 0.090000 0.790000 0.090000 0.790000 0.076000
4 0.620000 0.045000 0.617000 0.061000 0.608000 0.059000 0.611000 0.043000
4 0.330000 0.052000 0.322000 0.052000 0.322000 0.039000 0.329000 0.038000
6 0.317000 0.038000 0.316000 0.054000 0.309000 0.054000 0.310000 0.038000
6 0.401000 0.086000 0.377000 0.085000 0.377000 0.078000 0.401000 0.078000
5 0.400000 0.124000 0.380000 0.124000 0.380000 0.117000 0.400000 0.118000
6 0.428000 0.126000 0.408000 0.125000 0.408000 0.119000 0.428000 0.120000
5 0.532000 0.135000 0.511000 0.134000 0.511000 0.127000 0.532000 0.128000
4 0.030000 0.944000 0.029000 0.963000 0.019000 0.962000 0.021000 0.943000
4 0.035000 0.904000 0.034000 0.921000 0.026000 0.920000 0.027000 0.904000
4 0.047000 0.855000 0.042000 0.873000 0.034000 0.871000 0.038000 0.853000
5 0.020000 0.590000 0.000000 0.597000 0.000000 0.589000 0.018000 0.583000
4 0.053000 0.584000 0.034000 0.587000 0.033000 0.581000 0.052000 0.578000
5 0.025000 0.048000 0.000000 0.047000 0.000000 0.039000 0.025000 0.041000
5 0.043000 0.017000 0.042000 0.025000 0.015000 0.020000 0.017000 0.013000
4 0.041000 0.007000 0.023000 0.006000 0.023000 0.000000 0.041000 0.000000
6 0.491000 0.837000 0.486000 0.843000 0.469000 0.827000 0.474000 0.822000
32 0.295000 0.311000 0.151000 0.344000 0.125000 0.230000 0.269000 0.197000
32 0.610000 0.200000 0.607000 0.296000 0.482000 0.292000 0.484000 0.197000
32 0.836000 0.219000 0.828000 0.313000 0.710000 0.303000 0.718000 0.209000
32 0.400000 0.754000 0.393000 0.842000 0.283000 0.833000 0.291000 0.744000
