5 0.883750 0.968333 0.846250 0.973333 1.126667 0.958333 1.176667 0.953333
4 0.946250 0.926667 0.918750 0.933333 1.221667 0.923333 1.260000 0.915000
4 0.810000 0.953333 0.778750 0.958333 1.036667 0.945000 1.078333 0.940000
6 0.546250 0.958333 0.521250 0.956667 0.696667 0.945000 0.728333 0.946667
6 0.285000 0.933333 0.283750 0.945000 0.341667 0.941667 0.343333 0.930000
6 0.136250 0.806667 0.105000 0.803333 0.141667 0.790000 0.181667 0.793333
4 0.191250 0.730000 0.183750 0.756667 0.230000 0.751667 0.241667 0.725000
4 0.171250 0.725000 0.165000 0.753333 0.205000 0.748333 0.211667 0.720000
4 0.151250 0.760000 0.145000 0.790000 0.178333 0.785000 0.186667 0.755000
4 0.115000 0.751667 0.111250 0.778333 0.133333 0.775000 0.138333 0.750000
6 0.070000 0.743333 0.066250 0.776667 0.073333 0.773333 0.078333 0.741667
6 0.053750 0.741667 0.051250 0.770000 0.050000 0.766667 0.055000 0.738333
4 0.422500 0.643333 0.421250 0.655000 0.525000 0.653333 0.526667 0.640000
4 0.182500 0.598333 0.180000 0.628333 0.223333 0.626667 0.226667 0.596667
4 0.202500 0.611667 0.198750 0.635000 0.245000 0.630000 0.250000 0.606667
5 0.303750 0.495000 0.297500 0.528333 0.375000 0.523333 0.383333 0.490000
5 0.283750 0.491667 0.276250 0.526667 0.346667 0.520000 0.355000 0.486667
4 0.212500 0.491667 0.211250 0.503333 0.250000 0.503333 0.250000 0.491667
