9 0.662000 0.594000 0.640000 0.634000 0.542000 0.580000 0.565000 0.540000
6 0.428000 0.631000 0.427000 0.650000 0.418000 0.649000 0.420000 0.630000
16 0.127000 0.443000 0.082000 0.485000 0.071000 0.474000 0.117000 0.432000
4 0.422000 0.191000 0.420000 0.200000 0.412000 0.199000 0.413000 0.190000
32 0.818000 0.320000 0.636000 0.344000 0.617000 0.198000 0.798000 0.174000
8 1.000000 0.864095 0.722871 0.688918 0.750000 0.646000 1.000000 0.804028
6 0.360000 0.293000 0.348000 0.307000 0.342000 0.301000 0.355000 0.288000
4 0.328000 0.314000 0.320000 0.325000 0.315000 0.321000 0.322000 0.310000
6 0.401000 0.354000 0.390000 0.365000 0.385000 0.360000 0.397000 0.350000
4 0.406000 0.365000 0.398000 0.374000 0.394000 0.370000 0.401000 0.361000
4 0.863000 0.732000 0.859000 0.738000 0.844000 0.728000 0.848000 0.722000
4 0.710000 0.637000 0.706000 0.643000 0.689000 0.631000 0.693000 0.626000
4 0.495000 0.501000 0.490000 0.508000 0.475000 0.497000 0.479000 0.490000
5 0.256000 0.480000 0.242000 0.496000 0.235000 0.490000 0.250000 0.474000
4 0.021000 0.284000 0.008000 0.295000 0.004000 0.290000 0.016000 0.279000
6 0.155000 0.199000 0.141000 0.212000 0.136000 0.207000 0.150000 0.194000
5 0.221000 0.240000 0.207000 0.256000 0.201000 0.250000 0.215000 0.234000
5 0.213000 0.233000 0.198000 0.249000 0.193000 0.243000 0.207000 0.228000
5 0.203000 0.227000 0.188000 0.242000 0.182000 0.236000 0.196000 0.221000
6 0.193000 0.222000 0.180000 0.237000 0.173000 0.231000 0.187000 0.216000
5 0.184000 0.215000 0.170000 0.230000 0.164000 0.224000 0.178000 0.209000
5 0.175000 0.209000 0.160000 0.225000 0.154000 0.219000 0.169000 0.203000
6 0.163000 0.205000 0.150000 0.219000 0.144000 0.214000 0.157000 0.200000
6 0.103000 0.166000 0.091000 0.178000 0.086000 0.173000 0.097000 0.161000
6 0.093000 0.160000 0.081000 0.172000 0.076000 0.166000 0.088000 0.155000
32 0.358000 0.130000 0.267000 0.239000 0.153000 0.142000 0.244000 0.034000
4 0.320000 0.308000 0.313000 0.317000 0.307000 0.313000 0.314000 0.304000
4 0.300000 0.297000 0.294000 0.307000 0.288000 0.303000 0.294000 0.293000
4 0.344000 0.247000 0.341000 0.253000 0.332000 0.248000 0.335000 0.242000
4 0.365000 0.237000 0.361000 0.243000 0.351000 0.236000 0.355000 0.230000
