4 0.028750 0.210000 0.015000 0.210000 0.020000 0.185000 0.038333 0.185000
3 0.167500 0.451667 0.152500 0.451667 0.203333 0.413333 0.223333 0.413333
6 0.185000 0.315000 0.156250 0.315000 0.208333 0.305000 0.246667 0.306667
5 0.187500 0.300000 0.157500 0.298333 0.210000 0.288333 0.250000 0.288333
5 0.218750 0.301667 0.190000 0.300000 0.253333 0.288333 0.291667 0.290000
6 0.292500 0.331667 0.260000 0.331667 0.346667 0.318333 0.390000 0.320000
4 0.132500 0.240000 0.121250 0.240000 0.161667 0.215000 0.176667 0.215000
4 0.147500 0.243333 0.135000 0.243333 0.181667 0.213333 0.196667 0.213333
6 0.165000 0.243333 0.153750 0.243333 0.205000 0.218333 0.220000 0.218333
4 0.195000 0.238333 0.183750 0.238333 0.245000 0.213333 0.260000 0.213333
6 0.223750 0.236667 0.211250 0.236667 0.281667 0.211667 0.298333 0.211667
4 0.241250 0.240000 0.230000 0.240000 0.306667 0.213333 0.321667 0.213333
4 0.287500 0.236667 0.276250 0.236667 0.368333 0.210000 0.383333 0.210000
4 0.977500 0.556667 0.951250 0.556667 1.268333 0.545000 1.303333 0.545000
4 0.945000 0.546667 0.943750 0.555000 1.221667 0.555000 1.221667 0.545000
6 0.947500 0.498333 0.920000 0.500000 1.226667 0.490000 1.261667 0.488333
5 0.905000 0.555000 0.877500 0.553333 1.170000 0.543333 1.206667 0.545000
6 0.757500 0.555000 0.727500 0.555000 0.970000 0.545000 1.010000 0.545000
5 0.808750 0.500000 0.775000 0.501667 1.031667 0.488333 1.078333 0.488333
6 0.717500 0.555000 0.692500 0.555000 0.923333 0.545000 0.956667 0.545000
5 0.643750 0.553333 0.606250 0.555000 0.808333 0.543333 0.858333 0.541667
6 0.376250 0.556667 0.346250 0.555000 0.461667 0.545000 0.501667 0.545000
4 0.033750 0.478333 0.022500 0.483333 0.021667 0.455000 0.036667 0.450000
4 0.146250 0.781667 0.145000 0.806667 0.181667 0.806667 0.181667 0.781667
6 0.982500 0.905000 0.955000 0.903333 1.275000 0.893333 1.310000 0.895000
