7 0.518333 0.276250 0.515000 0.288750 0.338750 0.281250 0.340000 0.268750
2 0.295502 0.378812 0.291667 0.396250 0.000000 0.360167 0.000000 0.342255
2 0.148333 0.842500 0.146667 0.855000 0.010000 0.838750 0.012500 0.826250
2 0.165000 0.858750 0.163333 0.870000 0.061250 0.858750 0.062500 0.847500
2 0.281667 0.868750 0.276667 0.882500 0.127500 0.865000 0.130000 0.851250
0 0.253333 0.931250 0.250000 0.946250 0.095000 0.938750 0.096250 0.922500
2 0.803333 0.928750 0.801667 0.942500 0.520000 0.935000 0.521250 0.920000
2 0.811667 0.910000 0.808333 0.922500 0.530000 0.911250 0.532500 0.898750
2 0.703333 0.906250 0.701667 0.920000 0.462500 0.910000 0.465000 0.896250
2 0.798333 0.920000 0.793333 0.930000 0.527500 0.921250 0.530000 0.911250
8 0.963333 0.055000 0.696667 0.486250 0.451250 0.453750 0.651250 0.021250
8 0.364559 1.007097 0.293333 0.986250 0.260330 0.882903 0.313750 0.903750
