12 0.962222 0.644444 0.924444 0.671111 0.895556 0.630000 0.934444 0.603333
12 0.890000 0.711111 0.848889 0.737778 0.821111 0.695556 0.862222 0.668889
12 0.831111 0.750000 0.791111 0.775556 0.764444 0.733333 0.804444 0.707778
12 0.888889 0.846667 0.842222 0.871111 0.820000 0.828889 0.866667 0.804444
12 0.734444 0.812222 0.695556 0.837778 0.667778 0.796667 0.706667 0.771111
12 0.686667 0.841111 0.645556 0.868889 0.615556 0.824444 0.657778 0.796667
13 0.557778 0.798889 0.506667 0.833333 0.480000 0.793333 0.531111 0.760000
36 0.525556 0.751111 0.480000 0.781111 0.453333 0.741111 0.498889 0.711111
13 0.454444 0.638889 0.402222 0.672222 0.375556 0.632222 0.427778 0.597778
17 0.412222 0.592222 0.370000 0.621111 0.343333 0.581111 0.385556 0.552222
17 0.386667 0.541111 0.340000 0.570000 0.315556 0.530000 0.361111 0.501111
9 0.217778 0.090000 0.181111 0.117778 0.156667 0.084444 0.193333 0.056667
9 0.413333 0.371111 0.364444 0.403333 0.340000 0.366667 0.388889 0.334444
