17 0.085714 0.200000 0.010000 0.202857 0.007143 0.141429 0.084286 0.138571
13 0.115714 0.261429 0.035714 0.285714 0.014286 0.217143 0.094286 0.192857
17 0.310000 0.295714 0.238571 0.305714 0.230000 0.238571 0.301429 0.230000
17 0.114286 0.297143 0.108571 0.361429 0.030000 0.355714 0.035714 0.291429
17 0.115714 0.381429 0.110000 0.447143 0.031429 0.441429 0.037143 0.375714
13 0.257143 0.564286 0.231429 0.640000 0.164286 0.617143 0.191429 0.541429
33 0.351429 0.424286 0.287143 0.508571 0.201429 0.442857 0.265714 0.358571
19 0.518571 0.474286 0.467143 0.478571 0.464286 0.440000 0.515714 0.435714
27 0.522857 0.540000 0.461429 0.548571 0.455714 0.505714 0.517143 0.498571
19 0.534286 0.581429 0.484286 0.610000 0.460000 0.570000 0.511429 0.540000
