4 0.878333 0.750000 0.865000 0.750000 0.647500 0.731250 0.658750 0.731250
6 0.620000 0.907500 0.616667 0.921250 0.432500 0.916250 0.433750 0.903750
4 0.745000 0.913750 0.728333 0.913750 0.545000 0.893750 0.557500 0.892500
6 0.071667 0.662500 0.070000 0.672500 0.028750 0.671250 0.030000 0.661250
6 0.526667 0.498750 0.506667 0.498750 0.380000 0.480000 0.395000 0.480000
4 0.273333 0.278750 0.253333 0.278750 0.190000 0.253750 0.205000 0.253750
4 0.403333 0.088750 0.388333 0.088750 0.291250 0.068750 0.302500 0.068750
6 0.961667 0.237500 0.948333 0.247500 0.692500 0.227500 0.702500 0.217500
6 0.548333 0.261250 0.530000 0.261250 0.397500 0.237500 0.411250 0.237500
6 0.270000 0.818750 0.266667 0.827500 0.175000 0.816250 0.178750 0.808750
4 0.905000 0.563750 0.903333 0.585000 0.661250 0.583750 0.662500 0.563750
6 0.545000 0.913750 0.541667 0.935000 0.391250 0.932500 0.393750 0.911250
