12 0.170556 0.878502 0.178889 0.869073 0.164871 0.861530 0.156250 0.871228
17 0.249722 0.770744 0.250278 0.782866 0.254580 0.782328 0.254041 0.770205
35 0.280000 0.754041 0.298889 0.751616 0.287985 0.735453 0.269397 0.737608
12 0.281389 0.738955 0.290556 0.729256 0.273438 0.720905 0.264009 0.730873
17 0.269722 0.729795 0.277778 0.720636 0.260506 0.713093 0.252694 0.722522
13 0.278056 0.672144 0.275556 0.686692 0.278825 0.688847 0.281250 0.674030
13 0.295833 0.677802 0.296111 0.692349 0.299300 0.691810 0.299030 0.677532
17 0.320556 0.661638 0.331667 0.667026 0.327317 0.656250 0.316002 0.651131
12 0.344444 0.689925 0.353889 0.680226 0.334321 0.671606 0.324892 0.681843
12 0.413611 0.593750 0.423333 0.602371 0.418642 0.593750 0.408405 0.585129
12 0.481111 0.566272 0.473611 0.576778 0.468481 0.583513 0.475754 0.572468
19 0.564167 0.435075 0.570278 0.428341 0.544989 0.421067 0.539332 0.427802
19 0.581667 0.380657 0.575000 0.388200 0.565194 0.394666 0.571390 0.387392
19 0.601944 0.399246 0.596667 0.405711 0.587284 0.411907 0.591864 0.405711
17 0.611389 0.363416 0.620278 0.353718 0.594289 0.346983 0.585399 0.356681
19 0.620556 0.370420 0.624444 0.366649 0.601562 0.362338 0.597252 0.366110
13 0.664167 0.325162 0.676111 0.334860 0.663793 0.325700 0.652209 0.315733
17 0.961111 0.153556 0.958611 0.140625 0.917295 0.143050 0.919989 0.155981
19 0.716389 0.463901 0.722500 0.456627 0.692619 0.449892 0.686961 0.456627
9 0.369167 0.325700 0.379444 0.334860 0.376078 0.325700 0.366110 0.316541
9 0.457222 0.397899 0.463889 0.389817 0.446929 0.387123 0.440194 0.395205
9 0.491389 0.427263 0.498056 0.419450 0.480334 0.417295 0.473869 0.425108
9 0.385833 0.468481 0.390000 0.471983 0.380927 0.469289 0.376616 0.465517
9 0.400556 0.352371 0.403889 0.355334 0.400054 0.346175 0.396821 0.343211
15 0.409722 0.377963 0.403333 0.372575 0.393858 0.369343 0.400054 0.374731
9 0.573611 0.271013 0.568889 0.266972 0.555765 0.262931 0.560075 0.266703
9 0.421111 0.498922 0.424444 0.501616 0.414062 0.498653 0.410830 0.495959
