18 0.306667 0.546250 0.180000 0.587500 0.128750 0.571250 0.222500 0.530000
18 0.400000 0.528750 0.311667 0.556250 0.225000 0.536250 0.292500 0.508750
18 0.483333 0.503750 0.413333 0.523750 0.302500 0.505000 0.355000 0.485000
23 0.801667 0.447500 0.540000 0.488750 0.397500 0.455000 0.593750 0.412500
2 0.960000 0.801250 0.850000 0.823750 0.633750 0.810000 0.716250 0.787500
2 0.966667 0.815000 0.866667 0.835000 0.646250 0.821250 0.721250 0.801250
0 0.978333 0.835000 0.831667 0.865000 0.618750 0.843750 0.728750 0.813750
2 0.993333 0.863750 0.843333 0.895000 0.623750 0.866250 0.736250 0.835000
2 0.561667 0.907500 0.551667 0.921250 0.341250 0.886250 0.348750 0.871250
2 0.546667 0.920000 0.536667 0.935000 0.330000 0.898750 0.337500 0.883750
2 0.546667 0.938750 0.538333 0.952500 0.327500 0.913750 0.333750 0.900000
2 0.528333 0.948750 0.520000 0.961250 0.321250 0.927500 0.327500 0.915000
2 0.531667 0.965000 0.521667 0.980000 0.313750 0.941250 0.321250 0.926250
2 0.515000 0.977500 0.508333 0.990000 0.296250 0.953750 0.301250 0.941250
2 0.496667 0.986250 0.490000 0.997500 0.291250 0.966250 0.295000 0.953750
2 0.481667 1.012500 0.379275 0.981027 0.290000 0.967500 0.366794 0.998973
