2 0.328000 0.889000 0.265000 0.918000 0.271000 0.931000 0.334000 0.901000
2 0.400000 0.816000 0.322000 0.845000 0.330000 0.866000 0.408000 0.837000
2 0.580000 0.755000 0.481000 0.814000 0.490000 0.830000 0.589000 0.771000
18 0.490000 0.777000 0.549000 0.739000 0.540000 0.725000 0.481000 0.764000
2 0.515000 0.793000 0.572000 0.760000 0.564000 0.747000 0.507000 0.780000
2 0.553000 0.737000 0.496000 0.772000 0.503000 0.783000 0.560000 0.748000
2 0.569000 0.722000 0.629000 0.681000 0.622000 0.670000 0.561000 0.711000
2 0.539000 0.487000 0.569000 0.543000 0.580000 0.537000 0.550000 0.481000
2 0.507000 0.505000 0.536000 0.560000 0.545000 0.555000 0.516000 0.500000
2 0.518000 0.499000 0.548000 0.555000 0.558000 0.549000 0.528000 0.493000
2 0.530000 0.496000 0.560000 0.550000 0.570000 0.545000 0.540000 0.490000
2 0.568000 0.470000 0.599000 0.527000 0.609000 0.521000 0.578000 0.464000
2 0.578000 0.461000 0.610000 0.521000 0.622000 0.514000 0.590000 0.455000
2 0.590000 0.455000 0.623000 0.515000 0.633000 0.510000 0.600000 0.450000
2 0.600000 0.450000 0.632000 0.509000 0.643000 0.503000 0.611000 0.444000
2 0.610000 0.444000 0.643000 0.503000 0.655000 0.496000 0.622000 0.437000
18 0.759000 0.585000 0.771000 0.623000 0.779000 0.620000 0.767000 0.582000
18 0.774000 0.644000 0.827000 0.637000 0.826000 0.629000 0.773000 0.636000
18 0.774000 0.655000 0.829000 0.647000 0.828000 0.638000 0.773000 0.645000
18 0.860000 0.563000 0.860000 0.611000 0.872000 0.611000 0.872000 0.563000
18 0.811000 0.549000 0.820000 0.589000 0.830000 0.587000 0.821000 0.547000
18 0.824000 0.559000 0.829000 0.583000 0.836000 0.582000 0.831000 0.558000
18 0.791000 0.529000 0.793000 0.540000 0.797000 0.539000 0.796000 0.528000
7 0.794000 0.541000 0.795000 0.550000 0.799000 0.550000 0.798000 0.540000
2 0.817000 0.470000 0.834000 0.539000 0.846000 0.536000 0.829000 0.467000
2 0.840000 0.465000 0.857000 0.526000 0.869000 0.523000 0.852000 0.462000
2 0.853000 0.461000 0.868000 0.520000 0.881000 0.516000 0.865000 0.458000
18 0.793000 0.550000 0.791000 0.533000 0.786000 0.533000 0.789000 0.551000
18 0.965000 0.609000 0.919000 0.626000 0.922000 0.635000 0.968000 0.618000
28 0.997000 0.574000 0.956000 0.593000 0.959000 0.600000 1.001000 0.582000
28 1.002000 0.582000 0.958000 0.601000 0.961000 0.609000 1.005000 0.590000
28 0.974000 0.497000 0.996000 0.531000 1.003000 0.526000 0.981000 0.493000
18 0.613000 0.937000 0.535000 0.999000 0.553000 1.022000 0.631000 0.960000
