4 0.151667 0.096250 0.110000 0.096250 0.082500 0.087500 0.113750 0.087500
4 0.265000 0.141250 0.238333 0.155000 0.171250 0.146250 0.191250 0.131250
4 0.226667 0.136250 0.198333 0.150000 0.142500 0.140000 0.163750 0.126250
5 0.210000 0.170000 0.168333 0.188750 0.120000 0.178750 0.151250 0.160000
5 0.183333 0.156250 0.145000 0.172500 0.102500 0.162500 0.131250 0.145000
6 0.156667 0.198750 0.128333 0.212500 0.091250 0.203750 0.111250 0.190000
6 0.133333 0.177500 0.110000 0.191250 0.076250 0.183750 0.093750 0.170000
3 0.748333 0.072500 0.698333 0.072500 0.523750 0.060000 0.561250 0.060000
6 0.478333 0.148750 0.468333 0.157500 0.332500 0.142500 0.338750 0.133750
4 0.438333 0.145000 0.431667 0.151250 0.305000 0.136250 0.311250 0.128750
6 0.418333 0.147500 0.410000 0.156250 0.287500 0.141250 0.293750 0.132500
5 0.696667 0.097500 0.650000 0.097500 0.487500 0.085000 0.522500 0.085000
4 0.960000 0.098750 0.920000 0.098750 0.690000 0.087500 0.720000 0.087500
9 0.468333 0.107500 0.178333 0.111250 0.132500 0.041250 0.351250 0.037500
6 0.428333 0.185000 0.405000 0.200000 0.296250 0.192500 0.315000 0.177500
4 0.401667 0.182500 0.375000 0.198750 0.275000 0.191250 0.295000 0.175000
6 0.323333 0.225000 0.321667 0.247500 0.230000 0.246250 0.231250 0.225000
6 0.298333 0.246250 0.283333 0.246250 0.212500 0.227500 0.223750 0.227500
4 0.256667 0.232500 0.235000 0.246250 0.168750 0.237500 0.185000 0.223750
4 0.386667 0.245000 0.371667 0.245000 0.277500 0.228750 0.290000 0.227500
4 0.516667 0.241250 0.501667 0.242500 0.375000 0.225000 0.387500 0.225000
4 0.560000 0.245000 0.543333 0.245000 0.407500 0.223750 0.420000 0.222500
6 0.585000 0.247500 0.565000 0.247500 0.423750 0.223750 0.438750 0.222500
3 0.773333 0.297500 0.735000 0.322500 0.541250 0.312500 0.570000 0.286250
6 0.798333 0.301250 0.771667 0.317500 0.568750 0.307500 0.590000 0.290000
6 0.858333 0.300000 0.831667 0.317500 0.617500 0.310000 0.636250 0.292500
6 0.883333 0.301250 0.853333 0.321250 0.632500 0.312500 0.655000 0.292500
16 0.966667 0.317500 0.961667 0.355000 0.703750 0.352500 0.708750 0.315000
5 0.821667 0.382500 0.820000 0.396250 0.603750 0.396250 0.605000 0.382500
6 0.770000 0.407500 0.745000 0.407500 0.558750 0.386250 0.577500 0.387500
4 0.158333 0.468750 0.138333 0.467500 0.103750 0.445000 0.118750 0.445000
4 0.988333 0.547500 0.971667 0.547500 0.728750 0.525000 0.741250 0.525000
6 0.968333 0.551250 0.950000 0.551250 0.712500 0.521250 0.726250 0.522500
5 0.620000 0.970000 0.618333 0.998750 0.446250 0.997500 0.448750 0.968750
6 0.741667 0.785000 0.726667 0.786250 0.543750 0.765000 0.555000 0.765000
5 0.843333 0.762500 0.841667 0.786250 0.616250 0.786250 0.617500 0.762500
6 0.896667 0.851250 0.880000 0.852500 0.656250 0.828750 0.670000 0.827500
6 0.873333 0.852500 0.853333 0.853750 0.638750 0.828750 0.653750 0.827500
4 0.850000 0.855000 0.831667 0.855000 0.622500 0.831250 0.636250 0.830000
3 0.781667 0.827500 0.780000 0.860000 0.567500 0.860000 0.568750 0.827500
4 0.178333 0.976250 0.151667 0.993750 0.106250 0.983750 0.125000 0.967500
4 0.101667 0.893750 0.100000 0.915000 0.062500 0.915000 0.063750 0.893750
4 0.168333 0.851250 0.128333 0.851250 0.096250 0.841250 0.126250 0.841250
4 0.208333 0.851250 0.173333 0.852500 0.130000 0.843750 0.156250 0.843750
5 0.643333 0.950000 0.586667 0.948750 0.440000 0.936250 0.482500 0.936250
3 0.638333 0.931250 0.588333 0.933750 0.441250 0.923750 0.477500 0.921250
4 0.650000 0.916250 0.613333 0.917500 0.460000 0.903750 0.487500 0.902500
6 0.210000 0.761250 0.180000 0.761250 0.136250 0.751250 0.157500 0.752500
4 0.400000 0.628750 0.381667 0.628750 0.286250 0.603750 0.300000 0.603750
6 0.420000 0.607500 0.418333 0.628750 0.302500 0.628750 0.303750 0.607500
