6 0.173333 0.357500 0.158333 0.361250 0.113750 0.341250 0.125000 0.338750
6 0.160000 0.366250 0.141667 0.371250 0.097500 0.347500 0.111250 0.342500
4 0.168333 0.311250 0.165000 0.322500 0.098750 0.316250 0.101250 0.305000
6 0.173333 0.300000 0.168333 0.310000 0.097500 0.300000 0.101250 0.288750
4 0.098333 0.205000 0.096667 0.217500 0.041250 0.217500 0.042500 0.203750
4 0.145000 0.217500 0.103333 0.215000 0.078750 0.202500 0.108750 0.203750
5 0.196667 0.427500 0.178333 0.427500 0.131250 0.401250 0.145000 0.400000
4 0.346667 0.386250 0.338333 0.407500 0.238750 0.402500 0.246250 0.381250
4 0.391667 0.373750 0.381667 0.393750 0.273750 0.388750 0.281250 0.368750
6 1.000000 0.887500 0.986667 0.891250 0.732500 0.872500 0.742500 0.867500
4 0.923333 0.155000 0.885000 0.153750 0.663750 0.143750 0.692500 0.145000
4 0.921667 0.142500 0.890000 0.141250 0.667500 0.132500 0.691250 0.133750
4 0.918333 0.128750 0.885000 0.128750 0.663750 0.118750 0.688750 0.118750
4 0.918333 0.117500 0.883333 0.116250 0.662500 0.108750 0.688750 0.108750
4 0.923333 0.107500 0.886667 0.107500 0.665000 0.100000 0.692500 0.098750
4 0.925000 0.096250 0.888333 0.097500 0.666250 0.088750 0.692500 0.087500
4 0.923333 0.086250 0.885000 0.087500 0.663750 0.078750 0.692500 0.077500
4 0.921667 0.076250 0.886667 0.076250 0.665000 0.067500 0.691250 0.066250
6 0.925000 0.056250 0.886667 0.057500 0.665000 0.046250 0.692500 0.045000
4 0.921667 0.041250 0.883333 0.040000 0.663750 0.032500 0.691250 0.033750
6 0.923333 0.031250 0.891667 0.031250 0.668750 0.022500 0.692500 0.022500
4 0.913333 0.020000 0.890000 0.021250 0.666250 0.013750 0.685000 0.012500
6 0.928333 0.001250 0.926667 0.011250 0.667500 0.011250 0.667500 0.000000
6 0.790000 0.015000 0.786667 0.026250 0.568750 0.020000 0.572500 0.008750
4 0.790000 0.042500 0.755000 0.042500 0.566250 0.032500 0.592500 0.033750
4 0.828333 0.086250 0.791667 0.086250 0.593750 0.076250 0.621250 0.076250
4 0.830000 0.066250 0.828333 0.076250 0.593750 0.075000 0.593750 0.066250
4 0.830000 0.065000 0.796667 0.066250 0.597500 0.056250 0.622500 0.055000
6 0.838333 0.055000 0.801667 0.055000 0.601250 0.043750 0.628750 0.045000
6 0.836667 0.033750 0.835000 0.043750 0.600000 0.042500 0.601250 0.032500
6 0.830000 0.022500 0.828333 0.032500 0.596250 0.030000 0.596250 0.021250
4 0.830000 0.010000 0.828333 0.020000 0.593750 0.020000 0.593750 0.010000
