6 0.398750 0.095000 0.371250 0.106667 0.490000 0.090000 0.526667 0.078333
4 0.221250 0.285000 0.210000 0.293333 0.266667 0.266667 0.281667 0.258333
4 0.767500 0.078333 0.756250 0.086667 0.993333 0.055000 1.008333 0.048333
6 0.788750 0.128333 0.780000 0.135000 1.026667 0.115000 1.040000 0.106667
5 0.813750 0.321667 0.800000 0.328333 1.055000 0.290000 1.071667 0.285000
5 0.860000 0.455000 0.851250 0.460000 1.121667 0.425000 1.135000 0.420000
4 0.766250 0.560000 0.737500 0.575000 0.978333 0.561667 1.016667 0.546667
4 0.987500 0.725000 0.976250 0.731667 1.290000 0.703333 1.303333 0.696667
6 0.947500 0.613333 0.936250 0.620000 1.236667 0.591667 1.251667 0.585000
4 0.958750 0.643333 0.947500 0.650000 1.250000 0.620000 1.265000 0.613333
