5 0.965000 0.937000 0.950000 0.938000 0.950000 0.933000 0.965000 0.932000
6 0.855000 0.438000 0.848000 0.443000 0.836000 0.428000 0.843000 0.422000
5 0.564000 0.645000 0.543000 0.644000 0.543000 0.636000 0.564000 0.636000
6 0.643000 0.257000 0.632000 0.258000 0.632000 0.240000 0.643000 0.240000
6 0.328000 0.547000 0.326000 0.564000 0.316000 0.563000 0.317000 0.546000
6 0.555000 0.745000 0.536000 0.745000 0.536000 0.737000 0.555000 0.736000
6 0.551000 0.755000 0.534000 0.755000 0.535000 0.749000 0.551000 0.750000
6 0.461000 0.185000 0.451000 0.186000 0.450000 0.174000 0.459000 0.173000
4 0.231000 0.739000 0.221000 0.739000 0.221000 0.720000 0.231000 0.721000
6 0.101000 0.483000 0.094000 0.486000 0.090000 0.473000 0.097000 0.471000
30 0.086000 0.566000 0.046000 0.578000 0.043000 0.569000 0.083000 0.557000
6 0.026000 0.240000 0.004000 0.239000 0.004000 0.232000 0.026000 0.233000
6 0.541000 0.230000 0.532000 0.230000 0.533000 0.212000 0.541000 0.212000
6 0.589000 0.099000 0.578000 0.099000 0.578000 0.080000 0.589000 0.080000
3 0.620000 0.313000 0.598000 0.336000 0.587000 0.326000 0.608000 0.302000
6 0.584000 0.375000 0.575000 0.375000 0.574000 0.359000 0.584000 0.358000
6 0.620000 0.371000 0.608000 0.371000 0.607000 0.354000 0.619000 0.354000
4 0.190000 0.852000 0.179000 0.853000 0.179000 0.831000 0.190000 0.831000
9 0.195000 0.572000 0.129000 0.592000 0.114000 0.543000 0.180000 0.523000
5 0.707000 0.983000 0.704000 0.989000 0.691000 0.981000 0.694000 0.976000
6 0.775000 0.982000 0.756000 0.981000 0.757000 0.973000 0.775000 0.974000
4 0.859000 0.828000 0.858000 0.835000 0.840000 0.834000 0.840000 0.827000
6 0.857000 0.824000 0.841000 0.824000 0.841000 0.816000 0.857000 0.816000
5 0.970000 0.894000 0.945000 0.894000 0.946000 0.887000 0.970000 0.887000
5 0.972000 0.878000 0.971000 0.886000 0.942000 0.886000 0.942000 0.878000
6 0.971000 0.861000 0.948000 0.861000 0.948000 0.853000 0.971000 0.852000
6 0.968000 0.850000 0.945000 0.851000 0.945000 0.843000 0.968000 0.842000
6 0.632000 0.921000 0.622000 0.921000 0.623000 0.905000 0.632000 0.906000
4 0.634000 0.885000 0.633000 0.901000 0.623000 0.901000 0.624000 0.884000
6 0.861000 0.724000 0.841000 0.735000 0.837000 0.726000 0.857000 0.716000
6 0.861000 0.701000 0.841000 0.712000 0.837000 0.705000 0.857000 0.694000
6 0.862000 0.669000 0.845000 0.679000 0.841000 0.672000 0.858000 0.662000
4 0.863000 0.597000 0.845000 0.605000 0.841000 0.597000 0.859000 0.589000
4 0.799000 0.481000 0.781000 0.491000 0.777000 0.485000 0.795000 0.474000
4 0.775000 0.490000 0.774000 0.508000 0.764000 0.507000 0.765000 0.490000
4 0.188000 0.829000 0.182000 0.830000 0.181000 0.813000 0.188000 0.813000
4 0.187000 0.911000 0.178000 0.911000 0.178000 0.897000 0.187000 0.897000
5 0.193000 0.743000 0.181000 0.742000 0.181000 0.720000 0.193000 0.720000
3 0.581000 0.611000 0.572000 0.611000 0.571000 0.587000 0.581000 0.587000
6 0.520000 0.538000 0.499000 0.538000 0.499000 0.531000 0.520000 0.531000
6 0.461000 0.536000 0.445000 0.536000 0.445000 0.531000 0.461000 0.531000
6 0.400000 0.506000 0.381000 0.505000 0.381000 0.499000 0.400000 0.499000
5 0.441000 0.331000 0.430000 0.332000 0.430000 0.324000 0.441000 0.324000
6 0.396000 0.327000 0.376000 0.327000 0.376000 0.321000 0.396000 0.321000
6 0.441000 0.278000 0.419000 0.278000 0.419000 0.271000 0.441000 0.271000
6 0.442000 0.269000 0.423000 0.270000 0.423000 0.264000 0.442000 0.264000
6 0.442000 0.262000 0.422000 0.262000 0.422000 0.255000 0.442000 0.255000
4 0.531000 0.226000 0.523000 0.226000 0.523000 0.212000 0.531000 0.212000
6 0.588000 0.117000 0.580000 0.117000 0.580000 0.102000 0.588000 0.102000
5 0.588000 0.075000 0.580000 0.075000 0.580000 0.060000 0.588000 0.060000
6 0.589000 0.049000 0.581000 0.049000 0.581000 0.033000 0.589000 0.033000
6 0.620000 0.423000 0.610000 0.423000 0.610000 0.405000 0.620000 0.405000
5 0.584000 0.337000 0.575000 0.336000 0.576000 0.324000 0.584000 0.324000
4 0.586000 0.262000 0.576000 0.262000 0.576000 0.246000 0.586000 0.246000
4 0.586000 0.243000 0.576000 0.243000 0.575000 0.226000 0.585000 0.225000
4 0.641000 0.280000 0.632000 0.280000 0.632000 0.263000 0.641000 0.263000
6 0.641000 0.221000 0.633000 0.221000 0.633000 0.203000 0.641000 0.203000
4 0.641000 0.198000 0.633000 0.198000 0.633000 0.181000 0.641000 0.181000
6 0.641000 0.131000 0.631000 0.131000 0.632000 0.115000 0.641000 0.115000
6 0.641000 0.087000 0.641000 0.105000 0.631000 0.104000 0.633000 0.087000
6 0.644000 0.082000 0.633000 0.082000 0.633000 0.065000 0.644000 0.065000
6 0.644000 0.060000 0.634000 0.060000 0.634000 0.043000 0.644000 0.043000
6 0.643000 0.036000 0.634000 0.036000 0.634000 0.020000 0.643000 0.020000
4 0.645000 0.016000 0.635000 0.016000 0.634000 0.000000 0.645000 -0.001000
4 0.168000 0.240000 0.161000 0.247000 0.146000 0.234000 0.151000 0.227000
6 0.061000 0.383000 0.039000 0.384000 0.039000 0.377000 0.061000 0.376000
6 0.061000 0.374000 0.040000 0.373000 0.041000 0.368000 0.061000 0.368000
6 0.119000 0.252000 0.111000 0.252000 0.111000 0.243000 0.118000 0.243000
4 0.079000 0.219000 0.071000 0.219000 0.071000 0.202000 0.079000 0.202000
5 0.081000 0.134000 0.071000 0.135000 0.070000 0.113000 0.081000 0.113000
6 0.369000 0.256000 0.360000 0.256000 0.360000 0.240000 0.368000 0.240000
6 0.346000 0.254000 0.336000 0.254000 0.337000 0.237000 0.346000 0.238000
6 0.526000 0.188000 0.515000 0.188000 0.515000 0.170000 0.526000 0.170000
6 0.506000 0.186000 0.497000 0.186000 0.497000 0.171000 0.506000 0.171000
6 0.471000 0.185000 0.461000 0.185000 0.461000 0.174000 0.471000 0.174000
6 0.468000 0.140000 0.446000 0.140000 0.446000 0.134000 0.468000 0.134000
6 0.466000 0.131000 0.448000 0.130000 0.448000 0.123000 0.466000 0.124000
4 0.414000 0.036000 0.395000 0.036000 0.395000 0.030000 0.414000 0.030000
6 0.409000 0.109000 0.390000 0.109000 0.390000 0.103000 0.409000 0.103000
6 0.412000 0.097000 0.390000 0.097000 0.390000 0.090000 0.412000 0.090000
4 0.414000 0.019000 0.399000 0.019000 0.400000 0.014000 0.414000 0.014000
