25 0.828000 0.987000 0.803000 0.997000 0.799000 0.987000 0.825000 0.977000
6 0.520000 1.006000 0.517000 0.997000 0.538000 0.987000 0.542000 0.997000
25 0.544000 0.953000 0.494000 0.977000 0.484000 0.956000 0.535000 0.933000
25 0.609000 0.919000 0.599000 0.925000 0.586000 0.906000 0.596000 0.899000
5 0.507000 0.946000 0.485000 0.956000 0.481000 0.947000 0.503000 0.937000
5 0.689000 0.889000 0.680000 0.895000 0.667000 0.875000 0.676000 0.869000
5 0.302000 0.882000 0.270000 0.889000 0.268000 0.876000 0.299000 0.869000
5 0.340000 0.863000 0.339000 0.875000 0.302000 0.873000 0.303000 0.860000
5 0.321000 0.859000 0.287000 0.858000 0.288000 0.846000 0.321000 0.847000
25 0.415000 0.932000 0.402000 0.938000 0.391000 0.914000 0.404000 0.908000
3 0.497000 0.892000 0.486000 0.898000 0.475000 0.875000 0.485000 0.870000
3 0.510000 0.886000 0.499000 0.893000 0.471000 0.851000 0.481000 0.844000
5 0.523000 0.819000 0.515000 0.824000 0.500000 0.801000 0.508000 0.796000
5 0.590000 0.786000 0.580000 0.793000 0.564000 0.772000 0.573000 0.765000
5 0.573000 0.745000 0.563000 0.751000 0.548000 0.728000 0.558000 0.722000
5 0.597000 0.772000 0.590000 0.780000 0.569000 0.760000 0.576000 0.752000
25 0.333000 0.717000 0.323000 0.717000 0.323000 0.700000 0.333000 0.700000
6 0.365000 0.694000 0.349000 0.693000 0.349000 0.687000 0.365000 0.688000
4 0.825000 0.679000 0.815000 0.695000 0.807000 0.690000 0.817000 0.674000
6 0.990000 0.571000 0.987000 0.578000 0.968000 0.570000 0.971000 0.563000
6 0.977000 0.542000 0.973000 0.550000 0.954000 0.543000 0.958000 0.535000
4 0.887000 0.404000 0.879000 0.407000 0.873000 0.393000 0.881000 0.390000
4 0.783000 0.343000 0.775000 0.346000 0.769000 0.330000 0.776000 0.327000
3 0.706000 0.353000 0.694000 0.359000 0.682000 0.333000 0.694000 0.328000
6 0.681000 0.309000 0.661000 0.313000 0.660000 0.305000 0.679000 0.301000
4 0.668000 0.293000 0.649000 0.299000 0.647000 0.291000 0.666000 0.285000
4 0.645000 0.300000 0.627000 0.305000 0.624000 0.297000 0.643000 0.292000
9 0.817000 0.277000 0.743000 0.300000 0.730000 0.255000 0.803000 0.233000
4 0.955000 0.270000 0.948000 0.273000 0.941000 0.257000 0.948000 0.254000
6 0.997000 0.218000 0.979000 0.223000 0.976000 0.214000 0.994000 0.208000
6 0.442000 0.403000 0.430000 0.418000 0.423000 0.412000 0.435000 0.397000
4 0.388000 0.434000 0.381000 0.437000 0.374000 0.422000 0.382000 0.419000
6 0.485000 0.405000 0.477000 0.408000 0.470000 0.391000 0.478000 0.388000
3 0.730000 0.216000 0.718000 0.220000 0.708000 0.190000 0.719000 0.186000
6 0.688000 0.185000 0.679000 0.189000 0.672000 0.172000 0.681000 0.169000
5 0.692000 0.131000 0.682000 0.136000 0.673000 0.116000 0.683000 0.112000
5 0.744000 0.097000 0.737000 0.099000 0.732000 0.085000 0.739000 0.082000
6 0.654000 0.043000 0.645000 0.048000 0.636000 0.031000 0.645000 0.026000
4 0.110000 0.451000 0.102000 0.453000 0.097000 0.435000 0.105000 0.433000
4 0.060000 0.469000 0.052000 0.473000 0.044000 0.454000 0.053000 0.451000
4 0.050000 0.469000 0.042000 0.473000 0.035000 0.458000 0.043000 0.454000
4 0.033000 0.462000 0.025000 0.466000 0.020000 0.454000 0.028000 0.451000
6 0.029000 0.478000 0.021000 0.481000 0.015000 0.465000 0.023000 0.462000
4 0.020000 0.429000 0.009000 0.433000 0.003000 0.414000 0.014000 0.410000
4 0.031000 0.422000 0.022000 0.426000 0.016000 0.411000 0.025000 0.407000
5 0.098000 0.407000 0.088000 0.410000 0.081000 0.389000 0.091000 0.386000
6 0.041000 0.376000 0.036000 0.381000 0.022000 0.366000 0.028000 0.361000
6 0.201000 0.385000 0.200000 0.394000 0.180000 0.392000 0.181000 0.383000
4 0.205000 0.378000 0.203000 0.385000 0.185000 0.382000 0.186000 0.375000
4 0.204000 0.368000 0.203000 0.376000 0.183000 0.372000 0.184000 0.364000
6 0.211000 0.350000 0.209000 0.359000 0.189000 0.355000 0.190000 0.346000
4 0.215000 0.332000 0.214000 0.341000 0.194000 0.337000 0.196000 0.328000
4 0.154000 0.338000 0.153000 0.346000 0.132000 0.342000 0.134000 0.334000
4 0.151000 0.347000 0.150000 0.355000 0.130000 0.352000 0.131000 0.344000
4 0.119000 0.324000 0.111000 0.330000 0.098000 0.314000 0.105000 0.308000
6 0.133000 0.311000 0.126000 0.316000 0.114000 0.302000 0.121000 0.296000
6 0.102000 0.337000 0.095000 0.343000 0.084000 0.329000 0.091000 0.323000
6 0.093000 0.341000 0.087000 0.347000 0.075000 0.334000 0.081000 0.328000
6 0.034000 0.313000 0.028000 0.320000 0.014000 0.306000 0.020000 0.300000
4 0.221000 0.304000 0.219000 0.315000 0.196000 0.310000 0.199000 0.300000
4 0.225000 0.286000 0.224000 0.295000 0.202000 0.292000 0.203000 0.284000
4 0.235000 0.249000 0.233000 0.258000 0.212000 0.255000 0.214000 0.246000
4 0.141000 0.254000 0.130000 0.256000 0.127000 0.236000 0.137000 0.235000
4 0.104000 0.268000 0.097000 0.275000 0.084000 0.261000 0.091000 0.254000
6 0.078000 0.283000 0.072000 0.290000 0.059000 0.278000 0.064000 0.271000
6 0.068000 0.290000 0.061000 0.296000 0.050000 0.282000 0.057000 0.277000
6 0.241000 0.230000 0.239000 0.238000 0.217000 0.233000 0.218000 0.225000
6 0.177000 0.229000 0.175000 0.239000 0.154000 0.235000 0.156000 0.225000
4 0.186000 0.201000 0.185000 0.210000 0.164000 0.209000 0.165000 0.200000
6 0.244000 0.196000 0.224000 0.197000 0.223000 0.187000 0.244000 0.186000
6 0.183000 0.198000 0.165000 0.199000 0.164000 0.191000 0.182000 0.190000
6 0.227000 0.164000 0.217000 0.168000 0.215000 0.162000 0.226000 0.159000
4 0.176000 0.179000 0.157000 0.184000 0.155000 0.175000 0.173000 0.170000
4 0.164000 0.150000 0.147000 0.158000 0.143000 0.151000 0.161000 0.143000
5 0.171000 0.169000 0.156000 0.175000 0.153000 0.168000 0.168000 0.162000
4 0.225000 0.136000 0.207000 0.143000 0.204000 0.136000 0.222000 0.129000
6 0.158000 0.143000 0.143000 0.150000 0.139000 0.143000 0.155000 0.136000
4 0.237000 0.123000 0.229000 0.126000 0.222000 0.109000 0.230000 0.106000
4 0.259000 0.105000 0.252000 0.110000 0.243000 0.100000 0.250000 0.094000
6 0.298000 0.067000 0.295000 0.073000 0.284000 0.066000 0.288000 0.060000
4 0.282000 0.041000 0.271000 0.055000 0.263000 0.049000 0.274000 0.035000
4 0.335000 0.031000 0.331000 0.038000 0.313000 0.030000 0.317000 0.022000
6 0.337000 0.018000 0.334000 0.025000 0.322000 0.020000 0.325000 0.013000
6 0.346000 0.010000 0.344000 0.018000 0.329000 0.014000 0.332000 0.005000
6 0.230000 0.059000 0.224000 0.064000 0.213000 0.053000 0.218000 0.048000
4 0.275000 0.011000 0.273000 0.016000 0.261000 0.011000 0.264000 0.005000
6 0.032000 0.172000 0.025000 0.176000 0.016000 0.162000 0.023000 0.158000
6 0.045000 0.169000 0.038000 0.173000 0.028000 0.158000 0.035000 0.153000
6 0.023000 0.094000 0.005000 0.100000 0.003000 0.093000 0.021000 0.087000
4 0.017000 0.086000 0.000000 0.092000 0.000000 0.084000 0.015000 0.080000
4 0.129000 0.100000 0.121000 0.103000 0.114000 0.086000 0.122000 0.083000
4 0.118000 0.101000 0.109000 0.105000 0.102000 0.088000 0.111000 0.084000
4 0.108000 0.106000 0.098000 0.110000 0.091000 0.092000 0.100000 0.088000
4 0.097000 0.108000 0.088000 0.112000 0.082000 0.096000 0.090000 0.093000
6 0.087000 0.111000 0.079000 0.115000 0.071000 0.099000 0.079000 0.095000
6 0.079000 0.092000 0.061000 0.098000 0.059000 0.090000 0.076000 0.084000
6 0.077000 0.083000 0.059000 0.089000 0.057000 0.081000 0.074000 0.075000
6 0.071000 0.074000 0.056000 0.079000 0.053000 0.071000 0.068000 0.066000
6 0.069000 0.065000 0.051000 0.070000 0.049000 0.062000 0.066000 0.057000
6 0.062000 0.057000 0.045000 0.062000 0.043000 0.052000 0.060000 0.048000
