6 0.096000 0.882000 0.086000 0.882000 0.086000 0.862000 0.095000 0.862000
14 0.886000 0.302000 0.836000 0.302000 0.837000 0.221000 0.886000 0.221000
14 0.792000 0.301000 0.743000 0.301000 0.743000 0.221000 0.792000 0.221000
14 0.727000 0.302000 0.678000 0.302000 0.679000 0.222000 0.727000 0.222000
14 0.612000 0.302000 0.563000 0.302000 0.564000 0.221000 0.612000 0.221000
14 0.548000 0.221000 0.547000 0.302000 0.499000 0.302000 0.499000 0.221000
14 0.950000 0.171000 0.901000 0.171000 0.901000 0.090000 0.950000 0.090000
14 0.887000 0.171000 0.837000 0.171000 0.838000 0.090000 0.887000 0.090000
14 0.791000 0.171000 0.742000 0.171000 0.742000 0.090000 0.791000 0.090000
14 0.728000 0.171000 0.678000 0.171000 0.678000 0.090000 0.728000 0.090000
14 0.612000 0.090000 0.611000 0.170000 0.563000 0.170000 0.564000 0.090000
14 0.548000 0.171000 0.499000 0.171000 0.499000 0.090000 0.548000 0.090000
32 0.096000 0.066000 0.095209 0.172002 0.000000 0.171291 0.000000 0.065284
6 0.282000 0.614000 0.258000 0.614000 0.258000 0.606000 0.282000 0.606000
4 0.501000 0.615000 0.479000 0.615000 0.479000 0.606000 0.501000 0.606000
6 0.463000 0.684000 0.445000 0.684000 0.445000 0.677000 0.463000 0.677000
6 0.589000 0.693000 0.580000 0.693000 0.580000 0.677000 0.589000 0.677000
6 0.522000 0.540000 0.513000 0.539000 0.513000 0.525000 0.522000 0.526000
6 0.523000 0.563000 0.514000 0.564000 0.513000 0.549000 0.522000 0.548000
5 0.868000 0.684000 0.857000 0.684000 0.856000 0.664000 0.868000 0.664000
6 0.792000 0.555000 0.770000 0.554000 0.770000 0.547000 0.792000 0.547000
6 0.589000 0.708000 0.573000 0.717000 0.569000 0.711000 0.585000 0.702000
6 0.878000 0.709000 0.869000 0.709000 0.869000 0.696000 0.878000 0.696000
