19 0.415556 0.514444 0.338889 0.522222 0.332222 0.451111 0.408889 0.443333
33 0.433333 0.655556 0.352222 0.666667 0.341111 0.583333 0.421111 0.572222
34 0.687778 0.494444 0.584444 0.506667 0.573333 0.416667 0.676667 0.404444
34 0.687778 0.634444 0.584444 0.643333 0.576667 0.552222 0.678889 0.543333
34 0.983333 0.480000 0.880000 0.491111 0.870000 0.401111 0.973333 0.390000
33 0.991111 0.574444 0.896667 0.585556 0.887778 0.502222 0.981111 0.491111
34 1.000000 0.675910 0.900052 0.682290 0.894444 0.594444 1.000000 0.588518
13 0.555556 0.861111 0.496667 0.877778 0.483333 0.826667 0.542222 0.811111
17 0.627778 0.908889 0.578889 0.914444 0.572222 0.861111 0.621111 0.855556
12 0.615556 0.777778 0.571111 0.801111 0.546667 0.753333 0.591111 0.730000
17 0.775556 0.734444 0.720000 0.740000 0.713333 0.680000 0.768889 0.674444
33 1.000000 0.776164 0.920903 0.785580 0.911111 0.703333 1.000000 0.692751
