19 0.396000 0.366000 0.363000 0.375000 0.373000 0.413000 0.405000 0.404000
19 0.232000 0.836000 0.259000 0.806000 0.238000 0.786000 0.210000 0.818000
19 0.720000 0.609000 0.753000 0.634000 0.776000 0.604000 0.742000 0.579000
13 0.786000 0.527000 0.830000 0.565000 0.861000 0.527000 0.817000 0.490000
19 0.825000 0.484000 0.858000 0.513000 0.884000 0.484000 0.850000 0.454000
12 0.967000 0.411000 0.999000 0.372000 0.959000 0.341000 0.928000 0.381000
9 0.541000 0.227000 0.567000 0.200000 0.550000 0.184000 0.524000 0.209000
9 0.667000 0.338000 0.691000 0.311000 0.677000 0.300000 0.654000 0.327000
9 0.289000 0.491000 0.303000 0.504000 0.314000 0.495000 0.298000 0.481000
15 0.376000 0.161000 0.391000 0.143000 0.363000 0.119000 0.348000 0.137000
