6 0.087500 0.016667 0.085000 0.026667 0.088333 0.016667 0.093333 0.008333
6 0.125000 0.041667 0.121250 0.051667 0.141667 0.040000 0.146667 0.030000
6 0.080000 0.068333 0.076250 0.080000 0.076667 0.068333 0.081667 0.056667
5 0.175000 0.123333 0.170000 0.135000 0.193333 0.118333 0.200000 0.106667
4 0.291250 0.041667 0.278750 0.066667 0.360000 0.058333 0.378333 0.035000
6 0.286250 0.085000 0.275000 0.106667 0.358333 0.100000 0.373333 0.078333
6 0.227500 0.193333 0.216250 0.213333 0.280000 0.205000 0.293333 0.186667
4 0.201250 0.245000 0.190000 0.268333 0.243333 0.261667 0.258333 0.238333
4 0.172500 0.303333 0.158750 0.331667 0.200000 0.323333 0.218333 0.296667
5 0.127500 0.300000 0.112500 0.328333 0.138333 0.320000 0.156667 0.291667
9 0.321250 0.118333 0.276250 0.240000 0.226667 0.171667 0.286667 0.050000
4 0.157500 0.375000 0.143750 0.401667 0.181667 0.393333 0.198333 0.368333
4 0.355000 0.161667 0.343750 0.163333 0.456667 0.133333 0.471667 0.131667
4 0.425000 0.213333 0.421250 0.223333 0.533333 0.211667 0.536667 0.200000
6 0.472500 0.241667 0.468750 0.253333 0.600000 0.241667 0.605000 0.231667
6 0.465000 0.293333 0.462500 0.303333 0.588333 0.293333 0.593333 0.281667
6 0.557500 0.293333 0.552500 0.306667 0.701667 0.290000 0.708333 0.276667
4 0.651250 0.403333 0.647500 0.415000 0.830000 0.398333 0.836667 0.388333
6 0.712500 0.436667 0.708750 0.448333 0.918333 0.433333 0.925000 0.423333
4 0.751250 0.460000 0.747500 0.471667 0.966667 0.460000 0.971667 0.448333
6 0.958750 0.526667 0.955000 0.538333 1.253333 0.528333 1.258333 0.516667
4 0.571250 0.631667 0.558750 0.655000 0.733333 0.646667 0.750000 0.623333
5 0.096250 0.810000 0.090000 0.821667 0.091667 0.806667 0.098333 0.793333
6 0.160000 0.795000 0.156250 0.805000 0.178333 0.791667 0.185000 0.780000
6 0.187500 0.810000 0.183750 0.820000 0.218333 0.805000 0.225000 0.796667
4 0.326250 0.946667 0.322500 0.958333 0.398333 0.943333 0.403333 0.931667
5 0.997500 0.181667 0.983750 0.211667 1.296667 0.203333 1.316667 0.173333
6 0.731250 0.123333 0.718750 0.148333 0.946667 0.140000 0.965000 0.115000
4 0.961250 0.940000 0.948750 0.960000 1.255000 0.953333 1.271667 0.931667
5 0.248750 0.598333 0.233750 0.626667 0.298333 0.615000 0.318333 0.588333
