6 0.040000 0.819000 0.021000 0.819000 0.021000 0.810000 0.040000 0.810000
4 0.414000 0.231000 0.394000 0.232000 0.393000 0.224000 0.414000 0.223000
4 0.012000 0.433000 0.011000 0.450000 0.000000 0.449000 0.001000 0.432000
4 0.793000 0.707000 0.770000 0.707000 0.770000 0.698000 0.793000 0.698000
9 0.697000 0.746000 0.635000 0.746000 0.635000 0.693000 0.697000 0.693000
9 0.366000 0.749000 0.303000 0.749000 0.303000 0.696000 0.366000 0.696000
4 0.999000 0.995000 0.988000 0.996000 0.986000 0.976000 0.997000 0.975000
6 1.000000 0.869000 0.990000 0.869000 0.990000 0.854000 1.000000 0.853000
6 1.000000 0.805000 0.990000 0.805000 0.989000 0.788000 0.998000 0.787000
4 0.326000 0.000000 0.326000 0.016000 0.312000 0.015000 0.313000 0.000000
4 0.355000 0.040000 0.346000 0.040000 0.346000 0.022000 0.355000 0.022000
4 0.321000 0.039000 0.311000 0.039000 0.311000 0.021000 0.320000 0.021000
4 0.322000 0.058000 0.310000 0.060000 0.309000 0.043000 0.320000 0.041000
6 0.321000 0.082000 0.313000 0.082000 0.313000 0.067000 0.321000 0.067000
4 0.321000 0.105000 0.309000 0.106000 0.307000 0.086000 0.320000 0.085000
6 0.322000 0.433000 0.312000 0.433000 0.312000 0.417000 0.322000 0.417000
4 0.321000 0.555000 0.311000 0.556000 0.307000 0.536000 0.318000 0.535000
6 0.355000 0.558000 0.345000 0.558000 0.345000 0.541000 0.355000 0.541000
6 0.322000 0.582000 0.313000 0.582000 0.312000 0.568000 0.321000 0.567000
4 0.321000 0.628000 0.312000 0.628000 0.310000 0.611000 0.320000 0.610000
4 0.322000 0.657000 0.312000 0.657000 0.312000 0.640000 0.321000 0.640000
4 0.059000 0.671000 0.037000 0.671000 0.037000 0.664000 0.059000 0.664000
4 0.051000 0.697000 0.050000 0.708000 0.031000 0.706000 0.032000 0.695000
4 0.072000 0.700000 0.071000 0.708000 0.053000 0.707000 0.053000 0.699000
4 0.061000 0.740000 0.040000 0.741000 0.040000 0.734000 0.060000 0.733000
4 0.083000 0.743000 0.061000 0.742000 0.062000 0.734000 0.083000 0.735000
4 0.106000 0.742000 0.086000 0.741000 0.086000 0.733000 0.106000 0.733000
4 0.184000 0.707000 0.161000 0.708000 0.161000 0.698000 0.184000 0.697000
4 0.281000 0.707000 0.258000 0.707000 0.258000 0.695000 0.281000 0.695000
4 0.229000 0.740000 0.207000 0.742000 0.206000 0.733000 0.228000 0.730000
6 0.284000 0.741000 0.264000 0.741000 0.264000 0.733000 0.284000 0.733000
4 0.354000 0.799000 0.343000 0.799000 0.344000 0.783000 0.354000 0.783000
5 0.321000 0.771000 0.320000 0.787000 0.312000 0.787000 0.313000 0.771000
6 0.321000 0.788000 0.320000 0.804000 0.311000 0.804000 0.311000 0.788000
6 0.321000 0.851000 0.311000 0.851000 0.312000 0.832000 0.321000 0.832000
6 0.323000 0.859000 0.322000 0.877000 0.311000 0.876000 0.312000 0.859000
4 0.355000 0.858000 0.354000 0.878000 0.345000 0.877000 0.346000 0.858000
6 0.321000 0.949000 0.313000 0.949000 0.312000 0.933000 0.320000 0.932000
6 0.298000 0.954000 0.297000 0.963000 0.276000 0.961000 0.277000 0.952000
4 0.356000 0.979000 0.355000 0.998000 0.345000 0.997000 0.346000 0.979000
4 0.658000 0.138000 0.648000 0.139000 0.646000 0.121000 0.657000 0.120000
4 0.691000 0.141000 0.680000 0.143000 0.677000 0.124000 0.688000 0.122000
5 0.691000 0.257000 0.681000 0.257000 0.680000 0.240000 0.690000 0.239000
4 0.656000 0.217000 0.655000 0.237000 0.644000 0.237000 0.644000 0.217000
6 0.689000 0.301000 0.677000 0.301000 0.677000 0.283000 0.688000 0.283000
5 0.691000 0.398000 0.681000 0.398000 0.680000 0.379000 0.690000 0.378000
6 0.656000 0.390000 0.646000 0.390000 0.647000 0.373000 0.656000 0.373000
6 0.657000 0.391000 0.655000 0.410000 0.644000 0.409000 0.645000 0.390000
4 0.654000 0.427000 0.644000 0.427000 0.644000 0.410000 0.654000 0.410000
4 0.689000 0.445000 0.681000 0.445000 0.681000 0.429000 0.689000 0.429000
4 0.690000 0.512000 0.681000 0.513000 0.680000 0.496000 0.689000 0.496000
6 0.657000 0.521000 0.648000 0.521000 0.648000 0.504000 0.657000 0.504000
6 0.689000 0.590000 0.680000 0.590000 0.680000 0.574000 0.689000 0.574000
5 0.636000 0.603000 0.614000 0.604000 0.614000 0.596000 0.636000 0.596000
6 0.614000 0.610000 0.597000 0.610000 0.597000 0.604000 0.614000 0.603000
4 0.619000 0.612000 0.618000 0.619000 0.599000 0.619000 0.599000 0.612000
4 0.422000 0.707000 0.398000 0.707000 0.398000 0.695000 0.422000 0.695000
4 0.561000 0.707000 0.540000 0.707000 0.540000 0.699000 0.561000 0.699000
4 0.612000 0.706000 0.590000 0.706000 0.591000 0.697000 0.612000 0.697000
4 0.591000 0.731000 0.590000 0.742000 0.568000 0.741000 0.569000 0.731000
4 0.616000 0.741000 0.592000 0.741000 0.592000 0.731000 0.616000 0.731000
6 0.742000 0.740000 0.719000 0.741000 0.719000 0.733000 0.741000 0.732000
4 0.814000 0.741000 0.791000 0.741000 0.791000 0.733000 0.814000 0.733000
6 0.768000 0.706000 0.746000 0.707000 0.746000 0.699000 0.768000 0.698000
4 0.657000 0.801000 0.646000 0.803000 0.643000 0.784000 0.654000 0.782000
4 0.658000 0.821000 0.646000 0.824000 0.642000 0.805000 0.654000 0.802000
4 0.635000 0.837000 0.615000 0.837000 0.615000 0.831000 0.634000 0.830000
4 0.633000 0.845000 0.613000 0.845000 0.613000 0.837000 0.633000 0.837000
4 0.689000 0.996000 0.680000 0.996000 0.680000 0.979000 0.689000 0.979000
4 0.916000 0.720000 0.886000 0.720000 0.886000 0.710000 0.916000 0.710000
4 0.493000 0.011000 0.471000 0.005000 0.473000 -0.002000 0.495000 0.004000
4 0.572000 0.052000 0.560000 0.064000 0.554000 0.058000 0.567000 0.046000
6 0.097000 0.535000 0.077000 0.535000 0.077000 0.527000 0.097000 0.527000
5 0.068000 0.537000 0.043000 0.536000 0.043000 0.526000 0.068000 0.527000
4 0.086000 0.605000 0.066000 0.604000 0.066000 0.597000 0.086000 0.597000
