6 0.305000 0.068750 0.293333 0.068750 0.220000 0.052500 0.228750 0.052500
6 0.096667 0.301250 0.053333 0.302500 0.040000 0.292500 0.071250 0.291250
4 0.055000 0.503750 0.018333 0.503750 0.013750 0.496250 0.041250 0.496250
4 0.311667 0.341250 0.293333 0.341250 0.221250 0.322500 0.233750 0.322500
4 0.670000 0.085000 0.636667 0.083750 0.477500 0.076250 0.502500 0.076250
4 0.660000 0.325000 0.646667 0.326250 0.483750 0.305000 0.493750 0.305000
4 0.446667 0.500000 0.410000 0.500000 0.307500 0.491250 0.335000 0.491250
4 0.623333 0.493750 0.590000 0.495000 0.442500 0.486250 0.467500 0.486250
4 0.746667 0.493750 0.706667 0.493750 0.530000 0.486250 0.560000 0.485000
4 0.828333 0.491250 0.795000 0.492500 0.596250 0.483750 0.621250 0.483750
5 0.875000 0.490000 0.835000 0.491250 0.626250 0.483750 0.656250 0.482500
4 0.866667 0.335000 0.855000 0.335000 0.640000 0.313750 0.648750 0.313750
4 0.863333 0.097500 0.850000 0.097500 0.637500 0.078750 0.647500 0.078750
5 0.885000 0.337500 0.873333 0.337500 0.655000 0.318750 0.663750 0.318750
4 1.000000 0.490000 0.976667 0.490000 0.732500 0.481250 0.750000 0.481250
4 0.290000 0.747500 0.276667 0.747500 0.207500 0.726250 0.217500 0.726250
4 0.966667 0.982500 0.951667 0.982500 0.713750 0.963750 0.725000 0.965000
4 0.856667 0.726250 0.826667 0.727500 0.620000 0.718750 0.642500 0.717500
4 0.858333 0.740000 0.826667 0.740000 0.620000 0.730000 0.643750 0.730000
4 0.728333 0.716250 0.726667 0.741250 0.533750 0.741250 0.535000 0.716250
4 0.760000 0.598750 0.748333 0.600000 0.560000 0.580000 0.568750 0.578750
4 0.748333 0.708750 0.731667 0.708750 0.547500 0.700000 0.560000 0.698750
4 0.423333 0.593750 0.410000 0.593750 0.306250 0.573750 0.315000 0.572500
4 0.425000 0.647500 0.411667 0.648750 0.307500 0.623750 0.317500 0.623750
4 0.391667 0.677500 0.386667 0.696250 0.280000 0.695000 0.283750 0.675000
4 0.415000 0.706250 0.406667 0.728750 0.293750 0.726250 0.298750 0.703750
