35 0.385000 0.213750 0.238333 0.270000 0.135000 0.183750 0.245000 0.127500
12 0.695000 0.165000 0.615000 0.202500 0.426250 0.147500 0.487500 0.110000
19 0.766667 0.265000 0.686667 0.301250 0.482500 0.246250 0.541250 0.210000
35 0.450000 0.310000 0.331667 0.357500 0.202500 0.270000 0.291250 0.222500
19 0.506667 0.398750 0.405000 0.442500 0.263750 0.372500 0.338750 0.327500
35 0.598333 0.492500 0.458333 0.550000 0.297500 0.465000 0.402500 0.407500
17 0.921667 0.472500 0.840000 0.508750 0.598750 0.456250 0.660000 0.420000
35 0.658333 0.591250 0.535000 0.642500 0.355000 0.555000 0.447500 0.505000
35 0.891667 0.661250 0.778333 0.707500 0.526250 0.606250 0.611250 0.558750
33 0.795000 0.781250 0.678333 0.825000 0.465000 0.740000 0.552500 0.695000
