6 0.960000 0.834000 0.952000 0.839000 0.943000 0.825000 0.950000 0.820000
6 0.859000 0.963000 0.839000 0.966000 0.837000 0.958000 0.857000 0.954000
4 0.145000 0.951000 0.141000 0.958000 0.126000 0.948000 0.131000 0.941000
6 0.228000 0.943000 0.222000 0.951000 0.208000 0.938000 0.215000 0.931000
4 0.202000 0.963000 0.196000 0.970000 0.180000 0.958000 0.186000 0.951000
4 0.193000 0.970000 0.188000 0.977000 0.172000 0.965000 0.177000 0.958000
6 0.187000 0.978000 0.182000 0.984000 0.166000 0.972000 0.171000 0.966000
4 0.394000 0.935000 0.380000 0.949000 0.374000 0.944000 0.389000 0.930000
4 0.392000 0.962000 0.379000 0.975000 0.373000 0.969000 0.386000 0.956000
6 0.406000 0.967000 0.394000 0.977000 0.389000 0.971000 0.401000 0.961000
5 0.439000 0.969000 0.421000 0.991000 0.413000 0.984000 0.431000 0.963000
6 0.452000 0.976000 0.436000 0.992000 0.430000 0.986000 0.445000 0.970000
32 0.235000 0.456000 0.210000 0.611000 0.027000 0.583000 0.052000 0.427000
6 0.093000 0.978000 0.077000 0.992000 0.071000 0.985000 0.087000 0.971000
5 0.935000 0.820000 0.913000 0.828000 0.910000 0.821000 0.932000 0.813000
6 0.395000 0.947000 0.381000 0.960000 0.376000 0.954000 0.390000 0.942000
5 0.465000 0.925000 0.454000 0.938000 0.447000 0.933000 0.458000 0.920000
5 0.141000 0.935000 0.134000 0.943000 0.113000 0.927000 0.120000 0.918000
4 0.170000 0.903000 0.165000 0.909000 0.151000 0.899000 0.156000 0.892000
4 0.208000 0.896000 0.203000 0.903000 0.189000 0.892000 0.195000 0.885000
6 0.634000 0.452000 0.617000 0.456000 0.615000 0.449000 0.632000 0.445000
4 0.783000 0.358000 0.773000 0.359000 0.770000 0.343000 0.780000 0.341000
5 0.798000 0.357000 0.787000 0.360000 0.781000 0.337000 0.792000 0.334000
4 0.807000 0.353000 0.799000 0.355000 0.796000 0.337000 0.805000 0.336000
5 0.869000 0.339000 0.859000 0.340000 0.857000 0.321000 0.867000 0.320000
4 0.608000 0.268000 0.589000 0.269000 0.589000 0.261000 0.608000 0.260000
