4 0.723333 0.165000 0.715000 0.166250 0.535000 0.151250 0.541250 0.151250
4 0.631667 0.486250 0.630000 0.495000 0.447500 0.491250 0.448750 0.483750
4 0.588333 0.490000 0.551667 0.488750 0.413750 0.481250 0.441250 0.482500
4 0.493333 0.492500 0.471667 0.503750 0.348750 0.497500 0.365000 0.486250
6 0.466667 0.540000 0.453333 0.538750 0.340000 0.517500 0.350000 0.517500
4 0.496667 0.531250 0.495000 0.550000 0.360000 0.550000 0.361250 0.530000
4 0.666667 0.622500 0.653333 0.621250 0.490000 0.602500 0.500000 0.602500
6 0.408333 0.666250 0.395000 0.667500 0.293750 0.638750 0.305000 0.638750
4 0.363333 0.716250 0.348333 0.716250 0.262500 0.693750 0.272500 0.693750
4 0.480000 0.968750 0.451667 0.968750 0.338750 0.961250 0.360000 0.960000
4 0.496667 0.938750 0.460000 0.938750 0.345000 0.930000 0.372500 0.930000
4 0.445000 0.940000 0.415000 0.940000 0.311250 0.931250 0.333750 0.932500
6 0.400000 0.940000 0.370000 0.940000 0.277500 0.931250 0.300000 0.931250
6 0.853333 0.902500 0.850000 0.926250 0.626250 0.925000 0.628750 0.901250
4 0.828333 0.925000 0.825000 0.933750 0.601250 0.930000 0.603750 0.921250
4 0.796667 0.921250 0.795000 0.932500 0.573750 0.930000 0.575000 0.920000
