5 0.848000 0.321000 0.843000 0.325000 0.830000 0.311000 0.835000 0.306000
5 0.719000 0.487000 0.710000 0.506000 0.701000 0.502000 0.711000 0.483000
4 0.818000 0.182000 0.813000 0.186000 0.802000 0.173000 0.808000 0.168000
4 0.809000 0.187000 0.803000 0.192000 0.793000 0.179000 0.799000 0.174000
6 0.600000 0.267000 0.585000 0.275000 0.582000 0.270000 0.597000 0.261000
6 0.462000 0.341000 0.444000 0.353000 0.440000 0.347000 0.458000 0.335000
4 0.040000 0.039000 0.023000 0.049000 0.020000 0.043000 0.037000 0.034000
6 0.055000 0.115000 0.050000 0.119000 0.040000 0.107000 0.045000 0.103000
7 0.281000 0.258000 0.262000 0.268000 0.258000 0.261000 0.278000 0.251000
5 0.577000 0.036000 0.572000 0.040000 0.564000 0.029000 0.568000 0.025000
4 0.627000 0.172000 0.620000 0.179000 0.605000 0.165000 0.611000 0.158000
4 0.616000 0.188000 0.611000 0.192000 0.598000 0.179000 0.602000 0.175000
6 0.983000 0.715000 0.979000 0.721000 0.963000 0.710000 0.967000 0.705000
4 0.997000 0.637000 0.988000 0.650000 0.980000 0.645000 0.990000 0.632000
4 1.000000 0.534000 0.984000 0.528000 0.987000 0.522000 1.000000 0.527000
4 0.103000 0.459000 0.096000 0.474000 0.088000 0.470000 0.095000 0.455000
4 0.742000 0.583000 0.739000 0.589000 0.719000 0.580000 0.721000 0.573000
14 0.345000 0.985000 0.294000 0.984000 0.295000 0.903000 0.344000 0.904000
14 0.406000 0.985000 0.357000 0.984000 0.357000 0.903000 0.406000 0.902000
14 0.468000 0.985000 0.417000 0.985000 0.418000 0.903000 0.467000 0.904000
