19 0.001000 0.540333 -0.004556 0.501444 0.028889 0.496667 0.034444 0.535556
19 0.068889 0.534444 0.035556 0.536667 0.033333 0.497778 0.066667 0.495556
19 0.117778 0.541111 0.076667 0.545556 0.072222 0.501111 0.114444 0.497778
19 0.074444 0.656667 0.054444 0.682222 0.032222 0.663333 0.052222 0.637778
19 0.082222 0.693333 0.057778 0.695556 0.055556 0.671111 0.080000 0.668889
19 0.038889 0.720000 0.014444 0.723333 0.011111 0.702222 0.036667 0.698889
19 0.164444 0.684444 0.125556 0.687778 0.123333 0.654444 0.162222 0.651111
19 0.218889 0.686667 0.190000 0.687778 0.188889 0.660000 0.217778 0.658889
19 0.323333 0.595556 0.281111 0.598889 0.277778 0.557778 0.321111 0.554444
19 0.326667 0.625556 0.295556 0.628889 0.292222 0.600000 0.323333 0.596667
19 0.322222 0.637778 0.307778 0.655556 0.288889 0.640000 0.303333 0.622222
19 0.516667 0.441111 0.515556 0.471111 0.486667 0.471111 0.487778 0.440000
19 0.537778 0.476667 0.516667 0.477778 0.515556 0.451111 0.537778 0.451111
19 0.570000 0.472222 0.528889 0.472222 0.528889 0.430000 0.568889 0.430000
27 0.706667 0.448889 0.680000 0.488889 0.630000 0.455556 0.655556 0.415556
19 0.668889 0.520000 0.653333 0.537778 0.634444 0.521111 0.651111 0.503333
19 0.741111 0.575556 0.700000 0.576667 0.700000 0.534444 0.741111 0.534444
19 0.642222 0.747778 0.616667 0.747778 0.615556 0.721111 0.642222 0.721111
19 0.676667 0.733333 0.656667 0.751111 0.637778 0.732222 0.657778 0.713333
19 0.692222 0.730000 0.677778 0.746667 0.660000 0.732222 0.674444 0.715556
19 0.713333 0.752222 0.686667 0.783333 0.657778 0.757778 0.685556 0.727778
19 0.734444 0.734444 0.731111 0.767778 0.697778 0.765556 0.700000 0.731111
19 0.265556 0.682222 0.238889 0.686667 0.233333 0.658889 0.260000 0.653333
