6 0.858000 0.044000 0.857000 0.061000 0.845000 0.060000 0.846000 0.043000
4 0.661000 0.036000 0.642000 0.036000 0.642000 0.028000 0.661000 0.028000
4 0.808000 0.223000 0.803000 0.230000 0.790000 0.218000 0.795000 0.212000
4 0.918000 0.252000 0.908000 0.253000 0.905000 0.236000 0.915000 0.234000
5 0.799000 0.684000 0.793000 0.691000 0.770000 0.674000 0.775000 0.667000
5 0.155000 0.825000 0.151000 0.833000 0.132000 0.823000 0.137000 0.815000
6 0.063000 0.255000 0.046000 0.255000 0.046000 0.248000 0.062000 0.248000
9 0.159000 0.184000 0.113000 0.184000 0.112000 0.130000 0.158000 0.129000
6 0.132000 0.816000 0.122000 0.831000 0.113000 0.825000 0.123000 0.809000
6 0.079000 0.794000 0.074000 0.811000 0.063000 0.808000 0.068000 0.791000
6 0.035000 0.395000 0.033000 0.413000 0.021000 0.412000 0.024000 0.393000
4 0.024000 0.388000 0.021000 0.407000 0.009000 0.405000 0.012000 0.387000
4 0.019000 0.456000 0.000000 0.461700 0.000000 0.451100 0.016083 0.446275
4 0.065000 0.484000 0.045000 0.490000 0.042000 0.480000 0.063000 0.474000
4 0.193000 0.499000 0.179000 0.514000 0.172000 0.506000 0.185000 0.492000
6 0.182000 0.495000 0.168000 0.507000 0.162000 0.501000 0.176000 0.488000
6 0.172000 0.489000 0.160000 0.502000 0.154000 0.495000 0.166000 0.483000
6 0.062000 0.264000 0.048000 0.265000 0.047000 0.256000 0.062000 0.255000
4 0.025000 0.143000 0.000000 0.143000 0.000000 0.136000 0.025000 0.135000
4 0.821000 0.147000 0.798000 0.147000 0.799000 0.139000 0.821000 0.140000
4 0.064000 0.274000 0.043000 0.274000 0.043000 0.266000 0.064000 0.266000
6 0.067000 0.283000 0.046000 0.283000 0.046000 0.275000 0.067000 0.276000
4 0.144000 0.464000 0.141000 0.484000 0.130000 0.482000 0.133000 0.463000
6 0.112000 0.445000 0.107000 0.461000 0.097000 0.459000 0.101000 0.442000
4 0.091000 0.431000 0.087000 0.449000 0.076000 0.447000 0.080000 0.429000
4 0.290000 0.820000 0.273000 0.835000 0.266000 0.827000 0.283000 0.812000
6 0.480000 0.873000 0.476000 0.880000 0.459000 0.869000 0.463000 0.862000
4 0.441000 0.876000 0.437000 0.883000 0.416000 0.872000 0.420000 0.864000
6 0.127000 0.949000 0.121000 0.958000 0.103000 0.946000 0.109000 0.937000
6 0.488000 0.313000 0.485000 0.321000 0.463000 0.311000 0.467000 0.303000
4 0.324000 0.203000 0.313000 0.205000 0.311000 0.187000 0.321000 0.185000
4 0.694000 0.877000 0.673000 0.887000 0.670000 0.879000 0.691000 0.870000
4 0.682000 0.730000 0.666000 0.744000 0.658000 0.735000 0.674000 0.721000
6 0.506000 0.625000 0.495000 0.640000 0.488000 0.635000 0.498000 0.620000
4 0.714000 0.696000 0.702000 0.708000 0.696000 0.701000 0.707000 0.690000
4 1.000000 0.183478 0.988000 0.184000 0.987609 0.175017 1.000000 0.174478
5 0.099000 0.812000 0.094000 0.818000 0.079000 0.805000 0.084000 0.800000
6 0.011376 0.778058 -0.001624 0.776058 0.001000 0.759000 0.014000 0.761000
5 0.389000 0.590000 0.375000 0.605000 0.366000 0.597000 0.380000 0.582000
4 0.443000 0.542000 0.430000 0.553000 0.423000 0.546000 0.437000 0.535000
4 0.497000 0.306000 0.494000 0.313000 0.474000 0.305000 0.477000 0.298000
4 0.512000 0.300000 0.489000 0.302000 0.488000 0.292000 0.511000 0.290000
6 0.708000 0.242000 0.697000 0.242000 0.696000 0.222000 0.708000 0.222000
6 0.666000 0.017000 0.644000 0.017000 0.644000 0.008000 0.666000 0.009000
6 0.286000 0.676000 0.274000 0.687000 0.267000 0.679000 0.279000 0.668000
4 0.290000 0.838000 0.274000 0.853000 0.267000 0.845000 0.282000 0.830000
6 0.584000 0.493000 0.572000 0.505000 0.567000 0.500000 0.579000 0.488000
