6 0.120000 0.045000 0.097000 0.045000 0.098000 0.037000 0.120000 0.038000
6 0.014000 0.486000 0.013000 0.503000 0.003000 0.503000 0.005000 0.486000
4 0.014000 0.437000 0.013000 0.453000 0.004000 0.452000 0.005000 0.437000
6 0.012000 0.510000 0.011000 0.528000 0.003000 0.527000 0.004000 0.510000
6 0.029000 0.559000 0.018000 0.559000 0.018000 0.541000 0.028000 0.541000
4 0.028000 0.684000 0.013000 0.684000 0.012000 0.664000 0.026000 0.663000
4 0.063000 0.532000 0.051000 0.533000 0.050000 0.513000 0.062000 0.513000
4 0.067000 0.427000 0.055000 0.428000 0.053000 0.408000 0.066000 0.408000
4 0.066000 0.392000 0.053000 0.393000 0.053000 0.375000 0.066000 0.374000
4 0.063000 0.372000 0.053000 0.373000 0.053000 0.357000 0.062000 0.357000
4 0.068000 0.278000 0.059000 0.278000 0.059000 0.261000 0.068000 0.261000
4 0.068000 0.257000 0.058000 0.257000 0.058000 0.240000 0.068000 0.240000
4 0.015000 0.266000 0.005000 0.266000 0.005000 0.255000 0.015000 0.255000
6 0.105000 0.305000 0.082000 0.306000 0.082000 0.300000 0.104000 0.299000
6 0.128000 0.301000 0.103000 0.302000 0.103000 0.293000 0.128000 0.292000
5 0.154000 0.301000 0.128000 0.300000 0.128000 0.293000 0.154000 0.294000
4 0.280000 0.070000 0.257000 0.070000 0.257000 0.061000 0.280000 0.061000
4 0.344000 0.100000 0.335000 0.101000 0.334000 0.086000 0.344000 0.086000
4 0.403000 0.183000 0.394000 0.183000 0.394000 0.167000 0.403000 0.167000
6 0.435000 0.215000 0.427000 0.216000 0.426000 0.200000 0.434000 0.200000
6 0.404000 0.203000 0.394000 0.204000 0.394000 0.187000 0.404000 0.187000
4 0.404000 0.254000 0.403000 0.273000 0.392000 0.272000 0.393000 0.254000
6 0.125000 0.289000 0.103000 0.290000 0.103000 0.281000 0.125000 0.281000
5 0.185000 0.282000 0.175000 0.282000 0.175000 0.256000 0.185000 0.256000
4 0.285000 0.286000 0.263000 0.287000 0.263000 0.280000 0.285000 0.279000
4 0.404000 0.346000 0.392000 0.346000 0.392000 0.325000 0.404000 0.325000
5 0.403000 0.368000 0.402000 0.391000 0.390000 0.391000 0.391000 0.368000
5 0.356000 0.441000 0.334000 0.442000 0.334000 0.434000 0.356000 0.433000
4 0.141000 0.599000 0.140000 0.607000 0.121000 0.606000 0.121000 0.598000
4 0.400000 0.617000 0.389000 0.617000 0.389000 0.598000 0.398000 0.598000
4 0.433000 0.568000 0.422000 0.568000 0.421000 0.549000 0.433000 0.549000
4 0.430000 0.659000 0.422000 0.659000 0.421000 0.642000 0.428000 0.642000
4 0.430000 0.678000 0.421000 0.678000 0.421000 0.663000 0.430000 0.663000
4 0.401000 0.394000 0.398000 0.415000 0.389000 0.414000 0.391000 0.394000
4 0.434000 0.471000 0.422000 0.471000 0.422000 0.453000 0.433000 0.452000
6 0.433000 0.494000 0.420000 0.494000 0.420000 0.472000 0.433000 0.472000
6 0.686000 0.070000 0.664000 0.070000 0.664000 0.062000 0.686000 0.062000
6 0.777000 0.051000 0.750000 0.052000 0.750000 0.044000 0.776000 0.044000
6 0.860000 0.075000 0.836000 0.074000 0.836000 0.065000 0.860000 0.066000
4 0.888000 0.072000 0.863000 0.074000 0.863000 0.067000 0.888000 0.065000
4 0.963000 0.072000 0.935000 0.073000 0.935000 0.064000 0.963000 0.063000
4 0.689000 0.199000 0.664000 0.199000 0.663000 0.191000 0.688000 0.190000
5 0.733000 0.192000 0.709000 0.191000 0.710000 0.182000 0.733000 0.183000
4 0.485000 0.285000 0.464000 0.286000 0.464000 0.279000 0.485000 0.278000
6 0.747000 0.234000 0.726000 0.236000 0.725000 0.230000 0.746000 0.228000
4 0.813000 0.313000 0.803000 0.313000 0.802000 0.295000 0.813000 0.295000
4 0.813000 0.427000 0.800000 0.427000 0.800000 0.408000 0.812000 0.408000
4 0.784000 0.470000 0.772000 0.471000 0.771000 0.450000 0.783000 0.449000
5 0.780000 0.531000 0.769000 0.531000 0.769000 0.513000 0.779000 0.513000
4 0.743000 0.444000 0.719000 0.445000 0.718000 0.436000 0.742000 0.435000
4 0.713000 0.559000 0.691000 0.560000 0.691000 0.552000 0.713000 0.551000
6 0.778000 0.630000 0.769000 0.630000 0.769000 0.613000 0.778000 0.613000
6 0.809000 0.638000 0.799000 0.638000 0.799000 0.622000 0.809000 0.622000
4 0.810000 0.654000 0.799000 0.655000 0.798000 0.638000 0.809000 0.637000
4 0.777000 0.683000 0.765000 0.682000 0.766000 0.663000 0.777000 0.663000
16 0.913000 0.193000 0.886000 0.193000 0.886000 0.183000 0.913000 0.183000
6 0.849000 0.592000 0.848000 0.601000 0.826000 0.599000 0.827000 0.590000
4 0.876000 0.593000 0.875000 0.601000 0.849000 0.601000 0.849000 0.593000
4 0.979000 0.619000 0.978000 0.631000 0.968000 0.631000 0.969000 0.619000
4 0.102000 0.721000 0.082000 0.721000 0.082000 0.713000 0.102000 0.713000
5 0.142000 0.721000 0.110000 0.722000 0.109000 0.712000 0.142000 0.711000
6 0.180000 0.722000 0.151000 0.721000 0.151000 0.712000 0.180000 0.713000
4 0.222000 0.726000 0.198000 0.724000 0.199000 0.716000 0.222000 0.717000
4 0.258000 0.727000 0.235000 0.728000 0.235000 0.719000 0.258000 0.719000
4 0.291000 0.717000 0.268000 0.719000 0.267000 0.710000 0.290000 0.708000
5 0.023000 0.932000 0.010000 0.932000 0.008000 0.909000 0.022000 0.909000
6 0.036000 0.908000 0.035000 0.924000 0.026000 0.923000 0.027000 0.907000
4 0.049000 0.863000 0.045000 0.880000 0.033000 0.876000 0.038000 0.859000
6 0.038000 0.826000 0.038000 0.849000 0.026000 0.848000 0.027000 0.826000
6 0.043000 0.968000 0.032000 0.969000 0.032000 0.952000 0.042000 0.952000
4 0.056000 0.973000 0.046000 0.973000 0.046000 0.955000 0.056000 0.955000
6 0.020000 0.827000 0.010000 0.827000 0.008000 0.809000 0.019000 0.808000
4 0.041000 0.790000 0.040000 0.809000 0.031000 0.809000 0.032000 0.789000
4 0.035000 0.767000 0.028000 0.770000 0.020000 0.754000 0.027000 0.750000
6 0.113000 0.914000 0.106000 0.934000 0.095000 0.929000 0.103000 0.909000
5 0.127000 0.914000 0.121000 0.932000 0.111000 0.929000 0.118000 0.911000
3 0.143000 0.926000 0.130000 0.927000 0.128000 0.910000 0.142000 0.909000
3 0.160000 0.925000 0.147000 0.925000 0.145000 0.900000 0.158000 0.899000
5 0.171000 0.938000 0.143000 0.939000 0.143000 0.932000 0.171000 0.930000
4 0.428000 0.870000 0.418000 0.870000 0.418000 0.851000 0.428000 0.851000
4 0.774000 0.927000 0.773000 0.945000 0.764000 0.945000 0.765000 0.926000
4 0.774000 0.928000 0.765000 0.928000 0.764000 0.911000 0.774000 0.910000
6 0.804000 0.845000 0.798000 0.846000 0.797000 0.834000 0.804000 0.833000
4 0.811000 0.933000 0.809000 0.951000 0.794000 0.949000 0.796000 0.931000
9 0.070000 0.073000 0.007000 0.074000 0.007000 0.035000 0.068000 0.034000
9 0.821000 0.700000 0.819000 0.767000 0.761000 0.765000 0.763000 0.698000
9 0.436000 0.702000 0.433000 0.768000 0.383000 0.765000 0.387000 0.699000
5 0.870000 0.105000 0.853000 0.105000 0.853000 0.097000 0.869000 0.097000
