4 0.668333 0.625000 0.663333 0.635000 0.476250 0.627500 0.481250 0.616250
6 0.380000 0.568750 0.375000 0.577500 0.265000 0.570000 0.268750 0.561250
4 0.265000 0.496250 0.260000 0.507500 0.171250 0.497500 0.176250 0.486250
5 0.213333 0.481250 0.206667 0.492500 0.118750 0.477500 0.123750 0.466250
3 0.160000 0.456250 0.156667 0.468750 0.081250 0.465000 0.083750 0.452500
6 0.108333 0.450000 0.105000 0.457500 0.056250 0.448750 0.060000 0.441250
4 0.076667 0.440000 0.071667 0.447500 0.035000 0.440000 0.038750 0.431250
6 0.036667 0.427500 0.033333 0.433750 0.005000 0.426250 0.007500 0.420000
4 0.851667 0.321250 0.815000 0.321250 0.612500 0.310000 0.638750 0.311250
4 0.756667 0.300000 0.750000 0.310000 0.542500 0.300000 0.547500 0.291250
6 0.786667 0.310000 0.783333 0.317500 0.563750 0.310000 0.567500 0.301250
4 0.786667 0.275000 0.781667 0.283750 0.565000 0.273750 0.568750 0.265000
4 0.753333 0.261250 0.748333 0.270000 0.540000 0.260000 0.542500 0.251250
3 0.708333 0.282500 0.701667 0.293750 0.486250 0.276250 0.491250 0.265000
4 0.716667 0.250000 0.711667 0.258750 0.510000 0.246250 0.513750 0.237500
6 0.675000 0.236250 0.670000 0.243750 0.477500 0.232500 0.480000 0.225000
6 0.646667 0.243750 0.641667 0.252500 0.453750 0.240000 0.457500 0.231250
6 0.595000 0.248750 0.590000 0.257500 0.416250 0.246250 0.421250 0.237500
4 0.586667 0.207500 0.581667 0.216250 0.412500 0.207500 0.416250 0.198750
6 0.556667 0.237500 0.551667 0.246250 0.392500 0.237500 0.397500 0.228750
6 0.520000 0.223750 0.515000 0.233750 0.356250 0.222500 0.360000 0.211250
6 0.548333 0.195000 0.543333 0.205000 0.385000 0.196250 0.388750 0.187500
6 0.470000 0.210000 0.465000 0.217500 0.325000 0.207500 0.328750 0.200000
4 0.433333 0.198750 0.428333 0.206250 0.298750 0.197500 0.302500 0.188750
4 0.396667 0.187500 0.391667 0.196250 0.272500 0.185000 0.276250 0.177500
4 0.363333 0.177500 0.358333 0.185000 0.246250 0.175000 0.250000 0.166250
6 0.331667 0.127500 0.328333 0.136250 0.225000 0.128750 0.227500 0.120000
6 0.306667 0.156250 0.301667 0.165000 0.198750 0.152500 0.202500 0.143750
4 0.265000 0.143750 0.260000 0.152500 0.162500 0.137500 0.166250 0.128750
4 0.211667 0.128750 0.208333 0.136250 0.136250 0.127500 0.138750 0.120000
4 0.258333 0.102500 0.253333 0.112500 0.167500 0.103750 0.171250 0.093750
6 0.223333 0.093750 0.218333 0.101250 0.145000 0.092500 0.148750 0.085000
4 0.175000 0.117500 0.170000 0.125000 0.103750 0.116250 0.107500 0.108750
5 0.185000 0.081250 0.178333 0.090000 0.108750 0.077500 0.112500 0.068750
6 0.141667 0.107500 0.136667 0.115000 0.081250 0.105000 0.085000 0.097500
4 0.100000 0.095000 0.096667 0.102500 0.051250 0.092500 0.055000 0.085000
4 0.063333 0.082500 0.058333 0.090000 0.020000 0.080000 0.023750 0.072500
6 0.073333 0.046250 0.066667 0.055000 0.030000 0.045000 0.033750 0.036250
6 0.033333 0.033750 0.030000 0.042500 0.001250 0.032500 0.003750 0.025000
3 1.000000 0.870000 0.981667 0.891250 0.723750 0.883750 0.750000 0.840000
6 0.945000 0.925000 0.933333 0.941250 0.692500 0.936250 0.700000 0.920000
6 0.925000 0.951250 0.901667 0.973750 0.667500 0.966250 0.683750 0.943750
