6 0.420000 0.181667 0.417500 0.191667 0.521667 0.178333 0.525000 0.168333
6 0.417500 0.215000 0.416250 0.226667 0.520000 0.218333 0.523333 0.206667
6 0.416250 0.280000 0.411250 0.290000 0.516667 0.270000 0.525000 0.260000
30 0.472500 0.316667 0.458750 0.316667 0.610000 0.261667 0.630000 0.261667
5 0.512500 0.070000 0.501250 0.070000 0.668333 0.036667 0.683333 0.036667
6 0.610000 0.153333 0.601250 0.155000 0.796667 0.126667 0.808333 0.125000
4 0.652500 0.100000 0.651250 0.113333 0.833333 0.111667 0.833333 0.100000
4 0.552500 0.283333 0.540000 0.283333 0.721667 0.251667 0.736667 0.251667
6 0.570000 0.300000 0.568750 0.326667 0.743333 0.326667 0.743333 0.298333
6 0.358750 0.433333 0.331250 0.431667 0.441667 0.420000 0.478333 0.420000
6 0.293750 0.433333 0.265000 0.431667 0.353333 0.420000 0.391667 0.421667
5 0.281250 0.493333 0.278750 0.505000 0.330000 0.496667 0.333333 0.483333
6 0.220000 0.515000 0.210000 0.515000 0.280000 0.490000 0.293333 0.490000
4 0.205000 0.526667 0.193750 0.526667 0.258333 0.500000 0.271667 0.500000
5 0.186250 0.520000 0.175000 0.520000 0.233333 0.486667 0.248333 0.486667
4 0.126250 0.490000 0.100000 0.490000 0.133333 0.476667 0.168333 0.476667
5 0.312500 0.668333 0.311250 0.683333 0.365000 0.683333 0.365000 0.668333
6 0.022500 0.620000 0.001250 0.623333 0.000000 0.613333 0.030000 0.610000
5 0.330000 0.871667 0.316250 0.901667 0.410000 0.895000 0.428333 0.863333
6 0.355000 0.790000 0.350000 0.813333 0.453333 0.808333 0.460000 0.785000
9 0.477500 0.478333 0.395000 0.480000 0.526667 0.420000 0.636667 0.418333
6 0.711250 0.430000 0.683750 0.430000 0.911667 0.416667 0.948333 0.418333
4 0.868750 0.416667 0.867500 0.428333 1.121667 0.428333 1.121667 0.416667
6 0.835000 0.470000 0.805000 0.471667 1.073333 0.458333 1.113333 0.458333
9 0.793750 0.415000 0.792500 0.475000 1.026667 0.475000 1.028333 0.415000
5 0.790000 0.268333 0.778750 0.270000 1.036667 0.233333 1.053333 0.233333
5 0.791250 0.301667 0.780000 0.301667 1.038333 0.271667 1.053333 0.270000
4 0.968750 0.261667 0.958750 0.265000 1.271667 0.236667 1.285000 0.233333
6 0.982500 0.258333 0.972500 0.260000 1.293333 0.236667 1.306667 0.235000
6 0.671250 0.716667 0.661250 0.716667 0.881667 0.686667 0.895000 0.686667
4 0.690000 0.710000 0.678750 0.710000 0.906667 0.680000 0.920000 0.680000
6 0.712500 0.703333 0.701250 0.703333 0.935000 0.676667 0.950000 0.676667
4 0.735000 0.650000 0.725000 0.651667 0.965000 0.625000 0.980000 0.625000
5 0.751250 0.626667 0.750000 0.656667 0.986667 0.655000 0.988333 0.626667
6 0.767500 0.630000 0.766250 0.653333 1.008333 0.653333 1.010000 0.628333
5 0.947500 0.741667 0.936250 0.745000 1.240000 0.713333 1.255000 0.710000
