6 0.673333 0.523750 0.658333 0.543750 0.482500 0.538750 0.495000 0.517500
4 0.618333 0.472500 0.603333 0.493750 0.442500 0.487500 0.452500 0.466250
6 0.598333 0.468750 0.581667 0.486250 0.428750 0.480000 0.441250 0.462500
5 0.723333 0.326250 0.713333 0.333750 0.515000 0.311250 0.523750 0.303750
6 0.623333 0.296250 0.590000 0.308750 0.436250 0.296250 0.462500 0.283750
6 0.596667 0.327500 0.561667 0.336250 0.417500 0.325000 0.442500 0.316250
4 0.568333 0.363750 0.528333 0.365000 0.395000 0.352500 0.425000 0.351250
6 0.546667 0.381250 0.508333 0.382500 0.381250 0.370000 0.408750 0.370000
4 0.595000 0.382500 0.593333 0.410000 0.428750 0.408750 0.431250 0.381250
4 0.663333 0.402500 0.648333 0.402500 0.485000 0.383750 0.496250 0.383750
5 0.685000 0.401250 0.668333 0.401250 0.500000 0.377500 0.512500 0.377500
6 0.708333 0.397500 0.691667 0.398750 0.516250 0.376250 0.528750 0.375000
6 0.728333 0.398750 0.713333 0.400000 0.532500 0.377500 0.543750 0.376250
6 0.750000 0.398750 0.731667 0.400000 0.547500 0.373750 0.561250 0.373750
4 0.740000 0.408750 0.738333 0.428750 0.542500 0.428750 0.542500 0.408750
5 0.776667 0.403750 0.771667 0.426250 0.567500 0.425000 0.571250 0.401250
4 0.795000 0.406250 0.790000 0.427500 0.580000 0.425000 0.583750 0.405000
6 0.918333 0.398750 0.896667 0.420000 0.663750 0.413750 0.678750 0.392500
6 0.965000 0.400000 0.955000 0.410000 0.695000 0.391250 0.702500 0.381250
4 0.963333 0.065000 0.931667 0.066250 0.697500 0.056250 0.722500 0.055000
6 0.938333 0.041250 0.903333 0.042500 0.677500 0.031250 0.703750 0.031250
6 0.608333 0.592500 0.603333 0.600000 0.437500 0.592500 0.440000 0.585000
6 0.601667 0.603750 0.596667 0.611250 0.428750 0.602500 0.433750 0.593750
6 0.593333 0.611250 0.588333 0.620000 0.422500 0.611250 0.426250 0.602500
6 0.586667 0.621250 0.580000 0.631250 0.413750 0.621250 0.418750 0.611250
6 0.575000 0.681250 0.555000 0.700000 0.406250 0.691250 0.421250 0.672500
6 0.576667 0.707500 0.561667 0.728750 0.411250 0.723750 0.422500 0.702500
6 0.618333 0.690000 0.600000 0.707500 0.442500 0.700000 0.455000 0.683750
6 0.633333 0.693750 0.615000 0.713750 0.453750 0.707500 0.466250 0.688750
4 0.650000 0.698750 0.631667 0.716250 0.465000 0.710000 0.478750 0.692500
4 0.610000 0.715000 0.595000 0.735000 0.436250 0.730000 0.447500 0.710000
6 0.626667 0.718750 0.615000 0.738750 0.451250 0.733750 0.461250 0.713750
6 0.638333 0.735000 0.618333 0.753750 0.455000 0.746250 0.470000 0.728750
4 0.711667 0.607500 0.693333 0.625000 0.512500 0.617500 0.526250 0.601250
4 0.740000 0.597500 0.726667 0.618750 0.533750 0.613750 0.545000 0.592500
4 0.731667 0.586250 0.715000 0.603750 0.528750 0.597500 0.541250 0.580000
6 0.776667 0.580000 0.760000 0.597500 0.561250 0.591250 0.573750 0.573750
6 0.761667 0.576250 0.745000 0.596250 0.551250 0.591250 0.563750 0.572500
6 0.755000 0.565000 0.738333 0.582500 0.545000 0.576250 0.557500 0.560000
6 0.801667 0.593750 0.781667 0.612500 0.578750 0.606250 0.593750 0.587500
6 0.885000 0.595000 0.870000 0.611250 0.643750 0.605000 0.655000 0.588750
6 0.870000 0.588750 0.853333 0.607500 0.630000 0.600000 0.643750 0.582500
4 0.848333 0.577500 0.830000 0.593750 0.612500 0.586250 0.626250 0.570000
4 0.820000 0.571250 0.800000 0.590000 0.591250 0.583750 0.606250 0.563750
4 0.806667 0.563750 0.788333 0.581250 0.583750 0.576250 0.597500 0.558750
6 0.793333 0.557500 0.781667 0.575000 0.577500 0.570000 0.586250 0.552500
6 0.780000 0.555000 0.765000 0.572500 0.565000 0.567500 0.576250 0.550000
4 0.770000 0.546250 0.753333 0.563750 0.556250 0.558750 0.567500 0.540000
3 0.528333 0.231250 0.508333 0.237500 0.361250 0.192500 0.377500 0.186250
3 0.493333 0.226250 0.473333 0.232500 0.342500 0.200000 0.357500 0.195000
3 0.465000 0.228750 0.448333 0.237500 0.315000 0.202500 0.327500 0.195000
6 0.353333 0.158750 0.325000 0.167500 0.240000 0.157500 0.261250 0.148750
3 0.343333 0.040000 0.323333 0.048750 0.226250 0.018750 0.242500 0.011250
6 0.313333 0.045000 0.298333 0.051250 0.210000 0.026250 0.221250 0.020000
6 0.270000 0.060000 0.256667 0.065000 0.182500 0.043750 0.193750 0.038750
9 0.903333 0.260000 0.820000 0.335000 0.476250 0.218750 0.540000 0.143750
