6 0.493333 0.025000 0.473333 0.025000 0.355000 0.017500 0.370000 0.018750
5 0.713333 0.011250 0.710000 0.023750 0.496250 0.012500 0.498750 0.001250
4 0.236667 0.103750 0.218333 0.107500 0.155000 0.081250 0.168750 0.077500
6 0.416667 0.133750 0.411667 0.143750 0.285000 0.136250 0.288750 0.126250
5 0.395000 0.195000 0.383333 0.222500 0.276250 0.218750 0.283750 0.191250
5 0.376667 0.171250 0.368333 0.195000 0.263750 0.191250 0.271250 0.167500
6 0.608333 0.168750 0.601667 0.195000 0.440000 0.192500 0.443750 0.167500
4 0.145000 0.255000 0.143333 0.266250 0.078750 0.260000 0.081250 0.248750
4 0.261667 0.242500 0.260000 0.251250 0.162500 0.246250 0.163750 0.237500
5 0.251667 0.262500 0.250000 0.272500 0.157500 0.268750 0.158750 0.258750
6 0.241667 0.285000 0.240000 0.295000 0.155000 0.291250 0.156250 0.281250
4 0.231667 0.306250 0.230000 0.315000 0.150000 0.311250 0.151250 0.302500
6 0.230000 0.327500 0.195000 0.326250 0.146250 0.316250 0.172500 0.317500
4 0.200000 0.388750 0.198333 0.398750 0.122500 0.396250 0.123750 0.386250
3 0.483333 0.200000 0.475000 0.228750 0.342500 0.226250 0.348750 0.196250
7 0.208333 0.613750 0.200000 0.640000 0.137500 0.636250 0.143750 0.611250
5 0.328333 0.652500 0.325000 0.662500 0.217500 0.656250 0.220000 0.646250
5 0.341667 0.690000 0.333333 0.716250 0.236250 0.712500 0.243750 0.686250
5 0.331667 0.718750 0.321667 0.741250 0.228750 0.737500 0.236250 0.715000
5 0.295000 0.711250 0.288333 0.733750 0.205000 0.731250 0.208750 0.710000
6 0.275000 0.708750 0.268333 0.731250 0.190000 0.728750 0.195000 0.706250
6 0.255000 0.710000 0.248333 0.730000 0.175000 0.727500 0.181250 0.707500
5 0.240000 0.706250 0.230000 0.730000 0.161250 0.726250 0.167500 0.702500
4 0.305000 0.773750 0.296667 0.795000 0.212500 0.791250 0.218750 0.771250
4 0.251667 0.768750 0.243333 0.788750 0.170000 0.785000 0.177500 0.765000
4 0.241667 0.791250 0.230000 0.811250 0.162500 0.807500 0.171250 0.787500
6 0.263333 0.787500 0.250000 0.815000 0.176250 0.811250 0.187500 0.783750
4 0.438333 0.875000 0.428333 0.882500 0.305000 0.866250 0.312500 0.858750
6 0.405000 0.887500 0.393333 0.896250 0.281250 0.881250 0.291250 0.872500
4 0.391667 0.898750 0.378333 0.906250 0.270000 0.888750 0.278750 0.881250
6 0.363333 0.913750 0.351667 0.921250 0.248750 0.905000 0.256250 0.897500
6 0.305000 0.948750 0.295000 0.956250 0.201250 0.936250 0.210000 0.927500
5 0.275000 0.963750 0.263333 0.971250 0.180000 0.951250 0.188750 0.943750
6 0.246667 0.992500 0.210000 0.997500 0.156250 0.988750 0.183750 0.983750
5 0.908333 0.916250 0.901667 0.928750 0.640000 0.913750 0.645000 0.901250
5 0.265000 0.972500 0.253333 0.982500 0.168750 0.962500 0.178750 0.953750
6 0.333333 0.928750 0.323333 0.936250 0.226250 0.921250 0.233750 0.913750
4 0.346667 0.922500 0.336667 0.928750 0.236250 0.912500 0.243750 0.906250
10 0.940000 0.821250 0.891667 0.833750 0.663750 0.821250 0.701250 0.808750
5 0.415000 0.193750 0.406667 0.217500 0.293750 0.213750 0.300000 0.190000
5 0.706667 0.025000 0.700000 0.037500 0.486250 0.025000 0.491250 0.012500
