18 0.579000 0.778000 0.573000 0.786000 0.553000 0.771000 0.559000 0.763000
18 0.574000 0.787000 0.571000 0.795000 0.535000 0.782000 0.538000 0.774000
18 0.608000 0.791000 0.603000 0.800000 0.579000 0.788000 0.583000 0.779000
18 0.613000 0.772000 0.607000 0.781000 0.580000 0.763000 0.586000 0.753000
18 0.578000 0.751000 0.573000 0.760000 0.545000 0.743000 0.550000 0.735000
18 0.601000 0.700000 0.595000 0.708000 0.566000 0.687000 0.572000 0.679000
18 0.613000 0.695000 0.608000 0.703000 0.576000 0.683000 0.581000 0.675000
6 0.780876 0.017080 0.775000 0.008000 0.792124 -0.003081 0.798000 0.006000
6 0.711000 0.052000 0.688000 0.060000 0.684000 0.050000 0.708000 0.042000
4 0.623000 0.090000 0.605000 0.102000 0.600000 0.093000 0.618000 0.082000
4 0.779000 0.268000 0.776000 0.278000 0.755000 0.272000 0.758000 0.262000
4 0.759000 0.315000 0.757000 0.323000 0.734000 0.317000 0.736000 0.309000
5 0.586000 0.461000 0.570000 0.483000 0.561000 0.476000 0.577000 0.454000
5 0.566000 0.451000 0.551000 0.474000 0.540000 0.466000 0.555000 0.444000
4 0.611000 0.425000 0.601000 0.440000 0.593000 0.434000 0.603000 0.419000
18 0.733000 0.518000 0.714000 0.546000 0.707000 0.541000 0.726000 0.513000
18 0.756000 0.487000 0.737000 0.515000 0.730000 0.510000 0.749000 0.482000
18 0.779000 0.457000 0.760000 0.484000 0.752000 0.479000 0.771000 0.452000
18 0.799000 0.429000 0.780000 0.458000 0.772000 0.452000 0.791000 0.424000
5 0.640000 0.274000 0.636000 0.284000 0.608000 0.273000 0.612000 0.263000
5 0.635000 0.429000 0.622000 0.450000 0.612000 0.444000 0.626000 0.423000
18 0.666000 0.242000 0.663000 0.251000 0.624000 0.238000 0.627000 0.229000
18 0.666000 0.261000 0.662000 0.272000 0.612000 0.254000 0.616000 0.243000
18 0.635000 0.298000 0.631000 0.308000 0.581000 0.288000 0.585000 0.279000
