5 0.541667 0.123750 0.508333 0.126250 0.381250 0.116250 0.405000 0.113750
4 0.940000 0.038750 0.901667 0.038750 0.676250 0.030000 0.705000 0.030000
6 0.645000 0.560000 0.633333 0.561250 0.472500 0.542500 0.482500 0.541250
6 0.488333 0.462500 0.456667 0.465000 0.341250 0.455000 0.365000 0.452500
6 0.418333 0.676250 0.400000 0.681250 0.291250 0.661250 0.305000 0.655000
6 0.656667 0.685000 0.640000 0.690000 0.471250 0.666250 0.483750 0.661250
4 0.680000 0.682500 0.661667 0.687500 0.488750 0.662500 0.501250 0.658750
4 0.688333 0.705000 0.671667 0.707500 0.500000 0.688750 0.511250 0.686250
5 0.580000 0.857500 0.568333 0.860000 0.420000 0.843750 0.428750 0.841250
6 0.380000 0.855000 0.365000 0.855000 0.273750 0.832500 0.283750 0.832500
4 0.235000 0.868750 0.216667 0.871250 0.158750 0.848750 0.171250 0.846250
