6 0.963333 0.950000 0.953333 0.955000 0.705000 0.941250 0.711250 0.936250
4 0.973333 0.933750 0.966667 0.940000 0.708750 0.928750 0.713750 0.922500
4 0.983333 0.908750 0.976667 0.915000 0.716250 0.902500 0.722500 0.895000
4 0.998333 0.887500 0.993333 0.895000 0.727500 0.881250 0.731250 0.876250
6 0.915000 0.846250 0.903333 0.846250 0.677500 0.827500 0.686250 0.827500
6 0.916667 0.805000 0.915000 0.825000 0.677500 0.825000 0.678750 0.803750
4 0.921667 0.775000 0.920000 0.801250 0.681250 0.801250 0.681250 0.775000
4 0.926667 0.752500 0.925000 0.773750 0.683750 0.773750 0.685000 0.752500
6 0.930000 0.752500 0.916667 0.752500 0.687500 0.730000 0.697500 0.730000
6 0.931667 0.726250 0.920000 0.726250 0.690000 0.705000 0.698750 0.705000
6 0.936667 0.680000 0.935000 0.702500 0.692500 0.702500 0.693750 0.680000
6 0.946667 0.632500 0.931667 0.632500 0.698750 0.611250 0.708750 0.611250
6 0.948333 0.605000 0.935000 0.605000 0.700000 0.582500 0.710000 0.581250
6 0.945000 0.576250 0.931667 0.580000 0.692500 0.558750 0.701250 0.556250
4 0.915000 0.530000 0.906667 0.536250 0.666250 0.521250 0.672500 0.515000
6 0.891667 0.512500 0.883333 0.518750 0.645000 0.503750 0.651250 0.496250
4 0.575000 0.542500 0.568333 0.568750 0.416250 0.567500 0.420000 0.541250
5 0.506667 0.542500 0.503333 0.567500 0.366250 0.566250 0.368750 0.541250
6 0.470000 0.542500 0.468333 0.567500 0.338750 0.566250 0.341250 0.542500
6 0.435000 0.565000 0.420000 0.565000 0.315000 0.541250 0.326250 0.541250
6 0.415000 0.540000 0.413333 0.565000 0.300000 0.565000 0.300000 0.540000
4 0.326667 0.537500 0.325000 0.557500 0.233750 0.557500 0.235000 0.537500
30 0.468333 0.453750 0.465000 0.487500 0.335000 0.486250 0.337500 0.453750
30 0.486667 0.456250 0.485000 0.488750 0.351250 0.488750 0.352500 0.456250
6 0.521667 0.458750 0.520000 0.483750 0.378750 0.483750 0.380000 0.458750
6 0.553333 0.458750 0.551667 0.485000 0.403750 0.483750 0.405000 0.458750
6 0.586667 0.485000 0.575000 0.485000 0.431250 0.463750 0.440000 0.463750
5 0.625000 0.465000 0.623333 0.485000 0.458750 0.485000 0.460000 0.463750
4 0.641667 0.465000 0.640000 0.486250 0.471250 0.486250 0.472500 0.463750
6 0.658333 0.466250 0.656667 0.488750 0.482500 0.488750 0.485000 0.466250
6 0.198333 0.253750 0.166667 0.253750 0.125000 0.245000 0.148750 0.246250
6 0.250000 0.250000 0.246667 0.260000 0.162500 0.255000 0.163750 0.245000
6 0.371667 0.301250 0.370000 0.310000 0.251250 0.308750 0.252500 0.300000
