2 0.080000 0.436667 0.072500 0.450000 0.033333 0.405000 0.043333 0.390000
2 0.075000 0.448333 0.066250 0.463333 0.030000 0.421667 0.040000 0.406667
2 0.063750 0.461667 0.056250 0.475000 0.020000 0.435000 0.030000 0.421667
2 0.075000 0.491667 0.043750 0.550000 0.046667 0.541667 0.088333 0.481667
2 0.065000 0.488333 0.037500 0.540000 0.036667 0.531667 0.073333 0.478333
2 0.057500 0.478333 0.030000 0.535000 0.025000 0.525000 0.061667 0.468333
2 0.046250 0.468333 0.018750 0.520000 0.011667 0.511667 0.048333 0.460000
2 0.037500 0.460000 0.011250 0.511667 0.001667 0.503333 0.038333 0.451667
2 0.028904 0.448031 0.000000 0.505000 -0.000000 0.479420 0.026667 0.440000
2 0.020000 0.600000 0.005000 0.626667 0.000000 0.621667 0.020000 0.595000
2 0.016316 0.591545 0.000000 0.621667 0.000000 0.607436 0.015000 0.586667
0 0.656250 0.053333 0.643750 0.153333 0.845000 0.151667 0.861667 0.051667
0 0.696250 0.030000 0.661250 0.281667 0.838333 0.275000 0.885000 0.023333
0 0.656250 0.340000 0.635000 0.501667 0.820000 0.498333 0.848333 0.335000
22 0.482500 0.293333 0.446250 0.361667 0.560000 0.338333 0.610000 0.268333
22 0.478750 0.403333 0.458750 0.441667 0.530000 0.383333 0.556667 0.345000
0 0.638750 0.610000 0.633750 0.616667 0.790000 0.578333 0.796667 0.570000
7 0.630000 0.586667 0.626250 0.595000 0.815000 0.581667 0.820000 0.573333
22 1.000000 0.231290 0.968750 0.195000 1.314939 0.168280 1.333333 0.184301
