6 0.150000 0.941250 0.138333 0.942500 0.102500 0.922500 0.111250 0.922500
4 0.200000 0.913750 0.168333 0.915000 0.126250 0.906250 0.150000 0.905000
6 0.153333 0.572500 0.150000 0.592500 0.106250 0.591250 0.106250 0.572500
4 0.155000 0.451250 0.153333 0.473750 0.105000 0.473750 0.106250 0.451250
6 0.153333 0.350000 0.141667 0.350000 0.105000 0.330000 0.115000 0.330000
6 0.200000 0.552500 0.168333 0.550000 0.127500 0.543750 0.150000 0.545000
4 0.206667 0.530000 0.205000 0.537500 0.133750 0.537500 0.133750 0.528750
6 0.776667 0.836250 0.763333 0.837500 0.571250 0.811250 0.581250 0.810000
4 0.726667 0.791250 0.716667 0.791250 0.537500 0.771250 0.543750 0.771250
4 0.821667 0.783750 0.795000 0.782500 0.596250 0.773750 0.616250 0.775000
4 0.908333 0.658750 0.906667 0.666250 0.661250 0.662500 0.662500 0.655000
6 0.791667 0.590000 0.766667 0.592500 0.575000 0.585000 0.593750 0.582500
6 0.938333 0.610000 0.920000 0.626250 0.683750 0.620000 0.697500 0.603750
4 0.990000 0.432500 0.988333 0.455000 0.732500 0.455000 0.732500 0.432500
4 0.906667 0.322500 0.905000 0.343750 0.668750 0.343750 0.668750 0.322500
6 0.941667 0.282500 0.930000 0.282500 0.697500 0.265000 0.706250 0.265000
4 0.213333 0.727500 0.170000 0.727500 0.128750 0.713750 0.160000 0.713750
6 0.210000 0.638750 0.178333 0.638750 0.133750 0.630000 0.157500 0.630000
