5 0.051667 0.736250 0.048333 0.755000 0.026250 0.753750 0.028750 0.735000
6 0.310000 0.752500 0.306667 0.770000 0.220000 0.768750 0.222500 0.751250
4 0.331667 0.752500 0.330000 0.770000 0.235000 0.768750 0.237500 0.751250
6 0.301667 0.651250 0.298333 0.670000 0.213750 0.668750 0.216250 0.650000
6 0.340000 0.652500 0.336667 0.671250 0.242500 0.670000 0.245000 0.651250
4 0.076667 0.393750 0.063333 0.395000 0.043750 0.373750 0.055000 0.372500
4 0.053333 0.392500 0.040000 0.393750 0.027500 0.375000 0.037500 0.373750
4 0.266667 0.378750 0.253333 0.380000 0.188750 0.358750 0.198750 0.358750
6 0.351667 0.330000 0.323333 0.330000 0.241250 0.321250 0.263750 0.321250
4 0.351667 0.278750 0.338333 0.281250 0.250000 0.260000 0.260000 0.258750
4 0.030000 0.298750 0.016667 0.300000 0.011250 0.281250 0.020000 0.280000
4 0.050000 0.296250 0.036667 0.297500 0.026250 0.277500 0.036250 0.276250
6 0.568333 0.370000 0.553333 0.371250 0.412500 0.348750 0.422500 0.346250
4 0.520000 0.316250 0.488333 0.317500 0.365000 0.310000 0.388750 0.307500
5 0.450000 0.300000 0.415000 0.301250 0.310000 0.293750 0.336250 0.291250
5 0.530000 0.295000 0.476667 0.297500 0.357500 0.287500 0.396250 0.285000
5 0.573333 0.291250 0.533333 0.293750 0.398750 0.285000 0.428750 0.282500
6 0.603333 0.253750 0.590000 0.253750 0.440000 0.237500 0.451250 0.236250
6 0.648333 0.258750 0.631667 0.258750 0.472500 0.237500 0.485000 0.236250
6 0.611667 0.353750 0.596667 0.356250 0.441250 0.332500 0.452500 0.328750
6 0.993333 0.471250 0.963333 0.472500 0.721250 0.463750 0.745000 0.462500
4 1.000000 0.812500 0.986667 0.812500 0.740000 0.793750 0.750000 0.793750
5 0.600000 0.666250 0.596667 0.688750 0.436250 0.688750 0.438750 0.665000
4 0.618333 0.667500 0.616667 0.690000 0.451250 0.688750 0.453750 0.667500
5 0.643333 0.667500 0.641667 0.685000 0.471250 0.685000 0.472500 0.666250
6 0.643333 0.686250 0.641667 0.711250 0.468750 0.710000 0.470000 0.685000
5 0.668333 0.690000 0.666667 0.710000 0.490000 0.710000 0.490000 0.690000
6 0.765000 0.720000 0.763333 0.728750 0.548750 0.723750 0.550000 0.716250
4 0.710000 0.043750 0.673333 0.045000 0.505000 0.036250 0.532500 0.035000
6 0.906667 0.036250 0.875000 0.042500 0.653750 0.033750 0.677500 0.026250
4 0.668333 0.670000 0.665000 0.688750 0.487500 0.687500 0.490000 0.668750
