9 0.379000 0.131000 0.376000 0.158000 0.344000 0.155000 0.346000 0.128000
6 0.579000 0.181000 0.550000 0.182000 0.550000 0.171000 0.579000 0.171000
4 0.456000 0.304000 0.446000 0.305000 0.443000 0.285000 0.453000 0.283000
4 0.435000 0.130000 0.426000 0.130000 0.425000 0.113000 0.434000 0.112000
4 0.434000 0.108000 0.426000 0.109000 0.424000 0.093000 0.432000 0.093000
5 0.138000 0.104000 0.137000 0.123000 0.128000 0.122000 0.129000 0.103000
4 0.106000 0.137000 0.096000 0.138000 0.094000 0.120000 0.104000 0.119000
4 0.103000 0.225000 0.094000 0.225000 0.094000 0.203000 0.103000 0.203000
4 0.136000 0.211000 0.128000 0.212000 0.126000 0.191000 0.134000 0.190000
4 0.134000 0.290000 0.133000 0.306000 0.123000 0.306000 0.124000 0.290000
4 0.133000 0.371000 0.132000 0.388000 0.122000 0.387000 0.123000 0.370000
6 0.341000 0.370000 0.339000 0.381000 0.313000 0.376000 0.315000 0.365000
6 0.020000 0.726000 0.011000 0.727000 0.010000 0.711000 0.019000 0.710000
4 0.035000 0.725000 0.025000 0.726000 0.022000 0.708000 0.032000 0.707000
4 0.247000 0.758000 0.225000 0.762000 0.223000 0.753000 0.246000 0.750000
4 0.096000 0.780000 0.077000 0.782000 0.076000 0.774000 0.095000 0.772000
4 0.119000 0.790000 0.098000 0.793000 0.096000 0.784000 0.118000 0.781000
5 0.072000 0.676000 0.046000 0.676000 0.046000 0.668000 0.072000 0.668000
6 0.071000 0.665000 0.048000 0.667000 0.048000 0.658000 0.071000 0.656000
6 0.070000 0.655000 0.049000 0.655000 0.049000 0.648000 0.070000 0.648000
6 0.098000 0.642000 0.097000 0.660000 0.088000 0.660000 0.089000 0.641000
6 0.097000 0.619000 0.096000 0.638000 0.088000 0.637000 0.089000 0.619000
4 0.072000 0.631000 0.051000 0.633000 0.051000 0.624000 0.072000 0.622000
4 0.070000 0.618000 0.051000 0.622000 0.049000 0.615000 0.068000 0.610000
4 0.014000 0.627000 0.004000 0.629000 0.000000 0.608000 0.010000 0.606000
9 0.133000 0.564000 0.083000 0.566000 0.081000 0.524000 0.131000 0.522000
4 0.231000 0.629000 0.222000 0.631000 0.218000 0.612000 0.227000 0.610000
5 0.316000 0.643000 0.305000 0.645000 0.301000 0.625000 0.312000 0.623000
6 0.266000 0.573000 0.258000 0.573000 0.257000 0.558000 0.266000 0.558000
4 0.280000 0.572000 0.270000 0.573000 0.270000 0.557000 0.279000 0.557000
4 0.292000 0.572000 0.283000 0.573000 0.281000 0.557000 0.291000 0.556000
4 0.394000 0.622000 0.375000 0.624000 0.374000 0.615000 0.393000 0.613000
6 0.398000 0.636000 0.379000 0.639000 0.378000 0.631000 0.397000 0.628000
4 0.452000 0.587000 0.444000 0.588000 0.440000 0.570000 0.448000 0.568000
5 0.684000 0.634000 0.673000 0.635000 0.671000 0.613000 0.683000 0.612000
4 0.782000 0.693000 0.761000 0.698000 0.757000 0.685000 0.779000 0.679000
