17 0.217500 1.000000 0.134722 1.000000 0.094595 0.961318 0.155000 0.951250
33 0.350000 0.870000 0.230000 0.897500 0.143750 0.803750 0.235000 0.776250
20 0.005188 0.861740 -0.030000 0.770000 0.066109 0.744510 0.092500 0.836250
33 0.575000 0.941250 0.446667 0.968750 0.307500 0.876250 0.405000 0.847500
33 0.709519 1.020153 0.669519 0.928903 0.586250 0.901250 0.616250 0.992500
35 0.765000 0.772500 0.636667 0.802500 0.450000 0.711250 0.546250 0.682500
29 0.670000 0.491250 0.533333 0.496250 0.395000 0.385000 0.497500 0.380000
33 0.506667 0.361250 0.390000 0.416250 0.237500 0.330000 0.326250 0.275000
35 0.411667 0.103750 0.281667 0.130000 0.186250 0.037500 0.282500 0.010000
17 0.685512 0.070283 0.621382 0.034843 0.500000 -0.011250 0.548097 0.024190
