4 0.645000 0.110000 0.630000 0.110000 0.470000 0.082500 0.481250 0.082500
9 0.711667 0.867500 0.648333 0.876250 0.478750 0.823750 0.526250 0.817500
6 0.376667 0.860000 0.356667 0.863750 0.258750 0.832500 0.273750 0.827500
6 0.785000 0.088750 0.770000 0.091250 0.571250 0.071250 0.582500 0.068750
6 0.966667 0.317500 0.936667 0.321250 0.701250 0.312500 0.723750 0.308750
6 0.838333 0.331250 0.808333 0.335000 0.605000 0.326250 0.627500 0.322500
4 0.793333 0.368750 0.763333 0.370000 0.571250 0.363750 0.595000 0.361250
6 0.701667 0.417500 0.688333 0.418750 0.513750 0.402500 0.522500 0.401250
4 0.591667 0.843750 0.560000 0.848750 0.417500 0.841250 0.442500 0.836250
4 0.588333 0.873750 0.560000 0.878750 0.417500 0.871250 0.440000 0.866250
5 0.505000 0.886250 0.468333 0.890000 0.350000 0.880000 0.377500 0.876250
6 0.260000 0.885000 0.228333 0.890000 0.170000 0.880000 0.193750 0.876250
6 0.186667 0.923750 0.160000 0.928750 0.118750 0.920000 0.138750 0.916250
4 0.183333 0.895000 0.156667 0.897500 0.116250 0.888750 0.136250 0.885000
4 0.550000 0.472500 0.536667 0.473750 0.398750 0.455000 0.408750 0.453750
4 0.106667 0.106250 0.093333 0.107500 0.066250 0.085000 0.076250 0.082500
4 0.085000 0.107500 0.068333 0.108750 0.050000 0.090000 0.062500 0.088750
4 0.741667 0.346250 0.715000 0.350000 0.535000 0.340000 0.555000 0.336250
