6 0.710000 0.013750 0.706667 0.030000 0.522500 0.028750 0.525000 0.012500
6 0.591667 0.013750 0.590000 0.032500 0.431250 0.032500 0.432500 0.012500
6 0.476667 0.203750 0.468333 0.223750 0.342500 0.221250 0.347500 0.201250
4 0.436667 0.197500 0.431667 0.216250 0.315000 0.213750 0.318750 0.195000
4 0.420000 0.193750 0.413333 0.213750 0.301250 0.211250 0.306250 0.191250
4 0.400000 0.190000 0.395000 0.215000 0.283750 0.212500 0.287500 0.188750
6 0.383333 0.192500 0.375000 0.210000 0.271250 0.207500 0.277500 0.188750
6 0.365000 0.187500 0.356667 0.206250 0.258750 0.203750 0.263750 0.185000
6 0.346667 0.186250 0.340000 0.205000 0.243750 0.202500 0.247500 0.183750
5 0.325000 0.182500 0.318333 0.205000 0.227500 0.202500 0.232500 0.180000
4 0.305000 0.183750 0.300000 0.203750 0.213750 0.201250 0.218750 0.181250
4 0.288333 0.176250 0.281667 0.198750 0.198750 0.196250 0.203750 0.173750
4 0.266667 0.178750 0.261667 0.196250 0.185000 0.195000 0.188750 0.176250
4 0.245000 0.176250 0.241667 0.196250 0.168750 0.193750 0.171250 0.173750
6 0.225000 0.173750 0.220000 0.192500 0.155000 0.190000 0.158750 0.172500
4 0.205000 0.170000 0.198333 0.187500 0.138750 0.185000 0.143750 0.166250
3 0.271667 0.217500 0.266667 0.228750 0.160000 0.220000 0.162500 0.208750
31 0.205000 0.216250 0.201667 0.246250 0.136250 0.245000 0.137500 0.216250
4 0.225000 0.233750 0.220000 0.253750 0.153750 0.251250 0.157500 0.232500
4 0.245000 0.236250 0.240000 0.256250 0.167500 0.253750 0.172500 0.233750
4 0.265000 0.238750 0.260000 0.258750 0.183750 0.257500 0.187500 0.236250
6 0.281667 0.240000 0.278333 0.261250 0.198750 0.260000 0.202500 0.238750
4 0.303333 0.241250 0.298333 0.262500 0.213750 0.261250 0.217500 0.240000
6 0.321667 0.246250 0.318333 0.266250 0.226250 0.263750 0.227500 0.243750
6 0.341667 0.247500 0.336667 0.268750 0.240000 0.267500 0.243750 0.245000
4 0.360000 0.253750 0.351667 0.271250 0.256250 0.268750 0.262500 0.251250
6 0.380000 0.255000 0.371667 0.275000 0.270000 0.272500 0.276250 0.252500
6 0.416667 0.255000 0.410000 0.276250 0.300000 0.275000 0.303750 0.253750
6 0.438333 0.262500 0.431667 0.280000 0.312500 0.277500 0.318750 0.258750
4 0.475000 0.265000 0.470000 0.285000 0.341250 0.282500 0.343750 0.262500
4 0.511667 0.270000 0.506667 0.290000 0.367500 0.287500 0.371250 0.267500
4 0.566667 0.275000 0.563333 0.295000 0.412500 0.295000 0.415000 0.273750
6 0.588333 0.281250 0.586667 0.300000 0.428750 0.298750 0.430000 0.280000
4 0.628333 0.283750 0.621667 0.303750 0.457500 0.302500 0.461250 0.281250
4 0.710000 0.453750 0.696667 0.453750 0.522500 0.433750 0.532500 0.433750
4 0.726667 0.455000 0.715000 0.455000 0.536250 0.435000 0.545000 0.435000
6 0.691667 0.435000 0.690000 0.452500 0.510000 0.452500 0.510000 0.435000
6 0.671667 0.452500 0.661667 0.452500 0.496250 0.433750 0.503750 0.433750
6 0.655000 0.452500 0.645000 0.452500 0.483750 0.433750 0.491250 0.433750
6 0.576667 0.447500 0.561667 0.447500 0.421250 0.427500 0.432500 0.427500
6 0.558333 0.445000 0.541667 0.445000 0.407500 0.427500 0.418750 0.427500
6 0.470000 0.518750 0.455000 0.518750 0.341250 0.498750 0.352500 0.498750
6 0.490000 0.518750 0.476667 0.518750 0.357500 0.500000 0.367500 0.500000
6 0.511667 0.500000 0.510000 0.518750 0.372500 0.517500 0.372500 0.500000
6 0.530000 0.518750 0.516667 0.518750 0.387500 0.501250 0.397500 0.501250
4 0.548333 0.518750 0.535000 0.518750 0.401250 0.498750 0.411250 0.498750
4 0.568333 0.497500 0.566667 0.518750 0.415000 0.517500 0.416250 0.497500
4 0.588333 0.517500 0.573333 0.517500 0.431250 0.497500 0.441250 0.498750
4 0.666667 0.525000 0.651667 0.525000 0.488750 0.505000 0.500000 0.505000
4 0.920000 0.461250 0.905000 0.461250 0.678750 0.440000 0.690000 0.440000
6 0.940000 0.463750 0.928333 0.463750 0.695000 0.445000 0.705000 0.445000
4 0.991667 0.467500 0.980000 0.467500 0.735000 0.450000 0.743750 0.450000
4 0.863333 0.485000 0.823333 0.485000 0.617500 0.476250 0.647500 0.476250
6 0.860000 0.542500 0.821667 0.542500 0.616250 0.533750 0.645000 0.533750
4 0.855000 0.560000 0.821667 0.560000 0.616250 0.551250 0.641250 0.551250
6 0.851667 0.572500 0.818333 0.571250 0.613750 0.562500 0.638750 0.562500
3 0.798333 0.597500 0.746667 0.596250 0.560000 0.586250 0.598750 0.587500
3 0.531667 0.536250 0.441667 0.533750 0.331250 0.523750 0.398750 0.526250
16 0.531667 0.542500 0.530000 0.555000 0.330000 0.551250 0.330000 0.538750
16 0.530000 0.566250 0.446667 0.563750 0.335000 0.555000 0.397500 0.556250
3 0.533333 0.583750 0.443333 0.581250 0.332500 0.570000 0.400000 0.571250
16 0.533333 0.597500 0.450000 0.596250 0.337500 0.585000 0.400000 0.585000
3 0.718333 0.680000 0.651667 0.677500 0.488750 0.667500 0.538750 0.670000
3 0.718333 0.695000 0.655000 0.695000 0.491250 0.685000 0.538750 0.685000
3 0.720000 0.710000 0.655000 0.710000 0.491250 0.700000 0.540000 0.700000
3 0.720000 0.726250 0.653333 0.725000 0.491250 0.713750 0.540000 0.715000
3 0.711667 0.741250 0.648333 0.740000 0.487500 0.730000 0.533750 0.731250
3 0.711667 0.757500 0.646667 0.755000 0.486250 0.743750 0.533750 0.746250
16 0.530000 0.612500 0.446667 0.610000 0.335000 0.600000 0.397500 0.602500
16 0.525000 0.650000 0.523333 0.661250 0.331250 0.655000 0.332500 0.645000
3 0.526667 0.675000 0.436667 0.672500 0.327500 0.662500 0.395000 0.663750
3 0.523333 0.695000 0.521667 0.703750 0.326250 0.701250 0.327500 0.691250
3 0.520000 0.720000 0.431667 0.718750 0.323750 0.707500 0.390000 0.710000
3 0.521667 0.736250 0.431667 0.733750 0.323750 0.723750 0.391250 0.725000
3 0.515000 0.750000 0.428333 0.748750 0.321250 0.738750 0.386250 0.740000
16 0.511667 0.765000 0.431667 0.763750 0.323750 0.753750 0.383750 0.756250
16 0.511667 0.788750 0.510000 0.798750 0.320000 0.796250 0.321250 0.786250
3 0.508333 0.811250 0.453333 0.810000 0.340000 0.800000 0.381250 0.801250
3 0.715000 0.803750 0.651667 0.800000 0.490000 0.791250 0.536250 0.793750
3 0.715000 0.816250 0.650000 0.817500 0.487500 0.807500 0.536250 0.807500
3 0.706667 0.823750 0.705000 0.833750 0.481250 0.832500 0.481250 0.822500
16 0.498333 0.871250 0.416667 0.868750 0.312500 0.858750 0.373750 0.860000
3 0.725000 0.880000 0.660000 0.877500 0.495000 0.867500 0.543750 0.870000
3 0.718333 0.895000 0.635000 0.892500 0.476250 0.883750 0.538750 0.886250
16 0.713333 0.910000 0.631667 0.907500 0.473750 0.898750 0.535000 0.900000
16 0.718333 0.926250 0.638333 0.925000 0.480000 0.915000 0.538750 0.917500
16 0.720000 0.940000 0.638333 0.938750 0.478750 0.930000 0.540000 0.931250
16 0.711667 0.957500 0.631667 0.955000 0.475000 0.945000 0.533750 0.946250
16 0.496667 0.892500 0.495000 0.901250 0.311250 0.900000 0.311250 0.890000
3 0.496667 0.938750 0.495000 0.948750 0.306250 0.946250 0.307500 0.935000
3 0.495000 0.963750 0.426667 0.962500 0.321250 0.952500 0.371250 0.953750
3 0.495000 0.970000 0.493333 0.981250 0.318750 0.977500 0.320000 0.967500
16 0.708333 0.971250 0.628333 0.968750 0.472500 0.960000 0.531250 0.962500
3 0.711667 0.986250 0.628333 0.985000 0.472500 0.973750 0.533750 0.976250
5 0.056667 0.508750 0.055000 0.517500 0.006250 0.512500 0.007500 0.503750
4 0.060000 0.492500 0.058333 0.502500 0.015000 0.498750 0.016250 0.488750
6 0.073333 0.448750 0.071667 0.455000 0.032500 0.451250 0.033750 0.443750
6 0.071667 0.437500 0.070000 0.443750 0.031250 0.440000 0.032500 0.432500
31 0.120000 0.370000 0.116667 0.381250 0.032500 0.370000 0.035000 0.358750
6 0.105000 0.341250 0.101667 0.352500 0.043750 0.348750 0.045000 0.336250
6 0.688333 0.287500 0.680000 0.310000 0.500000 0.307500 0.506250 0.285000
5 0.516667 0.205000 0.508333 0.231250 0.368750 0.227500 0.373750 0.202500
4 0.533333 0.208750 0.528333 0.228750 0.383750 0.226250 0.387500 0.206250
4 0.555000 0.210000 0.548333 0.227500 0.402500 0.223750 0.407500 0.207500
6 0.685000 0.228750 0.680000 0.247500 0.500000 0.245000 0.503750 0.227500
6 0.695000 0.202500 0.690000 0.221250 0.507500 0.220000 0.511250 0.200000
4 0.636667 0.197500 0.630000 0.210000 0.466250 0.207500 0.471250 0.195000
6 0.598333 0.192500 0.593333 0.211250 0.436250 0.208750 0.440000 0.191250
4 0.561667 0.190000 0.555000 0.206250 0.407500 0.203750 0.412500 0.187500
6 0.523333 0.187500 0.516667 0.203750 0.377500 0.201250 0.383750 0.183750
4 0.503333 0.181250 0.498333 0.201250 0.363750 0.198750 0.368750 0.180000
4 0.466667 0.175000 0.461667 0.196250 0.335000 0.195000 0.338750 0.173750
6 0.390000 0.163750 0.383333 0.183750 0.280000 0.182500 0.283750 0.162500
4 0.370000 0.166250 0.363333 0.183750 0.263750 0.181250 0.268750 0.163750
4 0.331667 0.160000 0.328333 0.178750 0.236250 0.177500 0.238750 0.158750
4 0.296667 0.153750 0.290000 0.173750 0.206250 0.171250 0.210000 0.150000
4 0.276667 0.153750 0.271667 0.172500 0.195000 0.171250 0.198750 0.151250
5 0.256667 0.148750 0.251667 0.173750 0.176250 0.171250 0.180000 0.147500
4 0.235000 0.145000 0.228333 0.168750 0.161250 0.167500 0.167500 0.142500
4 0.213333 0.146250 0.206667 0.166250 0.146250 0.163750 0.151250 0.145000
6 0.240000 0.093750 0.235000 0.113750 0.165000 0.111250 0.168750 0.092500
6 0.263333 0.093750 0.258333 0.113750 0.181250 0.111250 0.186250 0.091250
4 0.283333 0.098750 0.276667 0.117500 0.200000 0.116250 0.205000 0.096250
6 0.325000 0.100000 0.321667 0.118750 0.227500 0.117500 0.230000 0.098750
4 0.341667 0.103750 0.338333 0.122500 0.245000 0.121250 0.247500 0.103750
4 0.380000 0.110000 0.376667 0.125000 0.272500 0.123750 0.275000 0.108750
6 0.418333 0.112500 0.411667 0.132500 0.300000 0.130000 0.305000 0.110000
5 0.458333 0.117500 0.451667 0.140000 0.325000 0.137500 0.330000 0.115000
4 0.496667 0.126250 0.490000 0.145000 0.356250 0.141250 0.362500 0.122500
4 0.516667 0.126250 0.508333 0.145000 0.370000 0.141250 0.376250 0.122500
5 0.535000 0.125000 0.526667 0.142500 0.383750 0.138750 0.390000 0.121250
4 0.573333 0.135000 0.565000 0.152500 0.415000 0.148750 0.420000 0.132500
4 0.610000 0.135000 0.605000 0.156250 0.443750 0.153750 0.447500 0.132500
6 0.628333 0.136250 0.623333 0.156250 0.458750 0.153750 0.461250 0.135000
4 0.685000 0.141250 0.680000 0.161250 0.500000 0.160000 0.503750 0.140000
6 0.723333 0.150000 0.720000 0.168750 0.531250 0.167500 0.533750 0.148750
