6 0.940000 0.341000 0.918000 0.342000 0.918000 0.333000 0.939000 0.333000
4 0.930000 0.055000 0.908000 0.055000 0.908000 0.047000 0.930000 0.046000
4 0.872000 0.054000 0.854000 0.054000 0.854000 0.048000 0.872000 0.048000
6 0.842000 0.054000 0.819000 0.055000 0.819000 0.048000 0.841000 0.047000
6 0.777000 0.053000 0.753000 0.054000 0.753000 0.046000 0.777000 0.046000
4 0.746000 0.053000 0.725000 0.054000 0.725000 0.045000 0.746000 0.045000
4 0.657000 0.053000 0.634000 0.053000 0.634000 0.042000 0.657000 0.042000
6 0.548000 0.050000 0.526000 0.051000 0.526000 0.042000 0.548000 0.042000
4 0.522000 0.050000 0.500000 0.050000 0.500000 0.042000 0.522000 0.042000
6 0.459000 0.051000 0.437000 0.051000 0.437000 0.043000 0.459000 0.043000
6 0.337000 0.123000 0.331000 0.123000 0.331000 0.109000 0.337000 0.109000
6 0.292000 0.153000 0.270000 0.153000 0.270000 0.145000 0.292000 0.145000
4 0.686000 0.470000 0.665000 0.470000 0.665000 0.464000 0.686000 0.463000
6 0.492000 0.467000 0.473000 0.468000 0.472000 0.461000 0.491000 0.460000
4 0.967000 0.929000 0.947000 0.930000 0.947000 0.922000 0.967000 0.922000
4 0.330000 0.998000 0.321000 0.998000 0.321000 0.982000 0.329000 0.982000
4 0.328000 0.962000 0.320000 0.962000 0.320000 0.948000 0.327000 0.948000
4 0.329000 0.946000 0.321000 0.946000 0.321000 0.930000 0.329000 0.930000
6 0.330000 0.927000 0.320000 0.928000 0.320000 0.912000 0.330000 0.912000
6 0.330000 0.909000 0.321000 0.909000 0.319000 0.888000 0.328000 0.887000
4 0.330000 0.691000 0.323000 0.691000 0.323000 0.674000 0.330000 0.674000
6 0.022000 0.952000 0.013000 0.952000 0.013000 0.934000 0.022000 0.934000
4 0.046000 0.999000 0.038000 0.999000 0.038000 0.984000 0.046000 0.984000
5 0.050000 0.917000 0.049000 0.937000 0.039000 0.937000 0.039000 0.917000
4 0.047000 0.956000 0.039000 0.956000 0.040000 0.939000 0.047000 0.940000
4 0.022000 0.957000 0.020000 0.974000 0.012000 0.974000 0.013000 0.957000
6 0.824000 0.529000 0.815000 0.529000 0.816000 0.512000 0.824000 0.512000
4 0.985000 0.473000 0.963000 0.473000 0.964000 0.464000 0.985000 0.464000
