4 0.991250 0.610000 0.990000 0.640000 1.305000 0.640000 1.305000 0.610000
4 0.975000 0.640000 0.962500 0.640000 1.283333 0.610000 1.300000 0.610000
6 0.957500 0.638333 0.946250 0.640000 1.260000 0.613333 1.276667 0.613333
4 0.802500 0.255000 0.788750 0.255000 1.051667 0.228333 1.070000 0.228333
4 0.826250 0.190000 0.825000 0.216667 1.083333 0.216667 1.085000 0.190000
6 0.827500 0.110000 0.813750 0.110000 1.085000 0.075000 1.103333 0.075000
4 0.722500 0.146667 0.708750 0.145000 0.945000 0.116667 0.963333 0.118333
5 0.681250 0.140000 0.666250 0.140000 0.890000 0.110000 0.908333 0.111667
6 0.695000 0.138333 0.683750 0.138333 0.908333 0.111667 0.925000 0.111667
6 0.742500 0.056667 0.731250 0.056667 0.975000 0.031667 0.990000 0.031667
4 0.673750 0.068333 0.658750 0.068333 0.878333 0.035000 0.898333 0.035000
4 0.655000 0.075000 0.642500 0.075000 0.855000 0.043333 0.870000 0.043333
4 0.641250 0.070000 0.627500 0.070000 0.836667 0.038333 0.855000 0.038333
6 0.615000 0.031667 0.601250 0.030000 0.801667 0.003333 0.820000 0.003333
3 0.617500 0.103333 0.613750 0.138333 0.795000 0.135000 0.801667 0.100000
4 0.576250 0.145000 0.547500 0.146667 0.730000 0.133333 0.766667 0.131667
6 0.577500 0.098333 0.548750 0.098333 0.731667 0.086667 0.770000 0.086667
4 0.576250 0.083333 0.547500 0.083333 0.730000 0.071667 0.768333 0.071667
4 0.575000 0.066667 0.547500 0.066667 0.730000 0.056667 0.766667 0.056667
4 0.577500 0.053333 0.551250 0.053333 0.735000 0.043333 0.770000 0.041667
6 0.577500 0.035000 0.548750 0.035000 0.731667 0.021667 0.770000 0.021667
4 0.506250 0.145000 0.477500 0.145000 0.636667 0.133333 0.675000 0.133333
4 0.508750 0.128333 0.477500 0.128333 0.636667 0.115000 0.678333 0.116667
4 0.508750 0.111667 0.480000 0.111667 0.638333 0.098333 0.678333 0.098333
6 0.506250 0.093333 0.470000 0.095000 0.626667 0.081667 0.675000 0.081667
4 0.505000 0.078333 0.476250 0.080000 0.635000 0.070000 0.673333 0.068333
6 0.507500 0.060000 0.481250 0.061667 0.641667 0.051667 0.676667 0.050000
4 0.431250 0.081667 0.430000 0.093333 0.533333 0.093333 0.533333 0.081667
4 0.430000 0.110000 0.400000 0.108333 0.533333 0.096667 0.573333 0.098333
4 0.430000 0.125000 0.402500 0.123333 0.536667 0.113333 0.573333 0.113333
4 0.427500 0.135000 0.426250 0.148333 0.533333 0.145000 0.533333 0.131667
6 0.550000 0.365000 0.527500 0.381667 0.695000 0.368333 0.725000 0.351667
5 0.570000 0.346667 0.566250 0.370000 0.736667 0.365000 0.741667 0.341667
4 0.371250 0.191667 0.342500 0.191667 0.455000 0.180000 0.495000 0.180000
4 0.370000 0.178333 0.342500 0.178333 0.456667 0.166667 0.493333 0.168333
4 0.398750 0.180000 0.371250 0.178333 0.495000 0.165000 0.531667 0.166667
6 0.398750 0.163333 0.371250 0.163333 0.495000 0.151667 0.531667 0.151667
4 0.371250 0.166667 0.343750 0.165000 0.460000 0.153333 0.495000 0.155000
4 0.366250 0.153333 0.340000 0.153333 0.453333 0.140000 0.488333 0.140000
4 0.398750 0.151667 0.367500 0.151667 0.490000 0.138333 0.531667 0.138333
6 0.395000 0.136667 0.368750 0.136667 0.491667 0.125000 0.526667 0.126667
6 0.367500 0.136667 0.338750 0.136667 0.451667 0.123333 0.490000 0.125000
4 0.338750 0.175000 0.326250 0.175000 0.435000 0.145000 0.451667 0.145000
4 0.375000 0.066667 0.363750 0.086667 0.475000 0.080000 0.490000 0.060000
6 0.390000 0.056667 0.387500 0.066667 0.480000 0.050000 0.485000 0.040000
6 0.398750 0.043333 0.393750 0.056667 0.491667 0.040000 0.498333 0.028333
4 0.400000 0.030000 0.396250 0.040000 0.500000 0.026667 0.503333 0.016667
6 0.400000 0.018333 0.368750 0.020000 0.491667 0.005000 0.533333 0.005000
4 0.366250 0.023333 0.338750 0.020000 0.453333 0.008333 0.488333 0.010000
6 0.290000 0.081667 0.276250 0.083333 0.366667 0.055000 0.385000 0.053333
4 0.245000 0.013333 0.243750 0.023333 0.291667 0.021667 0.291667 0.011667
4 0.271250 0.018333 0.270000 0.030000 0.326667 0.023333 0.328333 0.011667
4 0.243750 0.038333 0.217500 0.036667 0.291667 0.023333 0.325000 0.026667
4 0.271250 0.031667 0.270000 0.043333 0.326667 0.038333 0.328333 0.026667
4 0.270000 0.045000 0.268750 0.056667 0.326667 0.053333 0.328333 0.041667
6 0.245000 0.053333 0.218750 0.050000 0.291667 0.038333 0.326667 0.041667
6 0.242500 0.065000 0.217500 0.063333 0.291667 0.053333 0.323333 0.053333
4 0.272500 0.060000 0.271250 0.071667 0.325000 0.066667 0.325000 0.055000
4 0.272500 0.075000 0.270000 0.086667 0.323333 0.080000 0.326667 0.068333
4 0.240000 0.076667 0.217500 0.076667 0.290000 0.065000 0.320000 0.066667
4 0.202500 0.103333 0.190000 0.105000 0.253333 0.071667 0.270000 0.071667
6 0.186250 0.148333 0.173750 0.148333 0.231667 0.121667 0.248333 0.121667
4 0.247500 0.101667 0.217500 0.101667 0.291667 0.090000 0.330000 0.091667
4 0.247500 0.120000 0.217500 0.118333 0.290000 0.103333 0.330000 0.105000
4 0.277500 0.120000 0.247500 0.120000 0.330000 0.106667 0.370000 0.106667
4 0.276250 0.121667 0.275000 0.133333 0.330000 0.133333 0.330000 0.121667
4 0.245000 0.133333 0.218750 0.133333 0.291667 0.123333 0.326667 0.123333
6 0.247500 0.148333 0.218750 0.146667 0.291667 0.133333 0.330000 0.135000
4 0.277500 0.146667 0.251250 0.146667 0.335000 0.136667 0.370000 0.135000
6 0.282500 0.163333 0.250000 0.163333 0.333333 0.148333 0.376667 0.148333
6 0.247500 0.163333 0.217500 0.161667 0.290000 0.150000 0.330000 0.151667
6 0.248750 0.176667 0.217500 0.176667 0.290000 0.163333 0.331667 0.165000
6 0.251250 0.193333 0.218750 0.193333 0.291667 0.178333 0.335000 0.178333
5 0.286250 0.193333 0.253750 0.191667 0.338333 0.178333 0.381667 0.180000
4 0.183750 0.233333 0.171250 0.233333 0.226667 0.203333 0.245000 0.203333
4 0.405000 0.258333 0.401250 0.270000 0.503333 0.258333 0.508333 0.246667
6 0.408750 0.288333 0.382500 0.288333 0.510000 0.278333 0.545000 0.278333
4 0.455000 0.355000 0.423750 0.355000 0.565000 0.341667 0.606667 0.341667
4 0.367500 0.361667 0.352500 0.361667 0.470000 0.338333 0.488333 0.336667
4 0.307500 0.438333 0.293750 0.438333 0.393333 0.411667 0.410000 0.411667
6 0.323750 0.438333 0.310000 0.438333 0.413333 0.408333 0.431667 0.410000
6 0.186250 0.415000 0.170000 0.415000 0.225000 0.378333 0.245000 0.378333
6 0.183750 0.530000 0.172500 0.528333 0.230000 0.500000 0.245000 0.500000
3 0.290000 0.528333 0.251250 0.528333 0.335000 0.513333 0.386667 0.513333
6 0.328750 0.548333 0.327500 0.558333 0.418333 0.558333 0.418333 0.548333
4 0.250000 0.565000 0.220000 0.566667 0.293333 0.553333 0.333333 0.551667
6 0.246250 0.578333 0.218750 0.578333 0.291667 0.568333 0.328333 0.568333
6 0.243750 0.581667 0.242500 0.593333 0.288333 0.591667 0.288333 0.581667
5 0.247500 0.598333 0.246250 0.611667 0.283333 0.610000 0.283333 0.596667
4 0.240000 0.626667 0.213750 0.623333 0.286667 0.611667 0.320000 0.613333
4 0.326250 0.606667 0.296250 0.605000 0.398333 0.593333 0.435000 0.595000
4 0.330000 0.620000 0.298750 0.620000 0.398333 0.608333 0.440000 0.606667
6 0.327500 0.635000 0.303750 0.635000 0.405000 0.623333 0.436667 0.623333
6 0.250000 0.713333 0.216250 0.713333 0.288333 0.701667 0.333333 0.701667
4 0.248750 0.683333 0.218750 0.683333 0.291667 0.670000 0.331667 0.670000
4 0.250000 0.670000 0.220000 0.666667 0.293333 0.653333 0.333333 0.655000
4 0.245000 0.651667 0.218750 0.653333 0.290000 0.641667 0.326667 0.640000
6 0.186250 0.668333 0.171250 0.668333 0.228333 0.633333 0.248333 0.633333
6 0.202500 0.673333 0.190000 0.673333 0.255000 0.636667 0.270000 0.636667
4 0.326250 0.675000 0.306250 0.676667 0.406667 0.663333 0.435000 0.663333
6 0.333750 0.691667 0.305000 0.691667 0.408333 0.680000 0.445000 0.680000
6 0.338750 0.706667 0.311250 0.708333 0.415000 0.696667 0.450000 0.695000
4 0.403750 0.601667 0.402500 0.628333 0.520000 0.626667 0.523333 0.601667
6 0.425000 0.628333 0.411250 0.626667 0.548333 0.601667 0.566667 0.601667
5 0.438750 0.630000 0.427500 0.630000 0.568333 0.601667 0.585000 0.601667
4 0.455000 0.600000 0.453750 0.625000 0.590000 0.623333 0.591667 0.600000
4 0.467500 0.616667 0.456250 0.616667 0.608333 0.593333 0.620000 0.593333
4 0.423750 0.655000 0.411250 0.655000 0.545000 0.628333 0.563333 0.628333
5 0.408750 0.660000 0.393750 0.660000 0.525000 0.628333 0.545000 0.630000
6 0.407500 0.670000 0.386250 0.698333 0.503333 0.685000 0.530000 0.656667
25 0.470000 0.645000 0.432500 0.655000 0.573333 0.640000 0.623333 0.630000
4 0.463750 0.658333 0.440000 0.663333 0.585000 0.651667 0.616667 0.646667
6 0.471250 0.675000 0.441250 0.676667 0.588333 0.665000 0.626667 0.665000
4 0.433750 0.691667 0.403750 0.693333 0.538333 0.681667 0.578333 0.681667
4 0.438750 0.678333 0.411250 0.680000 0.548333 0.670000 0.585000 0.668333
6 0.462500 0.691667 0.437500 0.691667 0.583333 0.680000 0.615000 0.678333
4 0.431250 0.710000 0.396250 0.708333 0.528333 0.695000 0.575000 0.696667
5 0.468750 0.708333 0.437500 0.706667 0.585000 0.693333 0.625000 0.695000
5 0.427500 0.725000 0.392500 0.725000 0.523333 0.711667 0.570000 0.711667
6 0.465000 0.721667 0.431250 0.723333 0.575000 0.711667 0.620000 0.711667
4 0.465000 0.738333 0.438750 0.738333 0.585000 0.726667 0.620000 0.726667
4 0.437500 0.738333 0.408750 0.738333 0.545000 0.726667 0.583333 0.726667
4 0.407500 0.735000 0.380000 0.736667 0.506667 0.728333 0.543333 0.726667
4 0.182500 0.736667 0.170000 0.738333 0.225000 0.706667 0.241667 0.706667
6 0.257500 0.738333 0.223750 0.740000 0.295000 0.725000 0.343333 0.725000
6 0.186250 0.796667 0.172500 0.798333 0.230000 0.770000 0.248333 0.768333
6 0.183750 0.846667 0.171250 0.846667 0.228333 0.818333 0.243333 0.816667
6 0.240000 0.883333 0.225000 0.883333 0.300000 0.850000 0.318333 0.850000
5 0.253750 0.968333 0.240000 0.968333 0.318333 0.933333 0.338333 0.931667
4 0.270000 0.941667 0.268750 0.966667 0.341667 0.966667 0.341667 0.940000
6 0.287500 0.936667 0.286250 0.966667 0.363333 0.966667 0.365000 0.935000
4 0.301250 0.966667 0.290000 0.966667 0.386667 0.936667 0.401667 0.936667
6 0.315000 0.966667 0.305000 0.966667 0.406667 0.940000 0.420000 0.940000
6 0.351250 0.965000 0.340000 0.966667 0.453333 0.940000 0.466667 0.940000
4 0.398750 0.966667 0.387500 0.966667 0.516667 0.938333 0.531667 0.938333
4 0.415000 0.966667 0.403750 0.965000 0.538333 0.938333 0.553333 0.938333
4 0.431250 0.938333 0.430000 0.966667 0.558333 0.966667 0.560000 0.936667
4 0.446250 0.968333 0.435000 0.968333 0.580000 0.940000 0.595000 0.940000
5 0.465000 0.970000 0.451250 0.971667 0.600000 0.938333 0.620000 0.936667
3 0.191250 0.878333 0.190000 0.930000 0.228333 0.928333 0.230000 0.878333
4 0.202500 0.925000 0.192500 0.925000 0.255000 0.901667 0.270000 0.901667
4 0.182500 0.971667 0.170000 0.971667 0.226667 0.941667 0.241667 0.941667
6 0.103750 0.823333 0.071250 0.823333 0.095000 0.810000 0.138333 0.810000
6 0.090000 0.801667 0.065000 0.800000 0.086667 0.790000 0.120000 0.790000
4 0.020000 0.790000 0.000000 0.790000 0.000000 0.780000 0.026667 0.780000
4 0.015000 0.673333 0.003750 0.673333 0.005000 0.646667 0.020000 0.646667
4 0.031250 0.668333 0.021250 0.668333 0.028333 0.645000 0.041667 0.645000
4 0.066250 0.673333 0.052500 0.673333 0.070000 0.645000 0.088333 0.645000
4 0.097500 0.523333 0.092500 0.533333 0.093333 0.515000 0.100000 0.503333
4 0.041250 0.311667 0.021250 0.311667 0.028333 0.300000 0.055000 0.300000
5 0.058750 0.223333 0.012500 0.221667 0.016667 0.206667 0.078333 0.208333
4 0.046250 0.333333 0.045000 0.345000 0.023333 0.343333 0.023333 0.331667
4 0.047500 0.360000 0.015000 0.360000 0.020000 0.346667 0.063333 0.346667
5 0.050000 0.328333 0.015000 0.328333 0.020000 0.318333 0.066667 0.316667
6 0.966250 0.785000 0.941250 0.796667 1.251667 0.785000 1.285000 0.775000
4 0.908750 0.830000 0.905000 0.843333 1.160000 0.826667 1.165000 0.813333
6 0.907500 0.851667 0.902500 0.866667 1.161667 0.848333 1.170000 0.833333
6 0.900000 0.868333 0.897500 0.880000 1.156667 0.863333 1.161667 0.851667
6 0.908750 0.890000 0.903750 0.906667 1.161667 0.886667 1.168333 0.870000
6 0.911250 0.915000 0.905000 0.928333 1.175000 0.910000 1.183333 0.896667
6 0.902500 0.930000 0.897500 0.941667 1.160000 0.921667 1.166667 0.911667
4 0.825000 0.941667 0.813750 0.941667 1.083333 0.913333 1.096667 0.913333
6 0.785000 0.925000 0.772500 0.925000 1.030000 0.895000 1.046667 0.896667
6 0.785000 0.980000 0.772500 0.980000 1.030000 0.955000 1.045000 0.955000
5 0.625000 0.730000 0.623750 0.760000 0.815000 0.760000 0.818333 0.730000
4 0.591250 0.756667 0.580000 0.756667 0.773333 0.730000 0.788333 0.730000
6 0.576250 0.755000 0.563750 0.753333 0.751667 0.728333 0.768333 0.728333
4 0.555000 0.755000 0.543750 0.756667 0.723333 0.730000 0.738333 0.730000
4 0.540000 0.753333 0.526250 0.755000 0.700000 0.730000 0.718333 0.728333
6 0.717500 0.720000 0.705000 0.720000 0.938333 0.695000 0.955000 0.695000
4 0.682500 0.718333 0.670000 0.718333 0.895000 0.693333 0.910000 0.693333
6 0.663750 0.718333 0.651250 0.718333 0.868333 0.691667 0.885000 0.691667
4 0.577500 0.693333 0.576250 0.718333 0.751667 0.718333 0.753333 0.691667
4 0.670000 0.638333 0.658750 0.638333 0.876667 0.611667 0.893333 0.610000
6 0.652500 0.638333 0.642500 0.638333 0.855000 0.608333 0.870000 0.608333
4 0.606250 0.640000 0.592500 0.640000 0.790000 0.611667 0.808333 0.611667
4 0.521250 0.638333 0.510000 0.636667 0.680000 0.610000 0.695000 0.610000
4 0.311250 0.111667 0.298750 0.111667 0.398333 0.083333 0.415000 0.083333
4 0.323750 0.110000 0.312500 0.110000 0.416667 0.085000 0.431667 0.085000
4 0.338750 0.081667 0.337500 0.108333 0.435000 0.108333 0.435000 0.081667
6 0.352500 0.108333 0.340000 0.108333 0.453333 0.081667 0.468333 0.080000
4 0.337500 0.140000 0.326250 0.143333 0.428333 0.113333 0.443333 0.110000
4 0.356250 0.121667 0.333750 0.123333 0.445000 0.111667 0.475000 0.111667
4 0.990000 0.268333 0.982500 0.278333 1.291667 0.258333 1.301667 0.248333
4 0.967500 0.270000 0.957500 0.278333 1.260000 0.253333 1.271667 0.245000
4 0.942500 0.266667 0.932500 0.276667 1.221667 0.251667 1.236667 0.240000
6 0.926250 0.300000 0.906250 0.318333 1.200000 0.306667 1.226667 0.288333
6 0.923750 0.321667 0.905000 0.340000 1.196667 0.328333 1.221667 0.310000
5 0.923750 0.423333 0.918750 0.435000 1.193333 0.416667 1.200000 0.405000
6 0.785000 0.451667 0.772500 0.450000 1.031667 0.425000 1.046667 0.426667
4 0.822500 0.455000 0.811250 0.455000 1.081667 0.426667 1.096667 0.426667
6 0.803750 0.466667 0.791250 0.466667 1.056667 0.440000 1.071667 0.441667
6 0.785000 0.486667 0.773750 0.486667 1.033333 0.460000 1.046667 0.461667
4 0.785000 0.526667 0.772500 0.525000 1.031667 0.500000 1.046667 0.500000
6 0.785000 0.566667 0.775000 0.566667 1.031667 0.543333 1.046667 0.541667
6 0.883750 0.558333 0.868750 0.558333 1.158333 0.523333 1.176667 0.523333
4 0.981250 0.556667 0.967500 0.556667 1.290000 0.526667 1.308333 0.526667
6 0.997500 0.556667 0.986250 0.556667 1.315000 0.531667 1.330000 0.531667
6 0.953750 0.746667 0.922500 0.745000 1.230000 0.731667 1.271667 0.733333
4 0.986250 0.730000 0.968750 0.751667 1.281667 0.741667 1.306667 0.720000
4 0.916250 0.640000 0.905000 0.641667 1.205000 0.611667 1.221667 0.610000
4 0.932500 0.640000 0.920000 0.640000 1.226667 0.611667 1.243333 0.611667
4 0.468750 0.531667 0.465000 0.545000 0.593333 0.533333 0.595000 0.521667
6 0.540000 0.835000 0.526250 0.838333 0.698333 0.818333 0.718333 0.815000
4 0.558750 0.830000 0.543750 0.831667 0.723333 0.808333 0.743333 0.805000
4 0.620000 0.833333 0.608750 0.833333 0.810000 0.813333 0.825000 0.813333
4 0.670000 0.818333 0.668750 0.831667 0.875000 0.831667 0.876667 0.816667
