4 0.640000 0.280000 0.633333 0.288750 0.451250 0.276250 0.456250 0.267500
9 0.968333 0.585000 0.966667 0.663750 0.641250 0.662500 0.642500 0.582500
3 0.083333 0.078750 0.023333 0.076250 0.017500 0.062500 0.062500 0.065000
6 0.230000 0.115000 0.186667 0.115000 0.140000 0.105000 0.172500 0.103750
6 0.285000 0.113750 0.251667 0.115000 0.188750 0.106250 0.213750 0.106250
5 0.336667 0.113750 0.288333 0.113750 0.216250 0.105000 0.252500 0.105000
4 0.381667 0.115000 0.340000 0.113750 0.255000 0.105000 0.286250 0.105000
4 0.425000 0.112500 0.388333 0.113750 0.291250 0.105000 0.318750 0.103750
6 0.600000 0.072500 0.565000 0.072500 0.423750 0.063750 0.450000 0.063750
3 0.650000 0.071250 0.610000 0.072500 0.457500 0.062500 0.486250 0.061250
6 0.695000 0.071250 0.656667 0.072500 0.492500 0.062500 0.521250 0.062500
4 0.756667 0.422500 0.735000 0.440000 0.543750 0.433750 0.560000 0.415000
6 0.753333 0.390000 0.740000 0.390000 0.553750 0.371250 0.563750 0.370000
4 0.736667 0.392500 0.720000 0.393750 0.538750 0.368750 0.552500 0.368750
4 0.731667 0.367500 0.716667 0.367500 0.536250 0.346250 0.548750 0.346250
4 0.696667 0.370000 0.680000 0.371250 0.508750 0.347500 0.521250 0.346250
4 0.656667 0.367500 0.641667 0.367500 0.481250 0.345000 0.491250 0.345000
6 0.556667 0.365000 0.520000 0.363750 0.390000 0.355000 0.417500 0.355000
4 0.146667 0.301250 0.131667 0.302500 0.096250 0.280000 0.108750 0.278750
5 0.450000 0.291250 0.448333 0.313750 0.323750 0.313750 0.325000 0.290000
6 0.373333 0.311250 0.356667 0.311250 0.267500 0.292500 0.280000 0.292500
6 0.343333 0.372500 0.303333 0.372500 0.227500 0.362500 0.257500 0.362500
4 0.276667 0.430000 0.230000 0.435000 0.170000 0.421250 0.205000 0.416250
6 0.200000 0.367500 0.165000 0.367500 0.123750 0.358750 0.150000 0.358750
6 0.203333 0.345000 0.166667 0.345000 0.125000 0.335000 0.152500 0.335000
4 0.201667 0.356250 0.163333 0.356250 0.122500 0.347500 0.151250 0.347500
6 0.245000 0.668750 0.243333 0.693750 0.171250 0.692500 0.171250 0.667500
6 0.245000 0.693750 0.243333 0.718750 0.171250 0.717500 0.171250 0.693750
4 0.286667 0.716250 0.270000 0.717500 0.202500 0.695000 0.215000 0.695000
4 0.286667 0.773750 0.270000 0.773750 0.201250 0.752500 0.215000 0.752500
4 0.343333 0.788750 0.326667 0.787500 0.245000 0.767500 0.257500 0.767500
4 0.536667 0.823750 0.493333 0.822500 0.370000 0.812500 0.402500 0.812500
6 0.915000 0.846250 0.895000 0.846250 0.671250 0.822500 0.686250 0.822500
6 0.875000 0.873750 0.860000 0.873750 0.645000 0.851250 0.655000 0.851250
4 0.621667 0.893750 0.616667 0.903750 0.436250 0.895000 0.440000 0.885000
4 0.521667 0.888750 0.508333 0.888750 0.380000 0.868750 0.391250 0.868750
4 0.486667 0.888750 0.473333 0.888750 0.353750 0.870000 0.363750 0.868750
4 0.378333 0.890000 0.363333 0.892500 0.270000 0.872500 0.281250 0.871250
4 0.146667 0.876250 0.130000 0.876250 0.097500 0.860000 0.110000 0.860000
6 0.911667 0.740000 0.893333 0.741250 0.668750 0.717500 0.682500 0.716250
