6 0.175000 0.371250 0.168333 0.382500 0.101250 0.372500 0.106250 0.360000
6 0.091667 0.487500 0.088333 0.500000 0.040000 0.496250 0.041250 0.483750
6 0.848333 0.668750 0.841667 0.681250 0.607500 0.670000 0.612500 0.658750
6 0.866667 0.746250 0.861667 0.755000 0.626250 0.746250 0.630000 0.737500
6 0.813333 0.782500 0.801667 0.790000 0.587500 0.772500 0.596250 0.765000
4 0.718333 0.808750 0.700000 0.812500 0.521250 0.792500 0.533750 0.790000
4 0.800000 0.788750 0.786667 0.796250 0.573750 0.773750 0.585000 0.767500
4 0.783333 0.792500 0.771667 0.801250 0.562500 0.782500 0.571250 0.775000
4 0.705000 0.766250 0.668333 0.766250 0.501250 0.753750 0.528750 0.753750
6 0.705000 0.747500 0.703333 0.756250 0.500000 0.752500 0.501250 0.743750
11 0.716667 0.723750 0.711667 0.736250 0.510000 0.730000 0.513750 0.717500
6 0.711667 0.737500 0.708333 0.748750 0.507500 0.743750 0.510000 0.732500
6 0.721667 0.712500 0.718333 0.722500 0.513750 0.716250 0.516250 0.706250
5 0.300000 0.721250 0.238333 0.726250 0.177500 0.708750 0.222500 0.702500
5 0.226667 0.601250 0.221667 0.641250 0.145000 0.638750 0.148750 0.598750
