18 0.765000 0.609000 0.765000 0.656000 0.775000 0.656000 0.776000 0.609000
18 0.851000 0.609000 0.848000 0.654000 0.859000 0.654000 0.861000 0.609000
2 0.301000 0.374000 0.380000 0.372000 0.380000 0.361000 0.301000 0.363000
2 0.298000 0.604000 0.415000 0.604000 0.415000 0.590000 0.298000 0.590000
2 0.298000 0.618000 0.394000 0.618000 0.394000 0.604000 0.298000 0.604000
2 0.288000 0.634000 0.417000 0.634000 0.417000 0.618000 0.288000 0.618000
2 0.296000 0.649000 0.390000 0.649000 0.390000 0.634000 0.296000 0.634000
2 0.159000 0.611000 0.255000 0.611000 0.255000 0.599000 0.159000 0.599000
2 0.167000 0.625000 0.261000 0.620000 0.261000 0.609000 0.165000 0.613000
2 0.176000 0.638000 0.269000 0.634000 0.269000 0.620000 0.176000 0.622000
2 0.182000 0.650000 0.278000 0.650000 0.278000 0.636000 0.182000 0.636000
2 0.048000 0.640000 0.138000 0.640000 0.138000 0.627000 0.048000 0.627000
2 0.057000 0.654000 0.148000 0.652000 0.146000 0.636000 0.057000 0.640000
0 0.509000 1.004000 0.503000 0.870000 0.482000 0.872000 0.490000 1.004000
