6 0.545000 0.723750 0.516667 0.733750 0.383750 0.726250 0.405000 0.715000
4 0.543333 0.737500 0.511667 0.748750 0.380000 0.741250 0.403750 0.730000
4 0.553333 0.747500 0.523333 0.762500 0.386250 0.753750 0.408750 0.738750
6 0.631667 0.591250 0.628333 0.600000 0.451250 0.592500 0.453750 0.583750
4 0.633333 0.603750 0.628333 0.613750 0.446250 0.606250 0.450000 0.596250
6 0.631667 0.617500 0.626667 0.627500 0.447500 0.618750 0.451250 0.610000
6 0.626667 0.628750 0.623333 0.637500 0.446250 0.630000 0.450000 0.621250
4 0.626667 0.642500 0.621667 0.651250 0.443750 0.642500 0.447500 0.633750
4 0.631667 0.656250 0.626667 0.666250 0.443750 0.656250 0.447500 0.646250
6 0.638333 0.671250 0.631667 0.681250 0.450000 0.672500 0.453750 0.662500
6 0.633333 0.683750 0.630000 0.692500 0.450000 0.683750 0.453750 0.675000
6 0.631667 0.696250 0.626667 0.705000 0.448750 0.696250 0.453750 0.687500
6 0.628333 0.707500 0.621667 0.717500 0.443750 0.707500 0.448750 0.697500
6 0.671667 0.697500 0.665000 0.706250 0.477500 0.695000 0.481250 0.686250
4 0.670000 0.682500 0.665000 0.692500 0.475000 0.681250 0.478750 0.672500
6 0.668333 0.668750 0.661667 0.678750 0.473750 0.666250 0.478750 0.657500
6 0.665000 0.642500 0.658333 0.650000 0.475000 0.641250 0.478750 0.632500
6 0.673333 0.632500 0.666667 0.641250 0.478750 0.630000 0.483750 0.621250
4 0.670000 0.615000 0.665000 0.625000 0.478750 0.617500 0.482500 0.606250
4 0.665000 0.600000 0.660000 0.610000 0.476250 0.602500 0.481250 0.592500
4 0.668333 0.588750 0.665000 0.597500 0.475000 0.590000 0.478750 0.581250
6 0.545000 0.588750 0.516667 0.597500 0.383750 0.588750 0.405000 0.580000
6 0.568333 0.540000 0.553333 0.540000 0.413750 0.521250 0.425000 0.521250
6 0.591667 0.540000 0.575000 0.541250 0.428750 0.521250 0.441250 0.520000
4 0.630000 0.537500 0.615000 0.537500 0.460000 0.522500 0.471250 0.521250
4 0.650000 0.538750 0.635000 0.537500 0.476250 0.518750 0.487500 0.518750
6 0.693333 0.515000 0.691667 0.537500 0.506250 0.537500 0.507500 0.515000
6 0.715000 0.536250 0.700000 0.536250 0.523750 0.518750 0.535000 0.518750
6 0.746667 0.548750 0.723333 0.557500 0.538750 0.550000 0.556250 0.541250
6 0.751667 0.561250 0.726667 0.571250 0.540000 0.562500 0.558750 0.552500
6 0.745000 0.575000 0.726667 0.583750 0.541250 0.575000 0.555000 0.567500
4 0.751667 0.590000 0.730000 0.598750 0.543750 0.590000 0.560000 0.581250
6 0.753333 0.601250 0.730000 0.610000 0.543750 0.602500 0.561250 0.593750
6 0.748333 0.615000 0.726667 0.625000 0.540000 0.617500 0.557500 0.607500
4 0.755000 0.626250 0.728333 0.638750 0.541250 0.630000 0.562500 0.618750
4 0.756667 0.638750 0.728333 0.650000 0.542500 0.641250 0.563750 0.630000
6 0.756667 0.651250 0.731667 0.661250 0.545000 0.653750 0.563750 0.643750
4 0.750000 0.680000 0.725000 0.692500 0.538750 0.682500 0.557500 0.671250
4 0.755000 0.692500 0.731667 0.701250 0.543750 0.692500 0.562500 0.683750
4 0.758333 0.706250 0.730000 0.716250 0.542500 0.708750 0.563750 0.697500
4 0.753333 0.718750 0.723333 0.728750 0.538750 0.721250 0.561250 0.711250
4 0.758333 0.732500 0.726667 0.743750 0.541250 0.735000 0.565000 0.723750
4 0.621667 0.780000 0.610000 0.785000 0.448750 0.772500 0.457500 0.766250
6 0.681667 0.777500 0.673333 0.786250 0.486250 0.771250 0.492500 0.763750
6 0.706667 0.776250 0.696667 0.783750 0.505000 0.766250 0.513750 0.758750
6 0.731667 0.776250 0.720000 0.782500 0.527500 0.766250 0.536250 0.758750
4 0.771667 0.973750 0.745000 0.988750 0.553750 0.980000 0.572500 0.966250
4 0.770000 0.960000 0.741667 0.973750 0.551250 0.965000 0.571250 0.951250
6 0.658333 0.928750 0.651667 0.936250 0.471250 0.925000 0.476250 0.917500
6 0.696667 0.931250 0.690000 0.940000 0.498750 0.930000 0.503750 0.921250
6 0.688333 0.943750 0.681667 0.951250 0.492500 0.940000 0.497500 0.931250
4 0.668333 0.947500 0.660000 0.956250 0.472500 0.942500 0.477500 0.933750
6 0.661667 0.960000 0.653333 0.970000 0.471250 0.958750 0.476250 0.948750
6 0.693333 0.973750 0.686667 0.982500 0.498750 0.973750 0.502500 0.965000
4 0.665000 0.976250 0.658333 0.985000 0.471250 0.972500 0.476250 0.963750
4 0.583333 0.976250 0.560000 0.991250 0.413750 0.985000 0.432500 0.970000
4 0.573333 0.968750 0.551667 0.981250 0.407500 0.975000 0.425000 0.961250
4 0.255000 0.928750 0.226667 0.938750 0.166250 0.930000 0.187500 0.920000
6 0.050000 0.970000 0.021667 0.981250 0.011250 0.971250 0.033750 0.961250
6 0.998333 0.216250 0.983333 0.216250 0.737500 0.196250 0.748750 0.196250
4 0.906667 0.242500 0.890000 0.258750 0.660000 0.253750 0.672500 0.236250
4 0.888333 0.241250 0.868333 0.258750 0.643750 0.252500 0.657500 0.233750
4 0.866667 0.261250 0.845000 0.280000 0.625000 0.272500 0.641250 0.255000
6 0.838333 0.262500 0.818333 0.282500 0.605000 0.276250 0.618750 0.256250
6 0.861667 0.243750 0.843333 0.262500 0.622500 0.255000 0.636250 0.236250
4 0.838333 0.242500 0.820000 0.260000 0.607500 0.252500 0.621250 0.235000
6 0.815000 0.243750 0.798333 0.260000 0.590000 0.253750 0.602500 0.236250
6 0.770000 0.265000 0.750000 0.281250 0.552500 0.273750 0.567500 0.256250
4 0.790000 0.245000 0.771667 0.262500 0.570000 0.256250 0.583750 0.237500
6 0.766667 0.245000 0.748333 0.261250 0.553750 0.256250 0.566250 0.238750
6 0.741667 0.263750 0.726667 0.280000 0.536250 0.275000 0.548750 0.257500
6 0.743333 0.242500 0.726667 0.258750 0.537500 0.252500 0.551250 0.236250
4 0.726667 0.261250 0.703333 0.282500 0.517500 0.275000 0.535000 0.253750
4 0.725000 0.241250 0.706667 0.257500 0.521250 0.251250 0.535000 0.233750
4 0.705000 0.260000 0.681667 0.278750 0.503750 0.271250 0.521250 0.252500
4 0.675000 0.263750 0.656667 0.282500 0.483750 0.276250 0.497500 0.257500
4 0.698333 0.243750 0.678333 0.261250 0.500000 0.253750 0.516250 0.237500
6 0.671667 0.246250 0.656667 0.262500 0.483750 0.256250 0.495000 0.241250
4 0.650000 0.262500 0.636667 0.278750 0.470000 0.273750 0.480000 0.257500
6 0.651667 0.245000 0.631667 0.262500 0.465000 0.255000 0.480000 0.237500
4 0.528333 0.280000 0.495000 0.282500 0.370000 0.273750 0.395000 0.270000
6 0.571667 0.217500 0.556667 0.226250 0.400000 0.205000 0.411250 0.196250
6 0.628333 0.216250 0.618333 0.223750 0.443750 0.203750 0.451250 0.195000
6 0.646667 0.212500 0.635000 0.217500 0.466250 0.202500 0.475000 0.197500
6 0.713333 0.211250 0.703333 0.217500 0.515000 0.202500 0.522500 0.196250
6 0.740000 0.210000 0.730000 0.217500 0.532500 0.201250 0.540000 0.193750
9 0.428333 0.115000 0.426667 0.171250 0.272500 0.171250 0.272500 0.115000
4 0.565000 0.150000 0.563333 0.160000 0.401250 0.160000 0.401250 0.150000
4 0.655000 0.157500 0.625000 0.158750 0.468750 0.147500 0.491250 0.147500
4 0.700000 0.157500 0.661667 0.157500 0.496250 0.147500 0.525000 0.147500
4 0.206667 0.188750 0.190000 0.188750 0.141250 0.167500 0.153750 0.167500
4 0.185000 0.191250 0.170000 0.191250 0.126250 0.168750 0.137500 0.168750
4 0.103333 0.190000 0.086667 0.190000 0.065000 0.170000 0.077500 0.170000
4 0.081667 0.190000 0.065000 0.191250 0.047500 0.170000 0.060000 0.168750
4 0.061667 0.190000 0.046667 0.190000 0.033750 0.170000 0.043750 0.170000
4 0.041667 0.188750 0.026667 0.188750 0.018750 0.171250 0.031250 0.170000
