6 0.576667 0.811250 0.548333 0.812500 0.411250 0.806250 0.432500 0.805000
4 0.683333 0.832500 0.653333 0.832500 0.490000 0.825000 0.512500 0.825000
4 0.853333 0.727500 0.846667 0.747500 0.623750 0.743750 0.630000 0.723750
6 0.828333 0.727500 0.818333 0.730000 0.607500 0.708750 0.616250 0.706250
6 0.793333 0.656250 0.786667 0.663750 0.573750 0.653750 0.577500 0.646250
5 0.828333 0.637500 0.791667 0.641250 0.592500 0.635000 0.620000 0.630000
6 0.828333 0.616250 0.788333 0.616250 0.591250 0.607500 0.621250 0.607500
6 0.870000 0.553750 0.860000 0.555000 0.643750 0.538750 0.651250 0.538750
5 0.386667 0.641250 0.371667 0.640000 0.280000 0.613750 0.290000 0.613750
6 0.318333 0.650000 0.306667 0.650000 0.230000 0.630000 0.238750 0.630000
4 0.270000 0.601250 0.268333 0.610000 0.183750 0.608750 0.185000 0.600000
4 0.490000 0.592500 0.488333 0.600000 0.347500 0.598750 0.347500 0.591250
4 0.486667 0.583750 0.458333 0.583750 0.343750 0.576250 0.365000 0.575000
6 0.453333 0.585000 0.423333 0.585000 0.317500 0.577500 0.340000 0.577500
5 0.485000 0.571250 0.445000 0.571250 0.333750 0.563750 0.363750 0.563750
5 0.390000 0.537500 0.388333 0.560000 0.281250 0.560000 0.281250 0.537500
6 0.325000 0.521250 0.311667 0.521250 0.233750 0.500000 0.243750 0.500000
4 0.270000 0.540000 0.238333 0.541250 0.178750 0.533750 0.202500 0.532500
5 0.211667 0.577500 0.178333 0.576250 0.133750 0.567500 0.158750 0.568750
4 0.220000 0.558750 0.200000 0.558750 0.151250 0.552500 0.165000 0.552500
4 0.578333 0.480000 0.565000 0.480000 0.423750 0.458750 0.433750 0.458750
5 0.601667 0.457500 0.600000 0.480000 0.440000 0.480000 0.440000 0.456250
4 0.875000 0.301250 0.860000 0.302500 0.645000 0.282500 0.655000 0.282500
4 0.720000 0.402500 0.686667 0.403750 0.515000 0.395000 0.540000 0.395000
5 0.715000 0.355000 0.700000 0.380000 0.515000 0.375000 0.525000 0.350000
6 0.685000 0.376250 0.673333 0.376250 0.506250 0.356250 0.513750 0.356250
6 0.670000 0.373750 0.653333 0.373750 0.490000 0.352500 0.502500 0.352500
16 0.641667 0.376250 0.628333 0.376250 0.471250 0.351250 0.481250 0.351250
3 0.621667 0.373750 0.603333 0.373750 0.451250 0.348750 0.466250 0.347500
5 0.601667 0.348750 0.600000 0.371250 0.441250 0.371250 0.441250 0.348750
6 0.566667 0.367500 0.553333 0.367500 0.417500 0.353750 0.425000 0.355000
4 0.641667 0.342500 0.631667 0.342500 0.473750 0.325000 0.481250 0.325000
3 0.645000 0.278750 0.643333 0.325000 0.471250 0.325000 0.473750 0.278750
5 0.715000 0.343750 0.703333 0.343750 0.526250 0.322500 0.536250 0.322500
6 0.715000 0.285000 0.713333 0.307500 0.526250 0.307500 0.526250 0.285000
4 0.393333 0.262500 0.391667 0.282500 0.286250 0.282500 0.286250 0.262500
6 0.370000 0.195000 0.353333 0.195000 0.265000 0.173750 0.277500 0.173750
5 0.903333 0.093750 0.893333 0.098750 0.657500 0.077500 0.666250 0.072500
6 0.921667 0.057500 0.910000 0.057500 0.681250 0.032500 0.691250 0.032500
6 0.266667 0.690000 0.236667 0.691250 0.176250 0.682500 0.200000 0.682500
6 0.023333 0.103750 0.010000 0.103750 0.007500 0.085000 0.017500 0.085000
4 0.153333 0.102500 0.143333 0.103750 0.106250 0.085000 0.113750 0.085000
4 0.171667 0.086250 0.170000 0.106250 0.118750 0.106250 0.120000 0.086250
9 0.416667 0.767500 0.411667 0.877500 0.198750 0.872500 0.202500 0.762500
6 0.228333 0.395000 0.195000 0.395000 0.146250 0.387500 0.171250 0.387500
6 0.275000 0.410000 0.243333 0.410000 0.182500 0.401250 0.206250 0.401250
