4 0.260000 0.358333 0.236250 0.365000 0.311667 0.348333 0.343333 0.341667
4 0.713750 0.871667 0.687500 0.871667 0.916667 0.856667 0.951667 0.855000
5 0.841250 0.586667 0.813750 0.588333 1.085000 0.575000 1.120000 0.573333
6 0.748750 0.700000 0.735000 0.700000 0.980000 0.673333 0.998333 0.675000
6 0.860000 0.408333 0.831250 0.408333 1.108333 0.391667 1.146667 0.390000
6 0.882500 0.406667 0.862500 0.408333 1.150000 0.395000 1.176667 0.395000
16 0.871250 0.385000 0.817500 0.385000 1.090000 0.366667 1.161667 0.366667
4 0.791250 0.360000 0.782500 0.360000 1.043333 0.331667 1.055000 0.331667
4 0.482500 0.935000 0.461250 0.933333 0.615000 0.923333 0.643333 0.925000
5 0.480000 0.951667 0.451250 0.951667 0.601667 0.938333 0.640000 0.938333
5 0.476250 0.923333 0.451250 0.921667 0.601667 0.906667 0.635000 0.908333
6 0.482500 0.743333 0.458750 0.745000 0.611667 0.733333 0.641667 0.731667
4 0.345000 0.823333 0.333750 0.823333 0.445000 0.795000 0.460000 0.795000
6 0.386250 0.718333 0.377500 0.718333 0.501667 0.693333 0.513333 0.693333
4 0.265000 0.636667 0.242500 0.636667 0.323333 0.623333 0.353333 0.623333
4 0.346250 0.461667 0.335000 0.461667 0.445000 0.433333 0.458333 0.431667
5 0.137500 0.296667 0.130000 0.308333 0.150000 0.285000 0.160000 0.273333
5 0.202500 0.373333 0.176250 0.381667 0.233333 0.370000 0.268333 0.361667
6 0.378750 0.221667 0.370000 0.230000 0.473333 0.195000 0.486667 0.186667
6 0.462500 0.228333 0.443750 0.238333 0.586667 0.228333 0.611667 0.218333
4 0.612500 0.108333 0.608750 0.120000 0.783333 0.110000 0.786667 0.098333
5 0.585000 0.083333 0.575000 0.088333 0.755000 0.063333 0.768333 0.056667
6 0.551250 0.098333 0.542500 0.105000 0.713333 0.081667 0.725000 0.076667
5 0.058750 0.666667 0.032500 0.670000 0.041667 0.658333 0.078333 0.655000
5 0.062500 0.685000 0.032500 0.685000 0.043333 0.671667 0.083333 0.673333
5 0.073750 0.721667 0.045000 0.725000 0.060000 0.715000 0.098333 0.713333
4 0.866250 0.443333 0.842500 0.443333 1.123333 0.433333 1.155000 0.431667
4 0.863750 0.465000 0.860000 0.476667 1.120000 0.463333 1.125000 0.451667
4 0.686250 0.713333 0.660000 0.716667 0.880000 0.705000 0.913333 0.701667
4 0.716250 0.716667 0.688750 0.716667 0.918333 0.705000 0.955000 0.705000
4 0.721250 0.581667 0.700000 0.583333 0.933333 0.571667 0.960000 0.571667
4 0.720000 0.566667 0.697500 0.568333 0.930000 0.556667 0.960000 0.555000
4 0.722500 0.540000 0.702500 0.540000 0.936667 0.530000 0.963333 0.530000
4 0.668750 0.413333 0.647500 0.411667 0.863333 0.401667 0.891667 0.403333
