6 0.365000 0.037500 0.358333 0.056250 0.257500 0.052500 0.263750 0.033750
6 0.385000 0.036250 0.378333 0.057500 0.273750 0.055000 0.278750 0.035000
9 0.753333 0.882500 0.660000 0.883750 0.493750 0.815000 0.565000 0.815000
4 0.648333 0.846250 0.646667 0.853750 0.458750 0.851250 0.460000 0.843750
6 0.728333 0.895000 0.715000 0.896250 0.533750 0.875000 0.545000 0.875000
4 0.875000 0.978750 0.840000 0.978750 0.630000 0.968750 0.656250 0.968750
4 0.406667 0.917500 0.391667 0.917500 0.293750 0.897500 0.305000 0.897500
4 0.445000 0.916250 0.430000 0.916250 0.322500 0.891250 0.333750 0.891250
4 0.461667 0.915000 0.451667 0.915000 0.338750 0.898750 0.346250 0.897500
4 0.483333 0.917500 0.470000 0.917500 0.351250 0.898750 0.361250 0.898750
4 0.481667 0.895000 0.470000 0.895000 0.351250 0.876250 0.361250 0.876250
6 0.098333 0.925000 0.065000 0.923750 0.048750 0.916250 0.073750 0.916250
6 0.255000 0.802500 0.253333 0.811250 0.162500 0.808750 0.162500 0.798750
6 0.481667 0.762500 0.468333 0.762500 0.351250 0.743750 0.361250 0.743750
6 0.611667 0.730000 0.583333 0.730000 0.437500 0.718750 0.458750 0.720000
4 0.613333 0.717500 0.580000 0.717500 0.435000 0.707500 0.458750 0.706250
4 0.613333 0.696250 0.586667 0.697500 0.438750 0.691250 0.460000 0.690000
6 0.128333 0.488750 0.121667 0.497500 0.072500 0.485000 0.077500 0.476250
6 0.138333 0.478750 0.133333 0.485000 0.080000 0.473750 0.083750 0.466250
6 0.260000 0.401250 0.255000 0.418750 0.181250 0.416250 0.185000 0.398750
4 0.833333 0.571250 0.801667 0.571250 0.601250 0.562500 0.625000 0.562500
6 0.431667 0.360000 0.418333 0.360000 0.313750 0.342500 0.323750 0.341250
6 0.335000 0.367500 0.321667 0.368750 0.238750 0.348750 0.248750 0.347500
6 0.311667 0.350000 0.301667 0.370000 0.217500 0.366250 0.225000 0.347500
4 0.068333 0.181250 0.041667 0.180000 0.031250 0.171250 0.051250 0.172500
6 0.410000 0.135000 0.401667 0.153750 0.290000 0.151250 0.296250 0.132500
4 0.943333 0.177500 0.941667 0.185000 0.685000 0.181250 0.686250 0.173750
4 0.748333 0.118750 0.745000 0.127500 0.537500 0.123750 0.538750 0.115000
