33 0.132000 0.140000 0.171000 0.211000 0.240000 0.173000 0.201000 0.103000
35 0.201000 0.213000 0.117000 0.259000 0.156000 0.328000 0.239000 0.283000
34 0.097000 0.476000 0.056000 0.404000 -0.013000 0.442000 0.029000 0.515000
33 0.193000 0.420000 0.151000 0.348000 0.083000 0.388000 0.126000 0.460000
35 0.273000 0.378000 0.232000 0.308000 0.168000 0.347000 0.209000 0.416000
33 0.441000 0.290000 0.396000 0.206000 0.323000 0.245000 0.369000 0.329000
34 0.291000 0.644000 0.369000 0.600000 0.327000 0.526000 0.249000 0.571000
34 0.429000 0.892000 0.509000 0.845000 0.467000 0.774000 0.387000 0.821000
33 0.479000 0.967000 0.547000 0.926000 0.504000 0.857000 0.437000 0.898000
33 0.800000 0.890000 0.736000 0.927000 0.776000 0.995000 0.840000 0.958000
33 0.892000 0.930000 0.959000 0.890000 0.919000 0.823000 0.852000 0.863000
19 0.481000 0.479000 0.512000 0.540000 0.573000 0.509000 0.542000 0.448000
34 0.652000 0.517000 0.566000 0.564000 0.606000 0.637000 0.691000 0.590000
