20 0.316000 0.856000 0.269000 0.791000 0.208000 0.834000 0.255000 0.900000
17 0.540000 0.430000 0.508000 0.389000 0.473000 0.416000 0.504000 0.457000
17 0.582000 0.396000 0.552000 0.356000 0.515000 0.385000 0.545000 0.424000
17 0.665000 0.330000 0.636000 0.294000 0.601000 0.323000 0.631000 0.359000
19 0.957000 0.336000 0.923000 0.288000 0.882000 0.316000 0.917000 0.365000
19 0.149000 0.720000 0.135000 0.703000 0.117000 0.717000 0.130000 0.735000
19 0.352000 0.547000 0.337000 0.559000 0.351000 0.576000 0.365000 0.564000
33 0.530000 0.680000 0.486000 0.621000 0.423000 0.669000 0.468000 0.727000
13 0.623000 0.607000 0.588000 0.560000 0.549000 0.589000 0.585000 0.636000
19 0.681000 0.558000 0.654000 0.523000 0.618000 0.550000 0.645000 0.585000
17 0.801000 0.464000 0.769000 0.424000 0.733000 0.452000 0.764000 0.492000
12 0.076000 0.791000 0.044000 0.749000 0.008000 0.776000 0.039000 0.818000
20 0.156000 0.982000 0.105000 0.919000 0.045000 0.967000 0.096000 1.030000
17 0.196000 0.946000 0.166000 0.909000 0.131000 0.936000 0.161000 0.974000
29 0.870000 0.922000 0.817000 0.856000 0.754000 0.906000 0.807000 0.972000
29 0.942000 0.862000 0.890000 0.796000 0.827000 0.846000 0.879000 0.912000
