22 0.213333 0.357500 0.121667 0.513750 0.055000 0.498750 0.126250 0.342500
28 0.556667 0.550000 0.525000 0.603750 0.376250 0.596250 0.401250 0.542500
28 0.788333 0.641250 0.736667 0.723750 0.535000 0.717500 0.573750 0.632500
28 0.765000 0.630000 0.713333 0.717500 0.513750 0.707500 0.552500 0.621250
28 0.883333 0.480000 0.823333 0.581250 0.593750 0.572500 0.638750 0.468750
28 0.868333 0.706250 0.826667 0.780000 0.602500 0.772500 0.636250 0.701250
28 0.970000 0.587500 0.896667 0.712500 0.653750 0.703750 0.711250 0.578750
28 1.000000 0.515828 0.879432 0.473551 0.670000 0.451250 0.750000 0.488653
0 0.913333 0.152500 0.910000 0.172500 0.595000 0.156250 0.600000 0.138750
28 0.356667 0.595000 0.345000 0.615000 0.160000 0.572500 0.168750 0.552500
9 0.328333 0.897500 0.310000 0.930000 0.203750 0.917500 0.216250 0.885000
