16 0.342000 0.577000 0.270000 0.578000 0.270000 0.568000 0.342000 0.567000
11 0.355000 0.512000 0.343000 0.514000 0.338000 0.485000 0.350000 0.483000
6 0.504000 0.486000 0.495000 0.489000 0.491000 0.473000 0.500000 0.471000
6 0.496000 0.493000 0.485000 0.497000 0.478000 0.478000 0.489000 0.474000
4 0.501000 0.449000 0.499000 0.458000 0.479000 0.453000 0.481000 0.444000
6 0.504000 0.440000 0.501000 0.448000 0.478000 0.440000 0.481000 0.431000
4 0.184000 0.380000 0.183000 0.389000 0.160000 0.388000 0.161000 0.379000
4 0.287000 0.373000 0.265000 0.373000 0.265000 0.364000 0.287000 0.364000
6 0.320000 0.375000 0.298000 0.374000 0.298000 0.367000 0.320000 0.367000
4 0.459000 0.364000 0.458000 0.374000 0.433000 0.374000 0.434000 0.363000
4 0.487000 0.374000 0.462000 0.372000 0.463000 0.362000 0.487000 0.363000
5 0.518000 0.542000 0.507000 0.542000 0.505000 0.521000 0.516000 0.520000
4 0.608000 0.509000 0.603000 0.526000 0.591000 0.522000 0.597000 0.505000
4 0.635000 0.499000 0.629000 0.515000 0.619000 0.511000 0.625000 0.495000
6 1.000000 0.910000 0.992000 0.913000 0.986000 0.898000 0.994000 0.894000
4 0.954000 0.324000 0.931000 0.323000 0.931000 0.315000 0.954000 0.316000
4 0.953000 0.314000 0.934000 0.313000 0.934000 0.306000 0.953000 0.307000
4 0.951000 0.303000 0.931000 0.303000 0.931000 0.295000 0.951000 0.295000
4 0.951000 0.294000 0.930000 0.293000 0.930000 0.287000 0.951000 0.287000
4 0.954000 0.286000 0.932000 0.286000 0.932000 0.280000 0.954000 0.279000
4 0.955000 0.277000 0.933000 0.278000 0.933000 0.271000 0.954000 0.270000
4 0.954000 0.269000 0.931000 0.270000 0.931000 0.263000 0.954000 0.262000
4 0.953000 0.261000 0.932000 0.261000 0.932000 0.254000 0.953000 0.253000
6 0.955000 0.245000 0.932000 0.246000 0.932000 0.237000 0.954000 0.236000
4 0.953000 0.233000 0.930000 0.232000 0.931000 0.226000 0.953000 0.227000
6 0.954000 0.225000 0.935000 0.225000 0.935000 0.218000 0.954000 0.218000
4 0.948000 0.216000 0.934000 0.217000 0.933000 0.211000 0.948000 0.210000
6 0.957000 0.201000 0.956000 0.209000 0.934000 0.209000 0.934000 0.200000
6 0.956000 0.200000 0.932000 0.200000 0.932000 0.191000 0.956000 0.191000
6 0.954000 0.182000 0.933000 0.183000 0.933000 0.173000 0.954000 0.173000
4 0.953000 0.156000 0.952000 0.166000 0.929000 0.165000 0.930000 0.155000
4 0.952000 0.155000 0.932000 0.155000 0.932000 0.149000 0.952000 0.149000
4 0.952000 0.148000 0.932000 0.149000 0.932000 0.141000 0.952000 0.140000
4 0.951000 0.138000 0.931000 0.137000 0.931000 0.128000 0.951000 0.129000
4 0.953000 0.112000 0.952000 0.122000 0.929000 0.121000 0.929000 0.111000
4 0.953000 0.102000 0.952000 0.111000 0.930000 0.110000 0.930000 0.101000
6 0.874000 0.212000 0.872000 0.221000 0.855000 0.216000 0.858000 0.207000
4 0.874000 0.234000 0.853000 0.234000 0.853000 0.226000 0.874000 0.227000
4 0.897000 0.269000 0.875000 0.269000 0.875000 0.261000 0.897000 0.261000
4 0.898000 0.253000 0.897000 0.261000 0.875000 0.260000 0.875000 0.253000
4 0.898000 0.252000 0.878000 0.253000 0.878000 0.245000 0.898000 0.244000
6 0.903000 0.244000 0.881000 0.244000 0.881000 0.235000 0.903000 0.236000
6 0.902000 0.227000 0.901000 0.235000 0.880000 0.234000 0.881000 0.226000
6 0.898000 0.218000 0.897000 0.226000 0.877000 0.224000 0.877000 0.217000
4 0.898000 0.208000 0.897000 0.216000 0.875000 0.216000 0.875000 0.208000
4 0.900000 0.208000 0.877000 0.206000 0.878000 0.198000 0.900000 0.199000
4 0.899000 0.197000 0.877000 0.196000 0.878000 0.189000 0.899000 0.191000
4 0.899000 0.180000 0.898000 0.189000 0.878000 0.188000 0.879000 0.179000
4 0.899000 0.168000 0.898000 0.176000 0.875000 0.173000 0.876000 0.165000
4 0.896000 0.166000 0.875000 0.165000 0.875000 0.156000 0.896000 0.157000
4 0.898000 0.148000 0.897000 0.156000 0.875000 0.156000 0.875000 0.147000
4 0.899000 0.146000 0.878000 0.146000 0.878000 0.139000 0.899000 0.139000
6 0.899000 0.139000 0.875000 0.139000 0.875000 0.131000 0.898000 0.131000
6 0.900000 0.129000 0.881000 0.129000 0.881000 0.121000 0.900000 0.121000
4 0.897000 0.120000 0.876000 0.121000 0.876000 0.114000 0.896000 0.113000
6 0.898000 0.112000 0.875000 0.113000 0.875000 0.105000 0.897000 0.104000
