4 0.012000 0.214000 0.010000 0.221000 0.000000 0.218000 0.000000 0.211000
4 0.017000 0.206000 0.015000 0.214000 0.000000 0.210000 0.002000 0.202000
4 0.022000 0.197000 0.020000 0.204000 0.005000 0.200000 0.007000 0.193000
4 0.026000 0.189000 0.024000 0.197000 0.004000 0.192000 0.006000 0.184000
4 0.050000 0.005000 0.049000 0.012000 0.029000 0.010000 0.029000 0.003000
4 0.047000 0.020000 0.027000 0.020000 0.027000 0.013000 0.047000 0.013000
6 0.042000 0.029000 0.026000 0.029000 0.026000 0.023000 0.042000 0.023000
4 0.042000 0.041000 0.023000 0.040000 0.024000 0.033000 0.042000 0.033000
4 0.041000 0.044000 0.040000 0.050000 0.024000 0.049000 0.025000 0.042000
5 0.085000 0.008000 0.082000 0.023000 0.075000 0.021000 0.077000 0.006000
4 0.079000 0.027000 0.076000 0.044000 0.068000 0.043000 0.071000 0.026000
4 0.074000 0.045000 0.072000 0.062000 0.064000 0.061000 0.066000 0.044000
6 0.070000 0.068000 0.068000 0.083000 0.061000 0.082000 0.063000 0.067000
4 0.470000 0.029000 0.464000 0.031000 0.461000 0.024000 0.467000 0.021000
4 0.498000 0.033000 0.492000 0.035000 0.488000 0.024000 0.494000 0.022000
4 0.485000 0.029000 0.477000 0.032000 0.474000 0.024000 0.481000 0.020000
4 0.443000 0.025000 0.436000 0.028000 0.429000 0.014000 0.436000 0.011000
4 0.430000 0.023000 0.423000 0.026000 0.416000 0.012000 0.424000 0.009000
4 0.401000 0.030000 0.400000 0.044000 0.391000 0.043000 0.393000 0.028000
4 0.398000 0.044000 0.397000 0.060000 0.387000 0.059000 0.389000 0.043000
4 0.394000 0.062000 0.391000 0.079000 0.384000 0.078000 0.386000 0.061000
6 0.434000 0.048000 0.420000 0.065000 0.413000 0.060000 0.427000 0.042000
6 0.446000 0.052000 0.435000 0.064000 0.429000 0.059000 0.441000 0.047000
4 0.460000 0.055000 0.449000 0.066000 0.444000 0.061000 0.455000 0.049000
4 0.472000 0.057000 0.461000 0.070000 0.455000 0.065000 0.467000 0.052000
6 0.492000 0.057000 0.473000 0.072000 0.467000 0.065000 0.486000 0.050000
4 0.499000 0.061000 0.488000 0.073000 0.482000 0.068000 0.494000 0.056000
4 0.468000 0.074000 0.455000 0.084000 0.452000 0.080000 0.464000 0.070000
4 0.412000 0.095000 0.404000 0.096000 0.402000 0.080000 0.410000 0.079000
14 0.277000 0.504000 0.214000 0.566000 0.176000 0.542000 0.240000 0.480000
14 0.327000 0.534000 0.263000 0.596000 0.226000 0.573000 0.291000 0.511000
14 0.377000 0.565000 0.312000 0.626000 0.276000 0.603000 0.340000 0.541000
14 0.442000 0.605000 0.378000 0.668000 0.340000 0.644000 0.406000 0.582000
14 0.497000 0.638000 0.432000 0.701000 0.395000 0.677000 0.459000 0.616000
14 0.550000 0.672000 0.487000 0.734000 0.450000 0.711000 0.514000 0.649000
14 0.165000 0.612000 0.100000 0.675000 0.063000 0.650000 0.127000 0.589000
14 0.214000 0.642000 0.150000 0.704000 0.113000 0.681000 0.177000 0.620000
14 0.264000 0.673000 0.200000 0.735000 0.163000 0.712000 0.227000 0.650000
14 0.330000 0.714000 0.263000 0.775000 0.228000 0.752000 0.293000 0.691000
14 0.384000 0.747000 0.319000 0.810000 0.282000 0.786000 0.346000 0.723000
14 0.438000 0.780000 0.374000 0.843000 0.337000 0.819000 0.402000 0.756000
4 0.974000 0.879000 0.959000 0.887000 0.955000 0.880000 0.971000 0.872000
4 0.987000 0.958000 0.973000 0.967000 0.970000 0.961000 0.983000 0.952000
6 0.960000 0.976000 0.947000 0.986000 0.943000 0.980000 0.956000 0.970000
4 0.774000 0.968000 0.758000 0.978000 0.754000 0.971000 0.770000 0.962000
4 0.742000 1.001000 0.738000 0.993000 0.754000 0.985000 0.758000 0.993000
6 0.483000 0.075000 0.469000 0.091000 0.462000 0.085000 0.476000 0.069000
11 0.990000 0.202000 0.977000 0.214000 0.970000 0.207000 0.982000 0.194000
32 0.850000 0.561000 0.750000 0.634000 0.673000 0.526000 0.773000 0.454000
21 0.764000 0.391000 0.574000 0.209000 0.880000 -0.110000 1.071000 0.072000
