6 0.171667 0.455000 0.166667 0.473750 0.112500 0.470000 0.117500 0.452500
4 0.166667 0.406250 0.163333 0.415000 0.105000 0.410000 0.107500 0.401250
4 0.526667 0.460000 0.523333 0.467500 0.367500 0.461250 0.370000 0.453750
6 0.463333 0.223750 0.456667 0.245000 0.331250 0.242500 0.337500 0.221250
4 0.433333 0.207500 0.426667 0.220000 0.307500 0.216250 0.312500 0.203750
6 0.548333 0.185000 0.545000 0.193750 0.383750 0.186250 0.386250 0.177500
4 0.410000 0.207500 0.403333 0.218750 0.293750 0.215000 0.297500 0.203750
4 0.080000 0.128750 0.075000 0.140000 0.028750 0.131250 0.032500 0.120000
4 0.135000 0.120000 0.128333 0.130000 0.071250 0.117500 0.077500 0.107500
4 0.036667 0.020000 0.035000 0.030000 0.002500 0.023750 0.003750 0.013750
4 0.145000 0.033750 0.138333 0.041250 0.081250 0.028750 0.086250 0.021250
4 0.150000 0.021250 0.143333 0.028750 0.086250 0.013750 0.091250 0.006250
