6 0.965000 0.769000 0.958000 0.770000 0.958000 0.756000 0.964000 0.756000
4 0.755000 0.677000 0.745000 0.677000 0.745000 0.657000 0.755000 0.657000
6 0.532000 0.533000 0.507000 0.533000 0.507000 0.525000 0.532000 0.524000
6 0.636000 0.528000 0.612000 0.529000 0.612000 0.519000 0.636000 0.518000
4 0.709000 0.515000 0.708000 0.527000 0.680000 0.525000 0.681000 0.513000
6 0.739000 0.634000 0.719000 0.635000 0.718000 0.627000 0.738000 0.626000
6 0.717000 0.627000 0.697000 0.628000 0.696000 0.621000 0.717000 0.619000
6 0.811000 0.608000 0.786000 0.607000 0.786000 0.599000 0.811000 0.601000
9 0.815000 0.498000 0.814000 0.532000 0.730000 0.531000 0.731000 0.496000
6 0.787000 0.399000 0.782000 0.416000 0.773000 0.413000 0.779000 0.396000
4 0.761000 0.326000 0.759000 0.332000 0.736000 0.326000 0.738000 0.320000
4 0.815000 0.153000 0.806000 0.158000 0.798000 0.145000 0.806000 0.140000
4 0.980000 0.169000 0.969000 0.170000 0.967000 0.152000 0.978000 0.150000
4 0.917000 0.275000 0.916000 0.289000 0.907000 0.289000 0.908000 0.275000
6 0.486000 0.496000 0.477000 0.497000 0.475000 0.478000 0.484000 0.477000
6 0.473000 0.482000 0.465000 0.498000 0.457000 0.493000 0.465000 0.478000
11 0.459000 0.479000 0.452000 0.490000 0.444000 0.486000 0.450000 0.474000
4 0.755000 0.718000 0.743000 0.719000 0.741000 0.699000 0.753000 0.698000
6 0.474000 0.843000 0.452000 0.845000 0.451000 0.838000 0.473000 0.836000
6 0.585000 0.860000 0.563000 0.860000 0.563000 0.852000 0.585000 0.852000
9 0.808000 0.853000 0.741000 0.855000 0.740000 0.822000 0.807000 0.820000
5 0.769000 0.922000 0.758000 0.923000 0.755000 0.901000 0.766000 0.900000
4 0.431000 0.640000 0.410000 0.639000 0.410000 0.630000 0.431000 0.630000
16 0.352000 0.654000 0.336000 0.654000 0.336000 0.602000 0.352000 0.602000
4 0.358000 0.685000 0.347000 0.685000 0.346000 0.654000 0.358000 0.654000
11 0.371000 0.578000 0.368000 0.626000 0.353000 0.625000 0.357000 0.577000
