9 0.893750 0.450000 0.881250 0.555000 1.001667 0.526667 1.020000 0.420000
4 0.022500 0.410000 0.000000 0.408333 0.000000 0.393333 0.030000 0.393333
4 0.053750 0.411667 0.025000 0.408333 0.033333 0.400000 0.071667 0.401667
4 0.427500 0.448333 0.426250 0.460000 0.543333 0.458333 0.543333 0.446667
4 0.528750 0.405000 0.527500 0.415000 0.670000 0.411667 0.671667 0.401667
6 0.715000 0.515000 0.690000 0.511667 0.920000 0.500000 0.953333 0.505000
6 0.756250 0.530000 0.752500 0.541667 0.975000 0.526667 0.980000 0.515000
6 0.822500 0.531667 0.821250 0.558333 1.081667 0.556667 1.083333 0.530000
6 0.802500 0.566667 0.801250 0.593333 1.050000 0.591667 1.053333 0.565000
16 0.818750 0.581667 0.811250 0.646667 1.063333 0.643333 1.075000 0.578333
4 0.860000 0.393333 0.858750 0.416667 1.131667 0.415000 1.135000 0.393333
4 0.835000 0.328333 0.832500 0.351667 1.100000 0.351667 1.101667 0.326667
30 0.881250 0.271667 0.873750 0.333333 1.143333 0.330000 1.153333 0.268333
30 0.902500 0.103333 0.897500 0.166667 1.175000 0.165000 1.183333 0.101667
6 0.863750 0.130000 0.862500 0.155000 1.135000 0.153333 1.138333 0.128333
4 0.935000 0.475000 0.911250 0.473333 1.216667 0.461667 1.246667 0.465000
4 0.935000 0.481667 0.933750 0.491667 1.211667 0.488333 1.211667 0.478333
4 0.780000 0.583333 0.778750 0.608333 1.023333 0.608333 1.025000 0.581667
4 0.763750 0.830000 0.761250 0.858333 1.000000 0.855000 1.005000 0.828333
4 0.735000 0.871667 0.732500 0.896667 0.963333 0.895000 0.965000 0.870000
4 0.612500 0.746667 0.600000 0.760000 0.788333 0.745000 0.805000 0.731667
4 0.608750 0.805000 0.586250 0.813333 0.776667 0.800000 0.806667 0.790000
4 0.573750 0.851667 0.566250 0.851667 0.755000 0.825000 0.765000 0.825000
4 0.491250 0.955000 0.490000 0.968333 0.621667 0.965000 0.623333 0.951667
4 0.258750 0.938333 0.236250 0.936667 0.315000 0.926667 0.345000 0.930000
4 0.588750 0.700000 0.578750 0.698333 0.773333 0.681667 0.785000 0.681667
4 0.272500 0.715000 0.268750 0.725000 0.330000 0.708333 0.335000 0.698333
6 0.067500 0.778333 0.066250 0.803333 0.073333 0.801667 0.075000 0.776667
6 0.355000 0.830000 0.353750 0.855000 0.460000 0.853333 0.461667 0.828333
4 0.640000 0.756667 0.623750 0.773333 0.823333 0.761667 0.845000 0.745000
5 0.758750 0.743333 0.755000 0.778333 0.986667 0.775000 0.991667 0.740000
4 0.781250 0.713333 0.778750 0.741667 1.023333 0.740000 1.026667 0.711667
4 0.547500 0.338333 0.545000 0.373333 0.711667 0.371667 0.713333 0.336667
4 0.562500 0.340000 0.560000 0.366667 0.731667 0.365000 0.733333 0.338333
