4 0.971000 0.068000 0.964000 0.068000 0.963000 0.051000 0.971000 0.051000
4 0.972000 0.087000 0.964000 0.087000 0.964000 0.068000 0.972000 0.068000
4 0.961000 0.009000 0.954135 0.010584 0.951692 0.000000 0.958923 0.000000
4 0.887000 0.064000 0.880000 0.064000 0.880000 0.056000 0.887000 0.056000
4 0.887000 0.066000 0.886000 0.079000 0.878000 0.079000 0.879000 0.065000
4 0.885000 0.094000 0.877000 0.094000 0.877000 0.080000 0.885000 0.080000
4 0.823000 0.019000 0.814000 0.019000 0.813000 0.001000 0.823000 0.001000
6 0.822000 0.049000 0.814000 0.050000 0.814000 0.029000 0.822000 0.029000
4 0.764000 0.072000 0.757000 0.073000 0.756000 0.051000 0.764000 0.051000
4 0.652000 0.088000 0.647000 0.088000 0.647000 0.073000 0.652000 0.073000
4 0.640000 0.089000 0.633000 0.089000 0.632000 0.073000 0.639000 0.073000
5 0.627000 0.091000 0.619000 0.091000 0.619000 0.072000 0.627000 0.072000
4 0.615000 0.087000 0.609000 0.087000 0.609000 0.073000 0.615000 0.073000
4 0.604000 0.089000 0.597000 0.089000 0.597000 0.072000 0.603000 0.072000
6 0.592000 0.088000 0.586000 0.088000 0.586000 0.071000 0.592000 0.071000
5 0.580000 0.091000 0.572000 0.091000 0.572000 0.071000 0.580000 0.071000
6 0.616000 0.059000 0.599000 0.059000 0.599000 0.052000 0.616000 0.052000
4 0.693000 0.037000 0.685000 0.037000 0.685000 0.020000 0.692000 0.020000
6 0.680000 0.035000 0.672000 0.035000 0.672000 0.019000 0.680000 0.019000
5 0.646000 0.037000 0.638000 0.037000 0.638000 0.020000 0.645000 0.020000
6 0.634000 0.036000 0.628000 0.036000 0.627000 0.020000 0.634000 0.020000
6 0.616000 0.020000 0.597000 0.019000 0.598000 0.012000 0.616000 0.013000
4 0.615000 0.005000 0.600000 0.005000 0.600000 0.000000 0.615000 0.000000
4 0.943000 0.169000 0.937000 0.169000 0.937000 0.153000 0.943000 0.153000
6 0.950000 0.107000 0.931000 0.107000 0.931000 0.100000 0.950000 0.100000
4 0.904000 0.106000 0.886000 0.107000 0.886000 0.100000 0.904000 0.100000
6 0.912000 0.132000 0.893000 0.132000 0.893000 0.125000 0.911000 0.124000
4 0.882000 0.223000 0.876000 0.223000 0.875000 0.208000 0.881000 0.208000
4 0.886000 0.168000 0.880000 0.167000 0.880000 0.152000 0.886000 0.152000
4 0.823000 0.220000 0.815000 0.220000 0.815000 0.203000 0.822000 0.203000
6 0.824000 0.171000 0.817000 0.171000 0.817000 0.156000 0.824000 0.156000
4 0.810000 0.132000 0.794000 0.132000 0.794000 0.126000 0.810000 0.126000
5 0.564000 0.161000 0.540000 0.160000 0.541000 0.153000 0.564000 0.154000
4 0.566000 0.184000 0.546000 0.184000 0.546000 0.177000 0.566000 0.177000
4 0.602000 0.310000 0.598000 0.316000 0.582000 0.305000 0.586000 0.299000
6 0.596000 0.317000 0.595000 0.323000 0.579000 0.323000 0.579000 0.317000
5 0.560000 0.316000 0.559000 0.324000 0.538000 0.323000 0.539000 0.315000
5 0.668000 0.346000 0.660000 0.345000 0.660000 0.325000 0.668000 0.325000
4 0.766000 0.304000 0.759000 0.304000 0.759000 0.287000 0.765000 0.286000
4 0.823000 0.343000 0.816000 0.343000 0.816000 0.326000 0.823000 0.326000
4 0.884000 0.380000 0.876000 0.380000 0.876000 0.365000 0.883000 0.364000
4 0.739000 0.383000 0.722000 0.383000 0.722000 0.377000 0.739000 0.377000
4 0.737000 0.393000 0.721000 0.392000 0.721000 0.386000 0.737000 0.387000
4 1.000000 0.491048 0.993968 0.491335 0.992968 0.470335 1.000000 0.470000
4 0.941000 0.469000 0.933000 0.469000 0.933000 0.451000 0.941000 0.451000
6 1.000000 0.688000 0.995000 0.688000 0.995000 0.670000 1.000000 0.670000
6 1.000000 0.659882 0.992972 0.659469 0.994000 0.642000 1.000000 0.642353
4 0.945000 0.700000 0.939000 0.701000 0.938000 0.687000 0.945000 0.686000
6 0.944000 0.686000 0.936000 0.686000 0.936000 0.664000 0.944000 0.664000
4 0.881000 0.458000 0.874000 0.458000 0.873000 0.444000 0.881000 0.444000
6 0.873000 0.461000 0.865000 0.461000 0.864000 0.443000 0.873000 0.443000
3 0.860000 0.434000 0.843000 0.435000 0.843000 0.428000 0.860000 0.428000
4 0.736000 0.413000 0.718000 0.414000 0.718000 0.408000 0.736000 0.407000
6 0.927000 0.735000 0.911000 0.735000 0.911000 0.729000 0.927000 0.729000
4 1.000000 0.994000 0.991000 0.994000 0.991000 0.975000 1.000000 0.975000
4 0.855000 0.716000 0.836000 0.717000 0.836000 0.709000 0.854000 0.709000
4 0.814000 0.727000 0.796000 0.727000 0.797000 0.719000 0.814000 0.719000
5 0.737000 0.737000 0.719000 0.737000 0.720000 0.730000 0.737000 0.730000
4 0.885000 0.805000 0.878000 0.805000 0.878000 0.788000 0.885000 0.788000
6 0.824000 0.997000 0.815000 0.996000 0.815000 0.975000 0.824000 0.975000
4 0.770000 0.965000 0.762000 0.965000 0.762000 0.949000 0.770000 0.949000
4 0.516000 0.685000 0.509000 0.685000 0.509000 0.670000 0.516000 0.670000
4 0.373000 0.934000 0.355000 0.934000 0.355000 0.929000 0.373000 0.929000
4 0.292000 0.617000 0.284000 0.618000 0.283000 0.602000 0.291000 0.602000
6 0.292000 0.594000 0.285000 0.594000 0.285000 0.578000 0.292000 0.578000
5 0.410000 0.790000 0.402000 0.790000 0.402000 0.771000 0.409000 0.771000
6 0.398000 0.781000 0.391000 0.781000 0.390000 0.765000 0.397000 0.764000
6 0.305000 0.973000 0.299000 0.973000 0.299000 0.959000 0.305000 0.959000
4 0.306000 0.991000 0.299000 0.991000 0.299000 0.975000 0.306000 0.975000
5 0.285000 0.934000 0.264000 0.934000 0.264000 0.927000 0.285000 0.928000
6 0.234000 0.894000 0.228000 0.894000 0.227000 0.882000 0.233000 0.881000
4 0.232000 0.878000 0.226000 0.878000 0.226000 0.865000 0.232000 0.865000
6 0.238000 0.848000 0.231000 0.848000 0.231000 0.835000 0.237000 0.835000
4 0.234000 0.960000 0.227000 0.960000 0.227000 0.947000 0.234000 0.947000
6 0.250000 0.975000 0.242000 0.975000 0.242000 0.957000 0.250000 0.957000
6 0.234000 0.977000 0.228000 0.977000 0.228000 0.964000 0.234000 0.964000
4 0.216000 0.934000 0.200000 0.934000 0.200000 0.928000 0.216000 0.928000
5 0.195000 0.934000 0.179000 0.934000 0.179000 0.929000 0.195000 0.929000
4 0.115000 0.817000 0.110000 0.817000 0.110000 0.809000 0.115000 0.808000
6 0.117000 0.838000 0.109000 0.838000 0.109000 0.820000 0.117000 0.820000
4 0.117000 0.851000 0.112000 0.852000 0.111000 0.840000 0.116000 0.839000
5 0.118000 0.869000 0.111000 0.869000 0.111000 0.855000 0.118000 0.855000
4 0.108000 0.890000 0.101000 0.890000 0.100000 0.873000 0.108000 0.873000
6 0.120000 0.891000 0.113000 0.892000 0.113000 0.876000 0.120000 0.876000
4 0.138000 0.889000 0.131000 0.889000 0.130000 0.874000 0.137000 0.874000
6 0.144000 0.605000 0.138000 0.605000 0.138000 0.591000 0.144000 0.591000
6 0.135000 0.611000 0.128000 0.612000 0.127000 0.597000 0.134000 0.597000
4 0.074000 0.689000 0.068000 0.690000 0.067000 0.672000 0.074000 0.671000
6 0.429000 0.321000 0.409000 0.321000 0.409000 0.316000 0.429000 0.315000
6 0.378000 0.567000 0.363000 0.567000 0.363000 0.560000 0.378000 0.561000
5 0.234000 0.528000 0.226000 0.528000 0.226000 0.509000 0.234000 0.509000
6 0.235000 0.504000 0.228000 0.504000 0.228000 0.486000 0.235000 0.486000
4 0.210000 0.405000 0.208000 0.412000 0.189000 0.405000 0.191000 0.399000
4 0.348000 0.299000 0.342000 0.299000 0.342000 0.284000 0.348000 0.284000
6 0.235000 0.287000 0.228000 0.287000 0.229000 0.269000 0.235000 0.269000
6 0.235000 0.267000 0.230000 0.267000 0.230000 0.256000 0.235000 0.256000
6 0.222000 0.255000 0.217000 0.255000 0.216000 0.241000 0.221000 0.241000
4 0.115000 0.338000 0.110000 0.338000 0.110000 0.330000 0.115000 0.330000
4 0.060000 0.285000 0.054000 0.285000 0.053000 0.271000 0.060000 0.271000
6 0.061000 0.303000 0.054000 0.303000 0.054000 0.286000 0.060000 0.286000
4 0.052000 0.307000 0.044000 0.321000 0.038000 0.317000 0.046000 0.303000
4 0.140000 0.244000 0.139000 0.256000 0.134000 0.256000 0.134000 0.244000
4 0.154000 0.231000 0.146000 0.231000 0.147000 0.213000 0.154000 0.213000
4 0.116000 0.222000 0.108000 0.222000 0.109000 0.214000 0.116000 0.214000
5 0.176000 0.432000 0.167000 0.432000 0.167000 0.412000 0.176000 0.411000
4 0.172000 0.398000 0.166000 0.398000 0.166000 0.391000 0.172000 0.391000
4 0.162000 0.399000 0.155000 0.399000 0.155000 0.391000 0.162000 0.391000
4 0.139000 0.399000 0.132000 0.399000 0.133000 0.390000 0.139000 0.390000
4 0.137000 0.430000 0.131000 0.431000 0.129000 0.416000 0.136000 0.416000
4 0.116000 0.521000 0.109000 0.521000 0.109000 0.507000 0.115000 0.507000
6 0.118000 0.486000 0.117000 0.506000 0.109000 0.505000 0.110000 0.486000
5 0.118000 0.485000 0.111000 0.485000 0.111000 0.468000 0.118000 0.468000
4 0.047000 0.437000 0.042000 0.438000 0.041000 0.424000 0.046000 0.424000
6 0.037000 0.423000 0.027000 0.433000 0.023000 0.428000 0.033000 0.419000
4 0.053000 0.486000 0.047000 0.486000 0.046000 0.473000 0.052000 0.472000
4 0.056000 0.531000 0.048000 0.533000 0.046000 0.513000 0.053000 0.512000
4 0.003000 0.523000 0.000000 0.523000 0.000000 0.510000 0.003000 0.510000
5 0.347000 0.174000 0.326000 0.174000 0.326000 0.168000 0.347000 0.167000
5 0.268000 0.175000 0.247000 0.175000 0.247000 0.167000 0.268000 0.167000
6 0.251000 0.028000 0.244000 0.028000 0.244000 0.007000 0.251000 0.007000
3 0.207000 0.102000 0.200000 0.102000 0.200000 0.082000 0.207000 0.082000
4 0.129000 0.137000 0.121000 0.137000 0.121000 0.123000 0.129000 0.123000
6 0.127000 0.103000 0.119000 0.103000 0.119000 0.094000 0.127000 0.094000
3 0.349000 0.029000 0.320000 0.039000 0.317000 0.030000 0.346000 0.020000
5 0.258000 0.005000 0.233000 0.005000 0.233000 0.000000 0.258000 0.000000
4 0.147000 0.154000 0.140000 0.154000 0.140000 0.138000 0.147000 0.138000
6 0.148000 0.132000 0.142000 0.132000 0.142000 0.118000 0.148000 0.118000
4 0.149000 0.111000 0.142000 0.111000 0.142000 0.102000 0.149000 0.102000
4 0.179000 0.198000 0.161000 0.198000 0.161000 0.192000 0.179000 0.192000
4 0.174000 0.174000 0.154000 0.174000 0.154000 0.168000 0.174000 0.167000
4 0.097000 0.175000 0.078000 0.175000 0.078000 0.168000 0.097000 0.168000
6 0.049000 0.025000 0.034000 0.025000 0.034000 0.019000 0.049000 0.019000
6 0.054000 0.064000 0.038000 0.065000 0.037000 0.058000 0.054000 0.057000
4 0.053000 0.054000 0.034000 0.055000 0.033000 0.048000 0.053000 0.047000
7 0.228000 0.427000 0.217000 0.429000 0.214000 0.410000 0.225000 0.408000
10 0.660000 0.551000 0.654000 0.558000 0.632000 0.538000 0.639000 0.531000
9 0.537000 0.203000 0.477000 0.204000 0.475000 0.100000 0.535000 0.099000
