7 0.853333 0.992500 0.823333 0.997500 0.615000 0.990000 0.637500 0.983750
7 0.891667 0.970000 0.871667 0.980000 0.648750 0.972500 0.663750 0.962500
7 0.891667 0.993750 0.885000 0.997500 0.652500 0.982500 0.657500 0.978750
7 0.910000 0.985000 0.903333 0.990000 0.663750 0.973750 0.668750 0.968750
7 0.918333 0.980000 0.911667 0.985000 0.671250 0.971250 0.676250 0.966250
7 0.813333 0.960000 0.766667 0.971250 0.572500 0.962500 0.607500 0.951250
7 0.930000 0.975000 0.921667 0.980000 0.678750 0.966250 0.685000 0.960000
7 0.028333 0.993750 0.020000 1.000000 0.003750 0.988750 0.010000 0.982500
7 0.043333 0.987500 0.036667 0.992500 0.015000 0.981250 0.020000 0.975000
7 0.055000 0.981250 0.048333 0.987500 0.025000 0.977500 0.031250 0.971250
7 0.070000 0.975000 0.063333 0.980000 0.035000 0.970000 0.040000 0.963750
7 0.081667 0.970000 0.076667 0.975000 0.045000 0.963750 0.050000 0.958750
7 0.096667 0.963750 0.086667 0.968750 0.056250 0.957500 0.062500 0.952500
7 0.110000 0.957500 0.101667 0.963750 0.065000 0.951250 0.071250 0.945000
7 0.121667 0.951250 0.115000 0.956250 0.075000 0.945000 0.081250 0.940000
7 0.136667 0.947500 0.128333 0.952500 0.085000 0.938750 0.090000 0.933750
7 0.148333 0.940000 0.141667 0.945000 0.095000 0.931250 0.100000 0.927500
7 0.161667 0.935000 0.155000 0.940000 0.102500 0.926250 0.108750 0.921250
7 0.310000 0.927500 0.288333 0.935000 0.213750 0.927500 0.230000 0.920000
7 0.301667 0.918750 0.281667 0.926250 0.207500 0.921250 0.222500 0.913750
7 0.291667 0.915000 0.268333 0.920000 0.198750 0.912500 0.216250 0.907500
7 0.401667 0.985000 0.395000 0.990000 0.283750 0.976250 0.288750 0.971250
7 0.415000 0.981250 0.406667 0.986250 0.292500 0.971250 0.298750 0.966250
7 0.515000 0.906250 0.505000 0.911250 0.366250 0.897500 0.373750 0.891250
7 0.886667 0.880000 0.831667 0.888750 0.622500 0.877500 0.662500 0.870000
7 0.941667 0.920000 0.893333 0.923750 0.668750 0.915000 0.706250 0.911250
7 0.851667 0.978750 0.793333 0.992500 0.592500 0.981250 0.635000 0.967500
7 0.826667 0.970000 0.778333 0.982500 0.580000 0.971250 0.616250 0.960000
7 0.863333 0.956250 0.815000 0.962500 0.610000 0.951250 0.646250 0.946250
7 0.846667 0.928750 0.816667 0.946250 0.605000 0.936250 0.627500 0.920000
7 0.830000 0.926250 0.793333 0.940000 0.590000 0.930000 0.617500 0.916250
7 0.793333 0.950000 0.755000 0.965000 0.560000 0.953750 0.590000 0.938750
7 0.823333 0.913750 0.786667 0.928750 0.583750 0.918750 0.611250 0.902500
7 0.813333 0.902500 0.771667 0.921250 0.573750 0.911250 0.603750 0.893750
7 0.761667 0.918750 0.725000 0.938750 0.536250 0.927500 0.562500 0.908750
7 0.753333 0.913750 0.708333 0.922500 0.528750 0.913750 0.562500 0.903750
7 0.800000 0.896250 0.751667 0.906250 0.561250 0.897500 0.598750 0.887500
7 0.746667 0.903750 0.700000 0.911250 0.522500 0.901250 0.558750 0.893750
7 0.770000 0.895000 0.720000 0.898750 0.538750 0.887500 0.576250 0.883750
7 0.755000 0.817500 0.753333 0.851250 0.552500 0.850000 0.555000 0.817500
7 0.671667 0.927500 0.663333 0.935000 0.480000 0.918750 0.486250 0.911250
7 0.658333 0.932500 0.650000 0.938750 0.471250 0.922500 0.476250 0.917500
7 0.640000 0.935000 0.633333 0.940000 0.462500 0.925000 0.467500 0.920000
7 0.630000 0.943750 0.621667 0.948750 0.453750 0.933750 0.460000 0.928750
7 0.615000 0.947500 0.605000 0.953750 0.438750 0.937500 0.447500 0.930000
7 0.586667 0.957500 0.576667 0.963750 0.417500 0.947500 0.425000 0.941250
7 0.565000 0.968750 0.555000 0.975000 0.405000 0.958750 0.412500 0.953750
7 0.690000 0.945000 0.681667 0.951250 0.495000 0.935000 0.501250 0.930000
7 0.670000 0.953750 0.660000 0.958750 0.482500 0.940000 0.488750 0.935000
7 0.656667 0.958750 0.645000 0.963750 0.470000 0.945000 0.477500 0.938750
7 0.643333 0.966250 0.635000 0.971250 0.460000 0.953750 0.467500 0.947500
7 0.631667 0.971250 0.621667 0.977500 0.450000 0.958750 0.457500 0.952500
7 0.618333 0.977500 0.610000 0.982500 0.440000 0.962500 0.446250 0.956250
7 0.606667 0.981250 0.596667 0.987500 0.431250 0.967500 0.438750 0.961250
7 0.595000 0.987500 0.586667 0.992500 0.423750 0.973750 0.430000 0.968750
7 0.580000 0.992500 0.571667 0.998750 0.410000 0.981250 0.417500 0.975000
7 0.568333 0.911250 0.560000 0.918750 0.401250 0.902500 0.407500 0.895000
7 0.555000 0.917500 0.546667 0.923750 0.393750 0.907500 0.400000 0.901250
7 0.498333 0.831250 0.440000 0.853750 0.322500 0.840000 0.366250 0.817500
7 0.385000 0.810000 0.315000 0.816250 0.233750 0.800000 0.287500 0.793750
7 0.351667 0.982500 0.308333 1.000000 0.225000 0.988750 0.257500 0.971250
7 0.338333 0.972500 0.293333 0.990000 0.213750 0.980000 0.247500 0.961250
7 0.323333 0.961250 0.278333 0.981250 0.202500 0.972500 0.236250 0.951250
7 0.308333 0.952500 0.268333 0.971250 0.193750 0.960000 0.225000 0.941250
7 0.283333 0.928750 0.258333 0.958750 0.181250 0.951250 0.200000 0.920000
7 0.190000 0.960000 0.180000 0.968750 0.110000 0.947500 0.117500 0.938750
7 0.175000 0.968750 0.165000 0.977500 0.098750 0.955000 0.107500 0.946250
7 0.163333 0.976250 0.153333 0.985000 0.090000 0.963750 0.096250 0.956250
7 0.145000 0.981250 0.136667 0.990000 0.076250 0.968750 0.082500 0.961250
7 0.131667 0.985000 0.128333 0.993750 0.063750 0.981250 0.067500 0.972500
7 0.251667 0.861250 0.203333 0.883750 0.145000 0.871250 0.181250 0.848750
7 0.231667 0.848750 0.186667 0.871250 0.132500 0.860000 0.165000 0.837500
7 0.216667 0.837500 0.170000 0.857500 0.122500 0.846250 0.156250 0.827500
7 0.113333 0.888750 0.060000 0.888750 0.043750 0.875000 0.085000 0.875000
