3 0.576667 0.132500 0.526667 0.135000 0.393750 0.125000 0.431250 0.121250
5 0.771667 0.028750 0.758333 0.028750 0.568750 0.013750 0.578750 0.013750
3 0.526667 0.168750 0.478333 0.175000 0.357500 0.161250 0.393750 0.153750
4 0.970000 0.193750 0.938333 0.196250 0.703750 0.186250 0.726250 0.185000
4 0.493333 0.348750 0.476667 0.351250 0.353750 0.330000 0.366250 0.327500
6 0.556667 0.571250 0.541667 0.573750 0.403750 0.551250 0.415000 0.550000
6 0.553333 0.720000 0.540000 0.720000 0.405000 0.701250 0.413750 0.701250
6 0.656667 0.910000 0.640000 0.912500 0.477500 0.887500 0.490000 0.885000
4 0.941667 0.971250 0.911667 0.975000 0.681250 0.960000 0.703750 0.956250
5 0.946667 0.985000 0.915000 0.986250 0.685000 0.977500 0.708750 0.975000
4 0.933333 0.561250 0.913333 0.563750 0.683750 0.555000 0.698750 0.552500
5 0.713333 0.620000 0.680000 0.621250 0.508750 0.608750 0.533750 0.606250
6 0.458333 0.222500 0.445000 0.225000 0.328750 0.202500 0.338750 0.200000
4 0.755000 0.191250 0.743333 0.191250 0.555000 0.172500 0.565000 0.172500
