5 0.190000 0.151250 0.145000 0.162500 0.105000 0.151250 0.138750 0.140000
4 0.300000 0.166250 0.290000 0.172500 0.200000 0.156250 0.206250 0.148750
5 0.270000 0.146250 0.260000 0.152500 0.180000 0.135000 0.187500 0.128750
5 0.243333 0.126250 0.235000 0.132500 0.156250 0.112500 0.163750 0.105000
6 0.211667 0.096250 0.200000 0.105000 0.133750 0.087500 0.143750 0.080000
4 0.180000 0.071250 0.170000 0.080000 0.110000 0.065000 0.117500 0.055000
4 0.303333 0.053750 0.270000 0.065000 0.198750 0.055000 0.223750 0.045000
9 0.448333 0.240000 0.385000 0.271250 0.267500 0.240000 0.316250 0.208750
6 0.406667 0.163750 0.378333 0.173750 0.278750 0.163750 0.300000 0.153750
6 0.498333 0.202500 0.470000 0.213750 0.346250 0.203750 0.368750 0.192500
4 0.725000 0.096250 0.713333 0.103750 0.523750 0.091250 0.531250 0.083750
5 0.185000 0.418750 0.168333 0.427500 0.112500 0.408750 0.125000 0.400000
3 0.490000 0.381250 0.455000 0.393750 0.333750 0.380000 0.361250 0.367500
6 0.510000 0.501250 0.501667 0.507500 0.358750 0.493750 0.365000 0.486250
5 0.538333 0.500000 0.530000 0.507500 0.377500 0.488750 0.385000 0.482500
4 0.698333 0.517500 0.665000 0.531250 0.493750 0.521250 0.518750 0.508750
6 0.720000 0.533750 0.690000 0.547500 0.511250 0.536250 0.533750 0.522500
6 0.823333 0.621250 0.793333 0.632500 0.590000 0.623750 0.612500 0.611250
4 0.853333 0.680000 0.821667 0.692500 0.612500 0.683750 0.636250 0.671250
4 0.903333 0.673750 0.898333 0.695000 0.660000 0.692500 0.663750 0.670000
4 0.070000 0.671250 0.038333 0.688750 0.021250 0.678750 0.045000 0.661250
6 0.103333 0.657500 0.075000 0.671250 0.050000 0.661250 0.071250 0.647500
3 0.176667 0.647500 0.126667 0.670000 0.086250 0.657500 0.123750 0.633750
4 0.510000 0.332500 0.498333 0.341250 0.356250 0.322500 0.365000 0.313750
4 0.540000 0.443750 0.506667 0.456250 0.373750 0.445000 0.400000 0.431250
6 0.321667 0.811250 0.286667 0.823750 0.211250 0.813750 0.236250 0.802500
6 0.318333 0.825000 0.298333 0.832500 0.220000 0.825000 0.233750 0.817500
6 0.295000 0.915000 0.268333 0.925000 0.196250 0.916250 0.216250 0.905000
4 0.651667 0.906250 0.621667 0.918750 0.461250 0.911250 0.485000 0.897500
5 0.930000 0.927500 0.913333 0.936250 0.668750 0.913750 0.681250 0.905000
4 0.601667 0.225000 0.591667 0.231250 0.427500 0.212500 0.435000 0.206250
4 0.986667 0.130000 0.975000 0.136250 0.715000 0.117500 0.723750 0.110000
4 0.816667 0.450000 0.788333 0.463750 0.585000 0.455000 0.606250 0.440000
4 0.803333 0.471250 0.768333 0.480000 0.573750 0.468750 0.600000 0.460000
4 0.893333 0.512500 0.863333 0.526250 0.642500 0.517500 0.663750 0.503750
4 0.883333 0.527500 0.848333 0.543750 0.630000 0.533750 0.656250 0.517500
4 0.886667 0.575000 0.876667 0.583750 0.638750 0.565000 0.646250 0.557500
6 0.935000 0.576250 0.901667 0.588750 0.672500 0.580000 0.697500 0.567500
4 0.968333 0.563750 0.938333 0.576250 0.700000 0.568750 0.721250 0.556250
5 0.903333 0.632500 0.891667 0.641250 0.650000 0.621250 0.658750 0.612500
5 0.960000 0.678750 0.948333 0.687500 0.691250 0.666250 0.700000 0.657500
5 0.906667 0.516250 0.885000 0.526250 0.660000 0.521250 0.676250 0.510000
11 0.713333 0.783750 0.683333 0.792500 0.508750 0.780000 0.530000 0.772500
