28 0.168750 0.050000 0.162500 0.066667 0.136667 0.023333 0.146667 0.006667
28 0.485000 0.256667 0.476250 0.270000 0.546667 0.218333 0.555000 0.203333
28 0.471250 0.270000 0.467500 0.283333 0.538333 0.231667 0.543333 0.216667
28 0.173750 0.588333 0.165000 0.603333 0.141667 0.558333 0.153333 0.545000
28 0.168750 0.605000 0.158750 0.631667 0.078333 0.551667 0.088333 0.531667
28 0.157500 0.631667 0.150000 0.653333 0.058333 0.575000 0.075000 0.550000
28 0.406250 0.531667 0.401250 0.548333 0.461667 0.520000 0.468333 0.501667
28 0.532500 0.660000 0.526250 0.683333 0.605000 0.625000 0.616667 0.603333
28 0.333750 0.728333 0.325000 0.750000 0.345000 0.703333 0.358333 0.686667
28 0.687500 0.751667 0.678750 0.770000 0.813333 0.711667 0.825000 0.690000
28 0.873750 0.840000 0.866250 0.863333 1.051667 0.808333 1.066667 0.785000
28 0.788750 0.480000 0.782500 0.493333 0.961667 0.448333 0.970000 0.435000
28 0.782500 0.493333 0.778750 0.506667 0.956667 0.463333 0.961667 0.448333
28 0.772500 0.506667 0.767500 0.520000 0.946667 0.475000 0.953333 0.461667
28 0.767500 0.520000 0.758750 0.533333 0.933333 0.488333 0.945000 0.475000
28 0.845000 0.523333 0.842500 0.541667 1.045000 0.501667 1.053333 0.486667
28 0.843750 0.543333 0.838750 0.558333 1.038333 0.515000 1.043333 0.501667
28 0.837500 0.558333 0.832500 0.570000 1.030000 0.523333 1.036667 0.515000
28 0.830000 0.565000 0.821250 0.583333 1.021667 0.541667 1.030000 0.523333
28 0.913750 0.578333 0.907500 0.591667 1.135000 0.548333 1.146667 0.535000
28 0.906250 0.590000 0.900000 0.603333 1.125000 0.561667 1.133333 0.548333
28 0.903750 0.606667 0.897500 0.620000 1.115000 0.573333 1.123333 0.560000
28 0.896250 0.620000 0.886250 0.635000 1.106667 0.590000 1.116667 0.575000
28 0.973750 0.965000 0.967500 0.991667 1.188333 0.936667 1.200000 0.911667
28 0.613750 0.960000 0.603750 0.976667 0.708333 0.910000 0.718333 0.895000
28 0.562500 0.936667 0.560000 0.946667 0.713333 0.923333 0.718333 0.920000
28 0.558750 0.965000 0.550000 0.981667 0.650000 0.923333 0.661667 0.906667
28 0.535000 0.975000 0.528750 0.991667 0.615000 0.923333 0.625000 0.908333
28 0.485000 1.000000 0.469803 1.000000 0.592248 0.977622 0.598333 0.968333
28 0.470221 1.000000 0.451544 1.000000 0.583631 0.989198 0.590000 0.978333
28 0.250329 1.000000 0.224211 1.000000 0.260000 0.876667 0.291667 0.866667
22 0.525000 1.030000 0.444917 0.961596 0.616667 0.925000 0.723444 0.993404
28 0.173750 0.050000 0.114250 0.010333 0.159000 -0.003000 0.238333 0.036667
28 0.180000 0.036667 0.132500 0.005000 0.183333 -0.008333 0.246667 0.023333
28 0.222500 0.071667 0.218750 0.085000 0.236667 0.058333 0.243333 0.045000
28 0.228750 0.058333 0.223750 0.071667 0.245000 0.043333 0.250000 0.030000
9 0.960000 0.040000 0.950000 0.065000 1.220000 0.040000 1.233333 0.015000
9 0.820000 0.345000 0.810000 0.370000 1.053333 0.356667 1.068333 0.331667
9 0.573750 0.158333 0.562500 0.183333 0.725000 0.168333 0.738333 0.143333
