4 0.459000 0.087000 0.449000 0.088000 0.449000 0.070000 0.459000 0.070000
5 0.416000 0.131000 0.406000 0.131000 0.406000 0.112000 0.416000 0.112000
4 0.461000 0.248000 0.452000 0.248000 0.452000 0.232000 0.461000 0.232000
6 0.462000 0.322000 0.452000 0.322000 0.452000 0.305000 0.461000 0.304000
4 0.414000 0.322000 0.404000 0.322000 0.404000 0.304000 0.414000 0.304000
5 0.416000 0.324000 0.415000 0.345000 0.404000 0.345000 0.405000 0.324000
4 0.396000 0.418000 0.373000 0.421000 0.372000 0.414000 0.396000 0.411000
4 0.370000 0.423000 0.350000 0.424000 0.350000 0.417000 0.369000 0.416000
4 0.341000 0.426000 0.323000 0.427000 0.322000 0.419000 0.340000 0.417000
4 0.572000 0.711000 0.563000 0.712000 0.562000 0.696000 0.572000 0.696000
4 0.560000 0.712000 0.552000 0.713000 0.551000 0.698000 0.559000 0.697000
4 0.550000 0.713000 0.541000 0.714000 0.540000 0.699000 0.549000 0.699000
4 0.541000 0.713000 0.533000 0.717000 0.524000 0.701000 0.532000 0.697000
6 0.522000 0.718000 0.511000 0.718000 0.511000 0.699000 0.522000 0.700000
4 0.525000 0.670000 0.505000 0.672000 0.504000 0.665000 0.525000 0.664000
6 0.577000 0.646000 0.568000 0.647000 0.567000 0.632000 0.576000 0.632000
5 0.571000 0.586000 0.559000 0.587000 0.557000 0.566000 0.569000 0.565000
4 0.535000 0.621000 0.513000 0.621000 0.513000 0.612000 0.535000 0.612000
5 0.539000 0.607000 0.514000 0.611000 0.513000 0.602000 0.537000 0.598000
5 0.536000 0.596000 0.511000 0.598000 0.511000 0.590000 0.535000 0.589000
4 0.535000 0.581000 0.528000 0.588000 0.508000 0.571000 0.515000 0.564000
11 0.532000 0.557000 0.505000 0.556000 0.505000 0.548000 0.532000 0.549000
6 0.529000 0.543000 0.504000 0.543000 0.504000 0.535000 0.529000 0.535000
4 0.532000 0.529000 0.508000 0.531000 0.508000 0.524000 0.531000 0.523000
4 0.525000 0.521000 0.505000 0.522000 0.505000 0.516000 0.524000 0.514000
4 0.525000 0.513000 0.504000 0.514000 0.504000 0.508000 0.524000 0.507000
4 0.564000 0.391000 0.562000 0.407000 0.554000 0.406000 0.556000 0.391000
4 0.721000 0.431000 0.717000 0.442000 0.711000 0.440000 0.716000 0.429000
4 0.728000 0.432000 0.723000 0.444000 0.717000 0.442000 0.722000 0.429000
4 0.659000 0.396000 0.649000 0.396000 0.649000 0.381000 0.658000 0.380000
5 0.695000 0.398000 0.672000 0.404000 0.670000 0.397000 0.693000 0.390000
4 0.823000 0.496000 0.795000 0.495000 0.795000 0.488000 0.823000 0.488000
6 0.835000 0.487000 0.811000 0.487000 0.811000 0.478000 0.835000 0.479000
6 0.829000 0.466000 0.805000 0.466000 0.805000 0.458000 0.829000 0.458000
6 0.961000 0.349000 0.959000 0.366000 0.950000 0.365000 0.953000 0.348000
4 0.993000 0.256000 0.984000 0.256000 0.984000 0.241000 0.993000 0.241000
4 0.966000 0.863000 0.943000 0.864000 0.943000 0.857000 0.966000 0.856000
5 0.924000 0.862000 0.894000 0.862000 0.894000 0.853000 0.924000 0.853000
4 0.838000 0.893000 0.814000 0.893000 0.814000 0.886000 0.838000 0.886000
6 0.858000 0.876000 0.834000 0.877000 0.834000 0.868000 0.858000 0.867000
11 0.631000 0.875000 0.595000 0.877000 0.594000 0.867000 0.630000 0.865000
4 0.337000 0.858000 0.324000 0.858000 0.324000 0.840000 0.336000 0.840000
4 0.321000 0.851000 0.310000 0.852000 0.309000 0.836000 0.319000 0.835000
9 0.467000 0.859000 0.466000 0.921000 0.404000 0.920000 0.404000 0.859000
4 0.018000 0.918000 0.010000 0.922000 0.002000 0.905000 0.011000 0.901000
5 0.034000 0.276000 0.012000 0.276000 0.012000 0.268000 0.034000 0.269000
4 0.323000 0.199000 0.301000 0.199000 0.301000 0.193000 0.323000 0.193000
4 0.322000 0.209000 0.299000 0.209000 0.299000 0.202000 0.322000 0.202000
4 0.294000 0.269000 0.276000 0.278000 0.273000 0.270000 0.290000 0.261000
4 0.023000 0.403000 0.015000 0.404000 0.014000 0.387000 0.022000 0.386000
4 0.312000 0.893000 0.311000 0.903000 0.283000 0.901000 0.283000 0.891000
6 0.766000 0.920000 0.758000 0.921000 0.757000 0.904000 0.765000 0.904000
4 0.778000 0.917000 0.770000 0.918000 0.769000 0.903000 0.777000 0.903000
4 0.802000 0.917000 0.793000 0.917000 0.792000 0.903000 0.801000 0.902000
4 0.814000 0.917000 0.806000 0.917000 0.806000 0.901000 0.814000 0.901000
4 0.831000 0.901000 0.830000 0.918000 0.820000 0.918000 0.821000 0.900000
6 0.843000 0.917000 0.834000 0.918000 0.833000 0.902000 0.842000 0.901000
4 0.854000 0.916000 0.846000 0.916000 0.846000 0.899000 0.853000 0.899000
5 0.865000 0.963000 0.855000 0.964000 0.854000 0.944000 0.864000 0.943000
5 0.799000 0.963000 0.798000 0.984000 0.790000 0.984000 0.790000 0.963000
6 0.781000 0.965000 0.780000 0.981000 0.771000 0.981000 0.772000 0.965000
4 0.767000 0.980000 0.758000 0.980000 0.758000 0.965000 0.767000 0.965000
5 0.732000 0.960000 0.730000 0.978000 0.720000 0.977000 0.721000 0.959000
4 0.928000 0.952000 0.907000 0.951000 0.908000 0.944000 0.928000 0.945000
4 0.932000 0.962000 0.911000 0.962000 0.911000 0.955000 0.932000 0.956000
6 0.929000 0.967000 0.928000 0.973000 0.911000 0.972000 0.911000 0.966000
4 0.933000 0.991000 0.911000 0.991000 0.910000 0.984000 0.933000 0.984000
4 0.936000 1.000000 0.909000 1.000000 0.909000 0.994000 0.936000 0.994000
4 0.996000 0.999000 0.974000 0.999000 0.973000 0.994000 0.996000 0.994000
4 0.994000 0.991000 0.971000 0.990000 0.971000 0.983000 0.994000 0.984000
6 0.995000 0.979000 0.976000 0.981000 0.975000 0.975000 0.994000 0.973000
6 0.993000 0.959000 0.973000 0.962000 0.972000 0.954000 0.992000 0.951000
6 0.992000 0.948000 0.971000 0.949000 0.970000 0.943000 0.991000 0.941000
11 0.839000 0.800000 0.831000 0.800000 0.832000 0.786000 0.839000 0.786000
4 0.823000 0.805000 0.814000 0.805000 0.814000 0.790000 0.823000 0.790000
10 0.799000 0.813000 0.796000 0.825000 0.781000 0.822000 0.784000 0.810000
16 0.629000 0.558000 0.614000 0.559000 0.611000 0.509000 0.626000 0.508000
16 0.637000 0.615000 0.592000 0.619000 0.591000 0.608000 0.636000 0.604000
4 0.586000 0.629000 0.581000 0.629000 0.581000 0.622000 0.586000 0.622000
6 0.402000 0.707000 0.376000 0.708000 0.376000 0.698000 0.402000 0.697000
