4 0.686250 0.033333 0.665000 0.046667 0.880000 0.035000 0.910000 0.021667
4 0.793750 0.056667 0.792500 0.090000 1.038333 0.088333 1.041667 0.055000
5 0.123750 0.855000 0.117500 0.866667 0.126667 0.850000 0.133333 0.836667
4 0.561250 0.833333 0.540000 0.831667 0.720000 0.820000 0.748333 0.821667
6 0.696250 0.746667 0.686250 0.746667 0.915000 0.720000 0.928333 0.718333
4 0.681250 0.651667 0.680000 0.678333 0.893333 0.676667 0.895000 0.650000
14 0.587500 0.348333 0.577500 0.483333 0.688333 0.480000 0.700000 0.343333
14 0.671250 0.355000 0.661250 0.490000 0.800000 0.486667 0.813333 0.351667
14 0.567500 0.551667 0.555000 0.688333 0.656667 0.683333 0.671667 0.548333
14 0.648750 0.561667 0.638750 0.695000 0.768333 0.690000 0.785000 0.555000
32 0.433750 0.401667 0.417500 0.611667 0.283333 0.583333 0.303333 0.373333
