4 0.246667 0.547500 0.236667 0.547500 0.177500 0.533750 0.183750 0.533750
4 0.301667 0.578750 0.288333 0.578750 0.215000 0.557500 0.225000 0.557500
4 0.145000 0.450000 0.106667 0.450000 0.078750 0.441250 0.108750 0.441250
4 0.973333 0.041250 0.961667 0.041250 0.721250 0.035000 0.730000 0.035000
4 0.791667 0.618750 0.790000 0.636250 0.583750 0.636250 0.585000 0.618750
4 0.715000 0.632500 0.690000 0.646250 0.512500 0.638750 0.531250 0.626250
6 0.578333 0.675000 0.573333 0.681250 0.413750 0.671250 0.418750 0.665000
6 0.541667 0.677500 0.536667 0.682500 0.387500 0.672500 0.390000 0.666250
6 0.510000 0.677500 0.505000 0.683750 0.360000 0.673750 0.365000 0.666250
4 0.408333 0.673750 0.406667 0.680000 0.281250 0.680000 0.281250 0.672500
6 0.398333 0.620000 0.383333 0.620000 0.287500 0.600000 0.298750 0.600000
4 0.371667 0.623750 0.358333 0.623750 0.268750 0.601250 0.278750 0.601250
4 0.305000 0.650000 0.291667 0.650000 0.218750 0.630000 0.228750 0.630000
4 0.253333 0.705000 0.236667 0.705000 0.178750 0.683750 0.190000 0.685000
4 0.305000 0.748750 0.293333 0.750000 0.218750 0.727500 0.228750 0.727500
4 0.045000 0.610000 0.040000 0.616250 0.011250 0.603750 0.015000 0.597500
4 0.038333 0.645000 0.015000 0.645000 0.011250 0.638750 0.028750 0.637500
4 0.050000 0.710000 0.036667 0.710000 0.027500 0.690000 0.037500 0.690000
5 0.948333 0.277500 0.940000 0.283750 0.687500 0.267500 0.693750 0.261250
4 0.860000 0.346250 0.830000 0.358750 0.618750 0.350000 0.640000 0.337500
6 0.950000 0.370000 0.941667 0.376250 0.691250 0.362500 0.696250 0.356250
4 0.838333 0.603750 0.836667 0.621250 0.618750 0.620000 0.620000 0.603750
4 0.820000 0.602500 0.818333 0.622500 0.603750 0.622500 0.603750 0.602500
4 0.866667 0.606250 0.863333 0.626250 0.637500 0.625000 0.640000 0.606250
6 0.936667 0.615000 0.935000 0.623750 0.675000 0.620000 0.676250 0.611250
5 0.933333 0.628750 0.931667 0.638750 0.667500 0.632500 0.668750 0.623750
6 0.998333 0.977500 0.985000 0.982500 0.728750 0.962500 0.737500 0.958750
4 0.978333 0.977500 0.966667 0.981250 0.716250 0.962500 0.725000 0.957500
4 0.918333 0.990000 0.885000 0.988750 0.663750 0.978750 0.688750 0.980000
6 0.438333 0.960000 0.425000 0.960000 0.317500 0.940000 0.327500 0.940000
4 0.950000 0.883750 0.920000 0.883750 0.690000 0.876250 0.712500 0.877500
4 0.905000 0.885000 0.873333 0.885000 0.655000 0.877500 0.678750 0.877500
6 0.898333 0.848750 0.868333 0.848750 0.651250 0.842500 0.673750 0.841250
6 0.858333 0.850000 0.826667 0.851250 0.620000 0.845000 0.643750 0.842500
4 0.865000 0.885000 0.833333 0.883750 0.625000 0.877500 0.648750 0.877500
4 0.816667 0.851250 0.778333 0.852500 0.583750 0.845000 0.612500 0.843750
4 0.815000 0.886250 0.775000 0.886250 0.581250 0.878750 0.611250 0.878750
6 0.768333 0.887500 0.735000 0.887500 0.551250 0.880000 0.576250 0.880000
4 0.730000 0.888750 0.693333 0.888750 0.520000 0.880000 0.547500 0.880000
6 0.708333 0.853750 0.678333 0.853750 0.508750 0.847500 0.531250 0.847500
4 0.651667 0.890000 0.615000 0.888750 0.461250 0.881250 0.488750 0.882500
4 0.660000 0.855000 0.633333 0.855000 0.475000 0.847500 0.495000 0.847500
6 0.625000 0.856250 0.585000 0.856250 0.438750 0.848750 0.468750 0.848750
4 0.566667 0.891250 0.535000 0.891250 0.401250 0.883750 0.425000 0.883750
6 0.576667 0.858750 0.545000 0.858750 0.408750 0.850000 0.432500 0.850000
6 0.533333 0.856250 0.501667 0.856250 0.376250 0.848750 0.400000 0.848750
6 0.491667 0.857500 0.463333 0.857500 0.347500 0.850000 0.368750 0.850000
4 0.451667 0.873750 0.416667 0.873750 0.313750 0.865000 0.338750 0.865000
4 0.341667 0.897500 0.311667 0.896250 0.235000 0.887500 0.256250 0.888750
9 0.321667 0.905000 0.230000 0.903750 0.172500 0.850000 0.241250 0.851250
6 0.075000 0.938750 0.063333 0.938750 0.046250 0.918750 0.056250 0.918750
6 0.061667 0.866250 0.030000 0.866250 0.022500 0.857500 0.046250 0.857500
4 0.168333 0.900000 0.133333 0.900000 0.100000 0.892500 0.126250 0.892500
6 0.126667 0.900000 0.091667 0.900000 0.068750 0.892500 0.095000 0.892500
6 0.036667 0.901250 0.006667 0.901250 0.005000 0.893750 0.027500 0.893750
4 0.246667 0.027500 0.238333 0.033750 0.162500 0.018750 0.168750 0.011250
6 0.120000 0.018750 0.113333 0.025000 0.065000 0.008750 0.070000 0.002500
4 0.138333 0.052500 0.115000 0.066250 0.080000 0.058750 0.098750 0.045000
4 0.298333 0.091250 0.268333 0.106250 0.196250 0.098750 0.218750 0.083750
6 0.315000 0.112500 0.291667 0.123750 0.213750 0.116250 0.232500 0.105000
6 0.370000 0.143750 0.345000 0.157500 0.253750 0.151250 0.272500 0.136250
4 0.348333 0.168750 0.323333 0.181250 0.237500 0.175000 0.257500 0.162500
6 0.421667 0.196250 0.418333 0.203750 0.291250 0.196250 0.293750 0.188750
6 0.396667 0.202500 0.395000 0.210000 0.273750 0.205000 0.275000 0.197500
6 0.383333 0.210000 0.380000 0.218750 0.261250 0.211250 0.263750 0.203750
6 0.343333 0.233750 0.341667 0.241250 0.232500 0.237500 0.233750 0.230000
4 0.265000 0.200000 0.256667 0.215000 0.183750 0.212500 0.188750 0.197500
6 0.431667 0.236250 0.415000 0.243750 0.306250 0.236250 0.317500 0.228750
4 0.600000 0.256250 0.591667 0.262500 0.432500 0.251250 0.438750 0.245000
4 0.435000 0.275000 0.433333 0.283750 0.303750 0.282500 0.305000 0.273750
6 0.438333 0.286250 0.436667 0.295000 0.301250 0.295000 0.302500 0.286250
4 0.436667 0.318750 0.401667 0.317500 0.301250 0.310000 0.327500 0.310000
4 0.243333 0.298750 0.228333 0.298750 0.171250 0.277500 0.182500 0.277500
6 0.113333 0.228750 0.100000 0.228750 0.075000 0.211250 0.085000 0.211250
6 0.076667 0.225000 0.065000 0.226250 0.047500 0.206250 0.056250 0.205000
