6 0.787500 0.068333 0.777500 0.073333 1.026667 0.050000 1.038333 0.043333
4 0.251250 0.048333 0.240000 0.055000 0.310000 0.025000 0.325000 0.020000
4 0.357500 0.070000 0.347500 0.076667 0.450000 0.048333 0.463333 0.041667
4 0.370000 0.108333 0.360000 0.113333 0.466667 0.085000 0.480000 0.078333
4 0.263750 0.081667 0.251250 0.088333 0.323333 0.060000 0.338333 0.053333
6 0.276250 0.118333 0.267500 0.125000 0.343333 0.101667 0.356667 0.095000
5 0.285000 0.148333 0.275000 0.153333 0.355000 0.125000 0.368333 0.120000
6 0.381250 0.143333 0.371250 0.148333 0.485000 0.123333 0.496667 0.118333
4 0.298750 0.186667 0.287500 0.191667 0.371667 0.165000 0.386667 0.158333
5 0.340000 0.210000 0.328750 0.216667 0.425000 0.181667 0.440000 0.175000
4 0.393750 0.180000 0.382500 0.185000 0.500000 0.156667 0.513333 0.151667
4 0.402500 0.211667 0.392500 0.216667 0.513333 0.188333 0.526667 0.183333
5 0.645000 0.123333 0.638750 0.133333 0.823333 0.113333 0.831667 0.103333
4 0.661250 0.083333 0.650000 0.091667 0.855000 0.065000 0.868333 0.056667
6 0.673750 0.075000 0.663750 0.083333 0.870000 0.055000 0.883333 0.048333
4 0.685000 0.071667 0.676250 0.076667 0.888333 0.050000 0.901667 0.043333
6 0.700000 0.065000 0.688750 0.071667 0.905000 0.043333 0.918333 0.036667
5 0.711250 0.060000 0.701250 0.066667 0.921667 0.040000 0.935000 0.033333
5 0.773750 0.068333 0.765000 0.076667 1.005000 0.050000 1.016667 0.043333
6 0.816250 0.046667 0.806250 0.051667 1.065000 0.026667 1.078333 0.021667
5 0.845000 0.038333 0.835000 0.043333 1.101667 0.015000 1.115000 0.010000
4 0.868750 0.028333 0.857500 0.036667 1.130000 0.010000 1.146667 0.001667
4 0.860000 0.101667 0.850000 0.106667 1.121667 0.078333 1.135000 0.073333
5 0.873750 0.095000 0.865000 0.101667 1.141667 0.073333 1.153333 0.068333
4 0.886250 0.091667 0.877500 0.098333 1.158333 0.070000 1.170000 0.065000
5 0.898750 0.086667 0.888750 0.090000 1.176667 0.063333 1.188333 0.058333
5 0.912500 0.080000 0.903750 0.086667 1.193333 0.060000 1.205000 0.053333
4 0.936250 0.070000 0.926250 0.075000 1.225000 0.048333 1.238333 0.043333
5 0.926250 0.076667 0.915000 0.083333 1.206667 0.053333 1.220000 0.046667
4 0.948750 0.063333 0.937500 0.068333 1.241667 0.041667 1.255000 0.036667
4 0.962500 0.056667 0.952500 0.063333 1.260000 0.036667 1.273333 0.031667
4 0.976250 0.055000 0.965000 0.061667 1.275000 0.031667 1.290000 0.025000
4 0.988750 0.046667 0.977500 0.053333 1.290000 0.025000 1.305000 0.018333
4 0.870000 0.135000 0.861250 0.138333 1.140000 0.113333 1.150000 0.108333
4 0.882500 0.130000 0.872500 0.135000 1.155000 0.108333 1.168333 0.105000
4 0.897500 0.123333 0.886250 0.130000 1.170000 0.100000 1.185000 0.093333
4 0.908750 0.120000 0.898750 0.125000 1.186667 0.096667 1.200000 0.091667
4 0.936250 0.111667 0.925000 0.118333 1.221667 0.090000 1.235000 0.083333
4 0.947500 0.103333 0.937500 0.110000 1.238333 0.081667 1.251667 0.075000
6 0.961250 0.096667 0.951250 0.103333 1.255000 0.076667 1.270000 0.070000
4 0.975000 0.093333 0.963750 0.100000 1.273333 0.070000 1.288333 0.063333
6 0.985000 0.081667 0.975000 0.090000 1.288333 0.065000 1.301667 0.058333
4 0.998750 0.080000 0.986250 0.085000 1.305000 0.058333 1.321667 0.053333
4 0.945000 0.178333 0.935000 0.185000 1.233333 0.156667 1.246667 0.150000
5 0.892500 0.198333 0.881250 0.205000 1.160000 0.171667 1.175000 0.163333
4 0.906250 0.190000 0.896250 0.195000 1.181667 0.168333 1.195000 0.161667
5 0.920000 0.188333 0.911250 0.193333 1.200000 0.165000 1.211667 0.158333
6 0.931250 0.181667 0.921250 0.188333 1.216667 0.161667 1.230000 0.155000
4 0.957500 0.171667 0.946250 0.178333 1.248333 0.148333 1.263333 0.141667
4 0.968750 0.163333 0.957500 0.170000 1.263333 0.141667 1.280000 0.135000
4 0.982500 0.161667 0.971250 0.166667 1.285000 0.138333 1.298333 0.133333
6 0.992500 0.153333 0.983750 0.158333 1.300000 0.133333 1.311667 0.126667
6 0.942500 0.213333 0.932500 0.218333 1.230000 0.190000 1.243333 0.185000
6 0.956250 0.210000 0.946250 0.216667 1.248333 0.188333 1.261667 0.181667
6 0.967500 0.200000 0.957500 0.206667 1.265000 0.181667 1.278333 0.175000
4 0.981250 0.200000 0.971250 0.205000 1.283333 0.176667 1.296667 0.171667
6 0.995000 0.191667 0.985000 0.200000 1.298333 0.171667 1.311667 0.165000
4 0.930000 0.221667 0.920000 0.228333 1.211667 0.198333 1.225000 0.191667
6 0.905000 0.235000 0.895000 0.241667 1.176667 0.206667 1.191667 0.200000
5 0.903750 0.301667 0.893750 0.308333 1.175000 0.278333 1.188333 0.270000
6 0.931250 0.290000 0.920000 0.298333 1.210000 0.268333 1.225000 0.260000
5 0.955000 0.280000 0.942500 0.286667 1.243333 0.256667 1.258333 0.250000
6 0.993750 0.263333 0.982500 0.270000 1.298333 0.243333 1.313333 0.238333
6 0.981250 0.271667 0.971250 0.276667 1.280000 0.246667 1.295000 0.240000
4 0.233750 0.273333 0.225000 0.280000 0.285000 0.251667 0.296667 0.245000
6 0.221250 0.281667 0.210000 0.288333 0.266667 0.260000 0.280000 0.253333
3 0.187500 0.301667 0.140000 0.341667 0.176667 0.325000 0.240000 0.285000
4 0.128750 0.310000 0.117500 0.316667 0.143333 0.288333 0.158333 0.281667
6 0.361250 0.373333 0.352500 0.378333 0.458333 0.353333 0.470000 0.348333
4 0.373750 0.411667 0.363750 0.418333 0.473333 0.390000 0.486667 0.385000
6 0.390000 0.463333 0.381250 0.468333 0.496667 0.441667 0.508333 0.436667
5 0.508750 0.228333 0.507500 0.258333 0.660000 0.258333 0.661667 0.226667
4 0.525000 0.255000 0.512500 0.255000 0.683333 0.225000 0.700000 0.225000
6 0.553750 0.240000 0.541250 0.240000 0.723333 0.210000 0.738333 0.210000
6 0.571250 0.205000 0.568750 0.235000 0.741667 0.233333 0.745000 0.201667
6 0.605000 0.191667 0.602500 0.220000 0.786667 0.218333 0.790000 0.190000
4 0.620000 0.185000 0.616250 0.215000 0.805000 0.213333 0.810000 0.183333
5 0.635000 0.173333 0.633750 0.208333 0.828333 0.208333 0.830000 0.171667
6 0.648750 0.175000 0.647500 0.203333 0.848333 0.201667 0.850000 0.173333
6 0.665000 0.166667 0.663750 0.196667 0.870000 0.195000 0.871667 0.165000
6 0.688750 0.178333 0.676250 0.185000 0.888333 0.153333 0.905000 0.145000
6 0.695000 0.158333 0.686250 0.165000 0.903333 0.140000 0.916667 0.135000
4 0.445000 0.336667 0.435000 0.341667 0.570000 0.315000 0.583333 0.310000
4 0.483750 0.311667 0.472500 0.316667 0.620000 0.286667 0.635000 0.281667
4 0.497500 0.305000 0.486250 0.311667 0.636667 0.283333 0.651667 0.276667
4 0.507500 0.296667 0.497500 0.303333 0.651667 0.276667 0.663333 0.270000
4 0.518750 0.295000 0.508750 0.300000 0.666667 0.271667 0.678333 0.266667
6 0.531250 0.288333 0.521250 0.293333 0.685000 0.265000 0.698333 0.260000
4 0.545000 0.283333 0.533750 0.290000 0.700000 0.261667 0.715000 0.255000
4 0.521250 0.370000 0.512500 0.375000 0.671667 0.348333 0.683333 0.343333
4 0.535000 0.363333 0.525000 0.368333 0.688333 0.340000 0.701667 0.335000
4 0.546250 0.356667 0.536250 0.361667 0.705000 0.335000 0.718333 0.330000
5 0.563750 0.348333 0.555000 0.355000 0.726667 0.330000 0.738333 0.323333
6 0.576250 0.343333 0.566250 0.348333 0.741667 0.320000 0.756667 0.315000
6 0.588750 0.336667 0.577500 0.343333 0.756667 0.311667 0.771667 0.306667
3 0.643750 0.356667 0.632500 0.365000 0.828333 0.331667 0.843333 0.325000
4 0.482500 0.448333 0.471250 0.455000 0.616667 0.425000 0.631667 0.420000
6 0.553750 0.431667 0.541250 0.440000 0.708333 0.410000 0.723333 0.403333
6 0.563750 0.425000 0.553750 0.433333 0.721667 0.405000 0.736667 0.396667
4 0.577500 0.423333 0.566250 0.428333 0.741667 0.400000 0.755000 0.393333
6 0.591250 0.416667 0.580000 0.425000 0.756667 0.395000 0.771667 0.386667
6 0.613750 0.405000 0.603750 0.411667 0.790000 0.385000 0.803333 0.378333
6 0.627500 0.400000 0.615000 0.408333 0.806667 0.376667 0.823333 0.370000
4 0.808750 0.376667 0.796250 0.383333 1.051667 0.355000 1.068333 0.348333
9 0.535000 0.576667 0.431250 0.630000 0.543333 0.546667 0.681667 0.493333
6 0.136250 0.793333 0.126250 0.798333 0.155000 0.768333 0.168333 0.763333
6 0.242500 0.785000 0.232500 0.791667 0.296667 0.763333 0.310000 0.756667
4 0.267500 0.773333 0.256250 0.778333 0.330000 0.751667 0.343333 0.745000
4 0.292500 0.766667 0.281250 0.771667 0.365000 0.743333 0.378333 0.738333
5 0.316250 0.753333 0.306250 0.758333 0.396667 0.731667 0.410000 0.725000
4 0.331250 0.748333 0.318750 0.755000 0.411667 0.723333 0.428333 0.716667
4 0.342500 0.743333 0.330000 0.748333 0.431667 0.718333 0.446667 0.713333
6 0.366250 0.731667 0.356250 0.736667 0.465000 0.710000 0.478333 0.705000
4 0.378750 0.723333 0.367500 0.728333 0.481667 0.703333 0.496667 0.698333
6 0.392500 0.718333 0.381250 0.725000 0.498333 0.696667 0.513333 0.691667
3 0.580000 0.736667 0.568750 0.743333 0.743333 0.708333 0.760000 0.701667
6 0.496250 0.780000 0.485000 0.785000 0.636667 0.761667 0.651667 0.755000
4 0.597500 0.795000 0.586250 0.800000 0.771667 0.770000 0.786667 0.765000
6 0.608750 0.826667 0.597500 0.831667 0.785000 0.803333 0.800000 0.796667
4 0.508750 0.811667 0.496250 0.820000 0.650000 0.791667 0.666667 0.785000
4 0.531250 0.881667 0.518750 0.888333 0.680000 0.860000 0.696667 0.853333
6 0.618750 0.860000 0.607500 0.866667 0.798333 0.836667 0.813333 0.831667
5 0.632500 0.895000 0.622500 0.901667 0.813333 0.868333 0.828333 0.861667
4 0.096250 0.891667 0.086250 0.896667 0.103333 0.865000 0.115000 0.860000
4 0.107500 0.885000 0.097500 0.890000 0.118333 0.860000 0.131667 0.855000
4 0.082500 0.895000 0.070000 0.901667 0.083333 0.871667 0.100000 0.865000
6 0.057500 0.903333 0.045000 0.910000 0.050000 0.881667 0.065000 0.875000
4 0.020000 0.921667 0.007500 0.926667 0.000000 0.898333 0.016667 0.891667
6 0.080000 0.965000 0.070000 0.970000 0.083333 0.943333 0.096667 0.938333
4 0.066250 0.970000 0.056250 0.975000 0.065000 0.946667 0.078333 0.941667
6 0.023750 0.988333 0.013750 0.993333 0.008333 0.965000 0.020000 0.960000
6 0.151250 0.976667 0.127500 0.986667 0.166667 0.975000 0.196667 0.965000
4 0.545000 0.926667 0.535000 0.933333 0.700000 0.903333 0.713333 0.898333
6 0.560000 0.960000 0.547500 0.968333 0.716667 0.940000 0.733333 0.931667
