5 0.130000 0.291250 0.115000 0.291250 0.086250 0.268750 0.096250 0.268750
6 0.880000 0.838750 0.845000 0.838750 0.633750 0.830000 0.660000 0.830000
6 0.478333 0.507500 0.453333 0.512500 0.332500 0.478750 0.351250 0.475000
9 1.000000 0.473750 0.911667 0.475000 0.680000 0.343750 0.750000 0.342500
4 0.553333 0.933750 0.551667 0.955000 0.405000 0.955000 0.406250 0.933750
5 0.965000 0.840000 0.963333 0.865000 0.711250 0.863750 0.712500 0.840000
4 0.963333 0.870000 0.960000 0.891250 0.711250 0.890000 0.712500 0.868750
4 0.905000 0.982500 0.873333 0.982500 0.655000 0.972500 0.678750 0.972500
6 0.650000 0.023750 0.636667 0.023750 0.478750 0.006250 0.487500 0.006250
6 0.650000 0.045000 0.636667 0.045000 0.477500 0.027500 0.487500 0.027500
6 0.668333 0.050000 0.655000 0.050000 0.491250 0.027500 0.501250 0.027500
4 0.963333 0.326250 0.950000 0.326250 0.712500 0.305000 0.722500 0.305000
4 1.000000 0.402500 0.965000 0.402500 0.723750 0.392500 0.750000 0.391250
4 0.788333 0.400000 0.751667 0.401250 0.563750 0.391250 0.591250 0.390000
6 0.860000 0.381250 0.828333 0.381250 0.621250 0.371250 0.645000 0.371250
4 0.883333 0.643750 0.866667 0.643750 0.651250 0.622500 0.662500 0.622500
6 0.861667 0.642500 0.848333 0.642500 0.636250 0.622500 0.646250 0.622500
6 0.843333 0.642500 0.830000 0.642500 0.622500 0.620000 0.632500 0.621250
6 0.805000 0.641250 0.793333 0.641250 0.595000 0.620000 0.603750 0.620000
6 0.560000 0.451250 0.528333 0.452500 0.396250 0.443750 0.418750 0.442500
6 0.525000 0.442500 0.523333 0.453750 0.357500 0.452500 0.358750 0.441250
5 0.576667 0.471250 0.575000 0.495000 0.421250 0.493750 0.422500 0.470000
4 0.315000 0.381250 0.281667 0.381250 0.211250 0.371250 0.236250 0.371250
4 0.130000 0.351250 0.118333 0.351250 0.088750 0.330000 0.096250 0.330000
6 0.105000 0.381250 0.066667 0.381250 0.050000 0.370000 0.078750 0.371250
6 0.085000 0.596250 0.053333 0.596250 0.040000 0.586250 0.062500 0.585000
4 0.085000 0.608750 0.051667 0.610000 0.038750 0.600000 0.062500 0.598750
4 0.083333 0.631250 0.051667 0.631250 0.038750 0.622500 0.062500 0.622500
4 0.086667 0.653750 0.055000 0.655000 0.041250 0.646250 0.065000 0.646250
6 0.091667 0.665000 0.060000 0.666250 0.045000 0.656250 0.068750 0.655000
4 0.091667 0.677500 0.060000 0.677500 0.043750 0.668750 0.068750 0.668750
6 0.091667 0.688750 0.058333 0.688750 0.043750 0.680000 0.068750 0.680000
6 0.088333 0.712500 0.051667 0.712500 0.038750 0.703750 0.066250 0.702500
6 0.086667 0.702500 0.050000 0.701250 0.037500 0.690000 0.065000 0.691250
5 0.093333 0.726250 0.051667 0.727500 0.038750 0.716250 0.068750 0.716250
6 0.171667 0.713750 0.138333 0.713750 0.103750 0.705000 0.128750 0.705000
6 0.038333 0.982500 0.000000 0.981250 0.000000 0.972500 0.028750 0.973750
5 0.190000 0.982500 0.148333 0.983750 0.110000 0.972500 0.142500 0.971250
5 0.091667 0.961250 0.073333 0.962500 0.052500 0.933750 0.066250 0.933750
6 0.121667 0.957500 0.108333 0.957500 0.081250 0.938750 0.090000 0.938750
4 0.285000 0.982500 0.251667 0.982500 0.188750 0.971250 0.213750 0.971250
5 0.500000 0.981250 0.465000 0.981250 0.348750 0.971250 0.375000 0.971250
6 0.566667 0.996250 0.521667 0.996250 0.390000 0.983750 0.425000 0.982500
6 0.226667 0.465000 0.225000 0.486250 0.158750 0.485000 0.160000 0.463750
4 0.910000 0.838750 0.891667 0.840000 0.668750 0.832500 0.682500 0.831250
4 0.873333 0.250000 0.871667 0.272500 0.642500 0.272500 0.645000 0.250000
6 0.915000 0.273750 0.903333 0.278750 0.667500 0.261250 0.676250 0.256250
6 0.965000 0.195000 0.950000 0.193750 0.713750 0.173750 0.723750 0.175000
