6 0.219000 0.934000 0.211000 0.934000 0.210000 0.917000 0.219000 0.917000
6 0.172000 0.996000 0.164000 0.997000 0.162000 0.985000 0.170000 0.984000
6 0.172000 0.935000 0.163000 0.936000 0.162000 0.920000 0.170000 0.920000
6 0.171000 0.916000 0.162000 0.917000 0.161000 0.902000 0.170000 0.901000
4 0.170000 0.897000 0.161000 0.897000 0.160000 0.882000 0.169000 0.881000
4 0.169000 0.855000 0.161000 0.856000 0.161000 0.838000 0.169000 0.838000
4 0.170000 0.833000 0.159000 0.834000 0.159000 0.813000 0.169000 0.813000
4 0.169000 0.810000 0.161000 0.810000 0.161000 0.795000 0.168000 0.795000
6 0.197000 0.306000 0.187000 0.307000 0.186000 0.285000 0.195000 0.284000
4 0.176000 0.271000 0.167000 0.272000 0.166000 0.256000 0.175000 0.255000
6 0.119000 0.260000 0.099000 0.260000 0.099000 0.254000 0.119000 0.254000
4 0.217000 0.893000 0.210000 0.893000 0.210000 0.878000 0.217000 0.878000
9 0.216000 0.294000 0.152000 0.297000 0.148000 0.217000 0.213000 0.215000
