19 0.216000 0.687000 0.202000 0.657000 0.178000 0.668000 0.192000 0.698000
19 0.270000 0.663000 0.258000 0.635000 0.228000 0.649000 0.240000 0.676000
19 0.321000 0.635000 0.305000 0.601000 0.270000 0.616000 0.286000 0.651000
19 0.404000 0.597000 0.387000 0.561000 0.353000 0.577000 0.370000 0.613000
19 0.448000 0.576000 0.438000 0.553000 0.416000 0.562000 0.426000 0.586000
19 0.504000 0.550000 0.486000 0.514000 0.454000 0.530000 0.472000 0.566000
19 0.564000 0.519000 0.556000 0.503000 0.541000 0.510000 0.548000 0.526000
19 0.672000 0.470000 0.659000 0.442000 0.629000 0.456000 0.642000 0.484000
19 0.746000 0.434000 0.729000 0.396000 0.696000 0.410000 0.713000 0.449000
19 0.795000 0.409000 0.782000 0.382000 0.753000 0.396000 0.766000 0.423000
19 0.239000 0.805000 0.255000 0.837000 0.289000 0.821000 0.273000 0.788000
19 0.294000 0.778000 0.304000 0.799000 0.327000 0.789000 0.317000 0.767000
19 0.339000 0.756000 0.354000 0.787000 0.386000 0.772000 0.372000 0.740000
19 0.416000 0.715000 0.433000 0.752000 0.474000 0.734000 0.457000 0.697000
19 0.475000 0.689000 0.489000 0.718000 0.512000 0.707000 0.498000 0.677000
19 0.527000 0.664000 0.535000 0.687000 0.559000 0.679000 0.550000 0.656000
17 0.681000 0.580000 0.703000 0.623000 0.744000 0.603000 0.723000 0.560000
