6 0.325000 0.843000 0.306000 0.843000 0.306000 0.836000 0.325000 0.836000
4 0.252000 0.940000 0.245000 0.941000 0.244000 0.925000 0.251000 0.925000
4 0.723000 0.907000 0.698000 0.908000 0.698000 0.901000 0.722000 0.900000
4 0.807000 0.905000 0.784000 0.904000 0.785000 0.896000 0.807000 0.897000
4 0.872000 0.783000 0.851000 0.783000 0.851000 0.773000 0.872000 0.772000
4 0.744000 0.653000 0.715000 0.654000 0.715000 0.647000 0.744000 0.646000
5 0.524000 0.772000 0.494000 0.772000 0.494000 0.761000 0.524000 0.760000
4 0.511000 0.789000 0.490000 0.789000 0.490000 0.782000 0.511000 0.782000
6 0.500000 0.860000 0.488000 0.873000 0.481000 0.867000 0.493000 0.854000
3 0.519000 0.915000 0.482000 0.917000 0.481000 0.904000 0.518000 0.902000
6 0.351000 0.902000 0.320000 0.902000 0.320000 0.892000 0.351000 0.891000
6 0.195000 0.985000 0.178000 0.985000 0.178000 0.978000 0.195000 0.978000
4 0.172000 0.986000 0.149000 0.987000 0.149000 0.980000 0.171000 0.979000
6 0.175000 0.643000 0.149000 0.641000 0.150000 0.634000 0.175000 0.635000
4 0.441000 0.574000 0.431000 0.577000 0.426000 0.560000 0.436000 0.557000
6 0.558000 0.525000 0.549000 0.527000 0.545000 0.510000 0.554000 0.508000
4 0.662000 0.474000 0.652000 0.474000 0.651000 0.457000 0.661000 0.457000
4 0.696000 0.432000 0.668000 0.435000 0.667000 0.426000 0.695000 0.423000
4 0.369000 0.473000 0.344000 0.478000 0.342000 0.472000 0.368000 0.467000
4 0.157000 0.522000 0.137000 0.527000 0.135000 0.521000 0.156000 0.516000
6 0.495000 0.334000 0.487000 0.336000 0.483000 0.320000 0.491000 0.318000
4 0.408000 0.344000 0.401000 0.346000 0.397000 0.331000 0.404000 0.329000
4 0.350000 0.355000 0.341000 0.357000 0.337000 0.339000 0.345000 0.337000
4 0.274000 0.365000 0.265000 0.366000 0.263000 0.349000 0.272000 0.348000
6 0.586000 0.109000 0.577000 0.110000 0.576000 0.098000 0.585000 0.097000
6 0.573000 0.111000 0.564000 0.111000 0.563000 0.099000 0.572000 0.099000
6 0.560000 0.113000 0.551000 0.114000 0.550000 0.098000 0.559000 0.098000
4 0.550000 0.114000 0.541000 0.116000 0.537000 0.099000 0.546000 0.097000
6 0.536000 0.117000 0.527000 0.118000 0.525000 0.103000 0.534000 0.101000
6 0.475000 0.108000 0.457000 0.120000 0.452000 0.113000 0.470000 0.101000
4 0.596000 0.058000 0.588000 0.061000 0.584000 0.047000 0.591000 0.045000
4 0.569000 0.047000 0.560000 0.048000 0.558000 0.031000 0.566000 0.030000
4 0.557000 0.047000 0.549000 0.048000 0.548000 0.033000 0.557000 0.032000
4 0.520000 0.049000 0.511000 0.050000 0.508000 0.033000 0.517000 0.032000
4 0.713000 0.016000 0.696000 0.024000 0.692000 0.017000 0.710000 0.009000
4 0.643000 0.038000 0.625000 0.045000 0.623000 0.038000 0.640000 0.031000
6 0.636000 0.029000 0.617000 0.037000 0.614000 0.031000 0.633000 0.022000
6 0.624000 0.023000 0.611000 0.030000 0.607000 0.023000 0.620000 0.016000
6 0.618000 0.013000 0.605000 0.023000 0.599000 0.017000 0.612000 0.006000
6 0.594000 0.015000 0.588000 0.010000 0.602000 -0.001000 0.608000 0.003000
4 0.280000 0.017000 0.270000 0.019000 0.266000 0.000000 0.276000 0.000000
4 0.238000 0.015000 0.229000 0.017000 0.227000 0.000000 0.236000 0.000000
6 0.725000 0.578000 0.704000 0.579000 0.704000 0.572000 0.724000 0.571000
