7 0.168750 0.408333 0.151250 0.408333 0.200000 0.370000 0.223333 0.368333
6 0.927500 0.991667 0.913750 0.991667 1.218333 0.960000 1.236667 0.960000
4 0.631250 0.950000 0.620000 0.951667 0.825000 0.921667 0.840000 0.920000
4 0.677500 0.950000 0.666250 0.951667 0.888333 0.925000 0.903333 0.925000
4 0.700000 0.878333 0.688750 0.880000 0.916667 0.850000 0.933333 0.850000
4 0.668750 0.881667 0.656250 0.881667 0.873333 0.846667 0.890000 0.846667
4 0.582500 0.883333 0.568750 0.883333 0.758333 0.856667 0.776667 0.856667
4 0.360000 0.918333 0.345000 0.918333 0.460000 0.881667 0.480000 0.881667
5 0.522500 0.666667 0.521250 0.691667 0.680000 0.691667 0.680000 0.666667
4 0.450000 0.656667 0.438750 0.658333 0.583333 0.630000 0.600000 0.630000
4 0.216250 0.906667 0.205000 0.908333 0.268333 0.886667 0.285000 0.885000
4 0.306250 0.665000 0.305000 0.696667 0.390000 0.695000 0.391667 0.663333
4 0.135000 0.771667 0.117500 0.798333 0.146667 0.788333 0.168333 0.761667
4 0.090000 0.771667 0.088750 0.798333 0.100000 0.796667 0.101667 0.770000
4 0.100000 0.663333 0.098750 0.691667 0.113333 0.690000 0.116667 0.661667
5 0.143750 0.581667 0.142500 0.598333 0.141667 0.596667 0.143333 0.580000
6 0.447500 0.515000 0.433750 0.515000 0.580000 0.488333 0.596667 0.488333
6 0.680000 0.336667 0.678750 0.350000 0.866667 0.346667 0.868333 0.333333
4 0.518750 0.178333 0.515000 0.208333 0.665000 0.206667 0.668333 0.175000
6 0.517500 0.171667 0.502500 0.171667 0.670000 0.133333 0.690000 0.133333
6 0.513750 0.133333 0.502500 0.133333 0.670000 0.105000 0.685000 0.105000
4 0.652500 0.171667 0.638750 0.171667 0.851667 0.141667 0.870000 0.141667
4 0.650000 0.126667 0.637500 0.126667 0.850000 0.096667 0.866667 0.096667
4 0.572500 0.085000 0.553750 0.110000 0.726667 0.096667 0.750000 0.073333
4 0.778750 0.050000 0.763750 0.050000 1.018333 0.036667 1.038333 0.036667
4 0.330000 0.160000 0.317500 0.161667 0.421667 0.130000 0.438333 0.128333
4 0.161250 0.251667 0.151250 0.253333 0.201667 0.226667 0.215000 0.226667
6 0.171250 0.433333 0.170000 0.470000 0.206667 0.468333 0.208333 0.431667
4 0.100000 0.501667 0.087500 0.503333 0.115000 0.473333 0.131667 0.473333
