9 0.866667 0.245000 0.746667 0.246250 0.560000 0.163750 0.650000 0.163750
9 0.858333 0.958750 0.743333 0.957500 0.557500 0.885000 0.643750 0.885000
9 0.140000 0.887500 0.138333 0.957500 0.016250 0.957500 0.017500 0.886250
4 0.935000 0.473750 0.896667 0.475000 0.672500 0.466250 0.701250 0.465000
6 0.795000 0.151250 0.788333 0.171250 0.580000 0.170000 0.585000 0.148750
4 0.476667 0.155000 0.475000 0.178750 0.345000 0.177500 0.345000 0.155000
6 0.941667 0.306250 0.915000 0.306250 0.686250 0.297500 0.706250 0.298750
4 0.908333 0.297500 0.906667 0.307500 0.648750 0.306250 0.648750 0.297500
4 0.776667 0.477500 0.761667 0.477500 0.570000 0.456250 0.581250 0.456250
5 0.781667 0.537500 0.766667 0.537500 0.573750 0.511250 0.585000 0.511250
5 0.781667 0.568750 0.765000 0.568750 0.573750 0.541250 0.586250 0.541250
4 0.841667 0.546250 0.828333 0.546250 0.621250 0.527500 0.631250 0.527500
6 0.061667 0.252500 0.060000 0.271250 0.033750 0.271250 0.035000 0.252500
6 0.061667 0.438750 0.046667 0.438750 0.035000 0.420000 0.046250 0.420000
4 0.060000 0.551250 0.045000 0.551250 0.033750 0.528750 0.043750 0.528750
5 0.128333 0.565000 0.110000 0.566250 0.081250 0.540000 0.096250 0.540000
4 0.123333 0.583750 0.108333 0.583750 0.081250 0.563750 0.091250 0.563750
6 0.065000 0.633750 0.050000 0.633750 0.037500 0.611250 0.048750 0.611250
4 0.060000 0.761250 0.045000 0.761250 0.032500 0.740000 0.045000 0.740000
5 0.195000 0.918750 0.155000 0.918750 0.116250 0.910000 0.146250 0.908750
