22 0.478750 0.063333 0.336250 0.213333 0.420000 0.176667 0.610000 0.026667
22 0.317500 0.225000 0.247500 0.310000 0.308333 0.285000 0.401667 0.201667
0 0.200000 0.340000 0.191250 0.363333 0.168333 0.313333 0.180000 0.291667
0 0.221250 0.321667 0.215000 0.341667 0.206667 0.308333 0.216667 0.286667
22 0.607500 0.061667 0.498750 0.165000 0.643333 0.136667 0.788333 0.033333
1 0.880000 0.360000 0.877500 0.386667 1.045000 0.370000 1.050000 0.343333
2 0.876250 0.385000 0.873750 0.406667 1.061667 0.390000 1.065000 0.368333
28 0.828750 0.456667 0.807500 0.541667 1.045000 0.531667 1.073333 0.446667
28 0.850000 0.463333 0.831250 0.541667 1.078333 0.533333 1.103333 0.453333
2 0.842500 0.571667 0.840000 0.591667 0.938333 0.570000 0.940000 0.550000
2 0.811250 0.700000 0.810000 0.715000 0.996667 0.708333 0.996667 0.693333
2 0.808750 0.731667 0.690000 0.720000 0.921667 0.705000 1.078333 0.715000
2 0.802500 0.743333 0.797500 0.785000 0.845000 0.751667 0.851667 0.710000
28 0.792500 0.808333 0.790000 0.833333 0.875000 0.811667 0.878333 0.786667
28 0.777500 0.853333 0.775000 0.878333 0.896667 0.861667 0.900000 0.836667
2 0.771250 0.830000 0.770000 0.846667 0.943333 0.836667 0.946667 0.820000
2 0.748750 0.690000 0.747500 0.708333 0.895000 0.700000 0.895000 0.683333
18 0.216250 0.470000 0.095000 0.595000 0.091667 0.550000 0.253333 0.423333
28 0.805000 0.618333 0.802500 0.633333 1.000000 0.621667 1.003333 0.605000
2 0.798750 0.633333 0.795000 0.655000 0.985000 0.638333 0.991667 0.615000
