19 0.032368 0.602211 0.000000 0.604766 0.000000 0.574591 0.030000 0.572222
34 0.300000 0.797778 0.227778 0.868889 0.162222 0.803333 0.234444 0.731111
17 0.500000 0.682222 0.452222 0.682222 0.452222 0.633333 0.498889 0.632222
12 0.457778 0.794444 0.434444 0.837778 0.388889 0.813333 0.411111 0.770000
19 0.463333 0.757778 0.418889 0.782222 0.396667 0.742222 0.441111 0.717778
17 0.528889 0.785556 0.478889 0.788889 0.475556 0.735556 0.525556 0.732222
17 0.687778 0.716667 0.654444 0.758889 0.618889 0.730000 0.651111 0.687778
17 0.690000 0.804444 0.636667 0.817778 0.625556 0.771111 0.678889 0.758889
17 0.707778 0.830000 0.687778 0.877778 0.638889 0.856667 0.658889 0.810000
17 0.695556 0.893333 0.674444 0.937778 0.626667 0.914444 0.647778 0.871111
17 0.910000 0.970000 0.855556 0.975556 0.851111 0.923333 0.904444 0.918889
17 0.895556 0.908889 0.843333 0.910000 0.841111 0.860000 0.893333 0.857778
13 0.893333 0.846667 0.830000 0.851111 0.826667 0.801111 0.890000 0.797778
12 0.900000 0.761111 0.874444 0.803333 0.824444 0.774444 0.850000 0.731111
13 0.953333 0.737778 0.905556 0.760000 0.880000 0.705556 0.927778 0.683333
12 1.000000 0.748030 0.957778 0.735556 0.971618 0.688711 1.000000 0.697096
