6 0.461000 0.049000 0.455000 0.054000 0.445000 0.041000 0.451000 0.036000
5 0.216000 0.129000 0.208000 0.136000 0.193000 0.119000 0.201000 0.113000
5 0.208000 0.139000 0.202000 0.145000 0.185000 0.126000 0.192000 0.120000
6 0.234000 0.148000 0.228000 0.154000 0.218000 0.143000 0.224000 0.138000
6 0.245000 0.144000 0.236000 0.151000 0.233000 0.146000 0.241000 0.140000
4 0.738000 0.341000 0.732000 0.346000 0.722000 0.331000 0.728000 0.327000
6 0.054000 0.874000 0.042000 0.883000 0.038000 0.877000 0.051000 0.869000
6 0.068000 0.887000 0.051000 0.900000 0.046000 0.893000 0.064000 0.881000
32 0.550000 0.821000 0.404000 0.923000 0.311000 0.790000 0.457000 0.689000
6 0.169000 0.126000 0.147000 0.143000 0.142000 0.135000 0.164000 0.119000
