33 0.221667 0.195000 0.101667 0.203750 0.067500 0.108750 0.157500 0.101250
19 0.225000 0.327500 0.095000 0.333750 0.065000 0.238750 0.162500 0.232500
35 0.250000 0.461250 0.098333 0.471250 0.065000 0.370000 0.178750 0.360000
35 0.550000 0.173750 0.415000 0.182500 0.303750 0.085000 0.405000 0.076250
20 0.576667 0.397500 0.453333 0.403750 0.333750 0.310000 0.426250 0.303750
35 0.588333 0.512500 0.458333 0.520000 0.336250 0.422500 0.433750 0.415000
17 0.063446 0.911244 0.000000 0.914489 0.000000 0.857983 0.043750 0.855000
12 0.253333 0.822500 0.173333 0.828750 0.125000 0.772500 0.185000 0.767500
12 0.258333 0.888750 0.178333 0.892500 0.130000 0.837500 0.190000 0.833750
19 0.261667 0.953750 0.193333 0.957500 0.141250 0.903750 0.192500 0.900000
35 0.640000 0.843750 0.483333 0.853750 0.353750 0.751250 0.471250 0.741250
19 0.499341 1.002537 0.486667 0.876250 0.481250 0.867500 0.490756 0.993787
