5 3.944000 0.017000 0.022000 0.008000
4 2.542000 0.304000 0.007000 0.016000
4 2.498000 0.180000 0.009000 0.016000
4 2.439000 0.230000 0.008000 0.017000
4 2.389000 0.157000 0.009000 0.016000
4 2.076000 0.035000 0.020000 0.014000
4 2.256000 0.066000 0.014000 0.019000
5 2.317000 0.135000 0.015000 0.024000
6 2.245000 0.335000 0.008000 0.015000
4 2.304000 0.574000 0.010000 0.017000
4 2.246000 0.786000 0.009000 0.017000
4 2.269000 1.312000 0.010000 0.016000
4 2.342000 1.450000 0.009000 0.019000
6 2.250000 1.641000 0.009000 0.017000
4 2.392000 1.830000 0.010000 0.017000
4 2.514000 2.568000 0.013000 0.020000
4 3.356000 3.890000 0.018000 0.019000
4 3.278000 3.896000 0.015000 0.018000
4 0.621000 3.237000 0.028000 0.020000
4 0.650000 3.204000 0.025000 0.018000
