6 0.343000 0.167000 0.028000 0.014000
6 0.414250 0.180250 0.025000 0.013000
6 0.416500 0.188750 0.023000 0.011000
6 0.359750 0.202500 0.025000 0.013000
6 0.363250 0.212500 0.025000 0.015000
6 0.371500 0.227250 0.025000 0.014000
6 0.374750 0.237750 0.026000 0.012000
6 0.379000 0.256500 0.026000 0.013000
6 0.384750 0.265500 0.026000 0.013000
6 0.447250 0.258750 0.034000 0.015000
5 0.470250 0.214750 0.030000 0.016000
6 0.479000 0.251500 0.020000 0.013000
6 0.512250 0.158000 0.017000 0.010000
6 0.412000 0.377750 0.020000 0.008000
4 0.411250 0.389500 0.021000 0.007000
6 0.410750 0.409500 0.019000 0.007000
6 0.409500 0.418500 0.021000 0.007000
6 0.384000 0.464500 0.010000 0.017000
5 0.402500 0.503500 0.019000 0.009000
5 0.402750 0.511750 0.019000 0.009000
5 0.403500 0.519000 0.019000 0.008000
6 0.406000 0.527500 0.014000 0.007000
4 0.414000 0.549000 0.014000 0.010000
3 0.568000 0.555000 0.014000 0.026000
6 0.604500 0.567000 0.021000 0.008000
6 0.605000 0.581000 0.028000 0.010000
6 0.608500 0.591500 0.025000 0.009000
6 0.610750 0.602500 0.024000 0.007000
6 0.611000 0.623750 0.022000 0.009000
6 0.604750 0.644500 0.020000 0.007000
6 0.599750 0.661000 0.023000 0.008000
5 0.593000 0.682250 0.026000 0.009000
5 0.551000 0.704000 0.028000 0.008000
6 0.542500 0.718250 0.029000 0.007000
6 0.547000 0.760000 0.022000 0.008000
6 0.486000 0.718500 0.020000 0.007000
6 0.488500 0.728500 0.025000 0.011000
6 0.489500 0.752000 0.021000 0.008000
6 0.489750 0.761000 0.023000 0.006000
6 0.489750 0.779250 0.021000 0.008000
5 0.556000 0.799750 0.030000 0.008000
6 0.493500 0.804750 0.029000 0.007000
6 0.496500 0.822000 0.023000 0.006000
11 0.493000 0.841500 0.020000 0.007000
6 0.556000 0.842750 0.020000 0.007000
5 0.556000 0.851750 0.028000 0.009000
11 0.593500 0.859000 0.035000 0.010000
6 0.496750 0.892500 0.025000 0.009000
6 0.497000 0.903250 0.026000 0.008000
6 0.460500 0.903500 0.027000 0.009000
6 0.456000 0.871750 0.024000 0.009000
6 0.456750 0.799250 0.020000 0.007000
6 0.455500 0.789250 0.021000 0.009000
6 0.454000 0.778500 0.020000 0.007000
6 0.453000 0.768250 0.022000 0.007000
6 0.452500 0.759000 0.025000 0.008000
6 0.453500 0.749500 0.023000 0.007000
4 0.454250 0.738500 0.024000 0.007000
5 0.452500 0.729000 0.025000 0.008000
6 0.454000 0.718000 0.020000 0.006000
5 0.402000 0.904750 0.028000 0.008000
5 0.401500 0.875500 0.025000 0.007000
5 0.396750 0.853000 0.023000 0.008000
5 0.395000 0.812500 0.024000 0.007000
4 0.395250 0.802000 0.022000 0.008000
6 0.392500 0.791000 0.021000 0.008000
4 0.394750 0.780750 0.025000 0.008000
6 0.392500 0.770500 0.021000 0.007000
6 0.392500 0.759000 0.023000 0.008000
6 0.392000 0.749750 0.024000 0.007000
6 0.392000 0.740750 0.020000 0.008000
4 0.390000 0.729750 0.022000 0.007000
4 0.390750 0.717250 0.022000 0.008000
6 0.270000 0.751000 0.020000 0.010000
6 0.277500 0.769750 0.019000 0.010000
6 0.275500 0.781000 0.027000 0.008000
6 0.281000 0.801000 0.022000 0.010000
6 0.283500 0.821750 0.023000 0.009000
5 0.232500 0.849000 0.027000 0.014000
6 0.247250 0.928250 0.024000 0.010000
16 0.259500 0.960750 0.031000 0.013000
6 0.431000 0.973750 0.014000 0.021000
3 0.456000 0.974500 0.012000 0.021000
5 0.496000 0.961500 0.016000 0.025000
6 0.511500 0.960500 0.013000 0.019000
6 0.523250 0.956500 0.013000 0.021000
6 0.550000 0.952250 0.012000 0.021000
6 0.581000 0.905500 0.020000 0.007000
6 0.208000 0.744250 0.028000 0.012000
6 0.161500 0.715500 0.021000 0.013000
6 0.743750 0.083000 0.016000 0.024000
6 0.824000 0.070500 0.014000 0.023000
6 0.834750 0.066500 0.012000 0.019000
6 0.847500 0.066500 0.013000 0.019000
5 0.867750 0.063000 0.014000 0.022000
6 0.749500 0.035500 0.013000 0.017000
6 0.740500 0.013250 0.009000 0.010000
5 0.985250 0.012500 0.017000 0.007000
5 0.991500 0.036000 0.017000 0.008000
3 0.923500 0.062750 0.021000 0.038000
21 0.908750 0.455250 0.199000 0.395000
6 0.554250 0.629250 0.009000 0.024000
