4 0.515000 0.005833 0.030000 0.011667
4 0.520625 0.060833 0.028750 0.011667
4 0.726562 0.140833 0.028750 0.011667
4 0.726250 0.126667 0.027500 0.013333
4 0.768125 0.179167 0.008750 0.018333
6 0.770625 0.245833 0.011250 0.028333
5 0.668125 0.295000 0.028750 0.010000
6 0.666250 0.325833 0.022500 0.011667
4 0.536250 0.187917 0.020000 0.031667
4 0.537500 0.290000 0.012500 0.030000
6 0.453750 0.160833 0.030000 0.015000
4 0.384375 0.506250 0.026250 0.011667
6 0.853750 0.535000 0.030000 0.013333
6 0.456250 0.603333 0.030000 0.016667
6 0.454688 0.631667 0.030000 0.013333
6 0.490625 0.707917 0.028750 0.013333
4 0.454062 0.739167 0.027500 0.011667
5 0.455625 0.722917 0.026250 0.013333
5 0.455625 0.692500 0.036250 0.015000
6 0.385000 0.722917 0.022500 0.013333
6 0.384375 0.754583 0.023750 0.011667
6 0.211250 0.596667 0.012500 0.026667
6 0.165000 0.594167 0.015000 0.031667
4 0.123750 0.595833 0.012500 0.031667
4 0.094062 0.594167 0.012500 0.028333
6 0.065937 0.597917 0.011250 0.028333
6 0.049375 0.593333 0.013750 0.026667
6 0.058438 0.772500 0.011250 0.028333
4 0.073750 0.773333 0.012500 0.026667
6 0.088750 0.769167 0.012500 0.031667
4 0.102500 0.768750 0.012500 0.028333
6 0.118125 0.772083 0.013750 0.030000
4 0.133125 0.772500 0.013750 0.031667
5 0.161875 0.770000 0.016250 0.033333
6 0.191562 0.769583 0.012500 0.028333
6 0.221250 0.771250 0.012500 0.031667
6 0.235625 0.771667 0.013750 0.030000
6 0.014063 0.770833 0.013750 0.031667
4 0.015625 0.708333 0.011250 0.026667
4 0.042500 0.706667 0.010000 0.026667
4 0.058438 0.705833 0.012500 0.028333
4 0.072500 0.707083 0.012500 0.028333
4 0.087500 0.706250 0.012500 0.030000
4 0.102500 0.703333 0.012500 0.030000
4 0.115000 0.699583 0.012500 0.030000
6 0.129375 0.701667 0.013750 0.030000
6 0.145937 0.696667 0.010000 0.023333
4 0.159062 0.700417 0.012500 0.030000
4 0.173750 0.703333 0.015000 0.026667
4 0.003438 0.707500 0.007500 0.028333
6 0.204687 0.698333 0.012500 0.026667
6 0.219062 0.702917 0.015000 0.030000
4 0.285625 0.717500 0.026250 0.011667
4 0.285625 0.704167 0.028750 0.011667
4 0.286250 0.688750 0.025000 0.011667
4 0.285313 0.660417 0.031250 0.015000
4 0.284375 0.646250 0.033750 0.013333
4 0.219375 0.666250 0.013750 0.030000
4 0.186875 0.663333 0.013750 0.026667
6 0.158125 0.667500 0.013750 0.028333
4 0.131250 0.669167 0.012500 0.028333
4 0.085938 0.665833 0.013750 0.028333
4 0.070938 0.667917 0.015000 0.030000
4 0.056250 0.670833 0.012500 0.025000
6 0.042813 0.672500 0.013750 0.028333
6 0.027500 0.665000 0.012500 0.023333
6 0.013750 0.671250 0.015000 0.030000
4 0.380625 0.774167 0.028750 0.008333
