17 0.092778 0.076667 0.061111 0.055556
13 0.252778 0.062778 0.064444 0.057778
13 0.260000 0.121667 0.067778 0.056667
19 0.413056 0.107778 0.048889 0.043333
36 0.555722 0.023877 0.063267 0.050000
19 0.621389 0.090278 0.057778 0.055556
17 0.702079 0.022785 0.061729 0.046682
13 0.716667 0.074722 0.078889 0.072222
17 0.876111 0.096389 0.063333 0.057778
17 0.041667 0.164444 0.072222 0.070000
13 0.117500 0.275000 0.066667 0.057778
13 0.126944 0.339722 0.071111 0.058889
13 0.143889 0.417222 0.080000 0.082222
13 0.224167 0.416389 0.056667 0.065556
19 0.272500 0.234722 0.056667 0.054444
19 0.286667 0.345556 0.051111 0.053333
13 0.285556 0.403889 0.076667 0.076667
17 0.420833 0.246944 0.064444 0.055556
36 0.430833 0.313056 0.065556 0.054444
36 0.446944 0.379167 0.077778 0.080000
12 0.516111 0.382222 0.053333 0.054444
12 0.566111 0.162778 0.057778 0.055556
36 0.581111 0.228333 0.060000 0.053333
17 0.579167 0.298333 0.060000 0.053333
17 0.722222 0.142222 0.064444 0.054444
17 0.723056 0.208333 0.064444 0.055556
13 0.830000 0.347778 0.071111 0.075556
33 0.881111 0.225556 0.116667 0.115556
19 0.075556 0.557500 0.064444 0.065556
17 0.174444 0.505833 0.064444 0.056667
19 0.274722 0.495278 0.041111 0.035556
33 0.602500 0.587222 0.096667 0.092222
