19 0.378000 3.464000 0.027000 0.028000
19 0.850000 3.188000 0.027000 0.028000
29 1.752000 2.924000 0.112000 0.108000
35 2.475000 3.168000 0.108000 0.108000
35 2.600000 3.493000 0.110000 0.106000
35 2.284000 3.536000 0.120000 0.118000
29 2.434000 3.808000 0.115000 0.112000
29 2.085000 3.904000 0.114000 0.112000
27 1.104000 3.835000 0.048000 0.047000
19 0.615000 3.635000 0.031000 0.033000
19 0.570000 3.728000 0.029000 0.028000
19 0.464000 3.924000 0.030000 0.030000
19 0.192000 3.815000 0.034000 0.032000
