12 1.292000 3.875000 0.060000 0.061000
19 2.188000 3.278000 0.062000 0.059000
13 1.742000 3.079000 0.065000 0.068000
19 1.920000 2.961000 0.056000 0.055000
17 2.132000 2.780000 0.060000 0.060000
12 2.370000 2.645000 0.061000 0.062000
13 2.827000 2.334000 0.065000 0.069000
12 3.092000 2.098000 0.060000 0.061000
13 3.396000 1.899000 0.066000 0.069000
12 3.700000 1.704000 0.058000 0.058000
17 0.889000 1.830000 0.050000 0.045000
17 0.915000 2.205000 0.066000 0.066000
17 1.223000 2.356000 0.063000 0.064000
17 1.748000 1.992000 0.062000 0.064000
17 1.938000 1.894000 0.063000 0.063000
17 2.327000 1.657000 0.064000 0.066000
17 2.496000 1.527000 0.064000 0.064000
