17 0.410000 3.787778 0.058889 0.056667
17 0.362222 3.536667 0.054444 0.052222
13 0.328889 3.296667 0.066667 0.053333
12 0.337778 3.070000 0.075556 0.072222
13 0.555556 2.886667 0.073333 0.076667
12 0.846667 2.877778 0.063333 0.061111
12 1.102222 2.993333 0.068889 0.067778
36 1.195556 3.433333 0.060000 0.054444
17 1.540000 3.032222 0.054444 0.057778
17 1.841111 1.815556 0.064444 0.052222
19 3.147778 1.614444 0.061111 0.061111
12 1.873333 3.023333 0.050000 0.051111
12 1.951111 3.231111 0.051111 0.053333
12 1.891111 3.603333 0.050000 0.052222
12 1.710000 3.794444 0.065556 0.066667
12 2.788889 3.518889 0.056667 0.057778
12 2.511111 3.337778 0.051111 0.051111
17 2.513333 3.110000 0.050000 0.052222
17 2.511111 2.876667 0.057778 0.052222
