17 0.258934 0.735190 0.014465 0.013748
13 0.276484 0.753841 0.014678 0.015164
19 0.314454 0.733522 0.016592 0.014962
17 0.288556 0.708502 0.014040 0.012940
13 0.298128 0.715831 0.015316 0.014759
17 0.308551 0.685301 0.010849 0.012333
12 0.343650 0.669531 0.014465 0.012940
19 0.340300 0.656136 0.011912 0.011929
12 0.391619 0.713556 0.014678 0.013748
17 0.415178 0.655429 0.013189 0.013344
17 0.415869 0.621057 0.014890 0.013748
12 0.516911 0.517994 0.013827 0.013344
19 0.553925 0.479175 0.010636 0.010109
19 0.546799 0.472402 0.010423 0.009705
17 0.537226 0.466539 0.012763 0.013142
17 0.560147 0.441973 0.014465 0.012940
17 0.576207 0.455520 0.014678 0.013344
9 0.381302 0.420289 0.012763 0.012131
9 0.443469 0.469976 0.009147 0.009098
9 0.469687 0.492368 0.008083 0.008290
9 0.390130 0.526840 0.005318 0.005863
15 0.404701 0.455368 0.007020 0.006470
