6 0.806000 0.432000 0.011000 0.018000
4 0.423000 1.956000 0.011000 0.024000
4 1.044000 1.940000 0.018000 0.010000
6 1.450000 1.242000 0.007000 0.017000
4 0.954000 0.988000 0.017000 0.008000
9 1.463000 2.573000 0.042000 0.052000
5 1.125000 3.287000 0.018000 0.021000
4 1.920000 2.960000 0.009000 0.016000
4 1.866000 2.595000 0.017000 0.019000
4 1.927000 1.738000 0.008000 0.017000
4 0.223000 3.012000 0.011000 0.018000
4 1.986000 0.173000 0.007000 0.017000
6 3.881000 1.919000 0.010000 0.021000
6 3.908000 1.735000 0.012000 0.016000
4 3.836000 1.430000 0.006000 0.013000
4 0.799000 1.449000 0.008000 0.021000
4 0.809000 1.730000 0.016000 0.021000
4 0.334000 2.938000 0.021000 0.007000
4 2.182000 1.774000 0.015000 0.023000
4 0.910000 0.284000 0.015000 0.006000
4 0.966000 3.598000 0.013000 0.023000
4 0.910000 3.528000 0.021000 0.010000
4 2.235000 0.792000 0.007000 0.018000
6 0.638000 0.766000 0.019000 0.007000
