6 0.736667 0.183750 0.028333 0.015000
6 1.551667 0.215000 0.036667 0.015000
4 2.566667 0.147500 0.040000 0.011250
5 2.583333 0.333750 0.041667 0.010000
6 2.285000 0.458750 0.020000 0.021250
4 1.793333 0.231250 0.043333 0.011250
4 1.785000 0.886250 0.033333 0.011250
6 2.271667 1.255000 0.020000 0.022500
6 0.178333 0.670000 0.038333 0.010000
6 0.401667 0.717500 0.028333 0.011250
6 1.060000 2.163750 0.026667 0.030000
6 0.586667 1.533750 0.036667 0.012500
6 2.716667 1.735000 0.038333 0.010000
4 2.551667 0.383750 0.040000 0.010000
16 2.808333 0.335000 0.056667 0.012500
9 2.145000 2.380000 0.088333 0.075000
6 0.223333 3.515000 0.045000 0.012500
