4 3.645000 2.802500 0.030000 0.016250
5 2.793333 2.810000 0.026667 0.025000
5 2.720000 1.960000 0.025000 0.015000
4 2.636667 1.947500 0.026667 0.016250
5 2.870000 2.026250 0.038333 0.022500
4 2.260000 2.056250 0.026667 0.023750
4 2.411667 2.202500 0.025000 0.021250
6 2.393333 2.372500 0.026667 0.016250
5 3.650000 3.147500 0.028333 0.026250
4 3.143333 3.071250 0.031667 0.020000
6 3.160000 2.917500 0.033333 0.026250
3 0.550000 2.827500 0.025000 0.016250
3 0.675000 2.760000 0.040000 0.025000
4 1.083333 2.785000 0.025000 0.022500
6 1.300000 3.422500 0.036667 0.023750
4 2.070000 3.482500 0.031667 0.018750
6 1.623333 3.725000 0.033333 0.017500
4 2.165000 3.798750 0.028333 0.023750
32 2.713333 0.656250 0.366667 0.270000
6 0.146667 0.065000 0.030000 0.017500
