7 0.278333 0.377500 0.038333 0.018750
7 0.483333 0.320000 0.051667 0.022500
7 0.465000 0.276250 0.043333 0.018750
7 0.333333 0.451250 0.023333 0.023750
7 0.401667 0.440000 0.025000 0.025000
7 0.526667 0.402500 0.026667 0.023750
7 0.586667 0.382500 0.030000 0.026250
7 0.663333 0.362500 0.021667 0.021250
7 0.718333 0.346250 0.018333 0.018750
7 0.621667 0.195000 0.031667 0.012500
7 0.581667 0.157500 0.030000 0.016250
7 0.550000 0.093750 0.035000 0.018750
7 0.883333 0.087500 0.041667 0.021250
7 1.050000 0.117500 0.035000 0.033750
7 1.130000 0.088750 0.031667 0.032500
7 1.205000 0.083750 0.030000 0.030000
7 0.075000 0.080000 0.026667 0.015000
7 0.100000 0.111250 0.026667 0.013750
7 0.128333 0.141250 0.026667 0.013750
7 0.253333 0.302500 0.026667 0.013750
7 0.211667 0.263750 0.026667 0.013750
7 0.188333 0.230000 0.026667 0.015000
7 0.168333 0.197500 0.026667 0.013750
7 0.280000 0.466250 0.023333 0.023750
7 0.058333 0.050000 0.026667 0.015000
7 0.946667 0.160000 0.030000 0.015000
7 0.956667 0.207500 0.031667 0.016250
7 0.876667 0.046250 0.031667 0.016250
7 0.438333 0.197500 0.033333 0.013750
7 0.430000 0.162500 0.025000 0.011250
7 0.563333 0.132500 0.025000 0.011250
7 1.023333 0.271250 0.028333 0.012500
7 0.976667 0.241250 0.028333 0.012500
