17 0.049000 1.287000 0.077000 0.076000
12 1.611000 1.591000 0.075000 0.076000
12 1.383000 1.758000 0.073000 0.074000
12 1.171000 1.930000 0.073000 0.075000
12 0.961000 2.094000 0.071000 0.074000
19 0.415000 1.670000 0.061000 0.061000
19 0.233000 1.804000 0.067000 0.067000
19 1.886000 0.381000 0.067000 0.067000
12 2.590000 0.809000 0.073000 0.071000
20 2.822000 0.577000 0.115000 0.115000
17 3.070000 0.443000 0.064000 0.064000
20 3.464000 0.059000 0.114000 0.114000
9 3.604000 3.714000 0.070000 0.069000
