2 2.262000 0.704000 0.105000 0.072000
18 3.154000 0.722000 0.051000 0.039000
2 2.843000 2.153000 0.042000 0.079000
0 0.492000 1.504000 0.066000 0.148000
0 1.012000 1.510000 0.038000 0.079000
0 1.034000 1.609000 0.063000 0.132000
0 0.890000 2.164000 0.041000 0.082000
18 0.910000 1.930000 0.021000 0.033000
0 0.309000 2.576000 0.067000 0.168000
0 1.540000 2.350000 0.130000 0.077000
0 1.956000 1.794000 0.074000 0.165000
18 2.248000 1.569000 0.030000 0.017000
18 2.259000 1.542000 0.032000 0.017000
2 2.250000 2.003000 0.019000 0.043000
2 3.651000 2.632000 0.068000 0.086000
2 3.700000 2.669000 0.064000 0.084000
2 3.726000 2.731000 0.071000 0.099000
2 3.778000 2.752000 0.071000 0.100000
2 3.803000 2.822000 0.069000 0.095000
2 3.236000 3.234000 0.074000 0.093000
2 3.278000 3.269000 0.075000 0.098000
2 3.448000 3.135000 0.078000 0.100000
2 3.518000 3.138000 0.073000 0.093000
2 3.566000 3.169000 0.069000 0.087000
2 2.892000 3.697000 0.068000 0.092000
