6 0.905937 0.545833 0.026250 0.011667
6 0.751875 0.539583 0.028750 0.015000
6 0.712500 0.540417 0.025000 0.010000
6 0.850000 0.691667 0.022500 0.036667
6 0.915937 0.724167 0.013750 0.018333
6 0.790000 0.774583 0.020000 0.031667
6 0.770625 0.738750 0.021250 0.035000
6 0.813125 0.764167 0.021250 0.035000
4 0.712500 0.660417 0.012500 0.023333
6 0.568750 0.598333 0.012500 0.026667
4 0.954063 0.865000 0.032500 0.026667
4 0.838125 0.917917 0.028750 0.026667
4 0.810937 0.933333 0.031250 0.026667
4 0.779375 0.954583 0.023750 0.023333
5 0.835000 0.014167 0.025000 0.021667
5 0.835313 0.037917 0.027500 0.023333
5 0.658125 0.015833 0.013750 0.031667
6 0.641875 0.012500 0.011250 0.025000
6 0.334688 0.188750 0.027500 0.011667
4 0.425000 0.254583 0.010000 0.028333
5 0.365625 0.504167 0.026250 0.011667
5 0.325313 0.505000 0.030000 0.016667
6 0.237500 0.795000 0.025000 0.020000
4 0.249062 0.781250 0.030000 0.023333
6 0.085000 0.882500 0.010000 0.028333
9 0.451875 0.525833 0.048750 0.075000
