6 0.040000 1.856667 0.012500 0.028333
6 0.055000 1.980000 0.012500 0.030000
5 0.118750 1.910000 0.013750 0.031667
4 0.243750 1.933333 0.011250 0.030000
6 0.456250 1.943333 0.010000 0.028333
4 0.706250 2.185000 0.028750 0.011667
4 0.477500 2.356667 0.011250 0.028333
4 1.318750 1.473333 0.011250 0.026667
4 1.545000 2.036667 0.010000 0.028333
6 1.507500 2.450000 0.015000 0.031667
6 1.516250 2.923333 0.012500 0.031667
6 0.830000 3.216667 0.026250 0.011667
6 0.830000 3.285000 0.017500 0.010000
4 1.762500 0.831667 0.031250 0.011667
5 1.701250 1.320000 0.015000 0.033333
4 1.922500 1.183333 0.026250 0.011667
3 1.706250 1.468333 0.015000 0.028333
6 2.265000 1.020000 0.027500 0.013333
6 2.810000 1.011667 0.028750 0.013333
6 2.490000 0.096667 0.035000 0.015000
4 3.632500 0.090000 0.021250 0.031667
6 2.643750 2.058333 0.012500 0.030000
4 1.790000 3.033333 0.017500 0.026667
4 2.255000 3.106667 0.015000 0.036667
5 2.525000 3.173333 0.032500 0.013333
5 2.685000 3.176667 0.030000 0.011667
6 2.215000 2.788333 0.035000 0.013333
6 2.525000 2.400000 0.012500 0.030000
6 2.588750 2.416667 0.013750 0.031667
6 2.777500 2.106667 0.012500 0.023333
5 3.265000 3.101667 0.012500 0.033333
6 3.287500 2.033333 0.031250 0.020000
4 3.282500 1.961667 0.023750 0.011667
4 3.142500 1.276667 0.013750 0.021667
4 2.077500 3.376667 0.031250 0.011667
4 2.395000 3.420000 0.025000 0.020000
4 2.472500 3.396667 0.021250 0.031667
4 2.548750 3.400000 0.021250 0.030000
4 2.632500 3.398333 0.022500 0.035000
4 2.782500 3.396667 0.018750 0.031667
4 3.290000 3.896667 0.015000 0.035000
9 1.412500 1.118333 0.073750 0.095000
