6 0.074750 0.934750 0.030000 0.011000
6 0.620500 0.573250 0.023000 0.008000
6 0.607500 0.587000 0.021000 0.008000
6 0.642750 0.613500 0.025000 0.011000
4 0.585000 0.614500 0.010000 0.019000
4 0.561750 0.612250 0.012000 0.021000
4 0.502250 0.605250 0.012000 0.017000
6 0.486250 0.624500 0.011000 0.017000
4 0.463500 0.624000 0.011000 0.018000
6 0.444500 0.664000 0.011000 0.016000
21 0.508113 0.958240 0.488090 0.107039
5 0.113483 0.993709 0.013090 0.013083
6 0.079000 0.907000 0.016000 0.008000
6 0.077750 0.920000 0.026000 0.010000
10 0.071250 0.982000 0.013000 0.010000
5 0.994230 0.953205 0.012108 0.008829
6 0.994849 0.943535 0.010604 0.007100
4 0.022000 0.007500 0.010000 0.015000
6 0.071000 0.084000 0.012000 0.022000
4 0.084000 0.082500 0.010000 0.017000
4 0.107500 0.087500 0.009000 0.013000
4 0.188500 0.094000 0.009000 0.016000
4 0.200000 0.096500 0.008000 0.015000
4 0.246000 0.115000 0.020000 0.008000
4 0.173000 0.133750 0.008000 0.017000
6 0.163000 0.129500 0.008000 0.015000
4 0.094500 0.124750 0.009000 0.017000
4 0.045500 0.138000 0.021000 0.008000
5 0.044500 0.147250 0.027000 0.011000
5 0.063000 0.166000 0.012000 0.022000
4 0.096500 0.171000 0.011000 0.018000
6 0.118250 0.173500 0.008000 0.015000
4 0.140500 0.175000 0.009000 0.016000
4 0.364750 0.024000 0.009000 0.010000
6 0.504500 0.132500 0.025000 0.009000
4 0.500000 0.141000 0.020000 0.008000
6 0.501000 0.150000 0.024000 0.008000
4 0.498000 0.161000 0.018000 0.006000
4 0.497500 0.169750 0.019000 0.007000
4 0.496750 0.179000 0.020000 0.008000
4 0.495750 0.187000 0.020000 0.006000
6 0.494250 0.197250 0.022000 0.009000
6 0.518500 0.224250 0.009000 0.017000
4 0.529750 0.224250 0.011000 0.017000
4 0.542000 0.225500 0.008000 0.017000
4 0.575500 0.229250 0.009000 0.014000
6 0.607000 0.191250 0.010000 0.016000
4 0.589500 0.232000 0.009000 0.016000
4 0.622500 0.235000 0.011000 0.018000
4 0.646250 0.237000 0.011000 0.018000
4 0.549000 0.184500 0.010000 0.015000
6 0.550000 0.166250 0.008000 0.015000
4 0.563500 0.164750 0.009000 0.016000
4 0.585750 0.169000 0.010000 0.018000
4 0.597750 0.169000 0.010000 0.016000
6 0.621500 0.172500 0.011000 0.019000
4 0.619000 0.193000 0.008000 0.016000
6 0.640750 0.195250 0.011000 0.020000
4 0.653750 0.195750 0.011000 0.019000
4 0.634000 0.172500 0.010000 0.015000
4 0.645000 0.172500 0.012000 0.021000
4 0.656750 0.176250 0.010000 0.016000
6 0.668000 0.176250 0.008000 0.016000
4 0.535250 0.119000 0.010000 0.016000
4 0.547000 0.122250 0.008000 0.016000
4 0.558750 0.121250 0.007000 0.014000
5 0.581750 0.126500 0.009000 0.019000
6 0.593500 0.126500 0.009000 0.019000
6 0.617000 0.126750 0.008000 0.015000
6 0.639500 0.130000 0.009000 0.016000
6 0.651500 0.128000 0.009000 0.016000
4 0.733000 0.139000 0.008000 0.016000
4 0.744250 0.141000 0.011000 0.018000
6 0.756500 0.141000 0.007000 0.014000
4 0.767000 0.142000 0.010000 0.016000
6 0.777750 0.143250 0.010000 0.017000
4 0.789500 0.144500 0.009000 0.017000
4 0.801750 0.144500 0.010000 0.017000
4 0.813250 0.145000 0.009000 0.016000
4 0.824000 0.147000 0.010000 0.018000
4 0.835000 0.148000 0.012000 0.018000
6 0.846500 0.149000 0.009000 0.016000
4 0.859250 0.151000 0.008000 0.016000
6 0.882250 0.154500 0.008000 0.013000
4 0.894500 0.153500 0.011000 0.017000
6 0.906500 0.156250 0.009000 0.016000
4 0.917000 0.157750 0.010000 0.016000
4 0.926750 0.158500 0.009000 0.017000
4 0.939500 0.160000 0.009000 0.020000
4 0.952000 0.160750 0.010000 0.016000
4 0.725500 0.180500 0.007000 0.015000
6 0.738000 0.183250 0.008000 0.015000
5 0.759250 0.184500 0.009000 0.019000
6 0.784000 0.188000 0.008000 0.016000
4 0.807000 0.190000 0.010000 0.018000
4 0.795750 0.187500 0.010000 0.017000
4 0.819250 0.190500 0.011000 0.017000
4 0.829500 0.190500 0.009000 0.019000
6 0.842000 0.189000 0.008000 0.014000
4 0.854000 0.194000 0.008000 0.016000
4 0.866000 0.196750 0.008000 0.016000
6 0.877500 0.194750 0.009000 0.015000
4 0.889000 0.197250 0.010000 0.016000
6 0.900250 0.196500 0.010000 0.017000
5 0.745250 0.207000 0.011000 0.020000
5 0.756500 0.207500 0.009000 0.015000
4 0.769500 0.207750 0.009000 0.017000
4 0.780000 0.210000 0.010000 0.018000
4 0.791500 0.210500 0.009000 0.015000
5 0.803500 0.213250 0.011000 0.020000
6 0.816000 0.210250 0.010000 0.015000
6 0.828000 0.213000 0.010000 0.018000
4 0.838750 0.216000 0.009000 0.018000
4 0.849000 0.215000 0.008000 0.016000
6 0.861000 0.215500 0.008000 0.015000
6 0.886000 0.216750 0.008000 0.016000
6 0.897000 0.218000 0.008000 0.014000
6 0.909250 0.219000 0.008000 0.014000
4 0.730750 0.198500 0.020000 0.009000
4 0.723750 0.215750 0.024000 0.008000
4 0.721000 0.225500 0.020000 0.007000
6 0.720750 0.235250 0.019000 0.006000
4 0.720750 0.246000 0.022000 0.008000
5 0.740500 0.246000 0.011000 0.020000
4 0.750500 0.250750 0.009000 0.014000
4 0.761500 0.251250 0.009000 0.015000
4 0.772000 0.250750 0.008000 0.014000
4 0.785250 0.252500 0.010000 0.015000
6 0.796750 0.252500 0.008000 0.015000
6 0.807750 0.251000 0.010000 0.018000
4 0.832000 0.254500 0.010000 0.015000
4 0.843000 0.254500 0.010000 0.019000
4 0.854250 0.260500 0.008000 0.015000
4 0.879000 0.255250 0.006000 0.011000
4 0.890500 0.254000 0.007000 0.008000
4 0.901000 0.256000 0.008000 0.010000
4 0.914250 0.257500 0.008000 0.009000
5 0.926000 0.265000 0.008000 0.016000
5 0.966500 0.176500 0.021000 0.009000
5 0.965750 0.185750 0.025000 0.008000
6 0.965500 0.195000 0.021000 0.008000
6 0.964500 0.204750 0.021000 0.008000
6 0.960250 0.214000 0.022000 0.008000
5 0.960000 0.223000 0.026000 0.008000
4 0.958000 0.232000 0.020000 0.008000
6 0.956750 0.241000 0.022000 0.008000
5 0.955000 0.251000 0.024000 0.008000
6 0.434250 0.558500 0.010000 0.017000
5 0.411250 0.617000 0.012000 0.020000
6 0.477500 0.606000 0.009000 0.018000
4 0.511250 0.627500 0.010000 0.019000
4 0.534000 0.629500 0.010000 0.017000
4 0.545250 0.630750 0.009000 0.016000
6 0.548750 0.612500 0.011000 0.015000
4 0.558500 0.631750 0.009000 0.014000
4 0.568500 0.633250 0.009000 0.015000
6 0.581500 0.635500 0.009000 0.015000
4 0.551500 0.567000 0.009000 0.014000
4 0.636500 0.650000 0.021000 0.008000
6 0.633750 0.662000 0.021000 0.008000
4 0.591750 0.580000 0.010000 0.006000
4 0.408000 0.659500 0.010000 0.011000
14 0.483500 0.487750 0.057000 0.084000
14 0.546250 0.492000 0.057000 0.084000
14 0.608500 0.497250 0.058000 0.084000
14 0.795750 0.513500 0.057000 0.083000
14 0.671250 0.502750 0.057000 0.084000
14 0.733500 0.507750 0.058000 0.084000
6 0.871000 0.153000 0.012000 0.022000
6 0.627500 0.129500 0.009000 0.017000
4 0.609500 0.171500 0.011000 0.019000
6 0.634750 0.235250 0.011000 0.019000
6 0.611000 0.234500 0.010000 0.015000
6 0.554500 0.226750 0.013000 0.020000
4 0.749000 0.183500 0.010000 0.017000
6 0.772500 0.187500 0.009000 0.017000
5 0.873500 0.218500 0.011000 0.021000
5 0.866000 0.258000 0.010000 0.020000
4 0.574000 0.168750 0.010000 0.014000
5 0.569750 0.123000 0.013000 0.022000
6 0.085250 0.170000 0.010000 0.018000
6 0.129250 0.174250 0.011000 0.017000
6 0.152000 0.177500 0.012000 0.017000
6 0.658500 0.239000 0.011000 0.018000
4 0.727000 0.207500 0.020000 0.007000
