4 1.018750 0.156667 0.028750 0.015000
4 1.047500 0.493333 0.028750 0.016667
6 0.196250 1.510000 0.025000 0.015000
4 0.178750 1.253333 0.025000 0.016667
4 0.390000 0.870000 0.010000 0.028333
4 0.390000 0.991667 0.012500 0.033333
6 0.773750 0.770000 0.028750 0.015000
6 0.326250 1.515000 0.026250 0.015000
4 0.342500 1.261667 0.031250 0.015000
6 0.456250 1.518333 0.026250 0.015000
4 0.553750 1.260000 0.028750 0.016667
6 0.680000 1.265000 0.027500 0.016667
6 0.797500 1.270000 0.028750 0.015000
4 0.928750 1.273333 0.027500 0.016667
6 1.181250 1.081667 0.011250 0.028333
6 1.187500 0.958333 0.011250 0.031667
4 1.191250 0.691667 0.012500 0.030000
4 1.190000 0.575000 0.012500 0.028333
6 1.195000 0.273333 0.010000 0.030000
4 1.376250 0.365000 0.012500 0.030000
6 1.390000 0.076667 0.012500 0.028333
6 1.585000 0.196667 0.027500 0.011667
6 1.356250 1.528333 0.028750 0.015000
6 1.552500 1.541667 0.026250 0.015000
4 1.782500 0.968333 0.011250 0.023333
4 1.747500 1.293333 0.028750 0.016667
4 2.031250 0.733333 0.015000 0.033333
4 2.105000 0.893333 0.025000 0.033333
4 2.077500 1.076667 0.018750 0.021667
4 1.867500 1.296667 0.026250 0.015000
4 2.090000 1.296667 0.027500 0.011667
4 2.195000 1.301667 0.025000 0.015000
3 2.422500 1.553333 0.066250 0.016667
3 2.667500 1.563333 0.036250 0.018333
6 2.716250 1.330000 0.032500 0.018333
15 3.641250 2.225000 0.141250 0.146667
15 3.366250 2.470000 0.140000 0.146667
4 2.942500 1.120000 0.011250 0.030000
4 2.952500 0.846667 0.011250 0.030000
4 2.953750 0.730000 0.011250 0.028333
6 2.960000 0.556667 0.012500 0.031667
6 2.963750 0.305000 0.011250 0.030000
4 2.807500 0.120000 0.028750 0.013333
4 2.817500 0.050000 0.028750 0.015000
4 3.130000 0.106667 0.012500 0.030000
4 3.123750 0.236667 0.012500 0.031667
4 3.117500 0.390000 0.013750 0.028333
4 3.118750 0.513333 0.012500 0.026667
5 3.117500 0.640000 0.016250 0.033333
6 3.115000 0.791667 0.012500 0.033333
6 3.108750 0.940000 0.012500 0.026667
4 3.103750 1.080000 0.012500 0.033333
6 3.597500 0.106667 0.021250 0.033333
4 3.655000 0.240000 0.020000 0.033333
6 3.651250 0.093333 0.020000 0.033333
4 3.907500 0.103333 0.021250 0.035000
6 3.698750 0.350000 0.021250 0.035000
6 3.735000 0.295000 0.022500 0.036667
6 3.752500 0.480000 0.021250 0.033333
4 3.808750 0.616667 0.018750 0.035000
4 3.865000 0.750000 0.022500 0.035000
4 3.907500 0.861667 0.021250 0.035000
6 3.940000 0.545000 0.020000 0.031667
4 3.948750 0.966667 0.020000 0.033333
6 3.301250 1.325000 0.030000 0.013333
5 3.441250 1.346667 0.028750 0.016667
3 3.270000 1.383333 0.047500 0.021667
6 3.350000 1.585000 0.030000 0.015000
4 3.590000 1.336667 0.027500 0.015000
4 3.772500 1.343333 0.028750 0.015000
6 3.882500 1.346667 0.026250 0.016667
4 3.875000 1.433333 0.030000 0.023333
6 3.921250 1.510000 0.028750 0.015000
4 3.841250 1.600000 0.028750 0.016667
