4 0.092500 3.393333 0.013750 0.030000
6 0.108750 2.636667 0.026250 0.011667
5 0.110000 1.276667 0.032500 0.015000
5 1.325000 1.360000 0.037500 0.016667
6 1.791250 1.570000 0.013750 0.031667
6 1.440000 1.813333 0.035000 0.016667
6 1.680000 0.336667 0.015000 0.025000
4 1.785000 1.421667 0.015000 0.031667
11 0.137500 1.921667 0.026250 0.016667
4 0.293750 1.935000 0.035000 0.018333
3 0.407500 2.710000 0.038750 0.018333
4 0.552500 2.583333 0.011250 0.038333
3 0.545000 2.716667 0.030000 0.015000
6 1.466250 3.523333 0.025000 0.015000
4 1.643750 3.656667 0.012500 0.035000
4 1.663750 2.281667 0.017500 0.028333
5 3.180000 0.096667 0.037500 0.015000
6 2.060000 0.086667 0.032500 0.013333
4 2.000000 0.253333 0.030000 0.013333
6 2.117500 0.253333 0.023750 0.013333
4 2.462500 0.245000 0.028750 0.018333
4 2.651250 0.258333 0.033750 0.013333
4 3.288750 0.268333 0.030000 0.013333
4 3.340000 0.096667 0.030000 0.015000
9 3.636250 0.208333 0.072500 0.080000
4 3.547500 0.536667 0.013750 0.028333
7 2.765000 1.070000 0.020000 0.025000
6 2.552500 1.578333 0.021250 0.020000
6 3.163750 1.620000 0.027500 0.020000
5 3.312500 1.306667 0.018750 0.016667
4 3.717500 1.360000 0.016250 0.046667
4 3.925000 1.530000 0.030000 0.015000
5 3.937500 1.778333 0.031250 0.013333
6 3.713750 1.945000 0.015000 0.028333
4 3.345000 1.641667 0.032500 0.015000
4 3.338750 2.515000 0.025000 0.015000
6 3.703750 3.006667 0.015000 0.030000
6 2.133750 2.226667 0.028750 0.013333
6 2.301250 2.290000 0.021250 0.015000
5 2.012500 3.686667 0.021250 0.016667
6 2.440000 3.378333 0.027500 0.016667
4 3.913750 1.845000 0.030000 0.013333
6 0.350000 3.886667 0.010000 0.023333
