9 0.435000 0.370000 0.173333 0.117500
9 0.835000 0.748750 0.156667 0.112500
6 0.810000 0.331875 0.033333 0.008750
6 0.770417 0.331875 0.036667 0.008750
6 0.264167 0.205625 0.035000 0.026250
4 0.304583 0.040625 0.015000 0.021250
4 0.285417 0.041250 0.015000 0.020000
6 0.230000 0.037187 0.016667 0.021250
6 0.205000 0.027500 0.013333 0.020000
6 0.167917 0.036250 0.025000 0.020000
5 0.155000 0.046562 0.033333 0.026250
6 0.123333 0.057500 0.023333 0.020000
6 0.107500 0.063750 0.028333 0.022500
6 0.062083 0.084375 0.028333 0.021250
6 0.047083 0.091563 0.026667 0.020000
5 0.034583 0.100625 0.026667 0.021250
6 0.018750 0.105938 0.030000 0.025000
6 0.949167 0.019688 0.018333 0.017500
6 0.857917 0.102813 0.026667 0.022500
4 0.840000 0.100937 0.026667 0.021250
6 0.909167 0.332813 0.031667 0.008750
6 0.974167 0.359375 0.035000 0.011250
6 0.990000 0.376875 0.020000 0.008750
6 0.111667 0.279062 0.033333 0.026250
4 0.052500 0.265000 0.035000 0.022500
4 0.086667 0.205625 0.033333 0.021250
4 0.059583 0.190625 0.035000 0.021250
6 0.027083 0.704375 0.028333 0.016250
5 0.021667 0.693438 0.036667 0.021250
6 0.269167 0.816562 0.031667 0.018750
4 0.253333 0.806250 0.033333 0.020000
6 0.205000 0.865625 0.036667 0.021250
6 0.193333 0.854688 0.033333 0.020000
6 0.468333 0.888437 0.036667 0.022500
6 0.587500 0.889687 0.038333 0.023750
6 0.557500 0.849688 0.038333 0.025000
4 0.489583 0.527500 0.033333 0.020000
6 0.368333 0.540000 0.026667 0.025000
6 0.317500 0.438750 0.038333 0.022500
6 0.153750 0.512188 0.035000 0.018750
6 0.037083 0.562813 0.043333 0.025000
6 0.402500 0.047500 0.011667 0.015000
6 0.466667 0.103125 0.013333 0.026250
6 0.467917 0.198437 0.020000 0.017500
6 0.402500 0.172813 0.015000 0.017500
6 0.401667 0.194062 0.016667 0.020000
6 0.400000 0.247500 0.013333 0.022500
4 0.400000 0.267500 0.013333 0.017500
6 0.580833 0.333125 0.035000 0.008750
6 0.467500 0.311563 0.015000 0.018750
6 0.467500 0.287813 0.015000 0.022500
6 0.525417 0.450937 0.026667 0.022500
6 0.562083 0.548750 0.026667 0.022500
6 0.604167 0.588437 0.028333 0.023750
6 0.686667 0.657188 0.030000 0.022500
6 0.896250 0.893125 0.026667 0.013750
6 0.892500 0.831250 0.031667 0.025000
6 0.847500 0.286562 0.015000 0.021250
6 0.846667 0.308750 0.016667 0.020000
6 0.677917 0.265000 0.013333 0.017500
6 0.675000 0.307500 0.016667 0.020000
6 0.033333 0.995938 0.018333 0.010000
