6 0.644167 0.010937 0.018333 0.022500
4 0.675417 0.068437 0.018333 0.023750
6 0.811667 0.244688 0.020000 0.028750
11 0.721250 0.247188 0.040000 0.012500
4 0.715833 0.235937 0.035000 0.011250
3 0.740000 0.225312 0.040000 0.010000
5 0.735417 0.213750 0.038333 0.010000
6 0.737500 0.202187 0.035000 0.011250
4 0.648333 0.196250 0.020000 0.022500
6 0.385833 0.213750 0.018333 0.022500
6 0.684583 0.270625 0.036667 0.013750
4 0.700833 0.295000 0.031667 0.012500
6 0.697500 0.283750 0.031667 0.010000
5 0.654583 0.280938 0.045000 0.015000
4 0.664167 0.295000 0.035000 0.012500
6 0.298333 0.331562 0.016667 0.027500
4 0.618750 0.292812 0.036667 0.013750
5 0.372917 0.278750 0.030000 0.025000
4 0.398750 0.284062 0.020000 0.020000
4 0.346250 0.283750 0.016667 0.020000
6 0.400833 0.335938 0.041667 0.013750
4 0.405833 0.323437 0.035000 0.008750
3 0.432083 0.445000 0.046667 0.012500
4 0.731250 0.461250 0.030000 0.012500
4 0.696250 0.400000 0.015000 0.022500
3 0.482500 0.482187 0.045000 0.012500
3 0.482500 0.469687 0.041667 0.011250
11 0.312083 0.428438 0.041667 0.012500
11 0.312500 0.410000 0.041667 0.012500
6 0.452500 0.410000 0.051667 0.015000
3 0.445000 0.426250 0.076667 0.017500
5 0.683333 0.544375 0.016667 0.023750
4 0.228333 0.480625 0.023333 0.028750
5 0.233333 0.593750 0.023333 0.027500
6 0.377083 0.584375 0.030000 0.021250
3 0.616667 0.613437 0.040000 0.010000
5 0.570000 0.635000 0.036667 0.020000
6 0.338333 0.693125 0.040000 0.011250
6 0.489583 0.648125 0.035000 0.011250
6 0.459167 0.697187 0.028333 0.011250
5 0.508750 0.726250 0.041667 0.030000
4 0.756667 0.668125 0.033333 0.023750
6 0.507500 0.757188 0.035000 0.023750
6 0.705833 0.915937 0.031667 0.008750
4 0.704167 0.936562 0.038333 0.010000
4 0.698750 0.962500 0.038333 0.010000
4 0.705417 0.975625 0.046667 0.013750
6 0.535833 0.936562 0.035000 0.021250
4 0.340833 0.985313 0.031667 0.025000
4 0.183333 0.902813 0.016667 0.025000
6 0.130417 0.520312 0.031667 0.023750
3 0.151250 0.518750 0.035000 0.030000
6 0.088333 0.515000 0.026667 0.027500
4 0.079167 0.738125 0.018333 0.023750
5 0.028750 0.735313 0.016667 0.027500
6 0.059167 0.321875 0.021667 0.023750
6 0.023750 0.317812 0.018333 0.023750
6 0.014167 0.378750 0.015000 0.020000
5 0.136667 0.408438 0.026667 0.018750
5 0.155000 0.410625 0.023333 0.016250
