9 0.279750 0.835000 0.067000 0.070000
9 0.703500 0.835000 0.075000 0.068000
9 0.292500 0.214500 0.058000 0.051000
6 0.977750 0.940000 0.012000 0.022000
4 0.906500 0.899500 0.009000 0.017000
6 0.896000 0.898500 0.008000 0.015000
4 0.885500 0.900250 0.009000 0.018000
4 0.828750 0.900250 0.010000 0.017000
6 0.817000 0.900500 0.010000 0.017000
6 0.805500 0.899000 0.009000 0.018000
4 0.788000 0.901000 0.008000 0.016000
4 0.751500 0.913500 0.021000 0.009000
4 0.750500 0.923250 0.021000 0.008000
6 0.751000 0.938250 0.024000 0.010000
6 0.888000 0.940250 0.008000 0.015000
4 0.856500 0.939750 0.009000 0.018000
4 0.835500 0.940750 0.009000 0.019000
4 0.824000 0.939750 0.010000 0.019000
4 0.812500 0.939000 0.009000 0.018000
5 0.764750 0.962500 0.020000 0.019000
4 0.708000 0.989000 0.008000 0.016000
4 0.667250 0.991750 0.008000 0.018000
4 0.671250 0.925500 0.009000 0.017000
4 0.711750 0.933500 0.009000 0.019000
4 0.618250 0.986500 0.016000 0.021000
4 0.606500 0.986000 0.015000 0.020000
4 0.594000 0.985500 0.012000 0.017000
6 0.480250 0.972500 0.009000 0.015000
4 0.468750 0.968750 0.010000 0.018000
4 0.490500 0.955500 0.009000 0.019000
4 0.479500 0.954750 0.011000 0.020000
4 0.468250 0.952500 0.008000 0.017000
6 0.457000 0.967000 0.008000 0.016000
5 0.446250 0.965000 0.009000 0.026000
4 0.256500 0.897000 0.009000 0.018000
4 0.258000 0.936500 0.010000 0.019000
5 0.257500 0.957000 0.007000 0.020000
4 0.298000 0.902500 0.008000 0.017000
6 0.298500 0.921750 0.009000 0.018000
6 0.298250 0.941000 0.008000 0.018000
6 0.298000 0.962000 0.008000 0.018000
4 0.360750 0.986000 0.020000 0.008000
4 0.349500 0.964500 0.013000 0.017000
4 0.338500 0.967000 0.011000 0.018000
4 0.328750 0.969750 0.009000 0.018000
4 0.317750 0.967750 0.009000 0.018000
6 0.258000 0.978250 0.010000 0.019000
6 0.297000 0.983750 0.008000 0.019000
6 0.023750 0.985250 0.010000 0.020000
4 0.827000 0.868000 0.020000 0.008000
5 0.793250 0.867250 0.023000 0.008000
4 0.972250 0.823750 0.020000 0.009000
4 0.858000 0.823500 0.021000 0.007000
4 0.774750 0.822500 0.017000 0.007000
5 0.489000 0.777000 0.012000 0.020000
4 0.500000 0.780500 0.010000 0.017000
4 0.509000 0.778000 0.010000 0.016000
4 0.518500 0.776000 0.009000 0.018000
4 0.529000 0.778000 0.009000 0.020000
6 0.540500 0.778000 0.009000 0.020000
4 0.562250 0.780500 0.010000 0.015000
4 0.572250 0.779000 0.009000 0.018000
4 0.583000 0.777250 0.011000 0.019000
4 0.595000 0.779000 0.008000 0.016000
4 0.606000 0.780000 0.010000 0.016000
4 0.616500 0.775250 0.009000 0.017000
6 0.457250 0.756500 0.010000 0.019000
4 0.539000 0.752250 0.022000 0.008000
4 0.636000 0.736250 0.010000 0.018000
4 0.625250 0.736500 0.008000 0.017000
4 0.615750 0.736000 0.009000 0.016000
4 0.606000 0.736500 0.008000 0.015000
6 0.596000 0.737000 0.008000 0.018000
4 0.584250 0.735250 0.009000 0.019000
4 0.573000 0.735250 0.008000 0.018000
4 0.562750 0.735250 0.009000 0.019000
4 0.552000 0.736000 0.010000 0.018000
4 0.541250 0.736500 0.008000 0.017000
6 0.531000 0.737000 0.008000 0.018000
4 0.520500 0.738000 0.009000 0.016000
4 0.509500 0.735750 0.011000 0.019000
4 0.490000 0.736000 0.010000 0.018000
6 0.479000 0.735250 0.010000 0.016000
4 0.467500 0.734750 0.009000 0.020000
4 0.456000 0.735500 0.008000 0.017000
4 0.549000 0.807250 0.022000 0.008000
5 0.519000 0.807250 0.022000 0.009000
6 0.511500 0.835500 0.019000 0.007000
4 0.474250 0.823250 0.021000 0.008000
6 0.679000 0.708250 0.010000 0.022000
6 0.679000 0.687750 0.009000 0.016000
6 0.719250 0.693000 0.008000 0.018000
6 0.678000 0.633750 0.008000 0.019000
6 0.718750 0.676000 0.008000 0.016000
4 0.719000 0.656500 0.008000 0.017000
4 0.707000 0.634500 0.010000 0.017000
4 0.719000 0.611750 0.010000 0.020000
6 0.720250 0.594000 0.009000 0.018000
4 0.719750 0.573250 0.010000 0.017000
4 0.678000 0.568500 0.008000 0.017000
4 0.679500 0.365000 0.005000 0.014000
7 0.529000 0.400250 0.028000 0.013000
7 0.556750 0.410000 0.032000 0.020000
4 0.719500 0.536500 0.007000 0.017000
4 0.719500 0.556500 0.009000 0.015000
4 0.679250 0.518500 0.009000 0.017000
6 0.720250 0.498500 0.009000 0.017000
4 0.720500 0.478500 0.009000 0.017000
4 0.720000 0.461000 0.008000 0.018000
4 0.720000 0.402000 0.010000 0.018000
4 0.720500 0.420500 0.011000 0.019000
4 0.720750 0.440500 0.008000 0.017000
4 0.679000 0.486750 0.009000 0.018000
4 0.678750 0.468750 0.010000 0.018000
4 0.680500 0.433500 0.009000 0.017000
4 0.680000 0.416000 0.009000 0.018000
6 0.646500 0.450000 0.019000 0.006000
4 0.590500 0.541750 0.019000 0.010000
4 0.565000 0.608000 0.016000 0.006000
4 0.564500 0.615250 0.019000 0.006000
4 0.531000 0.618750 0.020000 0.007000
4 0.408500 0.637750 0.007000 0.016000
4 0.443750 0.616750 0.020000 0.007000
6 0.427750 0.610000 0.008000 0.016000
4 0.418250 0.609500 0.009000 0.017000
4 0.343250 0.596500 0.022000 0.009000
4 0.471000 0.506750 0.022000 0.009000
6 0.486250 0.462750 0.009000 0.017000
4 0.487000 0.480500 0.010000 0.017000
4 0.431250 0.409750 0.020000 0.008000
6 0.428500 0.400500 0.019000 0.007000
6 0.340250 0.389000 0.022000 0.010000
5 0.313750 0.389500 0.010000 0.021000
4 0.273500 0.391500 0.009000 0.017000
6 0.272250 0.432500 0.008000 0.015000
6 0.314000 0.411750 0.010000 0.017000
4 0.313250 0.439250 0.012000 0.017000
4 0.158500 0.403500 0.009000 0.017000
4 0.147250 0.404000 0.009000 0.016000
4 0.136000 0.402000 0.010000 0.016000
4 0.125750 0.402250 0.008000 0.016000
4 0.108000 0.510000 0.009000 0.016000
4 0.313750 0.463000 0.009000 0.018000
4 0.272250 0.473250 0.008000 0.021000
6 0.313500 0.482500 0.009000 0.017000
5 0.313500 0.511000 0.012000 0.022000
6 0.272250 0.536250 0.008000 0.013000
6 0.272750 0.556000 0.007000 0.018000
6 0.272500 0.576250 0.007000 0.016000
6 0.271750 0.618000 0.008000 0.018000
4 0.312500 0.613000 0.011000 0.020000
6 0.123000 0.630750 0.018000 0.007000
4 0.040000 0.480000 0.022000 0.010000
4 0.061000 0.533000 0.020000 0.006000
4 0.145500 0.555250 0.021000 0.008000
4 0.125250 0.563250 0.021000 0.007000
4 0.123500 0.580500 0.019000 0.007000
5 0.064500 0.605750 0.023000 0.009000
4 0.053500 0.639500 0.017000 0.011000
5 0.121000 0.637250 0.020000 0.007000
5 0.120000 0.645750 0.020000 0.007000
4 0.070500 0.643500 0.009000 0.017000
6 0.004500 0.723500 0.008000 0.017000
4 0.015500 0.725000 0.009000 0.018000
4 0.026750 0.724750 0.011000 0.018000
5 0.008000 0.684500 0.008000 0.017000
4 0.018000 0.683250 0.009000 0.018000
4 0.028000 0.683000 0.010000 0.016000
4 0.057750 0.686500 0.009000 0.015000
5 0.083000 0.687000 0.008000 0.016000
6 0.042500 0.702500 0.009000 0.019000
6 0.073750 0.720500 0.020000 0.009000
4 0.071000 0.711250 0.024000 0.008000
4 0.132250 0.715500 0.023000 0.015000
6 0.075500 0.730250 0.015000 0.008000
4 0.313000 0.641000 0.011000 0.018000
6 0.272250 0.680000 0.008000 0.014000
4 0.313750 0.681000 0.010000 0.018000
6 0.271500 0.697000 0.009000 0.018000
4 0.271750 0.722250 0.012000 0.019000
6 0.271250 0.742750 0.015000 0.019000
4 0.312000 0.719500 0.010000 0.019000
3 0.312250 0.751000 0.013000 0.026000
6 0.391000 0.805500 0.026000 0.009000
6 0.417000 0.806000 0.020000 0.008000
4 0.347500 0.822000 0.023000 0.008000
4 0.259000 0.822500 0.020000 0.009000
4 0.211000 0.806000 0.020000 0.008000
4 0.009250 0.804500 0.019000 0.009000
6 0.029250 0.806000 0.022000 0.010000
5 0.046000 0.810250 0.014000 0.021000
5 0.082750 0.805500 0.025000 0.009000
4 0.112750 0.804500 0.021000 0.009000
6 0.135250 0.806000 0.019000 0.008000
6 0.161000 0.805000 0.020000 0.008000
4 0.024250 0.849750 0.022000 0.007000
3 0.164250 0.353750 0.013000 0.024000
5 0.195500 0.257750 0.011000 0.019000
6 0.196000 0.276500 0.010000 0.015000
4 0.196000 0.293000 0.010000 0.018000
4 0.194750 0.311250 0.010000 0.020000
6 0.195250 0.329750 0.010000 0.019000
4 0.275000 0.270500 0.008000 0.017000
6 0.273750 0.299000 0.009000 0.018000
6 0.314250 0.278500 0.008000 0.017000
4 0.313000 0.303000 0.008000 0.016000
4 0.273750 0.318000 0.010000 0.018000
4 0.273500 0.341000 0.009000 0.020000
6 0.285250 0.350250 0.010000 0.020000
6 0.274250 0.367000 0.010000 0.016000
6 0.314000 0.365500 0.010000 0.019000
4 0.314500 0.347250 0.011000 0.017000
6 0.356000 0.370000 0.008000 0.014000
4 0.374500 0.350500 0.019000 0.007000
5 0.394500 0.365500 0.011000 0.021000
6 0.392750 0.251500 0.009000 0.021000
4 0.417500 0.247500 0.022000 0.009000
4 0.446250 0.287000 0.009000 0.018000
5 0.504000 0.294250 0.008000 0.016000
6 0.513000 0.372500 0.022000 0.007000
6 0.568250 0.365000 0.017000 0.016000
6 0.586500 0.366500 0.009000 0.017000
4 0.600500 0.368000 0.009000 0.020000
4 0.619000 0.329000 0.020000 0.008000
4 0.656250 0.286250 0.009000 0.019000
4 0.680000 0.349500 0.009000 0.019000
6 0.681250 0.309000 0.009000 0.018000
6 0.680250 0.257250 0.009000 0.017000
6 0.721500 0.266250 0.009000 0.017000
4 0.760500 0.304500 0.021000 0.007000
4 0.785500 0.305500 0.019000 0.007000
4 0.774250 0.333250 0.018000 0.008000
4 0.807000 0.333000 0.020000 0.008000
4 0.806000 0.305500 0.020000 0.009000
6 0.833250 0.305250 0.018000 0.007000
4 0.831750 0.332750 0.022000 0.007000
4 0.915000 0.262750 0.008000 0.014000
6 0.886500 0.333750 0.021000 0.008000
4 0.876000 0.304000 0.020000 0.010000
4 0.899000 0.305250 0.020000 0.008000
4 0.910500 0.333500 0.023000 0.009000
6 0.930500 0.332500 0.019000 0.007000
6 0.951000 0.332750 0.022000 0.008000
4 0.936000 0.305250 0.020000 0.008000
6 0.960000 0.306000 0.022000 0.006000
3 0.987000 0.332000 0.026000 0.012000
6 0.826750 0.137250 0.007000 0.017000
4 0.851750 0.183500 0.010000 0.015000
6 0.846000 0.121750 0.008000 0.014000
4 0.721750 0.221000 0.010000 0.018000
6 0.721000 0.198250 0.010000 0.019000
4 0.753250 0.172000 0.019000 0.008000
6 0.721000 0.177250 0.008000 0.019000
4 0.752000 0.120250 0.022000 0.011000
4 0.750500 0.110500 0.021000 0.009000
6 0.720500 0.152750 0.009000 0.022000
4 0.720500 0.134500 0.011000 0.019000
4 0.721250 0.091000 0.009000 0.016000
4 0.721750 0.073750 0.008000 0.016000
5 0.680250 0.146000 0.011000 0.022000
6 0.681000 0.111500 0.008000 0.017000
4 0.681000 0.088750 0.010000 0.017000
4 0.681500 0.070250 0.009000 0.018000
6 0.954500 0.003000 0.017000 0.006000
6 0.931500 0.003500 0.019000 0.007000
4 0.905750 0.002750 0.020000 0.006000
6 0.886500 0.003750 0.019000 0.007000
4 0.835250 0.003750 0.019000 0.007000
5 0.808000 0.003750 0.026000 0.008000
6 0.622000 0.226000 0.022000 0.008000
5 0.577000 0.226500 0.024000 0.007000
4 0.633000 0.191750 0.022000 0.009000
4 0.610000 0.191250 0.024000 0.010000
6 0.585000 0.192000 0.020000 0.008000
4 0.514000 0.192750 0.020000 0.008000
4 0.586500 0.171750 0.019000 0.007000
6 0.566000 0.153000 0.008000 0.018000
4 0.532500 0.053000 0.019000 0.008000
4 0.530500 0.032250 0.021000 0.009000
4 0.431500 0.227000 0.019000 0.008000
6 0.362000 0.228000 0.022000 0.008000
6 0.342250 0.228500 0.017000 0.007000
4 0.453500 0.192500 0.019000 0.009000
4 0.430500 0.193250 0.021000 0.008000
6 0.408000 0.192500 0.018000 0.007000
4 0.356500 0.194000 0.019000 0.008000
4 0.422500 0.157500 0.009000 0.015000
4 0.408500 0.172250 0.023000 0.010000
4 0.341250 0.141000 0.019000 0.008000
4 0.681000 0.050500 0.010000 0.019000
4 0.721250 0.055000 0.008000 0.016000
4 0.720000 0.029000 0.008000 0.016000
5 0.492000 0.015500 0.010000 0.017000
6 0.243500 0.228000 0.021000 0.008000
4 0.219750 0.228250 0.021000 0.007000
6 0.193750 0.228750 0.022000 0.008000
6 0.171500 0.229750 0.019000 0.007000
6 0.145250 0.229500 0.021000 0.009000
6 0.122000 0.228500 0.018000 0.009000
4 0.016750 0.229500 0.022000 0.009000
6 0.273500 0.138000 0.008000 0.018000
5 0.313250 0.160250 0.012000 0.024000
4 0.313500 0.122250 0.009000 0.018000
4 0.273750 0.116000 0.008000 0.018000
4 0.273000 0.093000 0.009000 0.016000
5 0.314500 0.089000 0.009000 0.020000
4 0.315000 0.071000 0.008000 0.016000
4 0.273250 0.075250 0.009000 0.018000
6 0.275000 0.056000 0.008000 0.018000
4 0.273500 0.016000 0.009000 0.016000
4 0.314000 0.018000 0.010000 0.018000
4 0.249000 0.193750 0.022000 0.012000
6 0.222750 0.194750 0.023000 0.010000
4 0.070250 0.078250 0.009000 0.013000
4 0.155500 0.104500 0.011000 0.017000
4 0.171000 0.055250 0.008000 0.016000
4 0.183000 0.167000 0.012000 0.008000
6 0.130000 0.194500 0.022000 0.009000
4 0.176000 0.193750 0.020000 0.010000
5 0.106500 0.195000 0.025000 0.010000
6 0.080500 0.195500 0.023000 0.009000
6 0.056750 0.196500 0.023000 0.009000
4 0.032000 0.196500 0.022000 0.009000
6 0.023750 0.162000 0.022000 0.014000
6 0.010000 0.192000 0.014000 0.020000
4 0.138000 0.032000 0.024000 0.008000
6 0.135000 0.019250 0.024000 0.010000
6 0.050500 0.017500 0.009000 0.015000
5 0.066000 0.021750 0.024000 0.008000
5 0.066500 0.012750 0.025000 0.009000
4 0.201250 0.195500 0.019000 0.009000
4 0.380000 0.194000 0.020000 0.008000
4 0.459000 0.084750 0.022000 0.009000
6 0.600250 0.084000 0.024000 0.008000
6 0.272000 0.505250 0.009000 0.015000
6 0.176500 0.541000 0.017000 0.006000
6 0.159500 0.527500 0.011000 0.019000
4 0.170250 0.822250 0.021000 0.011000
4 0.313500 0.700250 0.009000 0.018000
4 0.665750 0.823500 0.027000 0.011000
15 0.924250 0.716250 0.043000 0.060000
15 0.973500 0.715500 0.045000 0.059000
6 0.678750 0.612750 0.010000 0.019000
4 0.597250 0.530250 0.020000 0.008000
4 0.917500 0.898250 0.009000 0.018000
6 0.273000 0.415500 0.009000 0.015000
4 0.146500 0.562500 0.019000 0.005000
6 0.412500 0.228000 0.017000 0.006000
9 0.293000 0.661750 0.054000 0.025000
