6 0.048333 0.688125 0.040000 0.008750
6 0.350000 0.714688 0.026667 0.008750
6 0.957917 0.536875 0.015000 0.018750
4 0.922917 0.516563 0.036667 0.007500
4 0.924583 0.505313 0.033333 0.007500
6 0.952917 0.461250 0.013333 0.017500
6 0.836667 0.314688 0.026667 0.022500
6 0.918333 0.338750 0.030000 0.007500
6 0.947917 0.330000 0.028333 0.017500
4 0.928750 0.254063 0.031667 0.013750
6 0.062500 0.042813 0.011667 0.018750
6 0.030833 0.074375 0.015000 0.016250
6 0.080000 0.388125 0.030000 0.018750
6 0.072083 0.406250 0.033333 0.017500
4 0.037500 0.409062 0.035000 0.018750
4 0.080000 0.443750 0.033333 0.017500
4 0.159583 0.439375 0.033333 0.016250
5 0.190000 0.429375 0.040000 0.021250
6 0.080417 0.515625 0.031667 0.016250
5 0.192500 0.467813 0.041667 0.022500
6 0.269583 0.458125 0.035000 0.016250
4 0.185833 0.485000 0.038333 0.020000
4 0.327500 0.540312 0.035000 0.018750
5 0.382917 0.501875 0.038333 0.021250
30 0.398333 0.531875 0.140000 0.068750
5 0.462500 0.537500 0.038333 0.022500
6 0.412083 0.558438 0.033333 0.018750
4 0.435000 0.585313 0.036667 0.018750
6 0.516250 0.561250 0.031667 0.017500
5 0.590833 0.615625 0.038333 0.023750
4 0.607083 0.599375 0.030000 0.018750
6 0.676250 0.630000 0.031667 0.020000
4 0.628333 0.650937 0.033333 0.020000
5 0.592500 0.652813 0.038333 0.023750
4 0.487500 0.698125 0.031667 0.018750
6 0.594167 0.728750 0.031667 0.017500
4 0.673333 0.686250 0.033333 0.020000
4 0.719583 0.689688 0.031667 0.020000
6 0.875417 0.673750 0.035000 0.012500
6 0.808333 0.693750 0.033333 0.020000
6 0.794583 0.727812 0.035000 0.022500
4 0.889583 0.733125 0.031667 0.018750
4 0.807083 0.753750 0.035000 0.022500
6 0.798750 0.826562 0.031667 0.018750
4 0.890000 0.771875 0.033333 0.018750
4 0.945833 0.780625 0.031667 0.018750
4 0.962083 0.830000 0.035000 0.022500
6 0.938333 0.897500 0.033333 0.020000
3 0.975417 0.955313 0.048333 0.031250
6 0.301667 0.908750 0.026667 0.017500
5 0.360417 0.760000 0.040000 0.017500
6 0.100417 0.841562 0.028333 0.025000
6 0.247917 0.913125 0.028333 0.013750
6 0.137083 0.875625 0.026667 0.023750
6 0.840833 0.657813 0.038333 0.010000
