9 0.397000 0.374750 0.118000 0.095000
5 0.905000 0.917250 0.018000 0.014000
11 0.895500 0.901750 0.019000 0.019000
5 0.880750 0.891500 0.018000 0.019000
4 0.848500 0.766750 0.015000 0.017000
3 0.854750 0.782500 0.016000 0.021000
4 0.863500 0.779000 0.013000 0.018000
10 0.785000 0.742000 0.028000 0.024000
4 0.990250 0.823000 0.010000 0.016000
4 0.967000 0.827000 0.016000 0.018000
4 0.967000 0.874000 0.020000 0.010000
5 0.967000 0.882000 0.018000 0.006000
5 0.478250 0.001500 0.028000 0.014000
5 0.488500 0.011250 0.023000 0.013000
4 0.483250 0.023250 0.022000 0.009000
5 0.485750 0.034000 0.027000 0.012000
4 0.484500 0.043000 0.025000 0.010000
5 0.489500 0.052500 0.025000 0.013000
4 0.491500 0.060250 0.025000 0.010000
6 0.497000 0.069000 0.022000 0.008000
4 0.494750 0.079750 0.026000 0.009000
4 0.497750 0.089250 0.024000 0.009000
5 0.500500 0.099250 0.027000 0.010000
4 0.543250 0.002250 0.021000 0.009000
4 0.544250 0.012500 0.026000 0.011000
5 0.548500 0.022500 0.027000 0.011000
5 0.565500 0.095250 0.015000 0.023000
5 0.358000 0.173000 0.024000 0.008000
6 0.351250 0.194000 0.022000 0.008000
6 0.347500 0.208250 0.027000 0.010000
6 0.356000 0.238500 0.030000 0.013000
3 0.446250 0.236000 0.076000 0.016000
3 0.463000 0.258500 0.078000 0.017000
3 0.468750 0.270250 0.079000 0.019000
3 0.458500 0.282500 0.077000 0.017000
5 0.381000 0.402500 0.020000 0.017000
5 0.526500 0.957000 0.025000 0.022000
4 0.532000 0.968500 0.020000 0.019000
6 0.534000 0.982250 0.022000 0.021000
4 0.535500 0.996000 0.017000 0.016000
3 0.630000 0.944500 0.020000 0.023000
5 0.643750 0.941750 0.021000 0.025000
5 0.657250 0.935500 0.021000 0.023000
4 0.574000 0.811500 0.018000 0.021000
5 0.587250 0.805250 0.019000 0.022000
4 0.598500 0.799500 0.015000 0.019000
4 0.631000 0.780000 0.020000 0.016000
4 0.559500 0.747500 0.021000 0.021000
5 0.698000 0.744000 0.026000 0.022000
11 0.675000 0.756250 0.020000 0.015000
5 0.561000 0.377000 0.032000 0.016000
11 0.540500 0.416000 0.031000 0.020000
11 0.506000 0.424500 0.034000 0.019000
11 0.815750 0.367500 0.033000 0.015000
6 0.883000 0.187500 0.028000 0.017000
5 0.957000 0.192000 0.012000 0.022000
4 0.972250 0.188500 0.012000 0.019000
4 0.928250 0.508500 0.012000 0.021000
5 0.932250 0.531500 0.014000 0.019000
5 0.884000 0.615750 0.034000 0.019000
4 0.830500 0.686250 0.025000 0.026000
5 0.851750 0.700500 0.022000 0.007000
5 0.853500 0.688500 0.025000 0.009000
6 0.912250 0.656500 0.010000 0.015000
6 0.946750 0.654000 0.009000 0.016000
6 0.967000 0.651000 0.010000 0.018000
4 0.977000 0.649750 0.012000 0.018000
4 0.993500 0.651000 0.015000 0.018000
