6 2.390000 0.447000 0.011000 0.011000
6 2.490000 0.584000 0.017000 0.018000
6 2.564000 0.532000 0.020000 0.018000
4 2.672000 0.663000 0.010000 0.010000
6 2.309000 0.938000 0.009000 0.009000
6 2.786000 1.524000 0.023000 0.014000
5 2.122000 1.856000 0.025000 0.020000
4 3.121000 3.852000 0.021000 0.016000
4 3.097000 3.886000 0.023000 0.017000
4 3.069000 3.916000 0.020000 0.014000
4 2.829000 3.924000 0.022000 0.016000
4 2.873000 3.860000 0.021000 0.016000
6 2.920000 3.792000 0.024000 0.016000
4 2.949000 3.758000 0.020000 0.015000
6 3.698000 3.705000 0.017000 0.012000
4 3.465000 3.670000 0.018000 0.013000
6 3.477000 3.632000 0.019000 0.014000
6 3.500000 3.596000 0.020000 0.014000
6 3.529000 3.566000 0.022000 0.015000
6 3.563000 3.500000 0.022000 0.016000
4 3.571000 3.461000 0.022000 0.013000
4 2.680000 2.236000 0.012000 0.016000
4 2.714000 2.160000 0.011000 0.018000
6 2.629000 0.677000 0.019000 0.016000
4 2.232000 0.534000 0.016000 0.015000
4 2.462000 0.612000 0.019000 0.018000
4 2.791000 0.120000 0.019000 0.018000
6 2.752000 0.149000 0.016000 0.018000
6 2.036000 3.024000 0.020000 0.008000
4 1.942000 3.016000 0.021000 0.008000
4 1.834000 3.012000 0.023000 0.008000
6 1.744000 3.173000 0.020000 0.014000
4 1.637000 3.170000 0.018000 0.009000
4 1.496000 3.194000 0.020000 0.015000
6 1.466000 3.218000 0.025000 0.019000
4 1.428000 3.248000 0.022000 0.016000
6 1.390000 3.307000 0.023000 0.015000
6 1.743000 3.977000 0.021000 0.015000
4 1.634000 3.927000 0.021000 0.016000
6 1.904000 3.816000 0.020000 0.014000
6 1.806000 3.774000 0.021000 0.013000
4 1.636000 3.692000 0.018000 0.014000
4 1.410000 3.896000 0.019000 0.016000
5 1.145000 3.939000 0.025000 0.010000
6 1.401000 3.969000 0.022000 0.017000
6 1.404000 3.930000 0.020000 0.015000
4 1.434000 3.825000 0.023000 0.015000
4 1.214000 3.709000 0.021000 0.016000
4 0.846000 3.484000 0.021000 0.018000
6 0.769000 3.431000 0.018000 0.017000
4 0.798000 3.244000 0.019000 0.016000
6 0.699000 3.172000 0.018000 0.016000
9 0.315000 2.984000 0.153000 0.054000
6 0.085000 2.582000 0.017000 0.017000
6 0.276000 2.792000 0.016000 0.016000
4 0.226000 3.325000 0.017000 0.010000
4 0.228000 3.361000 0.020000 0.010000
4 0.214000 3.400000 0.025000 0.012000
4 0.221000 3.438000 0.024000 0.011000
4 0.221000 3.477000 0.022000 0.011000
6 0.226000 3.514000 0.021000 0.013000
4 0.230000 3.555000 0.023000 0.012000
4 0.216000 3.591000 0.020000 0.009000
4 0.228000 3.630000 0.022000 0.013000
4 0.212000 3.668000 0.022000 0.012000
4 0.210000 3.706000 0.023000 0.011000
4 0.214000 3.738000 0.021000 0.011000
6 0.224000 3.782000 0.020000 0.013000
6 0.230000 3.817000 0.021000 0.013000
4 0.226000 3.853000 0.021000 0.011000
4 0.221000 3.890000 0.022000 0.011000
6 0.218000 3.930000 0.023000 0.011000
4 0.217000 3.966000 0.021000 0.011000
4 0.074000 0.817000 0.019000 0.019000
6 0.040000 0.919000 0.020000 0.018000
4 0.168000 0.925000 0.020000 0.020000
4 0.224000 1.390000 0.020000 0.015000
4 1.620000 0.187000 0.020000 0.021000
4 2.026000 0.286000 0.021000 0.017000
4 2.163000 0.356000 0.019000 0.016000
4 2.329000 0.459000 0.021000 0.019000
4 2.436000 0.387000 0.022000 0.019000
4 2.474000 0.360000 0.021000 0.018000
4 2.598000 0.710000 0.021000 0.019000
4 2.554000 0.726000 0.021000 0.019000
4 2.829000 0.794000 0.019000 0.019000
4 2.758000 0.835000 0.019000 0.020000
4 2.718000 0.859000 0.019000 0.019000
4 2.686000 0.881000 0.019000 0.017000
4 2.630000 0.933000 0.019000 0.017000
6 2.590000 0.953000 0.019000 0.016000
4 2.366000 0.884000 0.019000 0.018000
6 2.527000 1.000000 0.018000 0.016000
4 2.120000 0.862000 0.022000 0.019000
4 2.159000 0.838000 0.022000 0.019000
4 2.190000 0.798000 0.023000 0.021000
4 2.227000 0.770000 0.023000 0.019000
4 2.100000 0.900000 0.020000 0.018000
6 1.965000 0.734000 0.019000 0.015000
6 1.934000 0.764000 0.023000 0.018000
6 1.876000 0.829000 0.024000 0.016000
5 1.763000 1.000000 0.032000 0.016000
5 1.887000 1.017000 0.032000 0.016000
6 1.902000 1.257000 0.025000 0.023000
6 2.052000 1.209000 0.020000 0.016000
6 2.024000 1.233000 0.022000 0.018000
6 2.002000 1.263000 0.023000 0.016000
6 1.982000 1.293000 0.025000 0.017000
4 1.940000 1.314000 0.020000 0.013000
4 1.924000 1.344000 0.020000 0.014000
4 2.284000 1.402000 0.022000 0.021000
6 1.903000 1.376000 0.024000 0.018000
4 2.186000 1.926000 0.023000 0.015000
4 2.062000 2.082000 0.023000 0.017000
6 2.027000 2.104000 0.021000 0.016000
4 1.997000 2.134000 0.024000 0.019000
6 1.972000 2.164000 0.024000 0.018000
6 1.942000 2.192000 0.023000 0.016000
4 1.910000 2.224000 0.023000 0.018000
4 1.878000 2.250000 0.023000 0.017000
4 1.829000 2.312000 0.023000 0.018000
6 1.628000 2.202000 0.020000 0.017000
4 1.658000 2.171000 0.023000 0.017000
4 1.688000 2.142000 0.020000 0.015000
4 1.742000 2.084000 0.023000 0.016000
6 2.878000 1.631000 0.017000 0.023000
4 3.057000 1.535000 0.020000 0.020000
4 3.260000 1.380000 0.024000 0.014000
6 3.228000 1.344000 0.024000 0.014000
6 2.677000 1.704000 0.020000 0.012000
4 2.727000 1.784000 0.020000 0.012000
6 2.760000 1.874000 0.016000 0.019000
4 2.723000 1.946000 0.015000 0.021000
4 2.754000 2.085000 0.013000 0.018000
4 2.528000 2.169000 0.022000 0.014000
4 2.826000 2.416000 0.023000 0.012000
5 2.318000 2.812000 0.017000 0.024000
4 2.676000 2.704000 0.026000 0.016000
4 2.698000 2.572000 0.021000 0.012000
6 2.947000 3.100000 0.021000 0.008000
6 2.780000 3.090000 0.022000 0.009000
6 2.689000 3.079000 0.020000 0.008000
6 2.584000 3.070000 0.022000 0.009000
6 2.714000 3.128000 0.025000 0.010000
6 2.950000 3.243000 0.021000 0.007000
4 2.953000 3.281000 0.025000 0.010000
6 2.938000 3.314000 0.019000 0.009000
6 2.921000 3.386000 0.016000 0.019000
4 2.889000 3.426000 0.016000 0.017000
4 2.842000 3.490000 0.013000 0.015000
4 2.814000 3.521000 0.011000 0.014000
4 2.980000 3.524000 0.022000 0.008000
6 3.174000 3.492000 0.023000 0.014000
6 3.230000 3.392000 0.021000 0.014000
4 3.252000 3.358000 0.022000 0.013000
4 3.209000 3.428000 0.021000 0.014000
6 3.191000 3.458000 0.018000 0.011000
6 2.580000 3.302000 0.018000 0.013000
6 2.571000 3.350000 0.020000 0.015000
4 2.538000 3.378000 0.019000 0.015000
5 2.510000 3.412000 0.025000 0.016000
4 2.483000 3.443000 0.022000 0.015000
6 2.474000 3.489000 0.021000 0.017000
