6 0.467500 0.659062 0.031667 0.008750
6 0.307500 0.649062 0.031667 0.010000
6 0.267917 0.648750 0.033333 0.010000
4 0.197500 0.643125 0.028333 0.011250
6 0.117083 0.640000 0.035000 0.010000
6 0.130000 0.603750 0.036667 0.010000
4 0.082500 0.602187 0.035000 0.011250
4 0.038750 0.598750 0.030000 0.010000
6 0.034167 0.635000 0.031667 0.010000
6 0.031667 0.619375 0.030000 0.008750
4 0.157083 0.088750 0.028333 0.010000
6 0.200000 0.092500 0.030000 0.010000
6 0.977500 0.300000 0.018333 0.020000
6 0.589167 0.278125 0.031667 0.008750
6 0.814167 0.418125 0.038333 0.008750
4 0.845833 0.444688 0.035000 0.008750
6 0.803333 0.561875 0.030000 0.008750
4 0.800833 0.600313 0.028333 0.010000
4 0.694583 0.599375 0.031667 0.008750
5 0.699167 0.573438 0.038333 0.010000
4 0.692083 0.558438 0.031667 0.010000
4 0.227500 0.547500 0.011667 0.017500
6 0.246667 0.548750 0.010000 0.020000
6 0.195417 0.571562 0.023333 0.023750
4 0.649583 0.917500 0.013333 0.020000
4 0.674167 0.920312 0.015000 0.021250
4 0.703750 0.921875 0.013333 0.018750
5 0.725833 0.977812 0.015000 0.025000
