19 3.890000 0.906667 0.045000 0.043333
19 3.430000 0.796667 0.038333 0.035000
13 3.333333 0.953333 0.080000 0.093333
19 3.085000 0.778333 0.046667 0.048333
19 2.758333 0.805000 0.045000 0.046667
19 2.633333 0.820000 0.050000 0.050000
19 2.026667 0.666667 0.043333 0.043333
19 2.171667 0.356667 0.045000 0.045000
19 2.358333 0.306667 0.043333 0.046667
19 2.576667 0.303333 0.065000 0.065000
19 2.826667 0.281667 0.060000 0.066667
19 3.023333 2.066667 0.065000 0.063333
19 2.753333 2.046667 0.040000 0.040000
19 2.630000 2.020000 0.031667 0.040000
19 0.645000 1.158333 0.096667 0.096667
33 0.721667 1.423333 0.175000 0.175000
19 0.410000 1.470000 0.085000 0.085000
19 0.553333 1.668333 0.073333 0.071667
19 0.181667 1.150000 0.080000 0.078333
