6 0.690000 0.013125 0.033333 0.026250
3 0.573750 0.115625 0.061667 0.028750
3 0.502500 0.131875 0.031667 0.031250
3 0.480833 0.125625 0.031667 0.036250
3 0.455417 0.120000 0.038333 0.037500
3 0.421667 0.114375 0.036667 0.038750
3 0.404583 0.024688 0.036667 0.038750
4 0.925000 0.019688 0.030000 0.018750
6 0.190833 0.661875 0.061667 0.011250
6 0.167083 0.618437 0.035000 0.011250
6 0.309583 0.621250 0.038333 0.012500
4 0.105833 0.622812 0.038333 0.013750
6 0.770833 0.874062 0.031667 0.012500
6 0.378750 0.894062 0.033333 0.010000
