4 0.797250 0.911500 0.017000 0.009000
6 0.799250 0.900250 0.018000 0.007000
4 0.822000 0.903500 0.016000 0.009000
5 0.814500 0.875500 0.013000 0.021000
4 0.927500 0.715750 0.007000 0.015000
4 0.913750 0.714500 0.008000 0.015000
4 0.078000 0.927500 0.016000 0.017000
4 0.066000 0.946000 0.014000 0.020000
4 0.042500 0.944000 0.011000 0.016000
6 0.055000 0.965750 0.014000 0.018000
6 0.033000 0.961000 0.014000 0.018000
6 0.012750 0.993250 0.016000 0.020000
4 0.259500 0.946250 0.019000 0.019000
4 0.261250 0.721000 0.020000 0.018000
4 0.253000 0.728000 0.018000 0.016000
4 0.242000 0.737500 0.018000 0.015000
4 0.229500 0.744250 0.017000 0.015000
6 0.221750 0.754750 0.019000 0.015000
4 0.213500 0.764750 0.019000 0.016000
4 0.202250 0.773500 0.014000 0.013000
6 0.194250 0.781750 0.020000 0.015000
5 0.217500 0.793000 0.025000 0.020000
6 0.228000 0.782000 0.018000 0.016000
4 0.237250 0.775000 0.018000 0.014000
5 0.244000 0.766000 0.020000 0.018000
4 0.255250 0.757250 0.018000 0.015000
6 0.265000 0.749750 0.020000 0.016000
6 0.274750 0.741000 0.018000 0.016000
6 0.283500 0.731000 0.019000 0.016000
6 0.271000 0.824250 0.020000 0.016000
6 0.278500 0.816250 0.021000 0.017000
6 0.285000 0.808500 0.018000 0.015000
6 0.290500 0.798250 0.019000 0.014000
6 0.299000 0.790000 0.020000 0.016000
4 0.308000 0.778500 0.016000 0.013000
6 0.317000 0.768500 0.018000 0.015000
4 0.323500 0.758500 0.017000 0.015000
6 0.330500 0.751750 0.017000 0.015000
4 0.341250 0.740500 0.018000 0.015000
6 0.305750 0.851250 0.019000 0.016000
6 0.312000 0.843500 0.018000 0.013000
4 0.317500 0.835750 0.017000 0.014000
6 0.326250 0.828000 0.017000 0.014000
6 0.331000 0.819500 0.020000 0.015000
4 0.336500 0.812000 0.019000 0.016000
4 0.342500 0.804250 0.017000 0.014000
6 0.351500 0.799500 0.015000 0.013000
6 0.358000 0.792000 0.016000 0.014000
6 0.363500 0.783250 0.017000 0.015000
4 0.371500 0.775750 0.019000 0.014000
4 0.378750 0.768750 0.017000 0.013000
6 0.396000 0.759750 0.018000 0.015000
6 0.403000 0.752000 0.016000 0.014000
4 0.410500 0.741500 0.015000 0.013000
4 0.419750 0.735000 0.021000 0.018000
6 0.428000 0.727500 0.018000 0.015000
5 0.436250 0.722000 0.023000 0.018000
5 0.760000 0.473500 0.024000 0.017000
5 0.637250 0.466000 0.024000 0.022000
6 0.530000 0.373500 0.022000 0.019000
6 0.463750 0.367000 0.023000 0.020000
4 0.431250 0.368000 0.020000 0.018000
6 0.418000 0.382000 0.022000 0.020000
6 0.401250 0.393250 0.020000 0.017000
4 0.378750 0.413250 0.019000 0.016000
4 0.397750 0.426750 0.023000 0.020000
4 0.292000 0.425250 0.020000 0.018000
5 0.304250 0.415000 0.022000 0.020000
6 0.337000 0.389750 0.020000 0.017000
6 0.358500 0.369500 0.017000 0.015000
4 0.366000 0.363500 0.020000 0.017000
4 0.374500 0.358250 0.021000 0.019000
5 0.380000 0.350500 0.022000 0.019000
6 0.332500 0.364000 0.017000 0.016000
6 0.310250 0.384250 0.019000 0.016000
6 0.299750 0.389000 0.019000 0.016000
4 0.294250 0.397000 0.017000 0.016000
4 0.284750 0.402500 0.019000 0.017000
6 0.220500 0.401250 0.017000 0.016000
6 0.231000 0.392000 0.016000 0.016000
4 0.240500 0.387250 0.019000 0.016000
6 0.245000 0.376750 0.018000 0.015000
6 0.272000 0.352500 0.022000 0.019000
6 0.302000 0.326000 0.020000 0.018000
6 0.312000 0.319500 0.020000 0.017000
4 0.293000 0.307250 0.020000 0.018000
4 0.247750 0.345500 0.017000 0.015000
4 0.241000 0.352500 0.020000 0.017000
4 0.227000 0.365250 0.020000 0.017000
6 0.210750 0.379500 0.021000 0.017000
4 0.203500 0.386000 0.019000 0.018000
4 0.193750 0.393500 0.019000 0.017000
4 0.187250 0.402000 0.019000 0.016000
5 0.139500 0.378000 0.019000 0.016000
5 0.164500 0.359000 0.023000 0.020000
4 0.158500 0.331000 0.017000 0.016000
4 0.196500 0.325000 0.017000 0.016000
4 0.212000 0.312000 0.016000 0.016000
6 0.245000 0.288250 0.018000 0.015000
6 0.258000 0.273000 0.020000 0.016000
4 0.275000 0.258000 0.018000 0.016000
6 0.250000 0.255500 0.024000 0.021000
4 0.224250 0.272000 0.018000 0.016000
4 0.202500 0.293500 0.019000 0.017000
6 0.112250 0.311250 0.020000 0.018000
5 0.114000 0.277500 0.022000 0.019000
4 0.146500 0.276750 0.019000 0.018000
4 0.168000 0.256750 0.020000 0.018000
4 0.190750 0.239000 0.019000 0.016000
5 0.204750 0.225500 0.023000 0.021000
6 0.195500 0.206000 0.021000 0.018000
5 0.155500 0.176500 0.025000 0.023000
6 0.125000 0.177750 0.018000 0.016000
6 0.285000 0.226500 0.024000 0.023000
4 0.377500 0.250500 0.021000 0.015000
4 0.374000 0.265500 0.012000 0.017000
5 0.372000 0.300750 0.022000 0.017000
4 0.685250 0.143000 0.020000 0.008000
5 0.870000 0.075250 0.016000 0.022000
5 0.739500 0.027500 0.023000 0.021000
19 0.575000 0.261750 0.086000 0.066000
