32 0.836000 3.130000 0.188000 0.159000
4 0.502000 1.768000 0.017000 0.016000
4 1.264000 1.250000 0.022000 0.019000
3 1.782000 0.964000 0.079000 0.062000
4 1.892000 1.021000 0.018000 0.015000
32 2.795000 2.038000 0.240000 0.215000
6 3.676000 0.768000 0.026000 0.010000
4 3.670000 0.720000 0.021000 0.006000
5 3.628000 0.682000 0.024000 0.007000
4 3.604000 0.642000 0.020000 0.005000
6 3.600000 0.602000 0.022000 0.007000
6 3.624000 0.552000 0.024000 0.006000
4 3.254000 0.425000 0.009000 0.016000
4 3.208000 0.438000 0.010000 0.017000
4 3.156000 0.430000 0.010000 0.017000
6 3.075000 0.457000 0.019000 0.019000
4 3.049000 0.482000 0.018000 0.015000
6 2.942000 0.556000 0.017000 0.016000
4 2.044000 0.767000 0.020000 0.016000
3 2.382000 0.480000 0.037000 0.028000
4 2.706000 0.354000 0.017000 0.015000
4 3.039000 0.052000 0.019000 0.018000
6 0.169000 3.260000 0.014000 0.020000
