4 1.055000 1.340000 0.033333 0.015000
6 1.090000 1.300000 0.031667 0.015000
4 0.973333 1.415000 0.033333 0.015000
6 0.573333 1.840000 0.026667 0.022500
4 0.288333 1.922500 0.021667 0.021250
4 0.203333 1.936250 0.021667 0.022500
6 0.123333 1.945000 0.021667 0.022500
4 0.103333 0.552500 0.025000 0.023750
6 0.176667 0.342500 0.028333 0.023750
4 0.091667 0.325000 0.026667 0.022500
4 0.103333 0.200000 0.025000 0.022500
4 1.886667 0.106250 0.026667 0.025000
4 1.813333 0.115000 0.023333 0.020000
6 1.740000 0.138750 0.026667 0.027500
4 1.660000 0.152500 0.023333 0.023750
4 1.585000 0.162500 0.021667 0.018750
6 1.441667 0.187500 0.023333 0.021250
4 1.363333 0.207500 0.021667 0.018750
6 1.283333 0.218750 0.025000 0.025000
4 1.216667 0.230000 0.021667 0.020000
4 1.150000 0.257500 0.025000 0.023750
4 1.713333 0.362500 0.033333 0.013750
4 1.863333 0.327500 0.038333 0.016250
4 2.660000 0.086250 0.036667 0.016250
4 2.950000 0.235000 0.035000 0.015000
4 2.900000 0.195000 0.036667 0.015000
6 2.880000 0.155000 0.030000 0.015000
4 3.130000 0.580000 0.028333 0.015000
6 2.503333 0.666250 0.031667 0.013750
4 3.030000 0.445000 0.031667 0.015000
6 2.956667 0.285000 0.038333 0.017500
4 1.353333 0.891250 0.036667 0.012500
4 2.373333 0.462500 0.036667 0.016250
6 2.593333 0.555000 0.036667 0.015000
6 2.573333 0.510000 0.040000 0.015000
4 2.503333 0.392500 0.035000 0.013750
4 2.475000 0.346250 0.038333 0.012500
4 2.436667 0.311250 0.031667 0.012500
6 2.393333 0.230000 0.040000 0.017500
4 2.260000 0.301250 0.033333 0.012500
4 2.288333 0.343750 0.031667 0.013750
4 1.833333 0.526250 0.036667 0.016250
4 2.635000 0.600000 0.036667 0.015000
4 1.716667 0.407500 0.035000 0.013750
4 2.400000 0.547500 0.040000 0.013750
6 1.996667 0.537500 0.038333 0.016250
4 1.890000 0.670000 0.038333 0.015000
6 2.096667 0.700000 0.035000 0.015000
6 2.130000 0.745000 0.031667 0.012500
4 1.983333 1.502500 0.038333 0.016250
6 3.880000 3.200000 0.036667 0.017500
4 3.243333 3.040000 0.031667 0.022500
6 3.100000 3.175000 0.033333 0.015000
5 2.508333 2.320000 0.035000 0.015000
6 2.526667 2.360000 0.033333 0.015000
4 2.646667 2.517500 0.036667 0.016250
4 2.723333 2.645000 0.035000 0.015000
4 2.788333 2.722500 0.033333 0.013750
4 2.813333 2.762500 0.033333 0.013750
4 2.866667 2.848750 0.036667 0.015000
4 2.903333 2.892500 0.035000 0.016250
5 3.831667 2.620000 0.041667 0.017500
5 3.706667 2.521250 0.043333 0.017500
6 3.856667 2.661250 0.041667 0.017500
6 3.910000 2.742500 0.021667 0.021250
4 3.850000 2.766250 0.025000 0.022500
4 1.350000 0.798750 0.031667 0.008750
4 1.266667 1.065000 0.030000 0.015000
4 1.025000 1.382500 0.040000 0.018750
6 0.028333 3.970000 0.015000 0.015000
4 2.795000 1.905000 0.021667 0.022500
6 2.073333 0.947500 0.023333 0.023750
