2 0.147875 0.024750 0.071000 0.062500
2 0.237625 0.094000 0.100000 0.088000
2 0.351500 0.189000 0.123000 0.109000
2 0.493875 0.308625 0.155000 0.135500
24 0.579625 0.541750 0.015000 0.026500
24 0.551250 0.590875 0.021500 0.013000
24 0.530750 0.664000 0.014500 0.025000
22 0.900625 0.064125 0.029000 0.033000
22 0.940875 0.108500 0.043500 0.052000
22 0.956500 0.127500 0.049000 0.059000
2 0.248000 0.623875 0.130000 0.064000
2 0.105375 0.571250 0.121000 0.059500
2 0.262000 0.816000 0.147000 0.056000
24 0.219500 0.789375 0.020000 0.012500
24 0.338250 0.820500 0.020500 0.008000
24 0.386375 0.853750 0.024500 0.012500
7 0.645125 0.944875 0.046000 0.019000
