5 1.460000 2.371000 0.028000 0.014000
4 0.157000 3.930000 0.027000 0.013000
6 0.220000 3.779000 0.020000 0.010000
6 2.084000 0.115000 0.026000 0.013000
6 3.782000 3.260000 0.025000 0.016000
6 3.948000 2.038000 0.020000 0.019000
4 3.840000 2.212000 0.024000 0.022000
5 3.706000 2.133000 0.023000 0.021000
4 0.988000 2.727000 0.024000 0.009000
4 1.346000 2.286000 0.025000 0.013000
4 0.801000 2.299000 0.023000 0.011000
6 0.604000 2.260000 0.024000 0.014000
4 0.873000 1.837000 0.024000 0.011000
6 0.794000 1.556000 0.023000 0.014000
6 1.044000 1.124000 0.026000 0.014000
4 0.307000 0.538000 0.024000 0.013000
5 0.052000 0.341000 0.018000 0.025000
6 0.076000 0.259000 0.014000 0.019000
4 0.436000 0.104000 0.024000 0.014000
4 0.799000 3.106000 0.014000 0.005000
6 0.889000 3.122000 0.012000 0.007000
