12 3.136000 0.168000 0.066000 0.068000
29 2.783000 0.423000 0.119000 0.123000
13 2.454000 0.584000 0.067000 0.070000
12 1.642000 1.164000 0.063000 0.064000
29 1.286000 1.386000 0.117000 0.123000
17 0.980000 1.633000 0.058000 0.059000
13 0.329000 2.024000 0.066000 0.070000
17 0.118000 2.255000 0.059000 0.059000
19 0.291000 2.642000 0.061000 0.061000
19 0.454000 2.873000 0.059000 0.063000
20 1.329000 2.329000 0.106000 0.107000
20 1.680000 2.086000 0.100000 0.101000
34 1.982000 1.893000 0.117000 0.120000
13 2.655000 1.937000 0.070000 0.066000
20 3.167000 1.090000 0.107000 0.107000
12 3.712000 1.242000 0.064000 0.063000
17 3.830000 0.646000 0.063000 0.063000
34 0.503000 3.362000 0.119000 0.113000
12 1.494000 2.724000 0.065000 0.064000
33 2.692000 2.459000 0.108000 0.107000
17 1.449000 3.874000 0.064000 0.063000
