6 0.120750 0.158000 0.010000 0.016000
6 0.009500 0.164500 0.009000 0.017000
6 0.188000 0.232250 0.018000 0.006000
6 0.171500 0.267750 0.007000 0.013000
6 0.157250 0.266000 0.008000 0.014000
6 0.233000 0.289500 0.018000 0.007000
4 0.107500 0.338500 0.009000 0.017000
6 0.098500 0.408500 0.007000 0.013000
4 0.248250 0.513500 0.007000 0.011000
4 0.106500 0.458000 0.011000 0.020000
4 0.094500 0.459250 0.009000 0.016000
4 0.083750 0.458500 0.008000 0.017000
4 0.071500 0.458500 0.009000 0.017000
4 0.011000 0.512250 0.010000 0.007000
4 0.011000 0.583000 0.022000 0.006000
6 0.584250 0.676250 0.015000 0.021000
6 0.514000 0.695250 0.010000 0.017000
4 0.504500 0.698000 0.007000 0.018000
6 0.422000 0.811000 0.022000 0.008000
6 0.424500 0.794250 0.021000 0.008000
4 0.429000 0.960000 0.020000 0.006000
4 0.151750 0.004250 0.013000 0.011000
6 0.178250 0.004250 0.013000 0.010000
4 0.203250 0.004250 0.015000 0.011000
9 0.294500 0.218500 0.051000 0.035000
6 0.385750 0.161500 0.007000 0.015000
4 0.399500 0.135000 0.007000 0.014000
6 0.468500 0.164500 0.017000 0.009000
4 0.484500 0.088500 0.023000 0.007000
6 0.486500 0.052000 0.021000 0.008000
6 0.441000 0.033750 0.016000 0.011000
4 0.490500 0.043000 0.019000 0.006000
4 0.488000 0.027250 0.018000 0.008000
4 0.556250 0.093250 0.008000 0.016000
6 0.570250 0.090750 0.007000 0.013000
4 0.539000 0.036500 0.014000 0.005000
4 0.792000 0.962500 0.014000 0.015000
3 0.725000 0.835500 0.012000 0.029000
25 0.725750 0.798750 0.011000 0.020000
10 0.724500 0.774500 0.011000 0.021000
31 0.723000 0.735500 0.012000 0.031000
25 0.722250 0.708500 0.012000 0.015000
6 0.632000 0.779750 0.020000 0.007000
25 0.874000 0.507000 0.024000 0.008000
9 0.729500 0.555750 0.059000 0.063000
6 0.863500 0.478250 0.017000 0.006000
4 0.863250 0.452250 0.020000 0.007000
6 0.863000 0.443750 0.020000 0.006000
4 0.862500 0.426000 0.019000 0.006000
6 0.860500 0.409250 0.021000 0.007000
6 0.861000 0.399500 0.020000 0.007000
6 0.806500 0.386000 0.019000 0.006000
10 0.480750 0.451500 0.045000 0.011000
25 0.488250 0.439750 0.034000 0.011000
10 0.603500 0.423750 0.049000 0.025000
6 0.774750 0.284000 0.018000 0.006000
4 0.881500 0.146000 0.029000 0.012000
