6 0.180625 0.487917 0.031250 0.013333
4 0.104375 0.228750 0.016250 0.031667
6 0.090000 0.228333 0.015000 0.033333
6 0.070000 0.226667 0.020000 0.036667
6 0.040313 0.224583 0.017500 0.031667
4 0.008438 0.226667 0.013750 0.030000
4 0.096562 0.525833 0.031250 0.015000
4 0.098125 0.493750 0.028750 0.015000
4 0.095625 0.467083 0.028750 0.015000
4 0.099375 0.434167 0.033750 0.018333
4 0.096875 0.417083 0.026250 0.016667
4 0.093750 0.371667 0.025000 0.016667
6 0.094062 0.356667 0.027500 0.016667
4 0.098125 0.328333 0.028750 0.016667
4 0.175937 0.349583 0.026250 0.013333
6 0.174375 0.363333 0.028750 0.013333
6 0.175000 0.380417 0.025000 0.013333
5 0.175625 0.410833 0.026250 0.015000
4 0.050000 0.555417 0.025000 0.016667
4 0.048750 0.525833 0.025000 0.015000
6 0.052187 0.496667 0.031250 0.013333
4 0.050000 0.481667 0.030000 0.016667
5 0.176563 0.473750 0.031250 0.013333
6 0.180312 0.569167 0.027500 0.015000
6 0.004375 0.657083 0.010000 0.031667
6 0.018750 0.658333 0.015000 0.030000
4 0.080625 0.974583 0.013750 0.035000
4 0.064375 0.942083 0.018750 0.035000
4 0.033125 0.937500 0.018750 0.045000
21 0.875183 0.710124 0.251472 0.581172
