9 0.230000 0.519000 0.041000 0.042000
9 1.020000 0.262000 0.054000 0.057000
30 1.178000 0.064000 0.041000 0.024000
11 0.256000 1.518000 0.018000 0.013000
5 0.648000 1.301000 0.018000 0.024000
5 0.119000 1.406000 0.018000 0.023000
5 0.058000 1.418000 0.017000 0.019000
3 1.314000 1.168000 0.051000 0.030000
3 2.101000 0.674000 0.026000 0.035000
5 3.907000 0.040000 0.017000 0.020000
6 2.621000 1.582000 0.016000 0.011000
5 1.662000 1.233000 0.019000 0.028000
11 1.798000 1.283000 0.025000 0.036000
30 1.810000 1.178000 0.037000 0.057000
30 2.029000 1.136000 0.034000 0.052000
6 2.050000 1.087000 0.011000 0.016000
6 2.096000 1.172000 0.014000 0.018000
11 0.819000 2.895000 0.028000 0.020000
11 0.080000 1.772000 0.014000 0.018000
5 0.339000 1.955000 0.026000 0.039000
5 0.318000 1.798000 0.025000 0.037000
5 0.447000 1.925000 0.025000 0.037000
5 0.520000 1.849000 0.026000 0.037000
5 0.520000 1.716000 0.024000 0.036000
5 0.579000 1.844000 0.023000 0.034000
31 0.625000 1.812000 0.019000 0.026000
5 0.669000 1.552000 0.020000 0.024000
3 0.861000 1.487000 0.030000 0.044000
5 1.249000 1.400000 0.015000 0.020000
5 0.685000 1.637000 0.022000 0.013000
5 0.747000 1.577000 0.024000 0.034000
16 0.294000 3.322000 0.027000 0.041000
6 1.700000 2.553000 0.022000 0.014000
6 2.253000 2.387000 0.016000 0.019000
6 2.282000 2.301000 0.021000 0.013000
4 2.351000 2.268000 0.018000 0.012000
5 2.642000 2.138000 0.027000 0.017000
4 2.513000 2.199000 0.020000 0.013000
6 2.429000 2.234000 0.016000 0.011000
6 2.098000 2.382000 0.015000 0.011000
6 2.021000 2.414000 0.020000 0.013000
4 1.788000 2.516000 0.020000 0.014000
5 1.886000 2.470000 0.021000 0.015000
6 1.601000 2.600000 0.021000 0.014000
6 1.316000 2.577000 0.028000 0.018000
30 3.003000 2.220000 0.035000 0.048000
