19 0.277187 0.431667 0.031250 0.046667
19 0.252500 0.511667 0.042500 0.056667
19 0.196250 0.610833 0.060000 0.081667
19 0.338750 0.565000 0.035000 0.050000
19 0.361250 0.522500 0.035000 0.048333
19 0.377188 0.487500 0.031250 0.045000
19 0.392500 0.435833 0.037500 0.055000
19 0.421250 0.373333 0.042500 0.056667
19 0.407187 0.404167 0.022500 0.035000
19 0.477500 0.267500 0.020000 0.031667
19 0.594063 0.176667 0.046250 0.063333
19 0.550625 0.289167 0.043750 0.061667
19 0.534687 0.338333 0.035000 0.043333
19 0.513125 0.387500 0.038750 0.055000
19 0.458437 0.534583 0.032500 0.056667
19 0.636250 0.540000 0.055000 0.073333
19 0.728750 0.296667 0.042500 0.056667
19 0.563125 0.737917 0.063750 0.085000
