6 0.928500 0.170000 0.019000 0.010000
4 0.855500 0.099500 0.009000 0.017000
4 0.868500 0.044500 0.009000 0.017000
4 0.379500 0.399750 0.015000 0.011000
4 0.399750 0.368500 0.018000 0.011000
4 0.254500 0.237000 0.013000 0.018000
6 0.249250 0.209500 0.017000 0.021000
4 0.217750 0.213500 0.009000 0.015000
6 0.226000 0.196750 0.018000 0.020000
4 0.402000 0.234000 0.016000 0.016000
6 0.474750 0.295000 0.020000 0.014000
4 0.552000 0.317500 0.016000 0.009000
4 0.572500 0.322750 0.019000 0.010000
4 0.592500 0.327250 0.017000 0.010000
4 0.612000 0.332000 0.018000 0.010000
4 0.638000 0.338750 0.020000 0.012000
5 0.683500 0.358000 0.023000 0.018000
4 0.703500 0.366500 0.019000 0.009000
6 0.673750 0.287750 0.021000 0.015000
6 0.714000 0.314250 0.018000 0.019000
6 0.781250 0.806250 0.019000 0.013000
4 0.263000 0.861250 0.022000 0.020000
3 0.130750 0.833250 0.038000 0.013000
6 0.012250 0.876500 0.014000 0.015000
4 0.246250 0.987750 0.017000 0.014000
4 0.266250 0.978000 0.015000 0.012000
6 0.275750 0.988000 0.016000 0.012000
6 0.296750 0.979250 0.016000 0.010000
4 0.303000 0.963500 0.015000 0.009000
6 0.324750 0.969500 0.016000 0.011000
6 0.343000 0.964000 0.016000 0.010000
6 0.333250 0.955000 0.015000 0.010000
4 0.377750 0.957000 0.019000 0.010000
4 0.422750 0.953500 0.021000 0.007000
6 0.443500 0.939500 0.015000 0.007000
4 0.459500 0.951000 0.017000 0.006000
4 0.514000 0.955500 0.018000 0.011000
6 0.539000 0.948000 0.018000 0.010000
4 0.591750 0.977000 0.020000 0.014000
4 0.592000 0.963500 0.018000 0.013000
6 0.647250 0.988500 0.020000 0.013000
