14 1.383000 2.127000 0.048000 0.080000
14 1.129000 2.125000 0.048000 0.080000
6 3.555000 1.304000 0.009000 0.016000
6 3.412000 1.389000 0.020000 0.007000
6 3.400000 1.420000 0.020000 0.006000
6 3.132000 0.080000 0.022000 0.008000
4 2.962000 0.262000 0.009000 0.021000
4 2.389000 0.179000 0.011000 0.017000
6 1.580000 0.099000 0.020000 0.007000
6 1.492000 0.104000 0.020000 0.006000
4 1.680000 0.258000 0.008000 0.017000
4 0.062000 0.023000 0.023000 0.008000
4 0.958000 0.111000 0.023000 0.008000
4 1.088000 0.250000 0.010000 0.017000
4 0.820000 0.811000 0.022000 0.007000
6 0.814000 1.349000 0.011000 0.015000
4 0.196000 1.945000 0.020000 0.008000
4 0.804000 1.716000 0.022000 0.006000
4 0.096000 1.518000 0.008000 0.021000
4 0.049000 1.528000 0.010000 0.022000
4 0.106000 1.722000 0.009000 0.017000
6 0.154000 1.718000 0.007000 0.015000
4 0.194000 1.717000 0.009000 0.017000
