4 0.993500 0.105750 0.013000 0.009000
9 0.883500 0.097500 0.061000 0.063000
4 0.880000 0.075500 0.014000 0.017000
4 0.830250 0.232750 0.014000 0.020000
4 0.958000 0.464500 0.024000 0.011000
6 0.971250 0.441000 0.025000 0.014000
6 0.942250 0.434750 0.023000 0.012000
6 0.910750 0.455000 0.020000 0.008000
9 0.775500 0.414250 0.065000 0.061000
4 0.810250 0.420500 0.024000 0.013000
6 0.732000 0.511000 0.012000 0.018000
5 0.731500 0.575000 0.015000 0.018000
4 0.661500 0.673000 0.015000 0.020000
5 0.911250 0.985000 0.026000 0.012000
4 0.844000 0.976000 0.024000 0.010000
4 0.833500 0.820500 0.019000 0.009000
3 0.788250 0.904000 0.027000 0.016000
9 0.534000 0.958500 0.070000 0.085000
4 0.337750 0.990750 0.011000 0.019000
6 0.327000 0.990250 0.010000 0.017000
6 0.554000 0.900750 0.016000 0.021000
6 0.007250 0.870000 0.015000 0.010000
6 0.075750 0.837500 0.015000 0.021000
4 0.105250 0.843250 0.012000 0.017000
5 0.113250 0.822500 0.012000 0.019000
4 0.119000 0.802500 0.012000 0.019000
6 0.082250 0.724750 0.021000 0.010000
9 0.168500 0.610250 0.061000 0.064000
6 0.082500 0.614000 0.021000 0.010000
6 0.028250 0.603000 0.024000 0.012000
4 0.066000 0.580000 0.020000 0.012000
6 0.170000 0.299000 0.024000 0.012000
6 0.136250 0.295000 0.020000 0.010000
4 0.111750 0.290500 0.021000 0.011000
6 0.076000 0.283500 0.022000 0.011000
6 0.054000 0.278750 0.022000 0.012000
4 0.010750 0.748000 0.012000 0.018000
4 0.549750 0.042500 0.022000 0.011000
6 0.456250 0.022500 0.021000 0.011000
6 0.568250 0.152500 0.015000 0.019000
6 0.583000 0.154500 0.014000 0.021000
4 0.575750 0.174000 0.013000 0.020000
6 0.604500 0.190500 0.021000 0.011000
