4 2.868333 0.163750 0.023333 0.025000
4 3.720000 1.322500 0.040000 0.013750
6 3.808333 1.205000 0.041667 0.017500
6 3.615000 1.173750 0.038333 0.015000
6 3.405000 1.275000 0.033333 0.010000
9 2.503333 1.071250 0.108333 0.076250
4 2.735000 1.102500 0.040000 0.016250
6 2.213333 1.555000 0.020000 0.022500
5 2.210000 1.875000 0.025000 0.022500
4 1.743333 2.365000 0.025000 0.025000
5 3.408333 3.925000 0.043333 0.015000
4 2.960000 3.880000 0.040000 0.012500
4 2.890000 3.102500 0.031667 0.011250
3 2.588333 3.520000 0.045000 0.020000
6 1.026667 3.503750 0.026667 0.026250
