4 0.815000 1.106000 0.018000 0.007000
4 1.421000 1.217000 0.017000 0.020000
6 1.371000 1.217000 0.016000 0.017000
6 1.317000 1.215000 0.015000 0.017000
6 1.262000 1.216000 0.018000 0.020000
6 1.215000 1.213000 0.016000 0.018000
4 1.170000 1.218000 0.015000 0.017000
6 1.124000 1.221000 0.016000 0.018000
4 1.071000 1.215000 0.014000 0.018000
6 1.028000 1.218000 0.014000 0.015000
4 0.972000 1.214000 0.016000 0.017000
6 0.874000 1.222000 0.017000 0.019000
6 0.826000 1.218000 0.015000 0.015000
4 0.771000 1.213000 0.018000 0.021000
6 0.670000 1.216000 0.015000 0.014000
6 0.615000 1.209000 0.018000 0.019000
5 0.568000 1.212000 0.020000 0.022000
4 0.515000 1.212000 0.016000 0.018000
4 0.469000 1.212000 0.019000 0.020000
5 0.418000 1.218000 0.023000 0.023000
6 0.318000 1.216000 0.017000 0.018000
6 0.147000 1.222000 0.019000 0.019000
6 0.148000 1.268000 0.018000 0.018000
4 0.141000 1.319000 0.016000 0.016000
6 0.137000 1.364000 0.017000 0.018000
6 0.286000 1.398000 0.009000 0.015000
6 0.479000 1.364000 0.017000 0.020000
4 0.526000 1.366000 0.017000 0.019000
4 0.574000 1.374000 0.017000 0.019000
6 0.632000 1.363000 0.014000 0.015000
6 0.676000 1.373000 0.016000 0.018000
6 0.725000 1.373000 0.019000 0.021000
6 0.776000 1.366000 0.016000 0.019000
6 0.883000 1.367000 0.012000 0.012000
6 0.928000 1.374000 0.018000 0.019000
4 0.974000 1.372000 0.017000 0.020000
6 1.068000 1.378000 0.016000 0.019000
4 1.128000 1.357000 0.014000 0.015000
4 1.216000 1.372000 0.018000 0.020000
4 1.264000 1.370000 0.017000 0.019000
6 1.311000 1.375000 0.019000 0.021000
4 0.462000 1.454000 0.017000 0.019000
4 0.518000 1.444000 0.017000 0.018000
4 0.566000 1.458000 0.017000 0.019000
6 0.616000 1.452000 0.018000 0.020000
6 0.666000 1.451000 0.016000 0.017000
6 0.714000 1.454000 0.017000 0.019000
4 0.760000 1.458000 0.018000 0.019000
6 0.814000 1.462000 0.017000 0.019000
6 0.863000 1.460000 0.015000 0.014000
6 0.913000 1.462000 0.016000 0.017000
4 0.967000 1.458000 0.017000 0.019000
4 1.013000 1.460000 0.018000 0.020000
4 1.055000 1.466000 0.016000 0.019000
4 1.115000 1.454000 0.015000 0.017000
6 1.161000 1.454000 0.016000 0.019000
4 1.209000 1.452000 0.017000 0.020000
6 1.261000 1.446000 0.017000 0.019000
4 1.308000 1.452000 0.018000 0.022000
4 1.006000 0.195000 0.011000 0.019000
6 0.965000 0.412000 0.011000 0.020000
31 0.972000 0.506000 0.018000 0.017000
4 1.114000 0.620000 0.013000 0.006000
4 1.110000 0.671000 0.011000 0.007000
6 1.462000 0.301000 0.011000 0.017000
4 1.466000 0.407000 0.017000 0.007000
4 1.470000 0.483000 0.019000 0.008000
4 1.344000 0.714000 0.024000 0.011000
6 1.668000 0.684000 0.008000 0.016000
6 2.181000 0.334000 0.019000 0.027000
6 2.607000 0.047000 0.011000 0.018000
6 3.484000 0.058000 0.010000 0.017000
5 3.446000 0.282000 0.021000 0.009000
4 3.454000 0.361000 0.021000 0.007000
4 3.042000 0.290000 0.025000 0.021000
4 3.048000 0.641000 0.022000 0.021000
6 3.060000 0.772000 0.008000 0.012000
6 3.102000 0.770000 0.008000 0.011000
6 3.091000 0.724000 0.013000 0.012000
6 3.144000 0.702000 0.008000 0.011000
6 3.142000 0.759000 0.012000 0.012000
4 3.447000 0.766000 0.018000 0.007000
6 1.610000 1.317000 0.009000 0.017000
6 1.611000 1.397000 0.010000 0.017000
6 1.764000 1.614000 0.010000 0.017000
6 1.654000 1.757000 0.009000 0.018000
6 2.604000 1.117000 0.020000 0.010000
4 2.698000 1.279000 0.019000 0.007000
6 2.940000 1.205000 0.020000 0.008000
4 2.932000 1.286000 0.022000 0.007000
4 2.944000 1.505000 0.020000 0.008000
5 3.037000 1.491000 0.010000 0.021000
6 3.274000 1.351000 0.011000 0.017000
6 3.277000 1.426000 0.010000 0.017000
9 3.323000 0.985000 0.095000 0.079000
6 3.295000 0.984000 0.020000 0.020000
6 3.854000 1.382000 0.013000 0.013000
6 3.676000 1.222000 0.018000 0.017000
4 3.554000 1.225000 0.017000 0.016000
6 3.536000 1.426000 0.016000 0.015000
4 3.545000 1.522000 0.017000 0.015000
4 3.530000 1.488000 0.019000 0.018000
4 3.268000 1.840000 0.008000 0.016000
4 3.267000 1.922000 0.010000 0.017000
6 3.406000 1.802000 0.009000 0.015000
4 3.406000 1.888000 0.009000 0.016000
4 3.404000 2.034000 0.010000 0.019000
4 3.782000 2.170000 0.019000 0.019000
4 3.848000 2.168000 0.018000 0.018000
4 3.902000 2.341000 0.021000 0.018000
6 3.840000 2.338000 0.018000 0.017000
6 3.777000 2.344000 0.019000 0.018000
6 3.714000 2.342000 0.019000 0.019000
4 3.656000 2.343000 0.018000 0.018000
4 3.600000 2.344000 0.018000 0.018000
9 3.353000 2.276000 0.065000 0.070000
4 2.791000 2.338000 0.017000 0.017000
4 2.846000 2.332000 0.019000 0.018000
4 2.913000 2.340000 0.020000 0.018000
6 2.966000 2.326000 0.019000 0.019000
6 2.979000 2.186000 0.012000 0.013000
5 2.927000 2.176000 0.027000 0.026000
4 2.803000 2.177000 0.025000 0.022000
6 2.880000 2.164000 0.018000 0.018000
6 3.398000 2.668000 0.009000 0.018000
6 3.255000 2.612000 0.010000 0.016000
6 3.257000 2.799000 0.010000 0.017000
4 2.174000 2.158000 0.018000 0.017000
4 2.228000 2.169000 0.020000 0.018000
4 2.294000 2.166000 0.018000 0.017000
4 2.359000 2.165000 0.017000 0.017000
6 2.413000 2.171000 0.011000 0.011000
4 2.396000 2.330000 0.018000 0.017000
6 2.340000 2.329000 0.020000 0.020000
4 2.272000 2.330000 0.022000 0.021000
6 2.209000 2.332000 0.021000 0.020000
9 1.697000 2.245000 0.054000 0.056000
6 0.042000 1.760000 0.020000 0.020000
4 0.045000 1.816000 0.021000 0.020000
4 0.035000 1.870000 0.018000 0.017000
6 0.041000 1.918000 0.019000 0.017000
4 0.037000 1.970000 0.021000 0.019000
6 1.132000 2.327000 0.018000 0.017000
6 1.192000 2.329000 0.024000 0.022000
4 1.263000 2.327000 0.016000 0.018000
6 1.324000 2.331000 0.020000 0.019000
4 1.389000 2.331000 0.018000 0.019000
6 1.450000 2.325000 0.019000 0.018000
5 1.514000 2.267000 0.019000 0.008000
4 1.172000 2.256000 0.022000 0.010000
4 1.296000 2.161000 0.018000 0.018000
6 1.238000 2.152000 0.015000 0.016000
4 1.171000 2.156000 0.019000 0.018000
4 1.106000 2.154000 0.019000 0.019000
4 0.431000 2.158000 0.018000 0.017000
4 0.490000 2.159000 0.019000 0.018000
6 0.555000 2.156000 0.017000 0.016000
5 0.609000 2.157000 0.022000 0.021000
6 0.678000 2.150000 0.017000 0.017000
4 0.508000 2.322000 0.018000 0.019000
4 0.569000 2.321000 0.018000 0.018000
6 0.640000 2.328000 0.018000 0.018000
6 0.701000 2.332000 0.016000 0.016000
6 0.737000 2.158000 0.018000 0.019000
4 0.758000 2.317000 0.019000 0.019000
5 0.785000 2.167000 0.014000 0.014000
5 0.816000 2.314000 0.024000 0.023000
6 0.130000 2.533000 0.019000 0.017000
4 0.136000 2.599000 0.018000 0.017000
4 0.140000 2.650000 0.016000 0.015000
6 0.130000 2.690000 0.021000 0.019000
4 0.126000 2.739000 0.021000 0.019000
6 0.128000 2.795000 0.018000 0.018000
4 1.648000 2.486000 0.010000 0.017000
4 1.649000 2.594000 0.011000 0.019000
6 1.651000 2.744000 0.010000 0.016000
6 1.646000 2.832000 0.009000 0.018000
4 0.632000 2.865000 0.008000 0.011000
6 0.674000 2.868000 0.011000 0.012000
6 0.770000 2.854000 0.009000 0.017000
4 0.872000 2.880000 0.020000 0.014000
6 0.939000 2.880000 0.012000 0.010000
6 1.310000 2.999000 0.015000 0.007000
6 1.202000 3.003000 0.019000 0.008000
4 1.066000 2.998000 0.021000 0.007000
6 0.842000 3.000000 0.021000 0.008000
4 0.844000 3.040000 0.020000 0.008000
4 0.844000 3.082000 0.022000 0.007000
4 0.842000 3.118000 0.021000 0.007000
4 0.850000 3.169000 0.019000 0.008000
4 0.852000 3.218000 0.020000 0.007000
4 0.848000 3.258000 0.018000 0.007000
6 0.852000 3.342000 0.020000 0.007000
6 0.845000 3.381000 0.020000 0.008000
6 1.072000 3.316000 0.022000 0.008000
5 0.023000 3.174000 0.018000 0.019000
6 0.019000 3.227000 0.018000 0.020000
9 1.742000 3.584000 0.077000 0.050000
4 0.332000 3.484000 0.022000 0.010000
4 0.504000 3.487000 0.022000 0.009000
6 0.534000 3.533000 0.019000 0.009000
4 0.410000 3.655000 0.021000 0.007000
4 0.524000 3.656000 0.020000 0.008000
4 0.747000 3.487000 0.022000 0.009000
6 0.644000 3.656000 0.020000 0.008000
4 0.256000 3.745000 0.016000 0.018000
4 0.418000 3.750000 0.017000 0.019000
4 0.294000 3.908000 0.017000 0.020000
6 0.393000 3.915000 0.017000 0.019000
4 0.527000 3.920000 0.018000 0.020000
5 1.251000 3.488000 0.020000 0.008000
4 1.334000 3.489000 0.019000 0.007000
6 1.456000 3.487000 0.018000 0.007000
4 1.360000 3.663000 0.020000 0.008000
4 1.468000 3.619000 0.022000 0.009000
6 2.320000 3.765000 0.020000 0.008000
4 0.818000 3.755000 0.017000 0.019000
6 0.977000 3.757000 0.018000 0.021000
6 1.022000 3.754000 0.017000 0.017000
6 1.128000 3.757000 0.019000 0.020000
6 1.178000 3.753000 0.017000 0.017000
4 0.856000 3.920000 0.016000 0.018000
4 1.526000 3.866000 0.019000 0.017000
4 1.623000 3.188000 0.009000 0.016000
4 1.810000 3.093000 0.009000 0.018000
5 1.954000 3.003000 0.017000 0.020000
4 2.005000 3.006000 0.018000 0.021000
4 2.055000 2.998000 0.015000 0.019000
4 2.106000 3.009000 0.017000 0.019000
6 2.259000 3.000000 0.016000 0.020000
4 2.318000 3.010000 0.017000 0.019000
6 2.371000 3.004000 0.016000 0.018000
4 2.427000 3.017000 0.017000 0.019000
6 2.504000 3.008000 0.016000 0.018000
4 2.191000 3.177000 0.011000 0.014000
4 2.098000 3.166000 0.017000 0.021000
4 2.096000 3.246000 0.016000 0.019000
4 2.147000 3.244000 0.016000 0.018000
4 2.197000 3.240000 0.015000 0.018000
4 2.249000 3.248000 0.018000 0.020000
4 2.407000 3.166000 0.016000 0.019000
6 2.456000 3.171000 0.016000 0.019000
6 2.051000 3.390000 0.017000 0.019000
6 2.096000 3.492000 0.016000 0.008000
6 2.188000 3.490000 0.020000 0.007000
4 2.392000 3.497000 0.020000 0.007000
4 2.358000 3.622000 0.021000 0.007000
6 2.424000 3.669000 0.018000 0.007000
6 2.506000 3.498000 0.021000 0.007000
4 2.760000 3.497000 0.018000 0.007000
4 2.967000 3.502000 0.021000 0.009000
6 2.650000 3.666000 0.019000 0.005000
4 2.738000 3.668000 0.017000 0.006000
6 2.762000 3.622000 0.017000 0.005000
4 2.834000 3.672000 0.019000 0.008000
6 2.932000 3.672000 0.018000 0.008000
6 3.038000 3.674000 0.021000 0.009000
6 3.254000 3.120000 0.011000 0.018000
6 3.250000 3.214000 0.011000 0.017000
6 3.656000 3.388000 0.018000 0.018000
4 3.665000 3.074000 0.016000 0.017000
6 3.714000 3.080000 0.017000 0.018000
6 3.770000 3.077000 0.017000 0.017000
6 3.765000 3.393000 0.018000 0.019000
6 3.870000 3.394000 0.019000 0.021000
4 3.770000 3.506000 0.021000 0.009000
6 3.874000 3.504000 0.021000 0.008000
4 3.540000 3.676000 0.020000 0.008000
4 3.694000 3.679000 0.019000 0.007000
6 3.876000 3.676000 0.020000 0.006000
6 3.782000 3.677000 0.019000 0.007000
9 1.685000 0.969000 0.097000 0.078000
4 0.472000 0.868000 0.020000 0.008000
4 0.504000 0.824000 0.020000 0.008000
6 0.404000 0.820000 0.018000 0.006000
4 0.030000 0.528000 0.009000 0.018000
4 0.083000 0.458000 0.010000 0.017000
4 0.028000 0.343000 0.010000 0.019000
6 0.180000 0.241000 0.020000 0.018000
4 0.185000 0.132000 0.019000 0.018000
6 0.025000 0.144000 0.010000 0.018000
