4 0.889000 0.892250 0.022000 0.024000
4 0.928500 0.943000 0.021000 0.016000
4 0.878500 0.814000 0.017000 0.018000
5 0.794000 0.900250 0.026000 0.026000
6 0.842750 0.676750 0.016000 0.017000
6 0.825000 0.674500 0.016000 0.017000
6 0.804750 0.674750 0.020000 0.019000
5 0.677000 0.779250 0.028000 0.020000
6 0.655750 0.889500 0.010000 0.015000
6 0.643500 0.883000 0.011000 0.016000
5 0.706250 0.890500 0.023000 0.021000
6 0.681750 0.870750 0.013000 0.018000
6 0.654750 0.864250 0.021000 0.018000
6 0.454750 0.953500 0.017000 0.017000
6 0.561500 0.842000 0.011000 0.014000
4 0.547750 0.832500 0.011000 0.021000
4 0.533500 0.827000 0.017000 0.022000
6 0.488500 0.860250 0.017000 0.017000
5 0.449500 0.872250 0.025000 0.024000
6 0.431750 0.824750 0.022000 0.008000
6 0.475250 0.798250 0.009000 0.016000
6 0.453250 0.793000 0.013000 0.018000
4 0.991500 0.551500 0.017000 0.007000
4 0.881750 0.586500 0.010000 0.017000
6 0.865500 0.589000 0.009000 0.016000
4 0.638000 0.621000 0.010000 0.016000
6 0.836000 0.638000 0.020000 0.008000
11 0.333500 0.777500 0.015000 0.015000
6 0.296500 0.802000 0.011000 0.006000
6 0.732750 0.093250 0.024000 0.007000
6 0.705500 0.095500 0.023000 0.005000
30 0.701500 0.123750 0.019000 0.008000
3 0.092000 0.842250 0.034000 0.011000
6 0.015500 0.957000 0.023000 0.008000
4 0.013750 0.966750 0.024000 0.007000
