9 3.116667 0.901250 0.125000 0.063750
9 2.431667 2.863750 0.083333 0.051250
4 3.975000 3.940000 0.013333 0.017500
4 3.895000 3.932500 0.015000 0.018750
4 3.665000 3.902500 0.016667 0.018750
4 3.148333 3.886250 0.030000 0.010000
3 3.138333 3.852500 0.036667 0.011250
4 3.030000 3.980000 0.035000 0.010000
6 2.846667 3.962500 0.026667 0.008750
4 3.693333 3.263750 0.030000 0.020000
4 3.878333 3.525000 0.025000 0.025000
4 3.793333 3.507500 0.030000 0.028750
6 3.693333 3.500000 0.030000 0.027500
4 3.593333 3.483750 0.026667 0.026250
6 3.500000 3.471250 0.026667 0.025000
4 2.433333 3.177500 0.020000 0.021250
4 2.393333 3.273750 0.020000 0.021250
4 2.361667 3.373750 0.016667 0.018750
6 2.326667 3.472500 0.016667 0.018750
4 2.098333 3.915000 0.021667 0.022500
4 3.753333 1.800000 0.036667 0.012500
6 3.603333 1.781250 0.035000 0.015000
6 3.650000 1.637500 0.041667 0.013750
11 3.336667 1.592500 0.085000 0.021250
6 3.903333 0.493750 0.021667 0.022500
6 3.715000 0.028750 0.033333 0.011250
4 3.693333 0.073750 0.036667 0.012500
4 3.670000 0.126250 0.038333 0.012500
4 3.650000 0.220000 0.038333 0.012500
6 3.606667 0.302500 0.036667 0.013750
6 3.583333 0.352500 0.035000 0.013750
4 0.320000 2.256250 0.033333 0.013750
4 0.276667 2.391250 0.038333 0.012500
4 0.330000 2.355000 0.038333 0.012500
4 0.348333 2.212500 0.031667 0.008750
4 0.351667 2.173750 0.033333 0.008750
4 0.378333 2.132500 0.040000 0.011250
4 0.406667 2.082500 0.046667 0.013750
5 0.393333 2.036250 0.043333 0.012500
6 0.443333 1.995000 0.048333 0.015000
4 0.433333 1.945000 0.040000 0.015000
6 0.478333 1.895000 0.053333 0.015000
4 0.678333 2.527500 0.036667 0.011250
4 0.686667 2.481250 0.033333 0.010000
4 1.080000 2.732500 0.030000 0.011250
4 1.400000 2.775000 0.036667 0.017500
6 1.415000 2.377500 0.016667 0.021250
6 1.263333 2.361250 0.015000 0.018750
6 1.203333 2.351250 0.015000 0.020000
6 0.855000 2.543750 0.016667 0.020000
6 0.930000 2.557500 0.021667 0.021250
6 1.078333 2.572500 0.018333 0.021250
3 2.176667 2.815000 0.041667 0.012500
4 2.160000 1.835000 0.016667 0.025000
4 2.078333 1.835000 0.021667 0.025000
4 1.986667 1.820000 0.023333 0.027500
4 1.906667 1.815000 0.023333 0.025000
4 1.815000 1.805000 0.018333 0.022500
4 1.633333 1.791250 0.023333 0.027500
6 1.956667 1.620000 0.031667 0.020000
6 1.840000 1.610000 0.043333 0.027500
6 1.750000 1.593750 0.028333 0.016250
11 2.046667 1.632500 0.040000 0.023750
4 2.156667 1.641250 0.031667 0.020000
4 2.260000 1.660000 0.033333 0.020000
6 2.366667 1.675000 0.033333 0.020000
6 2.461667 1.692500 0.028333 0.018750
6 2.483333 1.552500 0.038333 0.023750
6 2.303333 1.538750 0.038333 0.021250
6 2.075000 1.515000 0.033333 0.020000
4 1.960000 1.505000 0.033333 0.020000
4 1.856667 1.492500 0.035000 0.018750
4 1.730000 1.480000 0.035000 0.020000
4 2.803333 1.580000 0.018333 0.022500
4 2.896667 1.222500 0.018333 0.021250
4 2.966667 0.977500 0.016667 0.021250
4 2.108333 0.632500 0.031667 0.016250
4 1.860000 0.608750 0.016667 0.021250
4 0.068333 1.415000 0.031667 0.020000
4 0.075000 1.360000 0.030000 0.017500
4 0.096667 1.311250 0.028333 0.020000
4 0.163333 1.098750 0.031667 0.018750
4 0.135000 1.142500 0.031667 0.021250
4 0.126667 1.208750 0.033333 0.022500
6 0.180000 1.048750 0.036667 0.022500
6 0.216667 1.001250 0.031667 0.021250
6 0.233333 0.941250 0.033333 0.023750
4 0.256667 0.895000 0.031667 0.022500
6 0.501667 3.927500 0.021667 0.021250
4 1.066667 3.600000 0.030000 0.022500
