4 0.111500 0.007250 0.019000 0.021000
6 0.102500 0.012000 0.015000 0.020000
4 0.122500 0.006750 0.018000 0.016000
4 0.109000 0.029500 0.016000 0.021000
4 0.120250 0.026000 0.016000 0.022000
4 0.129000 0.020000 0.014000 0.018000
4 0.140500 0.017000 0.017000 0.022000
4 0.151500 0.015500 0.017000 0.021000
4 0.162000 0.013500 0.016000 0.019000
4 0.170500 0.007750 0.015000 0.018000
6 0.181500 0.006250 0.016000 0.015000
6 0.192500 0.005250 0.016000 0.013000
4 0.270500 0.026500 0.015000 0.019000
6 0.280000 0.022000 0.016000 0.020000
4 0.260500 0.028750 0.017000 0.021000
4 0.249000 0.031000 0.016000 0.020000
4 0.238000 0.035000 0.016000 0.022000
6 0.228750 0.039500 0.016000 0.021000
4 0.209000 0.047000 0.016000 0.020000
5 0.219250 0.044500 0.017000 0.021000
4 0.198000 0.049500 0.018000 0.023000
4 0.186750 0.052500 0.016000 0.019000
5 0.177250 0.056500 0.019000 0.025000
4 0.167000 0.060000 0.016000 0.022000
6 0.157250 0.065500 0.016000 0.021000
4 0.145500 0.066500 0.017000 0.021000
6 0.245500 0.070500 0.015000 0.019000
6 0.255500 0.067500 0.015000 0.019000
4 0.266000 0.064500 0.016000 0.021000
4 0.276500 0.061000 0.017000 0.022000
6 0.286500 0.057500 0.017000 0.021000
6 0.232750 0.124000 0.014000 0.018000
6 0.222250 0.125500 0.017000 0.021000
4 0.213000 0.131500 0.016000 0.021000
5 0.252000 0.113250 0.018000 0.025000
5 0.242500 0.119000 0.015000 0.020000
6 0.263000 0.110500 0.018000 0.021000
4 0.274500 0.108500 0.015000 0.021000
4 0.229750 0.142750 0.016000 0.021000
4 0.240000 0.140000 0.016000 0.022000
4 0.250000 0.136250 0.016000 0.021000
4 0.259750 0.132000 0.015000 0.020000
6 0.270000 0.128000 0.016000 0.020000
6 0.211000 0.195750 0.018000 0.022000
6 0.221250 0.192000 0.017000 0.020000
6 0.231250 0.189250 0.016000 0.022000
6 0.240500 0.185000 0.015000 0.020000
6 0.251000 0.182000 0.014000 0.018000
6 0.260750 0.179250 0.015000 0.019000
6 0.272500 0.175500 0.017000 0.021000
6 0.282750 0.172250 0.015000 0.019000
6 0.784000 0.989500 0.020000 0.013000
4 0.779500 0.982000 0.021000 0.012000
4 0.775500 0.973000 0.019000 0.014000
6 0.768000 0.955750 0.020000 0.015000
6 0.763000 0.948250 0.022000 0.014000
4 0.760500 0.939250 0.021000 0.015000
6 0.757250 0.931000 0.020000 0.014000
6 0.753500 0.921000 0.019000 0.014000
6 0.748000 0.913000 0.020000 0.012000
4 0.745000 0.904750 0.020000 0.012000
6 0.739750 0.895500 0.018000 0.011000
4 0.735250 0.887500 0.024000 0.015000
4 0.732500 0.878000 0.021000 0.014000
4 0.728250 0.868750 0.022000 0.013000
6 0.724500 0.860000 0.019000 0.012000
4 0.719750 0.851750 0.020000 0.014000
6 0.716500 0.842750 0.021000 0.014000
4 0.711000 0.834500 0.022000 0.013000
4 0.705000 0.816750 0.022000 0.013000
4 0.701500 0.808500 0.019000 0.013000
6 0.664500 0.806500 0.031000 0.021000
6 0.604250 0.827000 0.025000 0.016000
6 0.549500 0.844000 0.027000 0.018000
4 0.922250 0.988250 0.015000 0.021000
4 0.972000 0.923750 0.016000 0.019000
5 0.918750 0.910250 0.019000 0.026000
6 0.913000 0.881500 0.020000 0.015000
6 0.954750 0.883250 0.015000 0.019000
11 0.721500 0.989750 0.015000 0.012000
4 0.680500 0.971750 0.021000 0.013000
4 0.679250 0.982500 0.012000 0.009000
4 0.703500 0.956500 0.023000 0.015000
4 0.675500 0.963500 0.021000 0.013000
4 0.697750 0.947750 0.022000 0.016000
4 0.669750 0.956750 0.021000 0.014000
4 0.694250 0.939000 0.021000 0.014000
6 0.666750 0.947250 0.021000 0.014000
6 0.664250 0.937750 0.021000 0.014000
4 0.689500 0.931000 0.019000 0.014000
4 0.690500 0.921000 0.013000 0.012000
6 0.658250 0.929000 0.016000 0.012000
4 0.654750 0.921000 0.018000 0.012000
4 0.650250 0.913500 0.020000 0.013000
11 0.684250 0.904000 0.014000 0.012000
4 0.646000 0.904500 0.020000 0.011000
4 0.677500 0.896250 0.023000 0.015000
4 0.641500 0.896250 0.019000 0.013000
4 0.673250 0.887000 0.022000 0.014000
5 0.638750 0.888000 0.025000 0.016000
4 0.668250 0.878250 0.019000 0.012000
4 0.636000 0.878000 0.020000 0.014000
6 0.663500 0.869750 0.021000 0.015000
6 0.970500 0.714000 0.017000 0.020000
4 0.961000 0.719750 0.018000 0.020000
6 0.948500 0.722750 0.017000 0.021000
6 0.973000 0.750000 0.024000 0.014000
6 0.936750 0.726000 0.014000 0.018000
6 0.957750 0.767750 0.016000 0.022000
6 0.946250 0.770250 0.016000 0.022000
4 0.912500 0.782500 0.017000 0.021000
5 0.898750 0.798750 0.026000 0.018000
6 0.921750 0.732500 0.017000 0.021000
4 0.908500 0.736000 0.017000 0.020000
6 0.899000 0.739250 0.016000 0.020000
4 0.887750 0.744000 0.015000 0.020000
5 0.880000 0.748500 0.014000 0.017000
4 0.868250 0.749750 0.015000 0.017000
4 0.630750 0.989250 0.021000 0.013000
4 0.627250 0.980250 0.021000 0.015000
4 0.600250 0.988000 0.020000 0.014000
4 0.598500 0.978750 0.021000 0.013000
4 0.623500 0.971250 0.021000 0.015000
6 0.596000 0.970000 0.020000 0.014000
4 0.619500 0.962500 0.021000 0.015000
6 0.587750 0.963000 0.012000 0.010000
6 0.601000 0.920500 0.022000 0.015000
4 0.576250 0.926500 0.021000 0.013000
6 0.569500 0.919500 0.023000 0.015000
6 0.563500 0.911750 0.023000 0.015000
6 0.592000 0.903000 0.020000 0.014000
5 0.588000 0.894750 0.020000 0.015000
4 0.580500 0.877750 0.021000 0.014000
4 0.586500 0.885500 0.023000 0.015000
4 0.578250 0.868000 0.023000 0.016000
4 0.498500 0.949750 0.021000 0.012000
6 0.523500 0.943750 0.021000 0.014000
6 0.497500 0.941250 0.023000 0.014000
4 0.520750 0.935000 0.022000 0.014000
4 0.513000 0.917750 0.022000 0.014000
6 0.519000 0.926750 0.022000 0.013000
6 0.489000 0.924500 0.020000 0.013000
4 0.484500 0.916000 0.023000 0.014000
5 0.510250 0.907000 0.024000 0.016000
4 0.479250 0.908000 0.019000 0.014000
6 0.477750 0.898500 0.022000 0.015000
6 0.462500 0.992500 0.021000 0.013000
6 0.433000 0.992000 0.018000 0.012000
6 0.458750 0.985000 0.022000 0.014000
4 0.453000 0.976500 0.022000 0.013000
4 0.429000 0.983750 0.020000 0.011000
6 0.450250 0.967000 0.022000 0.014000
4 0.425000 0.974750 0.020000 0.013000
4 0.421000 0.967000 0.020000 0.014000
4 0.446000 0.958750 0.022000 0.014000
6 0.418500 0.958500 0.019000 0.011000
4 0.444000 0.950500 0.022000 0.013000
6 0.438000 0.942750 0.020000 0.013000
6 0.434000 0.934000 0.020000 0.012000
4 0.431000 0.925500 0.022000 0.015000
6 0.426750 0.917000 0.021000 0.014000
4 0.372500 0.992000 0.023000 0.014000
6 0.345000 0.990000 0.022000 0.014000
6 0.342250 0.981000 0.020000 0.014000
4 0.337500 0.973250 0.019000 0.013000
6 0.370000 0.983500 0.020000 0.013000
4 0.364000 0.975250 0.022000 0.014000
4 0.361000 0.966000 0.022000 0.014000
6 0.285000 0.991500 0.020000 0.013000
5 0.202500 0.996500 0.027000 0.017000
4 0.196250 0.981000 0.022000 0.014000
5 0.199000 0.989250 0.020000 0.012000
6 0.737500 0.712500 0.013000 0.011000
4 0.725000 0.685250 0.024000 0.013000
6 0.708000 0.654500 0.020000 0.013000
6 0.699500 0.638250 0.019000 0.013000
6 0.705500 0.645250 0.025000 0.017000
5 0.696250 0.629500 0.022000 0.013000
6 0.692500 0.621500 0.023000 0.015000
4 0.685000 0.604500 0.022000 0.015000
6 0.688250 0.613500 0.021000 0.015000
6 0.681250 0.596000 0.021000 0.014000
6 0.673750 0.577750 0.020000 0.014000
4 0.678500 0.587000 0.023000 0.014000
5 0.657250 0.542000 0.021000 0.012000
4 0.653750 0.534000 0.021000 0.014000
5 0.649250 0.526000 0.021000 0.014000
5 0.646000 0.517500 0.024000 0.015000
4 0.643000 0.510000 0.022000 0.014000
6 0.634750 0.491750 0.021000 0.014000
6 0.639500 0.502000 0.021000 0.014000
4 0.630000 0.484750 0.020000 0.013000
4 0.623250 0.467750 0.020000 0.014000
6 0.626750 0.477500 0.020000 0.013000
4 0.620250 0.458250 0.022000 0.015000
4 0.614750 0.451000 0.022000 0.014000
4 0.607250 0.433250 0.020000 0.014000
6 0.611000 0.443000 0.022000 0.016000
6 0.602500 0.425750 0.023000 0.016000
6 0.600000 0.416500 0.024000 0.017000
5 0.724250 0.405500 0.026000 0.017000
4 0.726500 0.335500 0.013000 0.019000
4 0.985500 0.220000 0.015000 0.020000
6 0.932250 0.131500 0.019000 0.021000
4 0.939000 0.092000 0.020000 0.014000
11 0.187500 0.877750 0.017000 0.018000
5 0.161000 0.834000 0.030000 0.020000
4 0.129000 0.816000 0.018000 0.022000
