32 3.486000 1.613000 0.203000 0.160000
4 3.810000 3.937000 0.015000 0.021000
6 3.604000 3.770000 0.022000 0.011000
14 0.960000 3.265000 0.050000 0.083000
14 0.709000 3.261000 0.051000 0.082000
14 0.397000 3.257000 0.050000 0.082000
14 0.973000 2.774000 0.052000 0.083000
14 0.723000 2.771000 0.050000 0.083000
14 0.412000 2.765000 0.051000 0.082000
14 0.157000 2.763000 0.052000 0.082000
14 0.983000 2.282000 0.050000 0.083000
14 0.733000 2.280000 0.050000 0.083000
14 0.419000 2.273000 0.050000 0.082000
14 0.169000 2.272000 0.050000 0.082000
5 3.871000 3.870000 0.026000 0.013000
6 3.870000 3.833000 0.021000 0.012000
4 3.850000 3.756000 0.021000 0.012000
6 3.318000 3.974000 0.023000 0.011000
6 3.536000 3.901000 0.020000 0.010000
6 3.618000 3.808000 0.021000 0.012000
4 3.526000 3.822000 0.023000 0.011000
4 3.513000 3.788000 0.021000 0.010000
6 3.550000 3.628000 0.021000 0.010000
4 3.546000 3.588000 0.021000 0.010000
4 3.442000 3.607000 0.021000 0.012000
5 3.734000 3.518000 0.011000 0.011000
6 3.652000 3.384000 0.014000 0.014000
6 3.602000 3.362000 0.011000 0.011000
5 3.512000 3.310000 0.008000 0.013000
6 3.302000 3.362000 0.019000 0.017000
