2 0.451000 2.632000 0.068000 0.086000
2 0.500000 2.669000 0.064000 0.084000
2 0.526000 2.731000 0.071000 0.099000
2 0.578000 2.752000 0.071000 0.100000
2 0.603000 2.822000 0.069000 0.095000
2 0.078000 3.269000 0.075000 0.098000
2 0.248000 3.135000 0.078000 0.100000
2 0.318000 3.138000 0.073000 0.093000
2 0.366000 3.169000 0.069000 0.087000
22 3.028000 2.360000 0.078000 0.076000
2 3.472000 2.744000 0.064000 0.064000
2 3.806000 3.098000 0.057000 0.061000
18 3.621000 2.900000 0.021000 0.020000
2 2.817000 1.868000 0.056000 0.066000
2 3.018000 1.985000 0.073000 0.093000
0 2.184000 1.644000 0.088000 0.066000
18 2.938000 1.667000 0.047000 0.039000
28 2.954000 1.606000 0.025000 0.015000
28 2.944000 1.632000 0.026000 0.018000
22 3.136000 1.747000 0.040000 0.034000
