9 1.261000 2.054000 0.064000 0.045000
9 3.472000 2.082000 0.078000 0.057000
9 3.460000 0.774000 0.082000 0.057000
9 1.270000 0.771000 0.087000 0.051000
9 1.258000 2.742000 0.077000 0.049000
9 1.267000 1.405000 0.074000 0.083000
9 1.253000 0.114000 0.072000 0.058000
9 3.468000 0.129000 0.078000 0.065000
9 3.461000 1.450000 0.088000 0.085000
9 3.448000 2.749000 0.082000 0.057000
3 2.401000 3.930000 0.014000 0.025000
5 2.288000 3.792000 0.010000 0.022000
3 1.800000 3.438000 0.026000 0.007000
6 2.392000 3.335000 0.008000 0.018000
4 3.046000 3.190000 0.023000 0.007000
4 3.654000 3.789000 0.021000 0.008000
4 3.970000 2.701000 0.013000 0.008000
6 3.356000 0.416000 0.008000 0.016000
6 3.124000 0.164000 0.020000 0.008000
4 2.836000 0.064000 0.022000 0.008000
6 2.620000 0.154000 0.028000 0.009000
6 2.474000 0.156000 0.025000 0.008000
5 2.288000 0.158000 0.030000 0.007000
4 2.252000 0.064000 0.022000 0.008000
6 2.062000 0.116000 0.025000 0.006000
6 1.994000 0.160000 0.021000 0.006000
6 1.840000 0.157000 0.026000 0.007000
6 1.944000 0.060000 0.024000 0.008000
4 1.560000 0.060000 0.026000 0.008000
4 1.179000 3.568000 0.010000 0.018000
4 1.330000 3.698000 0.009000 0.017000
4 1.194000 3.854000 0.011000 0.017000
6 1.308000 3.932000 0.011000 0.016000
6 0.238000 2.966000 0.009000 0.019000
6 0.708000 2.683000 0.024000 0.007000
4 0.976000 2.686000 0.026000 0.007000
4 1.332000 2.608000 0.010000 0.014000
6 1.334000 2.463000 0.009000 0.015000
4 1.334000 2.248000 0.007000 0.014000
6 1.336000 2.152000 0.008000 0.016000
4 1.334000 1.996000 0.011000 0.014000
6 1.334000 1.886000 0.009000 0.017000
6 1.334000 1.804000 0.009000 0.018000
6 1.334000 1.646000 0.009000 0.017000
4 0.290000 2.184000 0.009000 0.020000
3 0.352000 2.047000 0.030000 0.011000
6 0.590000 1.930000 0.021000 0.011000
6 0.870000 1.336000 0.025000 0.006000
4 0.518000 1.504000 0.025000 0.008000
6 0.190000 1.502000 0.025000 0.007000
6 0.186000 1.330000 0.029000 0.009000
6 0.062000 1.329000 0.023000 0.007000
5 0.586000 0.982000 0.009000 0.019000
3 0.981000 0.771000 0.053000 0.012000
4 1.330000 1.090000 0.009000 0.019000
5 1.324000 0.981000 0.012000 0.023000
4 1.328000 0.650000 0.010000 0.019000
4 1.329000 0.568000 0.009000 0.018000
4 1.193000 0.685000 0.010000 0.018000
4 1.194000 0.593000 0.011000 0.015000
5 1.332000 0.338000 0.010000 0.021000
6 1.189000 0.330000 0.009000 0.017000
5 0.275000 0.714000 0.028000 0.011000
6 0.730000 0.357000 0.011000 0.018000
6 0.387000 0.155000 0.024000 0.007000
6 3.360000 0.514000 0.010000 0.017000
4 3.360000 0.676000 0.008000 0.016000
4 3.506000 0.746000 0.009000 0.013000
6 3.595000 0.923000 0.009000 0.016000
4 2.834000 0.345000 0.009000 0.015000
4 2.994000 0.700000 0.011000 0.018000
4 3.128000 0.924000 0.011000 0.018000
6 1.688000 0.936000 0.010000 0.018000
6 1.785000 0.950000 0.010000 0.017000
6 1.984000 0.998000 0.024000 0.007000
4 1.958000 1.050000 0.021000 0.007000
6 1.942000 1.088000 0.021000 0.008000
4 1.946000 1.212000 0.022000 0.008000
5 1.536000 1.082000 0.028000 0.007000
6 1.798000 1.333000 0.021000 0.007000
6 2.397000 1.137000 0.022000 0.015000
6 2.406000 1.206000 0.021000 0.015000
6 3.671000 0.568000 0.022000 0.008000
6 3.876000 1.342000 0.028000 0.009000
3 3.804000 1.386000 0.062000 0.013000
6 3.598000 1.656000 0.009000 0.016000
6 1.547000 1.513000 0.026000 0.007000
6 1.658000 1.514000 0.021000 0.007000
4 1.836000 1.518000 0.018000 0.007000
5 2.105000 1.520000 0.026000 0.008000
6 2.460000 1.522000 0.022000 0.007000
6 2.248000 1.518000 0.024000 0.007000
6 2.870000 1.471000 0.023000 0.008000
6 3.028000 1.472000 0.026000 0.008000
4 3.182000 1.472000 0.021000 0.008000
4 2.976000 1.516000 0.022000 0.008000
6 1.443000 1.700000 0.019000 0.012000
6 2.095000 1.852000 0.009000 0.016000
6 2.206000 1.860000 0.009000 0.016000
6 2.271000 1.851000 0.008000 0.017000
4 1.653000 2.001000 0.017000 0.017000
6 1.709000 2.010000 0.017000 0.017000
6 1.826000 2.032000 0.023000 0.008000
4 1.977000 2.018000 0.010000 0.021000
6 2.037000 2.015000 0.010000 0.018000
4 2.147000 2.015000 0.010000 0.020000
4 2.481000 1.886000 0.009000 0.015000
6 2.476000 1.962000 0.008000 0.015000
6 2.584000 2.024000 0.026000 0.008000
6 3.009000 1.682000 0.018000 0.015000
4 3.202000 1.652000 0.023000 0.014000
4 3.228000 1.688000 0.024000 0.014000
4 3.020000 1.766000 0.024000 0.015000
6 3.009000 1.810000 0.024000 0.013000
4 3.011000 1.844000 0.025000 0.014000
4 3.019000 1.882000 0.022000 0.015000
4 3.228000 1.848000 0.024000 0.014000
6 3.236000 1.888000 0.024000 0.014000
4 3.230000 1.926000 0.023000 0.013000
4 3.232000 1.964000 0.022000 0.012000
6 3.235000 2.002000 0.022000 0.011000
6 3.586000 1.866000 0.009000 0.015000
6 3.546000 2.193000 0.010000 0.016000
6 3.550000 2.280000 0.009000 0.016000
6 3.350000 2.213000 0.009000 0.018000
6 3.416000 2.292000 0.008000 0.020000
6 3.411000 2.512000 0.009000 0.018000
6 1.522000 2.688000 0.027000 0.008000
4 1.656000 2.692000 0.022000 0.006000
6 1.818000 2.694000 0.021000 0.007000
6 1.479000 2.790000 0.023000 0.007000
6 1.590000 2.794000 0.021000 0.007000
6 2.186000 2.796000 0.023000 0.008000
4 2.972000 2.695000 0.024000 0.008000
6 3.094000 2.695000 0.024000 0.008000
6 2.974000 2.796000 0.025000 0.008000
3 3.417000 2.884000 0.013000 0.042000
6 3.341000 3.308000 0.007000 0.014000
6 3.419000 3.483000 0.008000 0.017000
4 3.341000 3.726000 0.008000 0.017000
6 3.342000 3.909000 0.009000 0.017000
9 3.450000 3.415000 0.079000 0.019000
9 1.257000 3.398000 0.050000 0.029000
