6 0.133750 0.686250 0.012000 0.016000
4 0.469250 0.990750 0.010000 0.019000
6 0.897000 0.975500 0.012000 0.015000
6 0.897500 0.958500 0.009000 0.011000
6 0.898250 0.934000 0.010000 0.016000
4 0.467000 0.969000 0.010000 0.016000
6 0.471250 0.946000 0.012000 0.020000
16 0.690000 0.718000 0.028000 0.008000
4 0.629500 0.572000 0.027000 0.006000
9 0.881750 0.553500 0.096000 0.079000
6 0.933000 0.545000 0.022000 0.006000
5 0.850500 0.527750 0.023000 0.024000
4 0.048000 0.859000 0.010000 0.016000
4 0.046000 0.780500 0.012000 0.013000
4 0.046250 0.761750 0.010000 0.017000
4 0.232250 0.573500 0.020000 0.007000
6 0.294500 0.572500 0.019000 0.007000
6 0.323500 0.572500 0.023000 0.007000
4 0.351500 0.572000 0.019000 0.006000
6 0.375000 0.572250 0.024000 0.007000
14 0.598250 0.302750 0.048000 0.080000
14 0.660500 0.303000 0.047000 0.080000
14 0.723750 0.303750 0.048000 0.081000
14 0.787250 0.303500 0.049000 0.082000
14 0.624250 0.437250 0.049000 0.081000
14 0.688000 0.437000 0.048000 0.080000
14 0.751250 0.437000 0.047000 0.080000
4 0.441500 0.967000 0.013000 0.018000
6 0.852000 0.631000 0.010000 0.008000
4 0.898000 0.896500 0.008000 0.015000
4 0.898000 0.916000 0.010000 0.016000
4 0.227000 0.795000 0.008000 0.016000
32 0.218000 0.250250 0.188000 0.154000
