5 0.151250 1.853333 0.035000 0.026667
5 1.196250 3.473333 0.033750 0.026667
6 1.205000 3.406667 0.027500 0.020000
6 1.375000 3.033333 0.022500 0.020000
6 1.455000 2.988333 0.025000 0.020000
3 1.815000 2.160000 0.032500 0.023333
4 0.880000 3.790000 0.012500 0.018333
4 2.122500 1.293333 0.026250 0.020000
6 2.250000 0.411667 0.022500 0.028333
4 2.690000 0.198333 0.022500 0.033333
6 2.705000 0.118333 0.020000 0.030000
4 3.208750 0.025000 0.013750 0.015000
6 3.891250 0.156667 0.016250 0.031667
5 3.920000 0.268333 0.017500 0.030000
6 2.847500 3.715000 0.026250 0.020000
6 2.568750 3.331667 0.026250 0.018333
6 2.575000 3.270000 0.027500 0.018333
5 2.540000 3.185000 0.032500 0.021667
6 2.887500 3.356667 0.016250 0.028333
4 2.800000 3.161667 0.017500 0.030000
5 2.787500 2.805000 0.033750 0.028333
4 3.337500 2.716667 0.028750 0.021667
4 3.187500 2.528333 0.016250 0.021667
4 3.100000 1.843333 0.027500 0.018333
4 3.110000 1.911667 0.035000 0.026667
4 3.138750 1.331667 0.023750 0.011667
6 3.135000 1.263333 0.027500 0.011667
4 3.540000 2.330000 0.027500 0.015000
6 1.848750 2.116667 0.028750 0.018333
