3 3.136667 1.186250 0.035000 0.037500
6 3.476667 1.107500 0.038333 0.011250
5 3.443333 1.050000 0.041667 0.012500
6 3.300000 0.912500 0.030000 0.011250
6 3.263333 0.855000 0.038333 0.012500
6 3.633333 1.132500 0.023333 0.021250
6 3.721667 1.120000 0.025000 0.022500
5 3.813333 1.108750 0.033333 0.028750
30 3.356667 1.426250 0.035000 0.042500
3 3.233333 1.395000 0.040000 0.067500
6 3.613333 1.455000 0.030000 0.027500
6 3.693333 1.435000 0.026667 0.027500
4 3.766667 1.418750 0.030000 0.027500
6 3.843333 1.392500 0.028333 0.028750
4 3.951667 1.292500 0.026667 0.016250
6 3.648333 1.605000 0.035000 0.032500
4 3.855000 1.887500 0.023333 0.021250
6 3.893333 2.142500 0.023333 0.023750
6 3.928333 2.437500 0.021667 0.023750
6 3.703333 2.493750 0.025000 0.025000
21 1.731667 2.153750 0.738333 0.503750
