9 0.630833 0.832187 0.095000 0.065000
6 0.426250 0.407187 0.043333 0.012500
4 0.543750 0.554375 0.018333 0.021250
6 0.535417 0.508125 0.018333 0.021250
4 0.585833 0.507500 0.021667 0.025000
6 0.592917 0.537188 0.018333 0.021250
6 0.599583 0.564688 0.023333 0.025000
4 0.550000 0.580000 0.020000 0.025000
6 0.570000 0.655625 0.023333 0.023750
4 0.576250 0.682187 0.025000 0.030000
4 0.633333 0.699688 0.026667 0.027500
6 0.643750 0.743750 0.021667 0.022500
4 0.589167 0.735625 0.018333 0.023750
4 0.285417 0.775625 0.016667 0.018750
6 0.084167 0.799375 0.025000 0.026250
4 0.035000 0.861250 0.043333 0.010000
6 0.365833 0.835625 0.035000 0.011250
6 0.429167 0.856563 0.038333 0.013750
4 0.655000 0.866875 0.020000 0.023750
6 0.634167 0.913438 0.021667 0.021250
32 0.441670 0.041300 0.289552 0.117699
4 0.763333 0.806875 0.040000 0.008750
4 0.858333 0.798438 0.036667 0.010000
6 0.908750 0.795625 0.036667 0.011250
4 0.987917 0.203437 0.025000 0.012500
4 0.770833 0.330000 0.021667 0.022500
6 0.573333 0.551250 0.020000 0.022500
