6 0.956250 0.070000 0.010000 0.020000
6 0.906250 0.250000 0.025000 0.013333
5 0.908750 0.235833 0.025000 0.011667
6 0.907500 0.219583 0.025000 0.011667
5 0.703438 0.156250 0.026250 0.021667
6 0.701875 0.142500 0.026250 0.021667
5 0.695000 0.106250 0.030000 0.016667
6 0.701875 0.126250 0.026250 0.020000
5 0.769375 0.093333 0.026250 0.010000
6 0.739375 0.095417 0.023750 0.011667
5 0.752188 0.153333 0.010000 0.023333
5 0.737812 0.208750 0.011250 0.035000
5 0.724375 0.217083 0.011250 0.028333
6 0.703125 0.169167 0.026250 0.021667
5 0.703750 0.182917 0.025000 0.020000
6 0.701875 0.198750 0.028750 0.025000
4 0.816562 0.886667 0.026250 0.013333
6 0.606875 0.818333 0.021250 0.026667
4 0.562500 0.774583 0.022500 0.030000
4 0.539375 0.747500 0.021250 0.028333
6 0.518437 0.722500 0.021250 0.028333
6 0.376875 0.876250 0.021250 0.035000
4 0.333437 0.973750 0.021250 0.031667
6 0.012500 0.917917 0.022500 0.031667
6 0.013750 0.827500 0.022500 0.031667
4 0.022500 0.905833 0.025000 0.031667
6 0.035000 0.898333 0.017500 0.026667
5 0.053125 0.914583 0.023750 0.028333
4 0.145937 0.954583 0.010000 0.030000
6 0.032188 0.455833 0.017500 0.035000
3 0.085625 0.623333 0.026250 0.053333
6 0.099062 0.006250 0.018750 0.016667
6 0.180625 0.199167 0.018750 0.031667
6 0.201250 0.240833 0.020000 0.031667
6 0.307188 0.430833 0.025000 0.038333
6 0.324688 0.462500 0.018750 0.028333
6 0.364375 0.518333 0.018750 0.026667
6 0.428438 0.611667 0.022500 0.030000
6 0.541250 0.459167 0.015000 0.028333
4 0.550937 0.400000 0.011250 0.026667
6 0.530625 0.395417 0.011250 0.030000
6 0.529062 0.231667 0.012500 0.030000
4 0.531875 0.123333 0.011250 0.026667
6 0.488125 0.018750 0.018750 0.035000
