17 1.317000 1.484000 0.049000 0.048000
19 0.847000 2.019000 0.043000 0.038000
13 1.389000 2.070000 0.056000 0.043000
19 1.404000 2.352000 0.028000 0.032000
19 0.664000 2.266000 0.044000 0.043000
19 2.768000 0.881000 0.022000 0.020000
19 3.172000 0.946000 0.018000 0.021000
19 2.752000 1.220000 0.028000 0.028000
19 3.426000 1.271000 0.023000 0.023000
19 2.613000 2.212000 0.018000 0.014000
19 2.737000 2.182000 0.014000 0.009000
19 2.815000 2.182000 0.015000 0.011000
19 2.849000 2.230000 0.015000 0.009000
19 2.926000 2.243000 0.015000 0.011000
19 3.048000 2.213000 0.014000 0.010000
19 3.084000 2.261000 0.018000 0.014000
19 3.662000 2.180000 0.017000 0.012000
19 3.760000 2.170000 0.028000 0.027000
19 3.819000 2.184000 0.030000 0.030000
19 3.787000 2.435000 0.020000 0.021000
19 3.098000 2.447000 0.025000 0.025000
19 2.972000 2.448000 0.024000 0.024000
19 2.810000 2.413000 0.025000 0.025000
19 2.507000 2.619000 0.029000 0.029000
19 2.676000 2.615000 0.016000 0.015000
19 2.745000 2.653000 0.015000 0.013000
19 2.798000 2.656000 0.013000 0.010000
19 2.877000 2.653000 0.018000 0.019000
19 2.961000 2.653000 0.016000 0.011000
19 2.434000 2.886000 0.021000 0.021000
19 2.540000 2.783000 0.022000 0.016000
19 2.634000 2.808000 0.023000 0.022000
19 2.727000 2.818000 0.019000 0.019000
19 2.877000 2.840000 0.019000 0.014000
19 2.956000 2.853000 0.018000 0.016000
19 2.962000 2.772000 0.013000 0.016000
19 3.048000 2.756000 0.016000 0.016000
19 3.052000 2.717000 0.018000 0.017000
19 3.039000 2.810000 0.018000 0.017000
19 2.818000 3.019000 0.021000 0.022000
19 2.537000 2.988000 0.022000 0.022000
19 2.718000 3.193000 0.029000 0.029000
