6 0.714688 0.135000 0.025000 0.013333
4 0.660000 0.155417 0.032500 0.013333
4 0.736875 0.267917 0.013750 0.031667
4 0.775625 0.267500 0.013750 0.031667
6 0.597812 0.231250 0.018750 0.040000
6 0.759375 0.551667 0.026250 0.013333
6 0.719063 0.892500 0.018750 0.035000
4 0.650000 0.873333 0.025000 0.016667
6 0.275000 0.464583 0.032500 0.018333
6 0.436875 0.038750 0.028750 0.016667
6 0.086563 0.162500 0.035000 0.031667
6 0.125625 0.171667 0.028750 0.016667
6 0.211250 0.527083 0.017500 0.031667
4 0.133750 0.635417 0.025000 0.013333
