6 0.504750 0.032750 0.023000 0.013000
6 0.290250 0.023750 0.016000 0.022000
6 0.529250 0.027000 0.027000 0.020000
5 0.558750 0.016250 0.017000 0.018000
5 0.076000 0.609250 0.016000 0.020000
6 0.083250 0.626500 0.017000 0.023000
6 0.493000 0.497250 0.024000 0.018000
6 0.443250 0.593500 0.023000 0.013000
6 0.897500 0.735750 0.023000 0.018000
6 0.910500 0.797000 0.019000 0.014000
6 0.879000 0.822000 0.018000 0.020000
4 0.823750 0.840750 0.014000 0.018000
4 0.869750 0.825250 0.021000 0.023000
4 0.860000 0.830250 0.020000 0.021000
4 0.812000 0.808000 0.022000 0.010000
6 0.811500 0.800000 0.023000 0.010000
11 0.819000 0.781500 0.022000 0.015000
6 0.816500 0.792500 0.021000 0.013000
6 0.822000 0.771500 0.022000 0.013000
5 0.560750 0.771750 0.038000 0.019000
5 0.526000 0.696000 0.020000 0.034000
