19 0.101857 1.827857 0.012571 0.012857
19 0.145857 1.802571 0.012143 0.012429
35 0.188286 1.773714 0.014857 0.014857
33 0.235000 1.683143 0.014857 0.014429
33 0.336714 1.691000 0.014714 0.015143
34 0.429571 1.638429 0.016143 0.016857
34 0.364571 1.889857 0.017429 0.016429
19 0.418429 1.983571 0.017000 0.016857
35 0.469571 2.073286 0.016429 0.016286
33 0.493286 2.118429 0.014143 0.014286
20 0.565143 2.284429 0.015429 0.015000
33 0.714286 2.206571 0.014286 0.014143
19 0.761429 2.180286 0.012143 0.012714
34 0.586286 1.989571 0.016857 0.016714
34 0.478286 1.865000 0.017714 0.017429
33 0.667429 1.856714 0.014429 0.015000
35 1.093143 2.461143 0.015714 0.015429
12 0.810000 0.969714 0.009286 0.009143
19 0.762429 1.163000 0.009143 0.009429
19 1.008143 1.312000 0.007000 0.006857
12 1.016143 1.443286 0.009143 0.009000
19 1.129857 1.472143 0.012429 0.012714
12 1.096286 1.490000 0.008857 0.009000
12 1.061571 1.506000 0.009000 0.009143
12 1.042286 1.531000 0.008571 0.008000
17 1.056429 1.564714 0.008429 0.007714
34 1.082714 1.603286 0.017000 0.016000
17 1.124429 1.614714 0.008286 0.008429
12 0.989714 1.710143 0.009143 0.009429
35 1.191571 1.701429 0.015143 0.014714
35 1.199143 1.755571 0.013571 0.013143
19 1.220714 1.837000 0.012429 0.012714
33 1.256571 1.856143 0.014000 0.013857
19 1.302143 1.888714 0.012429 0.012143
35 1.327571 1.938571 0.014857 0.015000
17 1.344429 1.990571 0.007000 0.006143
17 1.334571 2.037714 0.008143 0.008000
17 1.372429 2.104286 0.008143 0.008429
17 1.417286 2.087714 0.008429 0.008714
19 1.499286 2.035143 0.008857 0.009571
17 1.413714 2.215286 0.009143 0.009143
12 1.634429 2.090000 0.009143 0.008429
17 1.781143 1.880000 0.008429 0.008571
33 1.870286 1.831000 0.014000 0.013714
19 1.900714 1.810143 0.008429 0.008714
17 1.937429 1.791286 0.008714 0.008714
12 1.830286 1.725286 0.009143 0.009571
13 1.783857 1.734000 0.007143 0.008571
33 1.714571 1.634000 0.014286 0.014286
35 1.737714 1.677286 0.016857 0.016143
35 1.690286 1.590571 0.015000 0.015000
33 1.667714 1.547143 0.015143 0.015286
33 1.616429 1.461429 0.014143 0.014714
33 1.563714 1.354714 0.013571 0.013571
34 1.618143 1.317571 0.015714 0.016429
19 1.657571 1.295000 0.008000 0.008000
17 1.710857 1.400143 0.009000 0.008714
19 1.601000 1.193857 0.012286 0.012714
17 1.519000 1.174571 0.009429 0.008857
17 1.540429 1.093143 0.008571 0.008857
19 1.513571 1.052714 0.012857 0.012571
17 1.344143 1.031857 0.008857 0.008571
19 1.291571 0.940429 0.012857 0.012571
19 1.438143 0.929857 0.012571 0.012286
12 0.892000 0.653286 0.008857 0.009000
33 1.058000 0.558714 0.014429 0.014286
34 1.094571 0.578000 0.016000 0.016571
35 1.239143 0.462429 0.015857 0.015714
33 1.226000 0.510000 0.014571 0.014571
17 1.273857 0.491714 0.008714 0.009000
35 1.121714 0.382857 0.016000 0.016000
35 2.250286 2.406000 0.015429 0.015143
33 2.309000 2.462714 0.014286 0.014429
19 2.299286 2.495571 0.014000 0.014143
33 2.335571 2.505714 0.015571 0.015286
34 2.322000 2.542429 0.017000 0.016000
35 2.487429 2.969714 0.015000 0.015286
12 2.524571 3.412571 0.009286 0.009143
35 2.502857 3.538714 0.015714 0.015714
19 2.418000 3.525714 0.007000 0.007143
17 2.468286 3.650143 0.008714 0.009000
19 2.556000 3.688571 0.007143 0.007143
19 1.812857 2.892286 0.013571 0.012714
35 1.763857 2.812286 0.015429 0.015286
17 1.719000 3.279000 0.008571 0.008857
8 0.049429 2.896429 0.017286 0.014571
8 2.504000 3.031286 0.067571 0.103000
8 2.586571 2.984429 0.067429 0.103714
0 0.145857 3.890143 0.005714 0.006000
0 2.150571 3.120857 0.018143 0.009571
0 2.252286 3.160000 0.016857 0.008429
9 0.077571 0.279143 0.009143 0.008714
9 0.114571 0.226000 0.009286 0.008714
9 0.152857 0.173429 0.009286 0.008714
9 0.192286 0.103714 0.009286 0.008714
