6 0.625417 0.765312 0.033333 0.020000
19 0.277500 0.912500 0.148333 0.100000
19 0.252500 0.740625 0.095000 0.081250
19 0.294167 0.834375 0.158333 0.113750
6 0.557083 0.829063 0.031667 0.022500
6 0.600417 0.918125 0.025000 0.023750
6 0.730833 0.813125 0.031667 0.023750
6 0.744167 0.821875 0.038333 0.028750
4 0.775833 0.836562 0.031667 0.023750
6 0.838333 0.919375 0.036667 0.016250
4 0.980000 0.396875 0.036667 0.023750
6 0.887083 0.364687 0.031667 0.021250
6 0.900000 0.355625 0.033333 0.021250
6 0.921667 0.337500 0.033333 0.020000
6 0.935000 0.329375 0.036667 0.023750
6 0.982083 0.129688 0.031667 0.025000
6 0.785833 0.103750 0.035000 0.022500
4 0.779583 0.492188 0.035000 0.022500
4 0.465000 0.364375 0.033333 0.021250
5 0.432083 0.347500 0.036667 0.022500
6 0.695000 0.322188 0.030000 0.021250
6 0.665000 0.308125 0.033333 0.021250
5 0.630833 0.293750 0.038333 0.025000
5 0.594167 0.276875 0.038333 0.023750
6 0.509167 0.237187 0.038333 0.023750
4 0.415000 0.103438 0.020000 0.023750
4 0.392917 0.102813 0.016667 0.021250
4 0.402500 0.189062 0.031667 0.020000
6 0.368333 0.172500 0.033333 0.020000
4 0.333333 0.157500 0.030000 0.017500
5 0.299167 0.142187 0.038333 0.023750
4 0.260000 0.125625 0.033333 0.021250
4 0.324167 0.125312 0.035000 0.020000
6 0.280833 0.105000 0.031667 0.020000
4 0.243333 0.089063 0.033333 0.020000
6 0.106667 0.202187 0.026667 0.017500
6 0.077083 0.186875 0.035000 0.021250
6 0.026667 0.165000 0.033333 0.020000
19 0.513333 0.980000 0.083333 0.061846
4 0.794583 0.315000 0.015000 0.020000
5 0.719167 0.922500 0.031667 0.015000
3 0.805833 0.395625 0.031667 0.023750
6 0.367917 0.047500 0.030000 0.022500
