7 2.326000 0.836000 0.005000 0.018000
1 2.126000 0.910000 0.015000 0.053000
7 3.934000 1.725000 0.018000 0.027000
7 3.698000 1.515000 0.029000 0.017000
7 3.781000 1.384000 0.018000 0.017000
1 3.907000 1.268000 0.022000 0.035000
1 3.979000 1.232000 0.020000 0.036000
8 2.157000 2.664000 0.190000 0.360000
7 3.644000 1.728000 0.018000 0.006000
7 3.622000 1.884000 0.017000 0.004000
7 3.756000 1.882000 0.018000 0.005000
7 3.684000 1.879000 0.010000 0.005000
7 3.600000 1.588000 0.010000 0.018000
7 3.608000 1.817000 0.006000 0.017000
7 3.854000 1.459000 0.015000 0.015000
7 3.734000 1.392000 0.016000 0.015000
26 3.692000 0.916000 0.052000 0.050000
26 0.990000 3.236000 0.041000 0.038000
