8 0.538000 0.985750 0.099000 0.034000
4 0.277000 0.051000 0.014000 0.018000
6 0.540500 0.018500 0.023000 0.011000
6 0.599750 0.018500 0.017000 0.021000
4 0.640000 0.045000 0.020000 0.018000
6 0.684750 0.019000 0.018000 0.020000
5 0.716250 0.077000 0.027000 0.010000
6 0.744500 0.084000 0.021000 0.010000
4 0.640250 0.096000 0.019000 0.026000
4 0.621250 0.099250 0.011000 0.019000
6 0.235500 0.522250 0.019000 0.010000
3 0.211250 0.527500 0.018000 0.011000
4 0.314500 0.460500 0.013000 0.017000
6 0.026750 0.801000 0.020000 0.018000
6 0.034250 0.808500 0.018000 0.017000
5 0.919500 0.116500 0.023000 0.011000
4 0.910750 0.142000 0.020000 0.018000
6 0.568000 0.427500 0.014000 0.019000
7 0.583000 0.432500 0.018000 0.023000
7 0.575250 0.430000 0.012000 0.016000
4 0.626000 0.447000 0.014000 0.020000
4 0.487000 0.522250 0.020000 0.018000
4 0.429000 0.685500 0.022000 0.021000
5 0.106000 0.842500 0.016000 0.019000
7 0.939250 0.134500 0.023000 0.037000
7 0.973750 0.138750 0.037000 0.060000
11 0.877250 0.185500 0.028000 0.017000
7 0.914500 0.207500 0.049000 0.035000
7 0.910000 0.227500 0.026000 0.019000
7 0.872000 0.254750 0.024000 0.013000
7 0.883250 0.278000 0.053000 0.030000
7 0.870000 0.318000 0.060000 0.030000
18 0.839000 0.347500 0.030000 0.015000
7 0.877500 0.358750 0.037000 0.020000
7 0.864000 0.377000 0.054000 0.024000
7 0.824500 0.524000 0.029000 0.020000
7 0.808500 0.537500 0.045000 0.029000
7 0.779250 0.590500 0.039000 0.021000
