6 0.060417 0.782500 0.015000 0.017500
6 0.083333 0.782813 0.020000 0.017500
6 0.048750 0.832187 0.030000 0.022500
6 0.106250 0.983750 0.023333 0.025000
4 0.704167 0.400313 0.021667 0.025000
6 0.937500 0.240313 0.035000 0.026250
6 0.695833 0.118438 0.035000 0.010000
6 0.167500 0.369688 0.035000 0.008750
6 0.205417 0.365625 0.035000 0.011250
6 0.242500 0.361250 0.038333 0.012500
4 0.165417 0.357500 0.031667 0.010000
6 0.173750 0.296875 0.035000 0.016250
6 0.140833 0.288750 0.038333 0.012500
6 0.156667 0.311563 0.040000 0.018750
6 0.485833 0.279375 0.021667 0.023750
4 0.389583 0.144687 0.025000 0.028750
6 0.182500 0.190000 0.041667 0.012500
4 0.169583 0.180312 0.030000 0.010000
4 0.299167 0.111875 0.038333 0.011250
5 0.661250 0.027813 0.020000 0.027500
4 0.936667 0.509687 0.016667 0.025000
4 0.852917 0.545000 0.036667 0.010000
6 0.807500 0.478125 0.018333 0.021250
4 0.745000 0.546875 0.036667 0.011250
4 0.540000 0.460000 0.016667 0.020000
4 0.523333 0.403125 0.020000 0.023750
4 0.476667 0.427500 0.020000 0.022500
6 0.489583 0.476562 0.021667 0.023750
9 0.541250 0.566250 0.090000 0.067500
4 0.371250 0.528438 0.038333 0.018750
4 0.387500 0.555625 0.035000 0.011250
4 0.583750 0.619062 0.020000 0.021250
4 0.765833 0.879375 0.028333 0.008750
4 0.764167 0.868125 0.028333 0.011250
4 0.759167 0.846250 0.031667 0.012500
4 0.760833 0.858125 0.025000 0.011250
4 0.776667 0.890000 0.030000 0.012500
6 0.787500 0.946250 0.031667 0.010000
4 0.776667 0.914375 0.040000 0.013750
4 0.780833 0.925625 0.035000 0.013750
6 0.774167 0.901875 0.038333 0.013750
4 0.754167 0.833125 0.038333 0.011250
6 0.748750 0.821875 0.036667 0.011250
6 0.625417 0.753125 0.020000 0.021250
6 0.617500 0.731250 0.018333 0.022500
4 0.598750 0.759687 0.018333 0.023750
4 0.579583 0.773750 0.020000 0.025000
6 0.274167 0.717187 0.031667 0.012500
6 0.477500 0.815000 0.038333 0.010000
6 0.383333 0.824688 0.036667 0.013750
4 0.341667 0.839063 0.036667 0.012500
4 0.432083 0.882812 0.040000 0.015000
6 0.222500 0.910000 0.018333 0.022500
4 0.182500 0.910937 0.021667 0.027500
4 0.164167 0.914375 0.025000 0.023750
6 0.022083 0.946875 0.033333 0.011250
7 0.080000 0.940312 0.040000 0.012500
4 0.082083 0.829375 0.035000 0.008750
6 0.265833 0.047813 0.031667 0.010000
