4 0.977000 0.077500 0.022000 0.017000
6 0.197500 0.595000 0.009000 0.016000
4 0.040000 0.928000 0.008000 0.016000
6 0.008500 0.969500 0.007000 0.017000
21 0.580500 0.172000 0.481000 0.348275
21 0.492500 0.384000 0.400000 0.304000
32 0.414000 0.476750 0.182000 0.168000
32 0.856750 0.379250 0.131000 0.120000
14 0.751000 0.523750 0.044000 0.080000
14 0.834250 0.523000 0.046000 0.080000
14 0.917500 0.530750 0.047000 0.080000
14 0.752250 0.654500 0.045000 0.079000
14 0.835250 0.654000 0.046000 0.080000
14 0.918500 0.653250 0.046000 0.079000
4 0.763500 0.050750 0.017000 0.015000
