5 0.013250 0.838250 0.013000 0.022000
4 0.108500 0.788500 0.009000 0.021000
4 0.118250 0.762250 0.018000 0.008000
6 0.116500 0.728500 0.009000 0.019000
4 0.096250 0.727000 0.009000 0.016000
4 0.084750 0.727000 0.010000 0.016000
5 0.536500 0.195500 0.013000 0.023000
5 0.301500 0.141500 0.009000 0.017000
4 0.533000 0.272000 0.022000 0.006000
4 0.531250 0.289000 0.022000 0.006000
5 0.531500 0.308500 0.029000 0.011000
6 0.579500 0.353000 0.015000 0.008000
5 0.721000 0.387250 0.026000 0.009000
6 0.786000 0.305500 0.026000 0.009000
9 0.751500 0.110750 0.041000 0.042000
6 0.810000 0.163500 0.012000 0.019000
4 0.820750 0.164500 0.009000 0.021000
4 0.833000 0.162250 0.012000 0.017000
5 0.846250 0.163500 0.011000 0.021000
4 0.857750 0.161500 0.010000 0.017000
6 0.869250 0.164500 0.013000 0.019000
6 0.881500 0.163500 0.011000 0.019000
6 0.917000 0.163750 0.012000 0.016000
6 0.951000 0.163500 0.010000 0.015000
4 0.973750 0.162500 0.013000 0.017000
5 0.963500 0.249250 0.023000 0.013000
