4 0.229250 0.884500 0.009000 0.015000
4 0.260000 0.633750 0.010000 0.017000
4 0.077500 0.473000 0.021000 0.010000
6 0.230250 0.374500 0.011000 0.017000
5 0.261000 0.324500 0.010000 0.021000
4 0.354250 0.473500 0.023000 0.009000
4 0.435000 0.474000 0.022000 0.008000
6 0.457500 0.473500 0.021000 0.009000
4 0.447500 0.151750 0.025000 0.010000
6 0.616000 0.475500 0.018000 0.007000
6 0.682750 0.475000 0.022000 0.008000
6 0.926000 0.474750 0.020000 0.007000
6 0.969500 0.474500 0.017000 0.007000
4 0.789000 0.946000 0.010000 0.014000
6 0.991596 0.922615 0.017000 0.008839
4 0.949750 0.297500 0.009000 0.017000
