6 0.050000 1.768750 0.015000 0.018750
6 0.350000 1.452500 0.018333 0.021250
6 0.440000 1.550000 0.020000 0.022500
6 0.588333 1.552500 0.016667 0.018750
4 0.756667 1.548750 0.018333 0.023750
6 0.906667 1.553750 0.016667 0.022500
4 0.746667 1.232500 0.020000 0.023750
4 1.223333 1.240000 0.015000 0.022500
6 1.373333 1.232500 0.020000 0.021250
6 0.590000 1.237500 0.018333 0.021250
6 0.443333 1.232500 0.018333 0.021250
4 0.200000 1.227500 0.016667 0.021250
6 0.120000 1.228750 0.016667 0.021250
4 0.046667 1.237500 0.016667 0.023750
6 3.575000 0.507500 0.023333 0.023750
14 2.162712 0.189115 0.091382 0.095365
14 2.706445 0.188297 0.086563 0.094547
14 2.170000 0.791250 0.088333 0.101250
14 2.706667 0.793750 0.086667 0.100000
