4 0.308750 0.022083 0.022500 0.036667
4 0.076250 0.144167 0.027500 0.021667
6 0.154688 0.142917 0.030000 0.021667
6 0.049688 0.132500 0.026250 0.018333
6 0.063125 0.100417 0.028750 0.020000
11 0.158750 0.280000 0.025000 0.020000
6 0.136875 0.327500 0.016250 0.011667
11 0.049063 0.382917 0.021250 0.033333
6 0.089375 0.391250 0.026250 0.021667
4 0.160625 0.476667 0.021250 0.033333
10 0.188438 0.614583 0.043750 0.035000
10 0.273125 0.653333 0.063750 0.050000
6 0.439375 0.720000 0.028750 0.023333
9 0.073125 0.601250 0.071250 0.081667
