1 0.227250 0.473250 0.123500 0.047500
1 0.354000 0.413500 0.030000 0.008000
2 0.903375 0.343000 0.075500 0.126000
2 0.869625 0.739500 0.142500 0.084000
2 0.522625 0.752000 0.147500 0.066000
2 0.294375 0.696000 0.084500 0.122500
18 0.246000 0.787500 0.017000 0.021000
7 0.264625 0.798500 0.007500 0.009000
22 0.110750 0.974250 0.025500 0.026500
28 0.218500 0.882750 0.013000 0.010500
28 0.213125 0.876875 0.015500 0.008500
28 0.216625 0.880250 0.011500 0.006500
28 0.197000 0.840625 0.009000 0.011000
28 0.195500 0.857375 0.010000 0.014500
28 0.190000 0.844375 0.008000 0.011500
28 0.032750 0.936625 0.014500 0.012500
28 0.031625 0.951375 0.013000 0.015500
28 0.026750 0.939875 0.013000 0.013500
28 0.047375 0.922125 0.012000 0.009500
28 0.066750 0.928875 0.012000 0.012500
28 0.030500 0.938750 0.011000 0.009000
28 0.022500 0.921125 0.009500 0.008000
28 0.017875 0.928875 0.011000 0.010500
28 0.008000 0.925250 0.009500 0.008000
28 0.019000 0.926250 0.012000 0.009500
28 0.021625 0.924125 0.009500 0.006000
22 0.094250 0.891250 0.018500 0.026500
28 0.098500 0.874500 0.013500 0.014000
28 0.045250 0.907500 0.010000 0.010500
28 0.038500 0.897625 0.012500 0.010000
28 0.075125 0.903375 0.018500 0.019500
28 0.073750 0.884125 0.016500 0.016000
28 0.062750 0.886000 0.018500 0.017500
28 0.069375 0.886000 0.017000 0.020000
28 0.069000 0.924625 0.014000 0.014500
28 0.069125 0.914750 0.030000 0.030000
28 0.087000 0.870250 0.015000 0.013500
28 0.080375 0.874750 0.014000 0.013500
28 0.091125 0.868125 0.013500 0.014000
28 0.082625 0.872125 0.013000 0.015500
28 0.094500 0.867250 0.010000 0.008500
28 0.097000 0.864125 0.009500 0.008500
28 0.078625 0.879250 0.012000 0.013500
28 0.082000 0.896500 0.013000 0.008000
8 0.238625 0.830500 0.075500 0.089000
8 0.141750 0.420500 0.008500 0.014000
8 0.148875 0.453750 0.010500 0.022500
8 0.266000 0.452375 0.007000 0.014500
8 0.185875 0.542500 0.010500 0.020000
2 0.689000 0.702750 0.121000 0.052500
21 0.018375 0.128000 0.062000 0.071000
