14 1.796250 0.338333 0.057500 0.135000
14 2.160000 0.338333 0.057500 0.135000
14 2.533750 0.338333 0.055000 0.135000
14 3.027500 0.336667 0.056250 0.131667
14 3.400000 0.331667 0.055000 0.135000
14 3.766250 0.333333 0.056250 0.133333
14 3.030000 1.346667 0.056250 0.133333
14 3.400000 1.346667 0.057500 0.133333
14 3.768750 1.343333 0.055000 0.131667
14 3.028750 2.358333 0.055000 0.133333
14 3.398750 2.356667 0.056250 0.135000
14 3.770000 2.355000 0.055000 0.133333
6 0.495000 2.496667 0.025000 0.011667
4 0.612500 2.500000 0.021250 0.010000
4 1.115000 0.506667 0.012500 0.030000
4 1.121250 0.656667 0.011250 0.028333
4 1.125000 1.186667 0.012500 0.023333
6 1.175000 3.906667 0.010000 0.023333
6 3.786250 3.595000 0.015000 0.028333
6 0.801250 0.090000 0.025000 0.008333
4 1.116250 0.371667 0.013750 0.028333
9 1.098750 3.178333 0.072500 0.100000
