6 0.951000 0.310000 0.023000 0.007000
4 1.484000 0.310000 0.022000 0.007000
4 1.592000 0.314000 0.026000 0.007000
6 1.730000 0.311000 0.027000 0.008000
4 0.330000 0.884000 0.009000 0.016000
6 0.454000 0.887000 0.009000 0.016000
6 0.532000 0.726000 0.010000 0.015000
4 0.531000 0.801000 0.010000 0.018000
6 0.535000 0.948000 0.009000 0.016000
6 0.528000 1.104000 0.008000 0.016000
6 0.322000 1.238000 0.009000 0.017000
4 0.530000 1.346000 0.009000 0.017000
6 0.318000 1.452000 0.009000 0.016000
4 0.522000 1.603000 0.009000 0.017000
6 0.382000 1.720000 0.009000 0.016000
6 0.521000 1.888000 0.009000 0.018000
6 0.524000 1.968000 0.010000 0.016000
4 0.316000 1.985000 0.010000 0.018000
5 0.446000 2.104000 0.009000 0.016000
6 0.516000 2.155000 0.008000 0.015000
5 0.448000 2.649000 0.008000 0.017000
4 1.068000 1.864000 0.022000 0.008000
4 1.458000 1.817000 0.023000 0.007000
6 1.458000 1.852000 0.025000 0.006000
4 1.425000 2.174000 0.023000 0.007000
4 1.405000 2.209000 0.021000 0.007000
6 1.365000 2.576000 0.007000 0.016000
6 0.057000 3.089000 0.024000 0.008000
6 0.706000 3.018000 0.023000 0.007000
4 0.997000 3.021000 0.026000 0.007000
4 0.902000 3.119000 0.025000 0.007000
4 1.843000 3.114000 0.021000 0.007000
6 1.473000 3.635000 0.020000 0.007000
6 1.497000 3.599000 0.015000 0.007000
9 0.369000 3.066000 0.090000 0.055000
6 2.368000 3.016000 0.024000 0.008000
9 2.232000 3.052000 0.082000 0.054000
4 0.229000 3.722000 0.009000 0.017000
4 0.468000 3.570000 0.008000 0.017000
4 0.468000 3.657000 0.010000 0.017000
6 0.462000 3.892000 0.009000 0.016000
6 0.228000 3.824000 0.010000 0.016000
4 0.230000 3.909000 0.009000 0.017000
4 2.145000 3.870000 0.008000 0.017000
4 2.288000 3.702000 0.008000 0.017000
6 2.292000 3.595000 0.010000 0.016000
6 2.302000 3.362000 0.011000 0.017000
6 3.366000 3.598000 0.023000 0.007000
6 2.835000 3.468000 0.010000 0.014000
6 2.730000 3.552000 0.013000 0.006000
6 2.728000 3.502000 0.012000 0.005000
6 2.689000 3.066000 0.021000 0.007000
6 2.822000 3.114000 0.019000 0.007000
6 2.936000 3.115000 0.022000 0.007000
3 2.835000 3.058000 0.026000 0.007000
6 2.942000 3.016000 0.023000 0.008000
3 3.108000 3.064000 0.050000 0.010000
4 3.321000 3.062000 0.024000 0.007000
6 3.464000 3.060000 0.022000 0.006000
4 3.592000 3.055000 0.022000 0.008000
5 3.752000 3.058000 0.028000 0.007000
6 3.882000 3.066000 0.021000 0.007000
6 2.836000 2.898000 0.024000 0.007000
6 2.841000 2.860000 0.023000 0.008000
4 2.852000 2.826000 0.022000 0.007000
6 2.840000 2.722000 0.022000 0.007000
6 2.843000 2.677000 0.023000 0.007000
5 2.844000 2.646000 0.024000 0.005000
4 3.068000 2.651000 0.024000 0.007000
4 2.840000 2.571000 0.024000 0.007000
4 3.204000 2.565000 0.010000 0.016000
4 3.271000 2.580000 0.021000 0.008000
6 3.278000 2.548000 0.019000 0.006000
6 3.289000 2.515000 0.020000 0.007000
6 2.842000 2.536000 0.021000 0.006000
6 2.838000 2.500000 0.023000 0.006000
6 2.846000 2.424000 0.023000 0.006000
6 3.066000 2.427000 0.021000 0.007000
4 3.137000 2.491000 0.020000 0.017000
6 3.276000 2.441000 0.024000 0.007000
6 3.272000 2.402000 0.022000 0.007000
6 3.277000 2.361000 0.024000 0.007000
6 3.276000 2.320000 0.024000 0.008000
6 3.472000 2.384000 0.022000 0.006000
4 3.476000 2.346000 0.022000 0.007000
6 3.480000 2.270000 0.022000 0.007000
5 3.282000 2.262000 0.019000 0.007000
4 3.278000 2.232000 0.023000 0.006000
6 3.004000 2.255000 0.020000 0.007000
4 3.000000 2.217000 0.024000 0.007000
4 3.280000 2.183000 0.022000 0.006000
4 3.472000 2.162000 0.022000 0.007000
6 3.306000 2.106000 0.023000 0.007000
5 3.480000 2.088000 0.026000 0.008000
4 3.472000 2.041000 0.024000 0.007000
4 3.048000 1.907000 0.024000 0.007000
4 3.041000 1.870000 0.024000 0.007000
6 3.258000 1.927000 0.021000 0.006000
6 3.261000 1.886000 0.024000 0.007000
6 3.264000 1.841000 0.020000 0.007000
6 2.307000 2.352000 0.009000 0.018000
6 2.164000 2.238000 0.008000 0.019000
4 2.316000 2.030000 0.008000 0.019000
4 2.312000 1.897000 0.010000 0.019000
4 3.291000 1.692000 0.023000 0.008000
6 3.292000 1.615000 0.022000 0.007000
4 3.293000 1.462000 0.026000 0.007000
4 3.290000 1.427000 0.023000 0.007000
6 2.311000 1.687000 0.009000 0.015000
5 2.314000 1.612000 0.007000 0.014000
4 2.322000 1.250000 0.011000 0.017000
6 2.320000 0.932000 0.010000 0.018000
6 2.188000 0.908000 0.010000 0.020000
6 2.328000 0.766000 0.010000 0.015000
6 2.185000 0.689000 0.010000 0.018000
6 2.328000 0.683000 0.010000 0.016000
9 0.438000 0.396000 0.079000 0.054000
9 2.269000 0.369000 0.064000 0.055000
6 2.697000 0.430000 0.026000 0.009000
4 2.805000 0.432000 0.024000 0.008000
6 2.660000 0.381000 0.022000 0.008000
4 3.079000 0.381000 0.021000 0.009000
4 3.197000 0.307000 0.025000 0.008000
6 3.394000 0.430000 0.023000 0.005000
6 3.505000 0.308000 0.019000 0.008000
6 3.612000 0.309000 0.018000 0.006000
4 3.639000 0.431000 0.019000 0.007000
4 3.744000 0.428000 0.022000 0.006000
4 3.859000 0.429000 0.025000 0.009000
3 3.844000 0.310000 0.026000 0.011000
4 3.039000 0.139000 0.017000 0.018000
6 3.434000 0.100000 0.017000 0.018000
4 3.340000 0.062000 0.020000 0.021000
6 3.294000 0.037000 0.021000 0.019000
4 1.614000 3.464000 0.011000 0.012000
6 1.028000 3.460000 0.010000 0.012000
6 1.248000 0.652000 0.022000 0.020000
6 1.458000 2.707000 0.009000 0.014000
