17 3.420000 3.698333 0.093333 0.085000
13 3.335000 3.291667 0.095000 0.080000
13 3.198333 2.173333 0.093333 0.078333
13 2.333333 2.175000 0.093333 0.080000
17 2.400000 2.635000 0.086667 0.083333
19 2.383333 3.016667 0.085000 0.070000
17 2.460000 3.396667 0.083333 0.075000
19 2.453333 3.831667 0.068333 0.061667
17 1.530000 3.523333 0.091667 0.081667
17 1.503333 3.131667 0.098333 0.091667
27 0.488333 2.410000 0.088333 0.075000
19 0.538333 2.831667 0.113333 0.103333
19 0.605000 3.280000 0.108333 0.093333
17 0.656667 3.695000 0.095000 0.085000
