4 0.066000 0.308500 0.010000 0.021000
6 0.154750 0.354000 0.024000 0.008000
4 0.159500 0.364250 0.021000 0.010000
6 0.631250 0.749500 0.023000 0.025000
6 0.589000 0.543000 0.022000 0.010000
6 0.499000 0.502500 0.010000 0.017000
4 0.555500 0.453500 0.025000 0.011000
6 0.402500 0.477500 0.019000 0.007000
6 0.426500 0.481250 0.017000 0.011000
6 0.466750 0.170000 0.028000 0.010000
4 0.391500 0.096000 0.011000 0.018000
4 0.389750 0.113500 0.010000 0.015000
6 0.619500 0.121000 0.011000 0.018000
9 0.117500 0.145000 0.069000 0.074000
4 0.102750 0.876000 0.020000 0.016000
6 0.666750 0.903000 0.020000 0.018000
6 0.958500 0.902000 0.019000 0.018000
6 0.791500 0.641250 0.019000 0.009000
4 0.852250 0.620250 0.010000 0.018000
4 0.863250 0.551500 0.009000 0.019000
4 0.778000 0.523500 0.016000 0.009000
4 0.788250 0.247500 0.011000 0.019000
6 0.834500 0.129000 0.011000 0.018000
6 0.834000 0.152500 0.010000 0.017000
6 0.849500 0.154750 0.011000 0.020000
5 0.987250 0.107250 0.023000 0.018000
6 0.988250 0.204250 0.018000 0.014000
4 0.969250 0.367000 0.023000 0.012000
9 0.456000 0.723000 0.132000 0.102000
9 0.837750 0.919250 0.183000 0.159000
