19 3.652000 2.804000 0.074000 0.068000
20 3.654000 3.166000 0.085000 0.077000
19 3.728000 3.520000 0.068000 0.054000
34 3.714000 3.878000 0.097000 0.093000
33 2.296000 2.852000 0.082000 0.082000
19 2.332000 3.219000 0.084000 0.081000
20 2.375000 3.581000 0.076000 0.078000
20 2.390000 3.934000 0.075000 0.079000
29 1.486000 2.938000 0.093000 0.087000
19 1.534000 3.350000 0.087000 0.079000
33 1.566000 3.775000 0.083000 0.083000
19 0.352000 3.822000 0.054000 0.055000
12 0.371000 3.232000 0.059000 0.056000
17 0.146000 2.933000 0.065000 0.065000
