6 2.211000 0.011000 0.021000 0.009000
6 3.805000 0.040000 0.014000 0.018000
4 3.774000 0.246000 0.013000 0.017000
6 3.597000 3.274000 0.017000 0.013000
4 3.589000 3.306000 0.018000 0.015000
4 3.594000 2.284000 0.019000 0.014000
3 3.508000 2.560000 0.026000 0.010000
32 2.054000 2.150000 0.157000 0.141000
32 2.415000 0.992000 0.145000 0.124000
32 3.328000 1.782000 0.130000 0.101000
32 1.519000 0.609000 0.173000 0.141000
6 3.876000 1.389000 0.024000 0.008000
4 2.614000 3.497000 0.021000 0.009000
6 3.036000 3.672000 0.008000 0.010000
4 3.081000 3.676000 0.006000 0.010000
4 2.928000 3.627000 0.018000 0.009000
6 3.510000 3.971000 0.013000 0.017000
6 3.503000 2.987000 0.019000 0.011000
4 2.571000 0.381000 0.016000 0.010000
