4 0.223333 0.072500 0.015000 0.018750
6 0.230000 0.246250 0.021667 0.022500
4 3.281667 0.291250 0.011667 0.015000
6 3.696667 0.878750 0.035000 0.008750
4 3.511667 0.878750 0.038333 0.007500
4 3.370000 0.882500 0.021667 0.006250
6 2.998333 0.892500 0.016667 0.006250
4 2.330000 0.903750 0.028333 0.010000
6 3.146667 1.062500 0.016667 0.021250
6 3.286667 1.071250 0.020000 0.015000
4 3.413333 1.061250 0.016667 0.013750
16 0.355000 2.386250 0.018333 0.037500
4 0.346667 2.250000 0.013333 0.015000
4 0.193333 2.473750 0.020000 0.025000
4 2.530000 2.616250 0.038333 0.010000
6 2.730000 2.617500 0.035000 0.008750
21 1.556667 1.612500 0.238333 0.067500
21 1.540000 2.167500 0.256667 0.080000
6 3.146667 3.597500 0.030000 0.011250
6 3.531667 3.876250 0.028333 0.008750
9 0.243333 2.698750 0.068333 0.057500
4 1.233333 3.635000 0.036667 0.010000
6 0.750000 0.822500 0.038333 0.011250
6 0.948333 0.820000 0.041667 0.012500
