5 3.946667 2.237500 0.020000 0.028750
6 2.088333 2.422500 0.041667 0.021250
5 1.393333 2.442500 0.020000 0.026250
4 0.918333 2.715000 0.018333 0.020000
4 0.913333 2.612500 0.020000 0.023750
6 0.900000 2.476250 0.023333 0.022500
4 2.656667 0.807500 0.018333 0.023750
4 2.475000 0.803750 0.018333 0.022500
4 1.350000 1.113750 0.018333 0.023750
6 1.433333 1.115000 0.020000 0.022500
4 1.336667 1.316250 0.021667 0.023750
6 1.183333 1.107500 0.018333 0.023750
4 1.273333 1.112500 0.016667 0.021250
6 1.110000 1.316250 0.021667 0.025000
6 1.100000 1.107500 0.020000 0.023750
5 0.735000 0.222500 0.036667 0.026250
6 0.748333 0.342500 0.036667 0.023750
4 0.751667 0.555000 0.038333 0.022500
6 0.741667 0.668750 0.041667 0.023750
6 0.410000 1.000000 0.038333 0.010000
6 0.743333 0.795000 0.035000 0.022500
4 0.396667 0.912500 0.041667 0.011250
6 0.366667 1.400000 0.016667 0.025000
6 0.456667 1.405000 0.018333 0.022500
4 0.743333 0.983750 0.038333 0.023750
4 0.740000 1.098750 0.036667 0.023750
6 0.733333 1.042500 0.033333 0.021250
4 1.780000 0.392500 0.023333 0.023750
4 1.990000 0.851250 0.041667 0.012500
4 2.090000 0.982500 0.038333 0.011250
4 2.086667 1.035000 0.030000 0.010000
4 3.081667 0.177500 0.018333 0.021250
4 3.458333 1.110000 0.018333 0.022500
4 3.615000 1.380000 0.021667 0.022500
4 3.420000 1.377500 0.020000 0.026250
6 3.508333 1.372500 0.020000 0.023750
6 3.753333 1.385000 0.023333 0.025000
6 3.941667 1.376250 0.021667 0.027500
6 3.848333 1.387500 0.020000 0.026250
