12 3.862000 3.145000 0.055000 0.051000
12 3.835000 2.956000 0.052000 0.050000
13 3.727000 2.565000 0.062000 0.053000
17 3.906000 2.276000 0.055000 0.056000
19 1.044000 2.270000 0.048000 0.045000
17 1.246000 2.272000 0.049000 0.050000
19 1.452000 2.240000 0.046000 0.046000
19 1.654000 2.227000 0.045000 0.046000
19 1.862000 2.219000 0.047000 0.046000
12 0.456000 3.192000 0.066000 0.066000
17 0.918000 3.065000 0.047000 0.045000
17 1.406000 3.009000 0.049000 0.048000
17 1.674000 3.007000 0.047000 0.047000
19 2.021000 2.480000 0.044000 0.046000
