6 1.656667 3.607500 0.015000 0.018750
4 3.263333 3.546250 0.015000 0.021250
9 0.736667 3.591250 0.108333 0.065000
4 0.286667 3.525000 0.036667 0.010000
6 3.130000 2.405000 0.028333 0.007500
6 3.186667 2.296250 0.030000 0.008750
6 2.955000 2.407500 0.028333 0.008750
4 2.763333 2.412500 0.031667 0.006250
4 2.650000 2.315000 0.035000 0.007500
6 1.963333 2.430000 0.025000 0.007500
6 2.086667 2.322500 0.033333 0.006250
6 1.223333 2.440000 0.038333 0.007500
6 1.151667 2.336250 0.035000 0.008750
9 0.663333 2.362500 0.105000 0.063750
4 2.956667 0.435000 0.035000 0.010000
6 1.210000 0.385000 0.021667 0.012500
6 1.153333 0.477500 0.033333 0.011250
6 0.950000 0.475000 0.028333 0.007500
9 3.816667 0.446250 0.068333 0.050000
4 0.855000 2.947500 0.018333 0.021250
4 0.851667 2.855000 0.015000 0.020000
4 0.560000 1.798750 0.030000 0.020000
9 0.580000 0.532500 0.100000 0.053750
3 0.460000 0.303750 0.023333 0.026250
4 2.846667 3.252500 0.010000 0.018750
6 2.621667 3.162500 0.038333 0.008750
6 2.558333 2.922500 0.038333 0.008750
5 2.566667 2.873750 0.040000 0.008750
6 2.546667 2.823750 0.033333 0.010000
6 2.640000 2.533750 0.013333 0.017500
4 2.565000 2.546250 0.016667 0.018750
4 1.376667 2.803750 0.015000 0.020000
16 0.550000 1.495000 0.021667 0.042500
4 1.186667 0.676250 0.013333 0.018750
4 1.356667 0.671250 0.018333 0.022500
4 2.483333 0.870000 0.015000 0.020000
6 2.646667 0.865000 0.020000 0.022500
6 3.196667 0.865000 0.018333 0.020000
5 3.520000 0.860000 0.016667 0.037500
11 3.453333 1.415000 0.013333 0.012500
11 3.370000 1.412500 0.011667 0.011250
11 3.276667 1.400000 0.011667 0.015000
11 2.843333 1.392500 0.011667 0.018750
11 2.290000 1.437500 0.011667 0.013750
4 1.933333 1.420000 0.013333 0.017500
4 1.850000 1.425000 0.015000 0.017500
6 1.660000 1.422500 0.010000 0.016250
6 1.573333 1.426250 0.010000 0.016250
6 1.493333 1.420000 0.010000 0.017500
6 1.403333 1.430000 0.011667 0.015000
4 1.220000 1.433750 0.013333 0.020000
4 2.620000 1.597500 0.033333 0.008750
4 3.065000 1.680000 0.015000 0.020000
4 3.313333 1.672500 0.016667 0.021250
4 3.606667 0.337500 0.023333 0.021250
4 3.498333 0.350000 0.013333 0.017500
4 3.345000 0.356250 0.013333 0.018750
6 3.083333 0.367500 0.015000 0.018750
4 2.663333 0.346250 0.015000 0.017500
12 2.590000 0.357500 0.015000 0.021250
6 2.463333 0.325000 0.031667 0.007500
6 2.470000 0.280000 0.035000 0.010000
6 2.490000 0.235000 0.028333 0.007500
4 2.751667 0.351250 0.013333 0.018750
4 2.303333 0.372500 0.031667 0.013750
6 2.296667 0.265000 0.038333 0.020000
6 2.000000 0.322500 0.040000 0.021250
6 2.261667 0.045000 0.035000 0.020000
9 0.610000 1.120000 0.115000 0.040000
11 2.010000 1.416250 0.018333 0.020000
11 2.943333 1.407500 0.011667 0.013750
