4 0.983125 0.898750 0.026250 0.025000
4 0.966562 0.870000 0.026250 0.030000
5 0.350000 0.906250 0.030000 0.015000
6 0.268750 0.819167 0.012500 0.031667
5 0.076875 0.786667 0.013750 0.040000
4 0.559375 0.845833 0.011250 0.031667
4 0.908750 0.480417 0.012500 0.028333
4 0.940000 0.467500 0.015000 0.028333
4 0.955313 0.461250 0.018750 0.031667
4 0.980000 0.446667 0.022500 0.033333
4 0.950000 0.370000 0.012500 0.030000
4 0.965938 0.332500 0.013750 0.031667
6 0.983437 0.334167 0.013750 0.031667
6 0.884375 0.333333 0.011250 0.026667
11 0.985313 0.102500 0.010000 0.025000
4 0.710000 0.186667 0.017500 0.013333
11 0.804688 0.038333 0.023750 0.013333
11 0.835938 0.042917 0.027500 0.015000
