2 0.766000 0.020000 0.053000 0.010000
18 0.766000 0.065000 0.045000 0.012000
2 0.794000 0.107000 0.049000 0.009000
2 0.566000 0.178000 0.069000 0.029000
2 0.594000 0.218000 0.063000 0.027000
0 0.564000 0.286000 0.092000 0.041000
2 0.590000 0.368000 0.097000 0.048000
2 0.844000 0.286000 0.026000 0.077000
2 0.931000 0.290000 0.025000 0.085000
2 1.005000 0.281000 0.021000 0.082000
2 1.083000 0.296000 0.022000 0.084000
2 1.158000 0.300000 0.021000 0.086000
2 1.234000 0.344000 0.033000 0.110000
2 0.826000 0.949000 0.069000 0.039000
2 0.594000 1.288000 0.067000 0.024000
2 0.600000 1.388000 0.066000 0.024000
2 0.582000 1.334000 0.065000 0.025000
2 0.308000 1.626000 0.058000 0.043000
2 0.278000 1.672000 0.057000 0.044000
2 0.256000 1.709000 0.058000 0.043000
2 0.238000 1.758000 0.055000 0.045000
2 0.212000 1.800000 0.056000 0.040000
2 0.186000 1.834000 0.057000 0.045000
2 1.194000 1.452000 0.067000 0.024000
2 1.209000 1.495000 0.066000 0.024000
2 1.222000 1.542000 0.069000 0.023000
2 1.228000 1.586000 0.068000 0.023000
2 1.224000 1.634000 0.070000 0.027000
2 1.230000 1.690000 0.069000 0.025000
2 1.250000 1.732000 0.067000 0.026000
2 1.269000 1.773000 0.063000 0.025000
2 1.258000 1.818000 0.063000 0.025000
2 1.276000 1.860000 0.070000 0.026000
2 1.303000 1.904000 0.067000 0.030000
2 1.310000 1.947000 0.061000 0.028000
2 1.838000 1.520000 0.065000 0.016000
2 2.601000 1.306000 0.071000 0.035000
2 2.633000 1.344000 0.073000 0.034000
18 2.629000 1.396000 0.070000 0.036000
2 2.884000 1.576000 0.074000 0.018000
2 2.902000 1.626000 0.069000 0.017000
2 0.152000 2.992000 0.038000 0.068000
2 0.191000 3.021000 0.040000 0.069000
2 0.232000 3.055000 0.040000 0.068000
2 0.279000 3.078000 0.040000 0.067000
2 0.920000 2.363000 0.070000 0.048000
2 0.884000 2.411000 0.062000 0.042000
2 0.881000 2.462000 0.061000 0.039000
2 0.846000 2.490000 0.061000 0.041000
2 0.822000 2.534000 0.065000 0.043000
2 0.789000 2.572000 0.063000 0.042000
2 1.735000 0.709000 0.074000 0.026000
2 2.516000 0.720000 0.070000 0.018000
2 2.510000 0.766000 0.065000 0.017000
2 2.136000 2.497000 0.056000 0.049000
2 3.494000 0.982000 0.071000 0.015000
2 3.510000 1.036000 0.063000 0.012000
18 3.510000 1.088000 0.065000 0.014000
2 3.416000 0.340000 0.072000 0.016000
2 3.414000 0.287000 0.073000 0.015000
