6 0.701250 0.993333 0.020000 0.013333
6 0.985938 0.781250 0.017500 0.021667
4 0.967500 0.758750 0.020000 0.023333
4 0.883437 0.935000 0.025000 0.016667
6 0.887500 0.907500 0.017500 0.025000
6 0.870625 0.905833 0.018750 0.025000
6 0.839375 0.902083 0.023750 0.031667
4 0.879062 0.812500 0.021250 0.025000
6 0.863750 0.787917 0.020000 0.023333
6 0.896250 0.722917 0.017500 0.018333
6 0.855625 0.774583 0.023750 0.030000
4 0.916250 0.685000 0.025000 0.030000
5 0.888125 0.711250 0.031250 0.033333
4 0.836875 0.751667 0.028750 0.030000
4 0.823125 0.728333 0.026250 0.030000
6 0.815000 0.715000 0.022500 0.026667
6 0.814688 0.679167 0.017500 0.025000
6 0.825625 0.670000 0.021250 0.030000
4 0.837812 0.660000 0.023750 0.030000
6 0.848750 0.649583 0.020000 0.023333
6 0.861563 0.642500 0.022500 0.028333
4 0.130000 0.953333 0.022500 0.026667
6 0.116562 0.864583 0.022500 0.025000
6 0.123750 0.879167 0.025000 0.025000
6 0.140625 0.903750 0.026250 0.028333
6 0.155000 0.926667 0.026250 0.030000
5 0.165313 0.868333 0.018750 0.033333
6 0.241875 0.897083 0.026250 0.030000
6 0.232500 0.887500 0.022500 0.025000
4 0.214688 0.866250 0.022500 0.026667
6 0.199687 0.842917 0.026250 0.030000
4 0.256875 0.848750 0.026250 0.028333
4 0.221250 0.822500 0.025000 0.028333
4 0.198437 0.790833 0.026250 0.031667
4 0.300625 0.739167 0.028750 0.028333
6 0.301875 0.723333 0.018750 0.020000
5 0.347813 0.711250 0.015000 0.026667
6 0.272188 0.687917 0.022500 0.025000
6 0.288750 0.610000 0.020000 0.020000
6 0.250625 0.654583 0.022500 0.026667
4 0.210938 0.730833 0.020000 0.025000
6 0.189062 0.709167 0.018750 0.021667
6 0.181562 0.695833 0.025000 0.028333
4 0.165313 0.670833 0.026250 0.031667
6 0.151875 0.660000 0.023750 0.030000
6 0.073438 0.584583 0.037500 0.035000
6 0.144375 0.584583 0.008750 0.026667
6 0.034375 0.812917 0.023750 0.025000
4 0.017188 0.787917 0.026250 0.031667
6 0.039688 0.748333 0.025000 0.026667
4 0.017500 0.727917 0.022500 0.025000
6 0.156250 0.164167 0.015000 0.021667
6 0.162812 0.099167 0.020000 0.028333
4 0.172813 0.113750 0.022500 0.031667
6 0.184375 0.121250 0.018750 0.028333
6 0.291875 0.133750 0.016250 0.026667
6 0.276875 0.130000 0.016250 0.026667
6 0.263750 0.124167 0.016250 0.028333
6 0.251563 0.115000 0.021250 0.030000
6 0.242812 0.107917 0.022500 0.033333
4 0.190625 0.085000 0.023750 0.036667
3 0.217500 0.029167 0.037500 0.031667
6 0.406250 0.405000 0.022500 0.026667
4 0.419063 0.388333 0.021250 0.023333
6 0.445000 0.367083 0.017500 0.010000
6 0.445000 0.351667 0.020000 0.010000
6 0.391250 0.451667 0.017500 0.030000
6 0.401250 0.462500 0.015000 0.028333
4 0.421875 0.483333 0.018750 0.033333
6 0.368125 0.560000 0.018750 0.010000
6 0.350313 0.537083 0.021250 0.013333
6 0.378125 0.530833 0.021250 0.011667
6 0.400625 0.552083 0.021250 0.013333
6 0.408438 0.565833 0.018750 0.011667
6 0.401562 0.600417 0.026250 0.018333
6 0.443437 0.607500 0.016250 0.011667
6 0.323125 0.574583 0.008750 0.015000
6 0.342187 0.600417 0.011250 0.020000
6 0.370312 0.638333 0.011250 0.020000
4 0.416250 0.706250 0.015000 0.030000
4 0.447500 0.707500 0.018750 0.025000
6 0.504062 0.580417 0.020000 0.010000
6 0.503750 0.551667 0.027500 0.013333
6 0.505625 0.537500 0.023750 0.011667
6 0.509375 0.509167 0.026250 0.011667
6 0.505625 0.494583 0.021250 0.013333
5 0.441875 0.426250 0.028750 0.013333
6 0.506563 0.422500 0.020000 0.011667
6 0.505625 0.409167 0.018750 0.008333
6 0.505625 0.380833 0.021250 0.011667
4 0.504375 0.338333 0.023750 0.010000
6 0.504062 0.323750 0.023750 0.011667
6 0.504687 0.293750 0.021250 0.011667
4 0.510312 0.265833 0.026250 0.015000
6 0.478125 0.142083 0.023750 0.011667
6 0.475625 0.124583 0.021250 0.010000
6 0.475000 0.106667 0.020000 0.010000
4 0.475625 0.077500 0.023750 0.011667
6 0.475625 0.058333 0.021250 0.010000
6 0.529062 0.116667 0.011250 0.026667
6 0.530312 0.085833 0.010000 0.025000
5 0.519687 0.027083 0.011250 0.036667
6 0.475000 0.016250 0.020000 0.011667
6 0.244375 0.044167 0.016250 0.015000
5 0.299375 0.079167 0.031250 0.015000
6 0.297187 0.044167 0.010000 0.028333
6 0.309375 0.034583 0.011250 0.028333
4 0.915625 0.163333 0.026250 0.036667
4 0.623125 0.955417 0.011250 0.025000
6 0.660937 0.937500 0.010000 0.025000
4 0.627500 0.886667 0.010000 0.026667
4 0.661250 0.873333 0.010000 0.026667
6 0.645938 0.867917 0.012500 0.028333
4 0.611250 0.857500 0.010000 0.028333
5 0.630000 0.837083 0.012500 0.033333
6 0.663125 0.830833 0.008750 0.025000
6 0.646563 0.818333 0.011250 0.026667
4 0.663125 0.796667 0.008750 0.026667
6 0.580625 0.787917 0.021250 0.025000
4 0.673125 0.666250 0.023750 0.020000
4 0.619062 0.600000 0.015000 0.030000
6 0.549375 0.595000 0.008750 0.023333
6 0.564375 0.597500 0.011250 0.028333
6 0.581250 0.585833 0.010000 0.028333
6 0.566875 0.561667 0.008750 0.026667
6 0.598437 0.536667 0.012500 0.030000
6 0.596562 0.576667 0.011250 0.026667
4 0.673438 0.405833 0.015000 0.028333
6 0.665312 0.354167 0.011250 0.028333
6 0.671562 0.317917 0.017500 0.028333
4 0.620313 0.034167 0.010000 0.028333
4 0.336875 0.964583 0.023750 0.030000
6 0.409375 0.930833 0.026250 0.031667
6 0.412500 0.903750 0.020000 0.023333
4 0.494063 0.810000 0.023750 0.026667
6 0.456562 0.759583 0.023750 0.011667
6 0.726875 0.605417 0.023750 0.026667
5 0.734062 0.576667 0.032500 0.036667
4 0.730313 0.557083 0.025000 0.028333
4 0.777813 0.540833 0.026250 0.028333
5 0.829375 0.494583 0.038750 0.045000
4 0.812187 0.465417 0.026250 0.026667
6 0.872188 0.460833 0.023750 0.025000
4 0.833125 0.027500 0.021250 0.011667
4 0.833438 0.045417 0.023750 0.013333
6 0.826250 0.059583 0.017500 0.010000
6 0.795000 0.187500 0.012500 0.025000
6 0.835938 0.236250 0.017500 0.030000
6 0.810937 0.233750 0.013750 0.021667
6 0.796562 0.234167 0.016250 0.021667
6 0.782188 0.230833 0.017500 0.025000
5 0.745625 0.275833 0.011250 0.028333
5 0.834375 0.270833 0.011250 0.031667
6 0.796875 0.276667 0.011250 0.016667
4 0.391250 0.309583 0.025000 0.028333
4 0.384062 0.321667 0.021250 0.023333
6 0.375000 0.332500 0.017500 0.018333
4 0.370312 0.345833 0.023750 0.025000
6 0.356875 0.378750 0.016250 0.018333
6 0.325000 0.417917 0.027500 0.028333
6 0.314375 0.438333 0.023750 0.023333
6 0.305625 0.449167 0.025000 0.025000
6 0.298125 0.461667 0.026250 0.026667
6 0.288750 0.472500 0.020000 0.021667
6 0.281562 0.483333 0.021250 0.023333
6 0.273125 0.496250 0.023750 0.025000
6 0.251875 0.533333 0.021250 0.023333
6 0.243750 0.545833 0.023750 0.025000
6 0.236875 0.557083 0.023750 0.025000
6 0.228437 0.571667 0.027500 0.026667
6 0.030937 0.930000 0.016250 0.023333
6 0.035000 0.961667 0.023750 0.033333
4 0.888125 0.986667 0.008750 0.023333
6 0.806250 0.977083 0.010000 0.025000
4 0.792500 0.975833 0.010000 0.025000
6 0.779375 0.974583 0.008750 0.025000
4 0.765625 0.972500 0.008750 0.021667
5 0.752500 0.971667 0.012500 0.033333
4 0.739375 0.968750 0.011250 0.025000
6 0.724688 0.973333 0.012500 0.033333
6 0.414375 0.271250 0.026250 0.030000
9 0.619375 0.700417 0.388750 0.426667
