6 2.573000 1.174000 0.023000 0.011000
9 1.958000 2.148000 0.049000 0.024000
5 2.333000 3.700000 0.028000 0.008000
5 2.310000 3.613000 0.025000 0.009000
9 1.931000 3.650000 0.047000 0.049000
9 1.004000 3.630000 0.024000 0.041000
5 1.875000 3.736000 0.015000 0.024000
6 1.506000 3.990000 0.019000 0.007000
4 0.197000 2.358000 0.023000 0.007000
4 0.196000 2.392000 0.020000 0.008000
4 0.178000 2.470000 0.021000 0.009000
4 0.299000 2.466000 0.023000 0.009000
4 0.298000 2.436000 0.023000 0.006000
4 0.294000 2.394000 0.019000 0.007000
6 0.294000 2.358000 0.021000 0.007000
5 0.306000 2.286000 0.025000 0.009000
4 0.298000 2.240000 0.019000 0.008000
4 0.304000 2.200000 0.020000 0.006000
4 0.504000 2.543000 0.020000 0.008000
4 0.513000 2.430000 0.019000 0.007000
4 0.510000 2.466000 0.023000 0.011000
4 0.519000 2.285000 0.020000 0.009000
6 0.520000 2.396000 0.024000 0.006000
4 0.608000 2.546000 0.024000 0.009000
5 0.622000 2.472000 0.025000 0.008000
4 0.623000 2.358000 0.023000 0.009000
5 0.581000 3.477000 0.026000 0.007000
4 0.560000 3.230000 0.020000 0.007000
6 0.636000 3.268000 0.018000 0.008000
4 0.853000 3.336000 0.018000 0.008000
6 0.862000 3.212000 0.015000 0.008000
4 0.869000 3.104000 0.018000 0.008000
4 1.056000 3.169000 0.008000 0.016000
6 0.876000 2.770000 0.014000 0.007000
4 0.876000 2.728000 0.016000 0.008000
4 0.880000 2.626000 0.018000 0.007000
4 0.892000 2.584000 0.022000 0.006000
5 0.894000 2.512000 0.019000 0.006000
4 0.892000 2.439000 0.016000 0.006000
6 0.890000 2.290000 0.015000 0.007000
5 0.910000 2.183000 0.035000 0.023000
6 0.577000 1.944000 0.009000 0.014000
4 1.723000 0.670000 0.009000 0.017000
4 1.784000 0.683000 0.010000 0.019000
4 1.918000 0.425000 0.009000 0.019000
4 1.542000 0.152000 0.019000 0.006000
6 0.033000 1.638000 0.017000 0.009000
4 0.463000 1.540000 0.022000 0.008000
6 0.016000 1.296000 0.008000 0.016000
4 0.070000 0.856000 0.009000 0.016000
3 0.151000 0.720000 0.016000 0.068000
4 0.698000 0.194000 0.019000 0.007000
5 0.388000 0.592000 0.020000 0.022000
4 0.822000 0.465000 0.011000 0.021000
5 0.740000 0.620000 0.020000 0.020000
5 0.852000 0.744000 0.008000 0.020000
5 0.906000 0.798000 0.009000 0.019000
4 0.848000 0.844000 0.008000 0.016000
4 0.297000 1.080000 0.022000 0.008000
4 0.279000 1.128000 0.021000 0.008000
4 0.278000 1.170000 0.021000 0.009000
6 0.290000 1.216000 0.023000 0.006000
4 0.480000 1.266000 0.012000 0.019000
4 0.719000 1.258000 0.010000 0.017000
4 0.837000 1.239000 0.011000 0.016000
4 0.640000 1.036000 0.020000 0.008000
6 1.042000 1.204000 0.015000 0.020000
6 1.101000 1.202000 0.011000 0.015000
4 1.284000 0.932000 0.020000 0.018000
6 1.140000 1.710000 0.010000 0.017000
4 1.200000 1.661000 0.008000 0.015000
4 1.250000 1.646000 0.009000 0.017000
6 1.296000 1.632000 0.014000 0.016000
4 1.438000 1.606000 0.009000 0.017000
6 1.156000 1.197000 0.014000 0.017000
4 1.234000 1.133000 0.021000 0.016000
4 1.446000 1.420000 0.023000 0.010000
4 1.619000 1.071000 0.017000 0.017000
4 1.506000 1.265000 0.021000 0.008000
9 1.987000 1.306000 0.073000 0.097000
4 2.195000 1.832000 0.017000 0.008000
4 2.191000 1.799000 0.021000 0.006000
5 2.130000 2.096000 0.029000 0.010000
5 2.261000 2.098000 0.027000 0.009000
9 3.652000 1.918000 0.056000 0.035000
4 3.569000 1.436000 0.009000 0.018000
5 3.576000 1.825000 0.010000 0.023000
5 3.582000 2.062000 0.011000 0.021000
4 3.706000 2.038000 0.009000 0.017000
4 3.572000 2.322000 0.010000 0.019000
11 3.704000 2.337000 0.010000 0.018000
4 3.700000 2.432000 0.008000 0.016000
6 3.570000 2.538000 0.007000 0.013000
6 3.567000 2.646000 0.008000 0.015000
5 3.327000 2.874000 0.026000 0.007000
9 3.621000 3.667000 0.057000 0.045000
5 3.274000 3.622000 0.021000 0.007000
4 3.550000 3.918000 0.009000 0.017000
5 3.550000 3.842000 0.011000 0.021000
4 3.566000 3.038000 0.009000 0.015000
4 3.692000 2.844000 0.008000 0.016000
6 3.690000 2.938000 0.007000 0.013000
6 3.686000 3.109000 0.009000 0.019000
4 3.688000 3.232000 0.010000 0.018000
6 3.681000 3.419000 0.010000 0.019000
4 3.404000 0.096000 0.008000 0.014000
4 2.910000 0.794000 0.021000 0.007000
9 3.652000 1.069000 0.078000 0.104000
6 3.227000 0.832000 0.009000 0.016000
6 3.331000 0.694000 0.010000 0.017000
4 3.408000 0.754000 0.020000 0.009000
6 3.374000 0.692000 0.009000 0.018000
6 3.428000 0.862000 0.022000 0.007000
6 3.488000 0.808000 0.018000 0.008000
