6 0.025000 0.162188 0.023333 0.022500
5 0.108750 0.514375 0.031667 0.026250
4 0.093750 0.481250 0.030000 0.017500
6 0.160417 0.468750 0.033333 0.027500
4 0.195417 0.501875 0.028333 0.023750
6 0.209167 0.532500 0.028333 0.017500
4 0.215000 0.550312 0.030000 0.018750
4 0.203333 0.559375 0.025000 0.013750
6 0.195833 0.395313 0.028333 0.017500
6 0.326667 0.441250 0.033333 0.020000
4 0.292917 0.269375 0.025000 0.016250
4 0.322500 0.280938 0.028333 0.020000
4 0.369583 0.208125 0.026667 0.016250
4 0.385833 0.195000 0.018333 0.017500
6 0.506250 0.168125 0.021667 0.021250
6 0.549167 0.084687 0.028333 0.017500
6 0.564167 0.036875 0.031667 0.021250
6 0.665833 0.015000 0.021667 0.022500
4 0.815833 0.022500 0.028333 0.015000
6 0.757083 0.078750 0.030000 0.017500
4 0.580000 0.203750 0.025000 0.015000
6 0.542500 0.288125 0.028333 0.016250
6 0.516250 0.293750 0.028333 0.017500
6 0.449583 0.355000 0.018333 0.020000
4 0.714167 0.437188 0.026667 0.021250
4 0.755833 0.460000 0.028333 0.022500
4 0.687083 0.460625 0.030000 0.023750
3 0.737500 0.453437 0.041667 0.035000
4 0.767917 0.489063 0.025000 0.020000
4 0.778750 0.497188 0.023333 0.018750
4 0.793333 0.509375 0.026667 0.021250
6 0.604583 0.493125 0.025000 0.023750
4 0.634583 0.502812 0.028333 0.022500
4 0.694583 0.533750 0.028333 0.022500
4 0.708750 0.539062 0.025000 0.020000
4 0.722917 0.546562 0.026667 0.022500
4 0.787500 0.565000 0.035000 0.010000
4 0.795833 0.575313 0.035000 0.010000
4 0.805417 0.583125 0.030000 0.008750
4 0.825417 0.595313 0.028333 0.017500
4 0.832500 0.606250 0.031667 0.020000
4 0.844583 0.615313 0.030000 0.018750
4 0.872083 0.630938 0.031667 0.020000
4 0.843333 0.660625 0.036667 0.021250
4 0.865000 0.679063 0.033333 0.020000
6 0.773333 0.638125 0.033333 0.026250
4 0.975000 0.718437 0.030000 0.018750
6 0.539583 0.585938 0.035000 0.023750
4 0.156667 0.864375 0.026667 0.016250
4 0.149583 0.874062 0.026667 0.016250
6 0.143333 0.883437 0.023333 0.013750
4 0.677083 0.786250 0.025000 0.020000
4 0.633750 0.803750 0.025000 0.020000
6 0.575000 0.833125 0.031667 0.023750
6 0.542500 0.845313 0.028333 0.021250
4 0.528750 0.851875 0.023333 0.018750
4 0.515833 0.859688 0.028333 0.022500
4 0.479167 0.878750 0.031667 0.025000
4 0.489583 0.911250 0.020000 0.015000
4 0.500000 0.920000 0.020000 0.015000
11 0.517500 0.928438 0.025000 0.016250
4 0.860000 0.765625 0.023333 0.018750
5 0.810833 0.790000 0.031667 0.025000
6 0.776250 0.805000 0.025000 0.020000
5 0.797500 0.823438 0.028333 0.022500
6 0.868333 0.791250 0.030000 0.022500
4 0.751250 0.851875 0.028333 0.023750
4 0.730000 0.854375 0.025000 0.018750
6 0.697917 0.845313 0.026667 0.022500
4 0.705833 0.870000 0.028333 0.022500
6 0.676250 0.881250 0.025000 0.020000
4 0.650000 0.892500 0.030000 0.022500
6 0.634583 0.899062 0.026667 0.022500
4 0.611667 0.879062 0.030000 0.023750
5 0.623750 0.907813 0.028333 0.021250
4 0.593750 0.920000 0.026667 0.022500
4 0.572917 0.900625 0.026667 0.021250
4 0.599167 0.886563 0.025000 0.020000
4 0.585833 0.893750 0.025000 0.020000
4 0.887500 0.854688 0.025000 0.021250
4 0.856250 0.867500 0.021667 0.017500
5 0.785833 0.900625 0.028333 0.023750
4 0.755833 0.912813 0.021667 0.018750
4 0.743750 0.920625 0.026667 0.021250
4 0.729583 0.926250 0.020000 0.017500
4 0.715833 0.932187 0.028333 0.022500
4 0.688333 0.943125 0.020000 0.016250
6 0.660833 0.956562 0.025000 0.021250
6 0.637083 0.967500 0.026667 0.020000
4 0.531250 0.952500 0.028333 0.022500
6 0.503333 0.963125 0.025000 0.021250
4 0.488750 0.969063 0.025000 0.020000
6 0.471250 0.974063 0.023333 0.017500
4 0.458333 0.981250 0.023333 0.020000
6 0.442917 0.987812 0.023333 0.018750
4 0.232083 0.974375 0.033333 0.021250
5 0.246250 0.982500 0.031667 0.022500
4 0.181667 0.975625 0.033333 0.018750
5 0.098333 0.623750 0.033333 0.027500
