4 0.789583 0.373437 0.018333 0.023750
4 0.762500 0.373750 0.018333 0.022500
5 0.729583 0.383125 0.036667 0.008750
4 0.726667 0.370000 0.036667 0.012500
4 0.727917 0.361250 0.035000 0.010000
4 0.663750 0.338125 0.015000 0.021250
4 0.563750 0.260937 0.018333 0.020000
6 0.385833 0.335625 0.035000 0.008750
3 0.363333 0.221875 0.046667 0.023750
4 0.292917 0.220938 0.016667 0.016250
4 0.290417 0.307812 0.038333 0.011250
4 0.185833 0.307812 0.028333 0.026250
4 0.227500 0.218125 0.015000 0.018750
4 0.165000 0.276250 0.016667 0.027500
4 0.055417 0.246250 0.020000 0.025000
4 0.325833 0.446250 0.015000 0.020000
6 0.850417 0.506875 0.033333 0.008750
4 0.922917 0.639687 0.028333 0.007500
6 0.916667 0.651250 0.030000 0.007500
6 0.871667 0.661875 0.036667 0.008750
4 0.876250 0.649375 0.036667 0.008750
4 0.874167 0.638125 0.041667 0.011250
6 0.558333 0.543438 0.020000 0.025000
6 0.472500 0.618437 0.041667 0.008750
4 0.537083 0.596875 0.013333 0.023750
4 0.760833 0.619687 0.018333 0.025000
4 0.749167 0.660312 0.015000 0.017500
4 0.708750 0.657188 0.015000 0.016250
4 0.685833 0.656250 0.015000 0.017500
5 0.648750 0.651563 0.016667 0.022500
5 0.653333 0.623437 0.023333 0.026250
4 0.660000 0.596875 0.013333 0.018750
4 0.728750 0.751250 0.013333 0.015000
6 0.682083 0.741875 0.015000 0.021250
4 0.675417 0.763750 0.020000 0.022500
6 0.688333 0.805625 0.016667 0.023750
4 0.776250 0.936875 0.036667 0.011250
4 0.706667 0.927500 0.030000 0.010000
6 0.531667 0.935625 0.036667 0.016250
4 0.581250 0.915312 0.035000 0.011250
4 0.579583 0.808125 0.033333 0.008750
4 0.535000 0.798750 0.016667 0.025000
6 0.414583 0.898125 0.036667 0.013750
4 0.277500 0.842812 0.018333 0.025000
4 0.221250 0.879375 0.038333 0.011250
4 0.108333 0.723437 0.020000 0.020000
7 0.229167 0.621875 0.055000 0.018750
3 0.235000 0.608437 0.056667 0.020000
6 0.140417 0.586875 0.016667 0.021250
4 0.104167 0.615938 0.018333 0.022500
3 0.076250 0.862812 0.055000 0.017500
4 0.040000 0.713125 0.036667 0.021250
4 0.569167 0.984062 0.015000 0.022500
4 0.849167 0.378750 0.038333 0.012500
6 0.800000 0.241250 0.016667 0.022500
4 0.825833 0.241250 0.015000 0.022500
4 0.873333 0.223438 0.026667 0.022500
6 0.940000 0.218125 0.013333 0.016250
4 0.952917 0.386875 0.031667 0.008750
4 0.986250 0.023125 0.018333 0.023750
4 0.270000 0.068750 0.036667 0.007500
6 0.161667 0.067500 0.043333 0.010000
6 0.066250 0.066875 0.036667 0.008750
