4 0.104167 0.147500 0.035000 0.032500
14 0.852500 0.364687 0.085000 0.102500
6 0.680833 0.507500 0.035000 0.012500
4 0.737500 0.505313 0.045000 0.013750
4 0.792917 0.502500 0.045000 0.012500
6 0.747083 0.600313 0.030000 0.026250
6 0.725417 0.601875 0.028333 0.026250
6 0.922917 0.976875 0.036667 0.011250
6 0.780833 0.975000 0.038333 0.010000
4 0.087500 0.975938 0.035000 0.010000
4 0.126250 0.975313 0.033333 0.011250
4 0.213333 0.975938 0.036667 0.011250
4 0.262500 0.975625 0.031667 0.008750
6 0.322500 0.896875 0.021667 0.021250
6 0.313333 0.874062 0.023333 0.022500
6 0.300000 0.838437 0.023333 0.022500
6 0.328333 0.920312 0.026667 0.023750
6 0.363750 0.885625 0.023333 0.023750
6 0.331667 0.843437 0.023333 0.026250
6 0.294583 0.815000 0.025000 0.022500
4 0.288333 0.791875 0.023333 0.026250
4 0.280000 0.765625 0.023333 0.021250
4 0.270000 0.735000 0.023333 0.025000
6 0.262500 0.711250 0.021667 0.022500
6 0.300417 0.743750 0.020000 0.022500
6 0.317500 0.736875 0.021667 0.023750
4 0.285417 0.687500 0.023333 0.025000
6 0.254167 0.682813 0.021667 0.023750
4 0.379167 0.704063 0.025000 0.027500
5 0.370000 0.673125 0.026667 0.028750
4 0.490417 0.873750 0.018333 0.022500
6 0.490833 0.805937 0.018333 0.021250
30 0.691250 0.976562 0.103333 0.017500
6 0.204167 0.527188 0.025000 0.021250
4 0.224583 0.574375 0.016667 0.021250
6 0.233333 0.607187 0.016667 0.012500
