6 0.876875 0.643750 0.018750 0.033333
6 0.970000 0.132083 0.010000 0.020000
4 0.459375 0.644167 0.021250 0.028333
5 0.236563 0.050833 0.021250 0.038333
5 0.020000 0.860000 0.032500 0.020000
6 0.127812 0.836250 0.031250 0.018333
6 0.171250 0.825417 0.025000 0.018333
5 0.397188 0.725833 0.031250 0.035000
5 0.424063 0.696667 0.026250 0.033333
6 0.613125 0.572500 0.021250 0.018333
4 0.670625 0.550833 0.023750 0.018333
6 0.661875 0.604167 0.028750 0.021667
5 0.874375 0.562083 0.028750 0.021667
4 0.605000 0.626667 0.027500 0.026667
4 0.579688 0.639167 0.027500 0.025000
6 0.429063 0.762500 0.017500 0.021667
6 0.975938 0.455000 0.020000 0.033333
4 0.913438 0.218750 0.023750 0.035000
