4 2.874000 3.893000 0.015000 0.021000
6 3.035000 3.726000 0.013000 0.017000
4 2.990000 3.451000 0.013000 0.016000
4 3.182000 3.076000 0.017000 0.024000
6 3.207000 2.986000 0.011000 0.015000
14 0.290000 1.807000 0.078000 0.087000
14 0.538000 1.752000 0.080000 0.088000
14 0.349000 1.286000 0.079000 0.088000
14 0.594000 1.234000 0.079000 0.087000
14 0.844000 1.179000 0.081000 0.088000
14 0.784000 1.698000 0.080000 0.089000
5 0.530000 2.570000 0.025000 0.017000
14 0.102000 1.346000 0.078000 0.088000
14 0.927000 1.547000 0.043000 0.048000
14 1.060000 1.520000 0.042000 0.048000
14 1.016000 1.776000 0.042000 0.048000
14 1.149000 1.746000 0.043000 0.049000
