4 2.596000 0.714000 0.022000 0.015000
30 2.910000 0.115000 0.023000 0.030000
6 2.958000 0.210000 0.021000 0.025000
4 3.163000 0.630000 0.022000 0.031000
6 3.434000 1.122000 0.011000 0.017000
16 3.410000 2.092000 0.015000 0.030000
30 3.432000 2.239000 0.018000 0.035000
6 3.621000 2.794000 0.012000 0.019000
5 3.746000 3.282000 0.019000 0.037000
6 2.218000 3.568000 0.015000 0.024000
4 2.218000 3.127000 0.015000 0.022000
4 1.202000 3.826000 0.029000 0.015000
4 0.800000 3.846000 0.028000 0.019000
6 0.524000 3.932000 0.026000 0.012000
6 1.787000 1.068000 0.012000 0.016000
4 1.608000 1.128000 0.024000 0.014000
7 0.921000 1.587000 0.014000 0.020000
4 1.309000 1.057000 0.012000 0.021000
4 0.427000 1.253000 0.022000 0.008000
6 0.410000 3.344000 0.025000 0.008000
4 3.358000 3.411000 0.023000 0.010000
4 2.538000 1.245000 0.019000 0.007000
6 2.626000 1.241000 0.017000 0.006000
6 1.897000 3.719000 0.023000 0.007000
