4 0.576000 0.438500 0.010000 0.017000
3 0.366500 0.427500 0.015000 0.021000
6 0.981750 0.063000 0.018000 0.022000
5 0.832000 0.138000 0.024000 0.026000
4 0.990221 0.300132 0.022441 0.016265
4 0.992500 0.369000 0.017177 0.020000
4 0.947000 0.335500 0.022000 0.017000
4 0.958500 0.352000 0.019000 0.014000
4 0.893500 0.464750 0.013000 0.010000
4 0.811000 0.496250 0.020000 0.014000
4 0.669000 0.387750 0.010000 0.018000
5 0.620250 0.438000 0.011000 0.020000
4 0.633500 0.385000 0.013000 0.018000
6 0.593750 0.392250 0.013000 0.020000
4 0.577500 0.383750 0.011000 0.018000
4 0.541500 0.380500 0.011000 0.017000
4 0.456500 0.377000 0.009000 0.016000
4 0.444000 0.376250 0.010000 0.016000
4 0.418000 0.373000 0.010000 0.016000
4 0.408500 0.427000 0.009000 0.016000
4 0.350000 0.369750 0.010000 0.018000
4 0.570000 0.539000 0.022000 0.016000
4 0.547750 0.554250 0.019000 0.019000
6 0.403000 0.553750 0.018000 0.019000
4 0.388500 0.555500 0.019000 0.021000
4 0.401000 0.614500 0.018000 0.019000
4 0.368000 0.627000 0.018000 0.020000
4 0.359000 0.564750 0.018000 0.020000
4 0.344500 0.566500 0.017000 0.019000
4 0.335750 0.572500 0.017000 0.019000
5 0.274000 0.601250 0.018000 0.018000
6 0.346750 0.638500 0.016000 0.019000
6 0.226500 0.680250 0.021000 0.018000
4 0.209000 0.666750 0.020000 0.017000
4 0.187000 0.645500 0.018000 0.015000
6 0.177500 0.638000 0.021000 0.018000
6 0.170750 0.631250 0.019000 0.017000
4 0.163750 0.622250 0.018000 0.015000
4 0.141000 0.675250 0.020000 0.018000
6 0.122000 0.660500 0.020000 0.017000
6 0.117250 0.652250 0.022000 0.017000
3 0.056250 0.655000 0.055000 0.040000
4 0.148250 0.809250 0.018000 0.016000
4 0.318500 0.873500 0.021000 0.021000
6 0.294000 0.885000 0.018000 0.018000
4 0.284500 0.891500 0.021000 0.021000
4 0.280000 0.931500 0.020000 0.017000
4 0.255500 0.910000 0.019000 0.016000
6 0.289250 0.945250 0.022000 0.019000
4 0.334250 0.989000 0.018000 0.016000
