4 0.984062 0.255000 0.020000 0.033333
4 0.896250 0.221250 0.017500 0.030000
6 0.866875 0.210833 0.016250 0.028333
6 0.930937 0.235000 0.018750 0.033333
6 0.804375 0.181667 0.021250 0.033333
6 0.779375 0.172917 0.016250 0.030000
4 0.764687 0.165000 0.017500 0.030000
4 0.751875 0.161667 0.018750 0.033333
4 0.725938 0.147500 0.016250 0.028333
4 0.699688 0.139167 0.021250 0.035000
5 0.648125 0.116667 0.018750 0.036667
4 0.463125 0.043750 0.016250 0.028333
14 0.688750 0.340833 0.060000 0.138333
14 0.614688 0.339583 0.060000 0.135000
14 0.540625 0.341250 0.058750 0.136667
14 0.465938 0.340417 0.058750 0.136667
14 0.392188 0.341667 0.061250 0.136667
14 0.317500 0.340417 0.061250 0.136667
