4 0.910250 0.911500 0.016000 0.021000
10 0.821750 0.792750 0.013000 0.019000
5 0.657750 0.378000 0.011000 0.020000
4 0.762500 0.293000 0.023000 0.012000
5 0.923000 0.272250 0.022000 0.008000
4 0.814250 0.222500 0.010000 0.017000
6 0.883500 0.079000 0.023000 0.008000
5 0.776000 0.155500 0.012000 0.021000
6 0.805250 0.114000 0.011000 0.016000
4 0.748000 0.051500 0.022000 0.007000
4 0.742000 0.090500 0.020000 0.009000
4 0.681750 0.092000 0.025000 0.010000
4 0.516250 0.101750 0.008000 0.022000
11 0.503750 0.100000 0.014000 0.024000
11 0.489750 0.097000 0.012000 0.024000
5 0.478000 0.131000 0.014000 0.020000
5 0.473000 0.103500 0.014000 0.023000
4 0.499750 0.024000 0.013000 0.008000
4 0.484500 0.023000 0.017000 0.008000
4 0.248000 0.912250 0.016000 0.018000
5 0.261750 0.909500 0.022000 0.021000
4 0.292250 0.900000 0.022000 0.024000
4 0.306000 0.895250 0.022000 0.024000
4 0.290000 0.874250 0.018000 0.020000
5 0.303750 0.871500 0.021000 0.023000
4 0.319250 0.859500 0.020000 0.023000
4 0.339000 0.879500 0.020000 0.023000
4 0.333000 0.853000 0.022000 0.024000
3 0.282750 0.990000 0.082000 0.016000
5 0.699000 0.922250 0.026000 0.009000
3 0.716000 0.950250 0.036000 0.021000
5 0.806500 0.961750 0.029000 0.018000
4 0.819750 0.986000 0.023000 0.016000
4 0.828500 0.994000 0.019000 0.012000
4 0.795500 0.942000 0.021000 0.014000
4 0.781250 0.920250 0.027000 0.018000
4 0.918500 0.395000 0.009000 0.018000
5 0.832750 0.539250 0.024000 0.011000
11 0.439250 0.100000 0.019000 0.058000
