6 1.296667 3.277500 0.031667 0.021250
4 3.176667 2.120000 0.015000 0.020000
32 2.270604 0.161096 0.242415 0.085060
5 3.376667 3.385000 0.015000 0.025000
6 2.448333 1.903750 0.036667 0.020000
6 3.580000 2.272500 0.040000 0.013750
6 3.670000 2.345000 0.018333 0.022500
6 3.973333 2.352500 0.013333 0.021250
4 0.103333 0.885000 0.015000 0.022500
6 3.311667 3.786250 0.033333 0.011250
4 1.776667 3.575000 0.028333 0.010000
4 1.940000 3.582500 0.033333 0.011250
4 2.093333 3.585000 0.033333 0.010000
6 2.286667 3.590000 0.036667 0.010000
6 2.570000 3.590000 0.031667 0.010000
6 1.280000 2.850000 0.030000 0.020000
6 1.286667 3.088750 0.026667 0.018750
6 1.293333 3.157500 0.033333 0.021250
4 1.296667 3.220000 0.035000 0.022500
6 1.286667 3.448750 0.033333 0.021250
6 0.090000 2.210000 0.015000 0.022500
6 3.790000 1.175000 0.031667 0.010000
6 2.270000 1.317500 0.038333 0.008750
5 0.105000 0.766250 0.016667 0.026250
4 3.073333 2.530000 0.016667 0.025000
6 3.346667 2.533750 0.016667 0.021250
6 3.413333 2.537500 0.013333 0.021250
4 2.936667 2.527500 0.015000 0.021250
6 2.873333 2.528750 0.016667 0.021250
6 2.806667 2.545000 0.013333 0.020000
6 2.731667 2.532500 0.015000 0.021250
6 2.603333 2.532500 0.015000 0.021250
6 2.468333 2.548750 0.011667 0.015000
6 3.085000 2.775000 0.018333 0.017500
4 3.150000 2.768750 0.015000 0.021250
4 3.213333 2.767500 0.013333 0.021250
6 3.853333 2.117500 0.016667 0.021250
6 1.021667 1.427500 0.016667 0.021250
5 3.423333 3.110000 0.015000 0.022500
6 3.425000 2.988750 0.013333 0.018750
