4 0.970000 0.905312 0.026667 0.026250
4 0.830833 0.070000 0.028333 0.025000
6 0.631250 0.021250 0.036667 0.015000
6 0.636667 0.030625 0.040000 0.013750
4 0.644583 0.049375 0.040000 0.016250
4 0.508333 0.090313 0.036667 0.023750
6 0.488750 0.081875 0.035000 0.021250
6 0.471250 0.071250 0.036667 0.022500
6 0.437500 0.057188 0.031667 0.022500
6 0.421667 0.047188 0.033333 0.025000
6 0.389167 0.036562 0.031667 0.023750
4 0.374167 0.030937 0.028333 0.025000
4 0.354167 0.025625 0.028333 0.026250
4 0.320833 0.014687 0.028333 0.025000
4 0.551667 0.476250 0.036667 0.025000
6 0.572500 0.453125 0.038333 0.021250
6 0.592917 0.433750 0.038333 0.020000
4 0.611250 0.416250 0.040000 0.020000
4 0.620417 0.405313 0.038333 0.017500
4 0.627083 0.395313 0.038333 0.016250
6 0.631250 0.383437 0.036667 0.016250
6 0.636667 0.371563 0.040000 0.017500
6 0.640833 0.360625 0.038333 0.016250
4 0.658333 0.326875 0.023333 0.011250
4 0.719167 0.474375 0.028333 0.026250
4 0.759583 0.438125 0.043333 0.016250
4 0.754167 0.425625 0.041667 0.016250
4 0.750833 0.415312 0.041667 0.013750
6 0.744167 0.403750 0.041667 0.015000
6 0.815417 0.357812 0.031667 0.012500
6 0.822917 0.368125 0.036667 0.016250
6 0.826250 0.389375 0.030000 0.013750
6 0.835417 0.400313 0.038333 0.013750
6 0.841667 0.411250 0.036667 0.012500
6 0.849167 0.420312 0.038333 0.015000
6 0.853333 0.431875 0.036667 0.016250
6 0.859583 0.449375 0.038333 0.016250
4 0.871250 0.464062 0.040000 0.018750
4 0.883333 0.484375 0.040000 0.016250
6 0.842500 0.509375 0.021667 0.023750
6 0.805000 0.515938 0.023333 0.022500
4 0.764583 0.519062 0.025000 0.023750
4 0.481667 0.921250 0.033333 0.025000
