21 0.080143 0.182220 0.399714 0.535560
4 0.151562 0.579583 0.017500 0.030000
6 0.067187 0.605000 0.020000 0.040000
6 0.657813 0.302083 0.023750 0.021667
6 0.030625 0.496250 0.026250 0.020000
4 0.925000 0.032500 0.027500 0.025000
6 0.846250 0.141667 0.020000 0.030000
6 0.543125 0.221250 0.016250 0.028333
6 0.557187 0.217500 0.016250 0.028333
4 0.665312 0.057500 0.025000 0.015000
4 0.621875 0.027500 0.016250 0.031667
4 0.535000 0.057917 0.017500 0.031667
4 0.423750 0.144167 0.022500 0.031667
6 0.400000 0.164167 0.025000 0.031667
4 0.396562 0.065833 0.023750 0.031667
4 0.413125 0.064167 0.021250 0.031667
6 0.436563 0.045000 0.022500 0.030000
4 0.447500 0.034167 0.022500 0.031667
6 0.444375 0.006250 0.022500 0.018333
4 0.417812 0.019167 0.022500 0.031667
4 0.380937 0.043750 0.021250 0.030000
