4 3.821667 3.517500 0.015000 0.021250
6 3.950000 0.582500 0.021667 0.023750
4 3.915000 0.492500 0.021667 0.023750
6 3.836667 0.511250 0.025000 0.025000
6 3.736667 0.503750 0.028333 0.025000
4 3.690000 0.658750 0.031667 0.011250
4 3.670000 0.613750 0.028333 0.011250
4 3.333333 1.168750 0.040000 0.013750
4 3.235000 0.578750 0.026667 0.011250
6 3.223333 0.642500 0.031667 0.011250
4 3.233333 0.710000 0.036667 0.012500
6 2.798333 0.735000 0.035000 0.010000
6 2.776667 0.676250 0.035000 0.012500
6 2.438333 0.685000 0.018333 0.022500
4 2.345000 0.697500 0.025000 0.023750
4 2.111667 0.763750 0.041667 0.011250
4 1.793333 0.693750 0.020000 0.022500
4 1.373333 0.677500 0.040000 0.013750
4 1.155000 0.742500 0.026667 0.013750
6 0.896667 0.782500 0.015000 0.016250
3 0.385000 0.218750 0.023333 0.030000
3 0.403333 0.473750 0.025000 0.031250
4 0.205000 0.701250 0.018333 0.022500
9 0.531667 1.451250 0.093333 0.061250
6 0.421667 0.927500 0.033333 0.021250
4 0.048333 1.036250 0.015000 0.022500
3 0.368333 1.157500 0.025000 0.033750
4 0.905000 1.392500 0.040000 0.013750
6 0.455000 1.525000 0.038333 0.027500
4 0.160000 1.527500 0.040000 0.013750
4 0.138333 2.642500 0.040000 0.011250
4 0.290000 2.872500 0.038333 0.011250
4 0.298333 3.121250 0.038333 0.012500
6 3.860000 2.167500 0.016667 0.021250
4 3.935000 1.767500 0.033333 0.013750
4 3.931667 1.717500 0.035000 0.011250
4 3.790000 1.837500 0.018333 0.021250
4 3.756667 1.750000 0.021667 0.025000
4 3.620000 1.723750 0.020000 0.023750
4 2.910000 1.923750 0.021667 0.022500
4 3.020000 1.755000 0.036667 0.015000
4 2.608333 1.862500 0.040000 0.013750
4 2.596667 1.805000 0.035000 0.010000
4 2.350000 1.977500 0.021667 0.026250
6 2.590000 1.912500 0.035000 0.013750
4 2.700000 2.400000 0.036667 0.012500
4 2.900000 2.467500 0.040000 0.013750
4 2.863333 2.425000 0.041667 0.010000
6 2.858333 2.385000 0.035000 0.012500
6 2.848333 2.336250 0.030000 0.008750
6 2.698333 2.355000 0.035000 0.010000
5 2.423333 2.285000 0.045000 0.012500
6 2.201667 2.402500 0.041667 0.013750
6 2.200000 2.466250 0.050000 0.013750
6 2.226667 2.512500 0.050000 0.016250
6 3.130000 2.872500 0.041667 0.013750
4 2.666667 2.905000 0.043333 0.012500
5 1.798333 2.815000 0.018333 0.027500
6 2.951667 3.632500 0.023333 0.023750
4 2.741667 3.517500 0.043333 0.016250
4 2.733333 3.470000 0.043333 0.015000
4 2.348333 3.560000 0.040000 0.015000
4 2.336667 3.511250 0.045000 0.015000
4 2.123333 3.080000 0.041667 0.012500
6 1.540000 3.338750 0.036667 0.010000
4 1.533333 3.281250 0.043333 0.012500
4 1.415000 3.842500 0.020000 0.018750
6 1.380000 3.740000 0.020000 0.022500
4 0.515000 3.588750 0.015000 0.022500
4 0.531667 3.877500 0.020000 0.021250
