4 3.638000 1.793000 0.021000 0.007000
6 3.246000 1.796000 0.017000 0.006000
4 2.611000 2.712000 0.021000 0.010000
6 2.612000 2.596000 0.020000 0.006000
6 2.612000 2.484000 0.020000 0.006000
6 2.612000 2.443000 0.020000 0.007000
4 2.858000 2.398000 0.009000 0.017000
3 3.149000 2.391000 0.037000 0.031000
5 3.273000 2.766000 0.027000 0.015000
4 3.262000 2.442000 0.019000 0.007000
4 3.576000 2.434000 0.016000 0.005000
4 3.594000 2.396000 0.017000 0.006000
5 3.231000 2.169000 0.021000 0.008000
4 3.536000 2.057000 0.020000 0.007000
4 3.634000 2.020000 0.023000 0.008000
6 3.540000 2.168000 0.020000 0.006000
4 3.636000 2.169000 0.022000 0.007000
6 3.944000 2.186000 0.018000 0.007000
4 3.928000 2.147000 0.026000 0.008000
4 3.941000 2.110000 0.019000 0.007000
4 3.930000 2.073000 0.023000 0.008000
6 3.930000 2.038000 0.019000 0.007000
6 3.940000 2.003000 0.020000 0.007000
6 3.934000 1.928000 0.021000 0.008000
6 3.944000 1.888000 0.016000 0.006000
6 3.240000 2.020000 0.022000 0.006000
4 3.234000 1.984000 0.019000 0.006000
4 3.240000 1.946000 0.020000 0.007000
4 3.240000 1.869000 0.022000 0.007000
4 3.238000 1.832000 0.021000 0.006000
4 3.235000 1.529000 0.020000 0.008000
5 3.227000 1.453000 0.023000 0.008000
6 3.427000 1.361000 0.019000 0.021000
4 3.526000 1.395000 0.017000 0.018000
3 3.605000 1.450000 0.025000 0.029000
3 3.654000 1.475000 0.027000 0.033000
3 3.747000 1.520000 0.027000 0.032000
3 3.795000 1.545000 0.028000 0.033000
3 3.839000 1.566000 0.028000 0.033000
3 3.892000 1.596000 0.028000 0.032000
6 2.554000 0.114000 0.033000 0.021000
4 2.312000 0.218000 0.022000 0.015000
4 2.921000 0.346000 0.020000 0.013000
4 3.033000 0.302000 0.022000 0.015000
4 3.151000 0.293000 0.023000 0.015000
4 3.236000 0.109000 0.028000 0.018000
3 3.482000 0.111000 0.081000 0.050000
4 3.556000 0.215000 0.020000 0.014000
6 3.777000 0.325000 0.019000 0.014000
4 3.692000 0.340000 0.018000 0.014000
4 3.905000 0.446000 0.019000 0.015000
6 2.628000 2.818000 0.020000 0.007000
4 2.598000 2.929000 0.019000 0.006000
4 2.358000 3.050000 0.019000 0.007000
4 2.330000 2.936000 0.017000 0.006000
4 2.950000 2.054000 0.008000 0.017000
6 2.778000 1.908000 0.017000 0.006000
6 1.912000 3.062000 0.018000 0.005000
4 1.470000 3.001000 0.019000 0.006000
4 1.428000 2.924000 0.008000 0.016000
4 1.125000 2.822000 0.009000 0.017000
6 1.126000 2.724000 0.009000 0.020000
6 1.064000 2.281000 0.014000 0.006000
6 1.062000 2.148000 0.017000 0.006000
6 1.140000 2.067000 0.014000 0.006000
4 1.106000 2.022000 0.023000 0.007000
6 1.618000 2.245000 0.021000 0.007000
5 1.655000 2.198000 0.021000 0.007000
4 1.892000 2.178000 0.020000 0.009000
6 2.020000 1.845000 0.022000 0.008000
6 1.932000 1.812000 0.027000 0.008000
4 1.904000 1.698000 0.014000 0.005000
4 1.714000 1.560000 0.019000 0.006000
4 2.352000 1.456000 0.018000 0.006000
4 2.584000 1.514000 0.009000 0.015000
4 2.613000 1.354000 0.009000 0.017000
4 2.572000 1.354000 0.010000 0.017000
4 1.912000 1.400000 0.020000 0.006000
4 1.926000 1.330000 0.015000 0.005000
4 1.912000 1.282000 0.018000 0.005000
4 1.762000 1.247000 0.015000 0.006000
4 1.760000 1.340000 0.008000 0.014000
4 1.910000 1.032000 0.017000 0.006000
4 1.748000 0.956000 0.020000 0.006000
4 2.038000 0.749000 0.020000 0.014000
6 2.325000 1.076000 0.009000 0.014000
4 1.018000 1.549000 0.009000 0.016000
5 1.011000 1.300000 0.008000 0.020000
4 1.064000 1.219000 0.016000 0.007000
5 1.054000 1.137000 0.017000 0.009000
6 1.679000 0.825000 0.021000 0.012000
6 1.428000 0.694000 0.008000 0.017000
6 1.416000 0.824000 0.009000 0.014000
4 1.298000 0.484000 0.017000 0.006000
6 1.186000 0.338000 0.015000 0.007000
4 0.893000 0.078000 0.010000 0.017000
6 1.112000 0.915000 0.018000 0.007000
4 0.432000 3.153000 0.020000 0.008000
6 1.965000 3.404000 0.014000 0.018000
6 1.997000 3.552000 0.018000 0.018000
6 1.999000 3.612000 0.014000 0.014000
4 1.816000 3.769000 0.014000 0.018000
6 1.700000 3.617000 0.012000 0.014000
4 1.737000 3.542000 0.020000 0.019000
14 2.231000 3.531000 0.046000 0.081000
14 2.453000 3.534000 0.046000 0.081000
14 2.722000 3.532000 0.045000 0.080000
14 2.950000 3.533000 0.045000 0.081000
6 1.356000 3.530000 0.016000 0.017000
6 1.322000 3.551000 0.017000 0.017000
4 1.282000 3.570000 0.017000 0.017000
4 1.249000 3.590000 0.018000 0.019000
4 1.266000 3.674000 0.017000 0.013000
6 1.212000 3.610000 0.017000 0.019000
6 1.171000 3.625000 0.015000 0.016000
6 0.189000 3.955000 0.017000 0.020000
6 1.922000 1.853000 0.015000 0.006000
