4 0.205000 0.375750 0.012000 0.007000
4 0.171500 0.377000 0.023000 0.008000
4 0.142500 0.361000 0.023000 0.006000
6 0.117750 0.361000 0.021000 0.006000
6 0.119000 0.378500 0.024000 0.007000
4 0.062000 0.360500 0.022000 0.007000
4 0.075000 0.379750 0.024000 0.007000
4 0.036250 0.362500 0.022000 0.007000
6 0.006500 0.361250 0.013000 0.005000
6 0.028250 0.380500 0.022000 0.007000
4 0.044000 0.457000 0.022000 0.006000
6 0.019000 0.457000 0.022000 0.006000
4 0.042500 0.436500 0.025000 0.007000
6 0.177500 0.434500 0.023000 0.007000
4 0.320000 0.556000 0.018000 0.020000
6 0.303000 0.552000 0.014000 0.018000
6 0.290000 0.552250 0.012000 0.017000
4 0.276000 0.547500 0.008000 0.017000
4 0.261500 0.550000 0.009000 0.016000
4 0.221750 0.553500 0.010000 0.017000
4 0.197000 0.515000 0.022000 0.016000
5 0.165000 0.537250 0.022000 0.007000
4 0.167250 0.547500 0.025000 0.007000
4 0.163750 0.556500 0.023000 0.009000
6 0.165500 0.568750 0.025000 0.006000
6 0.010500 0.142000 0.019000 0.010000
6 0.008000 0.152250 0.017000 0.012000
4 0.219500 0.090000 0.011000 0.018000
4 0.250500 0.104500 0.025000 0.007000
6 0.242000 0.121500 0.010000 0.017000
4 0.254750 0.125500 0.011000 0.019000
4 0.265500 0.122000 0.007000 0.016000
4 0.280500 0.121000 0.011000 0.020000
4 0.294750 0.120000 0.009000 0.016000
4 0.310500 0.120500 0.009000 0.017000
6 0.331500 0.121250 0.009000 0.018000
3 0.362000 0.114500 0.050000 0.011000
5 0.375000 0.125250 0.024000 0.008000
6 0.365000 0.134500 0.022000 0.007000
6 0.258250 0.163000 0.011000 0.022000
4 0.271500 0.162500 0.009000 0.017000
4 0.284000 0.164500 0.012000 0.017000
5 0.296500 0.168000 0.015000 0.022000
4 0.310750 0.170000 0.009000 0.016000
3 0.323500 0.165500 0.015000 0.021000
6 0.339500 0.163000 0.009000 0.016000
6 0.361750 0.163500 0.010000 0.017000
4 0.300000 0.209750 0.022000 0.007000
4 0.655000 0.075250 0.024000 0.006000
4 0.618250 0.075250 0.023000 0.006000
4 0.590000 0.076500 0.022000 0.007000
6 0.482500 0.239000 0.023000 0.006000
6 0.470000 0.267500 0.020000 0.005000
4 0.495000 0.267000 0.022000 0.006000
4 0.525000 0.267250 0.022000 0.007000
4 0.550000 0.268750 0.024000 0.006000
4 0.577000 0.268500 0.020000 0.007000
4 0.605750 0.268500 0.023000 0.005000
6 0.573500 0.239750 0.021000 0.006000
4 0.598500 0.239500 0.023000 0.007000
4 0.629500 0.239250 0.027000 0.007000
4 0.656500 0.240000 0.025000 0.006000
4 0.665000 0.268250 0.022000 0.006000
6 0.692250 0.268500 0.022000 0.005000
6 0.699250 0.239750 0.022000 0.007000
4 0.725750 0.266000 0.022000 0.010000
4 0.749000 0.257250 0.022000 0.012000
6 0.787000 0.234250 0.020000 0.016000
4 0.767500 0.161750 0.009000 0.016000
6 0.767500 0.143000 0.009000 0.016000
6 0.809250 0.180500 0.011000 0.017000
4 0.809500 0.161000 0.009000 0.014000
4 0.808500 0.142750 0.009000 0.018000
4 0.809000 0.122750 0.010000 0.016000
4 0.769000 0.096250 0.012000 0.016000
4 0.809250 0.100250 0.009000 0.017000
6 0.809500 0.080000 0.009000 0.014000
4 0.768500 0.052000 0.009000 0.016000
4 0.768500 0.036750 0.007000 0.014000
4 0.768500 0.016750 0.009000 0.017000
4 0.810000 0.059500 0.008000 0.015000
5 0.810000 0.031500 0.010000 0.017000
4 0.807750 0.013000 0.009000 0.016000
6 0.967000 0.017500 0.020000 0.015000
4 0.922500 0.025000 0.015000 0.018000
4 0.929750 0.049500 0.011000 0.019000
4 0.947500 0.034500 0.015000 0.019000
3 0.976000 0.036750 0.024000 0.029000
4 0.957250 0.059750 0.010000 0.016000
4 0.934750 0.076000 0.010000 0.018000
4 0.936500 0.100750 0.007000 0.018000
6 0.957250 0.080500 0.012000 0.021000
6 0.956000 0.108250 0.010000 0.018000
4 0.940500 0.122750 0.009000 0.018000
4 0.956500 0.137000 0.009000 0.018000
4 0.939750 0.145250 0.010000 0.018000
6 0.937500 0.169750 0.011000 0.019000
4 0.957000 0.166250 0.010000 0.017000
4 0.971000 0.179250 0.010000 0.018000
6 0.938000 0.196500 0.010000 0.021000
6 0.954500 0.198500 0.009000 0.019000
6 0.971000 0.209250 0.010000 0.018000
4 0.938000 0.227000 0.010000 0.016000
4 0.953000 0.223500 0.010000 0.017000
4 0.966500 0.231000 0.011000 0.018000
4 0.938250 0.252750 0.009000 0.016000
4 0.954000 0.248000 0.008000 0.016000
6 0.955000 0.268250 0.010000 0.015000
6 0.938250 0.273000 0.010000 0.018000
4 0.974500 0.291250 0.013000 0.019000
4 0.551000 0.354000 0.026000 0.008000
4 0.907000 0.362500 0.022000 0.009000
4 0.877500 0.366000 0.025000 0.008000
4 0.847000 0.368500 0.030000 0.009000
4 0.888000 0.398250 0.024000 0.007000
4 0.808750 0.371750 0.025000 0.007000
4 0.749000 0.375000 0.022000 0.006000
4 0.687750 0.379250 0.024000 0.008000
6 0.638000 0.385250 0.020000 0.006000
4 0.567000 0.397500 0.024000 0.011000
4 0.452250 0.438250 0.024000 0.008000
6 0.480750 0.435000 0.022000 0.008000
4 0.507500 0.433500 0.021000 0.007000
4 0.553500 0.484250 0.011000 0.018000
4 0.538000 0.486000 0.012000 0.020000
6 0.611000 0.479250 0.010000 0.017000
6 0.625000 0.480000 0.008000 0.016000
4 0.639000 0.479500 0.012000 0.017000
6 0.652000 0.476500 0.014000 0.019000
4 0.684000 0.472500 0.012000 0.019000
4 0.698500 0.469000 0.009000 0.016000
6 0.739750 0.466750 0.010000 0.017000
6 0.782000 0.477750 0.016000 0.019000
6 0.986750 0.357500 0.019000 0.017000
4 0.795000 0.561500 0.022000 0.007000
4 0.795000 0.580000 0.022000 0.008000
4 0.783000 0.664500 0.024000 0.011000
4 0.771000 0.680500 0.022000 0.013000
4 0.766750 0.689500 0.021000 0.011000
4 0.766000 0.699000 0.024000 0.012000
4 0.856250 0.572250 0.021000 0.007000
4 0.853500 0.607000 0.023000 0.008000
6 0.854250 0.624750 0.025000 0.009000
4 0.846750 0.657000 0.023000 0.008000
4 0.943000 0.562500 0.010000 0.017000
4 0.963250 0.780500 0.016000 0.019000
4 0.217500 0.768500 0.023000 0.015000
6 0.217250 0.779000 0.022000 0.018000
6 0.222500 0.789500 0.019000 0.017000
6 0.481500 0.842250 0.011000 0.025000
5 0.559500 0.984000 0.019000 0.018000
6 0.569750 0.973500 0.021000 0.013000
4 0.576750 0.965500 0.023000 0.009000
4 0.555000 0.894500 0.022000 0.007000
3 0.558250 0.905500 0.029000 0.007000
6 0.554500 0.932500 0.021000 0.009000
3 0.550750 0.943000 0.029000 0.008000
4 0.915500 0.860500 0.019000 0.019000
4 0.824250 0.950000 0.020000 0.018000
6 0.988500 0.835000 0.025000 0.022000
4 0.965000 0.958500 0.020000 0.015000
6 0.037250 0.930500 0.018000 0.017000
4 0.723500 0.120500 0.023000 0.007000
3 0.317000 0.597000 0.038000 0.014000
5 0.801000 0.215750 0.016000 0.023000
