5 0.121000 1.112000 0.028000 0.016000
4 0.084000 2.930000 0.022000 0.013000
4 0.102000 2.461000 0.019000 0.012000
4 0.195000 2.486000 0.023000 0.013000
4 0.608000 2.760000 0.020000 0.012000
5 0.957000 2.084000 0.027000 0.016000
6 0.964000 2.044000 0.022000 0.012000
6 1.100000 1.820000 0.018000 0.012000
6 1.164000 1.793000 0.020000 0.012000
3 1.452000 1.296000 0.026000 0.014000
6 0.830000 3.550000 0.021000 0.013000
5 0.908000 3.819000 0.018000 0.022000
6 1.066000 3.437000 0.013000 0.017000
4 0.558000 3.359000 0.015000 0.020000
4 0.704000 2.274000 0.010000 0.011000
4 1.698000 0.776000 0.021000 0.012000
6 1.800000 0.247000 0.018000 0.017000
4 2.152000 0.119000 0.018000 0.020000
6 2.164000 0.071000 0.016000 0.018000
4 2.567000 0.015000 0.011000 0.009000
6 3.113000 0.094000 0.013000 0.019000
5 3.136000 0.161000 0.014000 0.018000
4 3.203000 0.176000 0.017000 0.020000
4 3.912000 0.147000 0.012000 0.018000
6 3.805000 0.282000 0.021000 0.007000
6 3.808000 0.326000 0.022000 0.007000
6 3.834000 0.592000 0.021000 0.008000
4 3.821000 0.624000 0.023000 0.008000
4 3.786000 0.887000 0.023000 0.008000
4 3.880000 0.890000 0.022000 0.009000
4 3.985000 0.994000 0.008000 0.017000
4 3.632000 1.660000 0.024000 0.010000
4 3.988000 1.694000 0.008000 0.021000
4 3.783000 1.932000 0.014000 0.018000
6 3.506000 1.966000 0.023000 0.011000
6 3.520000 2.442000 0.016000 0.019000
6 3.648000 2.464000 0.016000 0.020000
4 3.712000 2.600000 0.022000 0.014000
4 3.695000 2.730000 0.024000 0.015000
6 3.123000 2.734000 0.022000 0.015000
6 2.791000 3.032000 0.017000 0.018000
4 2.739000 3.014000 0.018000 0.019000
6 1.286000 3.912000 0.017000 0.020000
6 1.396000 3.634000 0.014000 0.017000
6 1.453000 3.642000 0.012000 0.017000
6 2.029000 3.718000 0.024000 0.015000
6 2.027000 3.664000 0.022000 0.014000
6 2.361000 3.420000 0.020000 0.016000
4 2.162000 3.088000 0.015000 0.018000
4 1.829000 3.017000 0.015000 0.018000
4 1.784000 2.989000 0.018000 0.020000
6 1.767000 2.834000 0.022000 0.015000
4 1.554000 2.710000 0.023000 0.007000
6 1.533000 2.674000 0.021000 0.011000
5 1.801000 2.616000 0.018000 0.022000
6 1.996000 2.686000 0.014000 0.017000
4 2.151000 2.682000 0.019000 0.019000
6 2.278000 2.229000 0.021000 0.012000
6 2.055000 1.999000 0.021000 0.011000
6 2.060000 1.962000 0.022000 0.011000
5 2.032000 1.911000 0.026000 0.013000
6 2.310000 2.014000 0.013000 0.017000
4 2.240000 1.897000 0.014000 0.018000
5 2.230000 1.683000 0.027000 0.017000
4 2.670000 1.630000 0.023000 0.013000
4 2.550000 1.517000 0.013000 0.013000
4 2.480000 1.106000 0.022000 0.011000
4 2.488000 1.147000 0.028000 0.016000
4 2.511000 0.799000 0.019000 0.007000
6 2.508000 0.758000 0.022000 0.007000
4 2.832000 1.398000 0.022000 0.009000
6 2.812000 3.417000 0.020000 0.018000
4 2.999000 3.396000 0.022000 0.018000
4 3.020000 3.362000 0.020000 0.017000
4 3.098000 3.406000 0.023000 0.017000
4 3.087000 3.444000 0.019000 0.016000
6 3.930000 3.672000 0.013000 0.024000
6 1.479000 1.270000 0.023000 0.011000
