6 0.068333 0.254375 0.016667 0.021250
6 0.022500 0.299063 0.015000 0.022500
6 0.418333 0.099062 0.033333 0.012500
4 0.457500 0.149688 0.031667 0.008750
6 0.558333 0.126562 0.033333 0.010000
4 0.555000 0.151875 0.036667 0.008750
4 0.560000 0.220312 0.033333 0.010000
5 0.598750 0.215938 0.016667 0.026250
6 0.697500 0.172187 0.018333 0.021250
6 0.698750 0.195625 0.016667 0.021250
9 0.717917 0.057813 0.158333 0.098750
6 0.706250 0.057500 0.033333 0.025000
6 0.939167 0.181875 0.021667 0.016250
6 0.865000 0.131875 0.030000 0.021250
4 0.814167 0.132812 0.028333 0.020000
6 0.806667 0.195625 0.026667 0.018750
4 0.810417 0.225625 0.028333 0.018750
4 0.804167 0.215000 0.031667 0.022500
4 0.695000 0.325000 0.013333 0.020000
4 0.694583 0.350625 0.016667 0.021250
6 0.752500 0.313125 0.015000 0.018750
4 0.752500 0.340000 0.015000 0.020000
4 0.751667 0.385625 0.016667 0.023750
4 0.909167 0.428125 0.031667 0.023750
4 0.936667 0.427500 0.030000 0.022500
4 0.959167 0.481563 0.035000 0.022500
6 0.933333 0.480625 0.030000 0.021250
6 0.907083 0.482500 0.031667 0.022500
6 0.880833 0.481875 0.031667 0.023750
4 0.856667 0.482187 0.030000 0.022500
4 0.833333 0.482500 0.030000 0.022500
9 0.730417 0.461250 0.108333 0.087500
4 0.496250 0.480625 0.028333 0.021250
4 0.519167 0.478750 0.031667 0.022500
4 0.547083 0.481250 0.033333 0.022500
6 0.569167 0.476875 0.031667 0.023750
6 0.574583 0.433125 0.020000 0.016250
5 0.552917 0.430000 0.045000 0.032500
4 0.501250 0.430312 0.041667 0.027500
6 0.533333 0.426250 0.030000 0.022500
6 0.749167 0.583750 0.015000 0.022500
6 0.689583 0.566250 0.016667 0.020000
6 0.690417 0.624687 0.016667 0.021250
4 0.239167 0.424375 0.030000 0.021250
4 0.261667 0.427812 0.033333 0.022500
4 0.289167 0.426875 0.030000 0.021250
4 0.316250 0.426563 0.028333 0.021250
6 0.338750 0.428438 0.018333 0.013750
4 0.331667 0.478125 0.030000 0.021250
6 0.308333 0.477812 0.033333 0.025000
4 0.280000 0.478125 0.036667 0.026250
6 0.253750 0.478750 0.035000 0.025000
4 0.020000 0.526875 0.016667 0.021250
4 0.020417 0.560625 0.018333 0.023750
6 0.021250 0.607500 0.016667 0.020000
6 0.019167 0.635000 0.015000 0.022500
6 0.300000 0.926562 0.033333 0.010000
4 0.009583 0.746250 0.015000 0.020000
4 0.087500 0.716562 0.015000 0.022500
5 0.147500 0.688438 0.028333 0.025000
4 0.168750 0.689375 0.030000 0.026250
4 0.189583 0.686875 0.025000 0.023750
4 0.210833 0.690312 0.028333 0.023750
6 0.274583 0.687500 0.026667 0.025000
4 0.299167 0.690625 0.028333 0.023750
6 0.321250 0.688750 0.026667 0.022500
4 0.344583 0.692813 0.028333 0.023750
6 0.376667 0.690000 0.026667 0.022500
4 0.246250 0.742812 0.018333 0.017500
4 0.207500 0.739375 0.028333 0.026250
4 0.206667 0.764375 0.026667 0.023750
4 0.227917 0.763750 0.026667 0.022500
4 0.248750 0.762500 0.025000 0.022500
4 0.270417 0.765000 0.030000 0.025000
4 0.336250 0.739375 0.026667 0.023750
6 0.356667 0.740938 0.026667 0.023750
6 0.187917 0.809375 0.028333 0.023750
6 0.206667 0.841250 0.026667 0.010000
6 0.245000 0.840625 0.033333 0.008750
4 0.330000 0.842812 0.033333 0.008750
4 0.315833 0.881875 0.035000 0.008750
6 0.343333 0.896563 0.030000 0.008750
6 0.377500 0.843125 0.035000 0.008750
4 0.483333 0.842812 0.030000 0.008750
4 0.569583 0.844375 0.035000 0.011250
6 0.437500 0.895625 0.031667 0.006250
4 0.474167 0.896250 0.028333 0.007500
6 0.484167 0.881875 0.028333 0.006250
4 0.514167 0.897500 0.031667 0.010000
6 0.555000 0.897500 0.030000 0.010000
6 0.599167 0.898125 0.035000 0.011250
6 0.689167 0.725000 0.018333 0.022500
6 0.687500 0.754375 0.018333 0.021250
6 0.856667 0.808750 0.030000 0.022500
4 0.860417 0.710625 0.026667 0.021250
6 0.880833 0.712500 0.028333 0.022500
6 0.904167 0.711562 0.028333 0.021250
6 0.902083 0.810312 0.030000 0.023750
6 0.945833 0.810625 0.031667 0.026250
4 0.904167 0.845625 0.035000 0.011250
6 0.947500 0.845000 0.035000 0.010000
4 0.808333 0.898750 0.033333 0.010000
4 0.872500 0.899687 0.031667 0.008750
6 0.948333 0.898750 0.033333 0.007500
6 0.909167 0.899062 0.031667 0.008750
