6 0.746667 3.880000 0.016667 0.015000
6 0.823333 3.877500 0.018333 0.021250
6 0.540000 3.852500 0.020000 0.016250
6 1.090000 1.090000 0.015000 0.012500
6 0.963333 1.057500 0.025000 0.018750
5 2.265000 3.027500 0.046667 0.018750
3 1.023333 3.191250 0.021667 0.026250
3 0.750000 3.116250 0.035000 0.042500
3 0.623333 3.106250 0.035000 0.040000
4 0.891667 3.892500 0.025000 0.023750
4 0.973333 3.905000 0.023333 0.025000
4 1.103333 3.926250 0.025000 0.026250
6 1.186667 3.938750 0.026667 0.028750
6 1.145000 3.832500 0.021667 0.021250
4 1.073333 3.825000 0.023333 0.025000
6 1.000000 3.808750 0.020000 0.022500
6 0.930000 3.801250 0.021667 0.023750
4 0.471667 3.825000 0.021667 0.025000
4 0.403333 3.812500 0.021667 0.021250
4 0.343333 3.803750 0.025000 0.026250
5 0.256667 3.800000 0.025000 0.030000
4 0.443333 3.726250 0.018333 0.023750
4 0.385000 3.708750 0.021667 0.023750
4 0.315000 3.697500 0.025000 0.026250
4 0.243333 3.687500 0.028333 0.026250
6 0.185000 3.777500 0.023333 0.023750
4 0.036667 3.960000 0.018333 0.020000
6 3.073333 3.797500 0.030000 0.013750
5 2.783333 3.592500 0.035000 0.011250
4 2.726667 3.776250 0.036667 0.015000
5 2.698333 3.826250 0.051667 0.021250
6 2.615000 3.957500 0.036667 0.013750
4 1.548333 3.625000 0.025000 0.022500
4 0.570000 2.498750 0.018333 0.017500
4 0.510000 2.505000 0.015000 0.017500
6 0.373333 2.700000 0.033333 0.012500
6 0.470000 3.045000 0.021667 0.020000
6 1.163333 2.927500 0.025000 0.031250
3 1.453333 2.821250 0.043333 0.021250
4 1.763333 2.432500 0.028333 0.026250
4 1.828333 2.340000 0.023333 0.025000
6 2.196667 2.460000 0.025000 0.025000
6 3.683333 2.757500 0.031667 0.026250
6 3.086667 1.792500 0.016667 0.033750
5 3.523333 1.552500 0.028333 0.041250
5 2.893333 1.452500 0.046667 0.018750
5 2.960000 1.190000 0.046667 0.015000
