5 0.269375 0.036667 0.018750 0.033333
4 0.282187 0.073333 0.017500 0.030000
6 0.230625 0.130833 0.018750 0.031667
6 0.247812 0.174167 0.018750 0.031667
5 0.293438 0.107917 0.022500 0.038333
6 0.260625 0.206250 0.021250 0.036667
6 0.305312 0.141667 0.020000 0.033333
4 0.317500 0.180833 0.017500 0.031667
4 0.900000 0.811667 0.020000 0.033333
6 0.659687 0.972500 0.025000 0.021667
6 0.728125 0.936667 0.028750 0.026667
6 0.723750 0.919583 0.025000 0.021667
4 0.717812 0.906667 0.025000 0.023333
5 0.711250 0.891250 0.025000 0.021667
4 0.654375 0.959167 0.026250 0.025000
5 0.649375 0.943750 0.028750 0.026667
4 0.646250 0.928333 0.027500 0.023333
4 0.643125 0.912917 0.018750 0.020000
4 0.642813 0.897500 0.021250 0.018333
6 0.602187 0.886667 0.025000 0.023333
4 0.578438 0.903750 0.025000 0.030000
6 0.706875 0.870417 0.026250 0.025000
4 0.695937 0.847500 0.025000 0.021667
6 0.668125 0.808333 0.013750 0.026667
6 0.654687 0.812500 0.016250 0.031667
4 0.638750 0.817500 0.015000 0.031667
4 0.624687 0.821667 0.012500 0.030000
4 0.609688 0.829167 0.012500 0.028333
6 0.611875 0.777917 0.011250 0.028333
5 0.598750 0.783333 0.012500 0.030000
3 0.671875 0.711667 0.033750 0.026667
6 0.585625 0.735000 0.028750 0.026667
4 0.551562 0.747500 0.026250 0.021667
4 0.619062 0.721250 0.027500 0.023333
21 0.813548 0.439087 0.405000 0.441753
