6 0.477917 0.976250 0.026667 0.027500
4 0.489167 0.899375 0.018333 0.021250
6 0.503333 0.825625 0.020000 0.021250
4 0.498750 0.847812 0.018333 0.020000
6 0.516667 0.765000 0.020000 0.020000
6 0.618333 0.591875 0.020000 0.021250
6 0.535000 0.585000 0.020000 0.022500
6 0.456667 0.458750 0.033333 0.022500
4 0.448333 0.690625 0.030000 0.011250
4 0.120833 0.363125 0.035000 0.011250
4 0.041667 0.529375 0.020000 0.021250
4 0.113333 0.548750 0.016667 0.017500
6 0.015833 0.480938 0.018333 0.018750
4 0.035417 0.478750 0.018333 0.022500
6 0.056250 0.480938 0.015000 0.020000
4 0.075000 0.483438 0.016667 0.020000
6 0.104167 0.484375 0.018333 0.021250
6 0.127917 0.486875 0.016667 0.018750
4 0.150833 0.487187 0.018333 0.021250
6 0.247083 0.372188 0.048333 0.011250
5 0.389583 0.382812 0.046667 0.012500
4 0.291250 0.350625 0.036667 0.011250
4 0.291667 0.336875 0.036667 0.008750
6 0.297500 0.324688 0.045000 0.011250
4 0.294583 0.311875 0.041667 0.011250
6 0.297500 0.298750 0.048333 0.015000
6 0.401667 0.315625 0.040000 0.013750
4 0.207083 0.224375 0.021667 0.021250
4 0.267500 0.224375 0.041667 0.011250
4 0.242500 0.083750 0.021667 0.022500
4 0.530000 0.016875 0.020000 0.021250
4 0.614167 0.014375 0.018333 0.013750
4 0.615000 0.042500 0.026667 0.025000
6 0.613750 0.193125 0.018333 0.021250
6 0.585833 0.300625 0.021667 0.023750
4 0.616667 0.276562 0.020000 0.030000
4 0.777500 0.301563 0.025000 0.025000
6 0.992917 0.147813 0.016667 0.022500
4 0.986250 0.178437 0.033333 0.015000
4 0.985000 0.427500 0.031667 0.012500
9 0.571667 0.409375 0.166667 0.058750
