6 3.062500 2.303333 0.026250 0.021667
4 3.020000 2.486667 0.030000 0.026667
4 2.957500 2.590000 0.023750 0.021667
4 2.925000 2.641667 0.025000 0.023333
4 2.895000 2.700000 0.022500 0.023333
4 2.875000 2.755000 0.025000 0.023333
4 2.801250 2.851667 0.026250 0.021667
6 2.623750 3.116667 0.026250 0.021667
4 3.116250 2.873333 0.026250 0.023333
4 3.087500 2.923333 0.023750 0.021667
4 3.027500 3.026667 0.026250 0.023333
4 3.037500 3.243333 0.023750 0.021667
4 3.247500 2.863333 0.023750 0.021667
6 3.292500 2.820000 0.023750 0.020000
4 3.305000 2.758333 0.022500 0.021667
4 3.493750 2.913333 0.016250 0.016667
4 3.587500 2.750000 0.021250 0.018333
4 3.560000 2.810000 0.022500 0.021667
6 3.446250 3.093333 0.023750 0.020000
4 3.403750 3.141667 0.025000 0.023333
6 3.350000 3.258333 0.022500 0.018333
6 3.322500 3.316667 0.021250 0.018333
5 3.207500 3.466667 0.021250 0.020000
6 3.100000 3.690000 0.017500 0.018333
6 2.915000 3.873333 0.025000 0.033333
6 2.170000 3.280000 0.020000 0.030000
4 2.163750 3.405000 0.021250 0.033333
6 2.113750 3.370000 0.018750 0.028333
6 2.482500 3.893333 0.021250 0.030000
6 2.205000 3.756667 0.025000 0.038333
3 1.932500 3.616667 0.028750 0.048333
4 0.815000 2.556667 0.022500 0.021667
4 0.611250 2.463333 0.025000 0.021667
6 0.192500 2.270000 0.023750 0.018333
6 0.201250 2.126667 0.025000 0.020000
4 0.080000 2.086667 0.025000 0.020000
4 1.586250 1.358333 0.026250 0.021667
4 1.536250 1.195000 0.023750 0.020000
4 1.992500 1.398333 0.018750 0.018333
4 1.952500 1.218333 0.016250 0.028333
4 1.750000 0.548333 0.020000 0.023333
6 1.692500 0.525000 0.018750 0.028333
4 2.058750 0.526667 0.025000 0.026667
4 2.012500 0.491667 0.026250 0.026667
4 1.960000 0.466667 0.027500 0.030000
4 1.908750 0.430000 0.026250 0.028333
6 1.793750 0.371667 0.020000 0.025000
4 2.112500 0.213333 0.018750 0.030000
4 2.082500 0.160000 0.018750 0.030000
4 2.033750 0.135000 0.018750 0.030000
4 1.937500 0.071667 0.021250 0.033333
4 0.141250 0.205000 0.018750 0.028333
6 0.435000 0.063333 0.022500 0.031667
4 0.798750 1.131667 0.012500 0.020000
11 0.760000 0.983333 0.025000 0.025000
6 0.641250 0.925000 0.021250 0.020000
6 0.492500 0.850000 0.021250 0.018333
6 0.382500 0.801667 0.023750 0.018333
4 0.258750 0.738333 0.025000 0.021667
4 1.248750 3.876667 0.018750 0.031667
4 1.177500 3.870000 0.018750 0.031667
3 1.586250 3.388333 0.040000 0.068333
4 2.483750 1.436667 0.016250 0.021667
4 2.855000 0.685000 0.012500 0.018333
6 2.890000 0.616667 0.015000 0.025000
6 2.942500 0.513333 0.016250 0.026667
4 3.088750 0.236667 0.018750 0.028333
4 3.040000 2.136667 0.017500 0.028333
4 2.987500 2.106667 0.016250 0.026667
6 2.928750 2.095000 0.016250 0.026667
4 2.871250 2.060000 0.013750 0.023333
4 2.833750 2.026667 0.015000 0.023333
4 2.777500 2.000000 0.016250 0.026667
4 2.716250 1.968333 0.016250 0.026667
4 2.661250 1.950000 0.016250 0.025000
4 2.726250 1.720000 0.012500 0.026667
6 0.202500 1.658333 0.018750 0.028333
4 1.025000 2.786667 0.020000 0.030000
4 1.090000 2.813333 0.022500 0.033333
4 1.137500 3.576667 0.023750 0.021667
4 1.232500 3.623333 0.026250 0.025000
4 3.147500 3.636667 0.031250 0.028333
4 3.180000 3.576667 0.025000 0.021667
