29 1.053333 2.410000 0.102222 0.106667
29 1.447778 2.358889 0.101111 0.106667
19 2.167778 1.755556 0.070000 0.055556
19 2.632222 2.234444 0.073333 0.082222
19 3.002222 2.114444 0.043333 0.044444
19 3.171111 2.074444 0.038889 0.043333
19 3.315556 2.064444 0.035556 0.041111
19 3.492222 2.085556 0.045556 0.047778
19 3.095556 2.131111 0.030000 0.030000
19 3.038889 2.215556 0.028889 0.023333
19 2.964444 2.271111 0.042222 0.037778
19 3.026667 2.360000 0.044444 0.044444
19 3.324444 2.640000 0.042222 0.044444
19 3.386667 2.728889 0.026667 0.026667
19 3.212222 2.844444 0.027778 0.024444
19 3.686667 2.677778 0.041111 0.036667
19 3.926667 2.693333 0.030000 0.028889
19 0.406667 2.962222 0.050000 0.047778
