17 0.325278 0.626944 0.061111 0.053333
19 0.964444 0.556389 0.052222 0.048889
13 0.920833 0.053056 0.066667 0.062222
13 0.926389 0.139444 0.071111 0.063333
33 0.931111 0.230278 0.120000 0.118889
33 0.921389 0.336111 0.095556 0.094444
33 0.823889 0.349444 0.120000 0.121111
17 0.792222 0.283056 0.062222 0.056667
13 0.778056 0.215278 0.063333 0.053333
13 0.755278 0.028889 0.062222 0.052222
13 0.611111 0.029167 0.062222 0.053333
17 0.622222 0.105833 0.057778 0.055556
19 0.619444 0.169444 0.056667 0.046667
17 0.632222 0.232778 0.055556 0.050000
19 0.631111 0.305278 0.045556 0.041111
19 0.616944 0.468611 0.047778 0.037778
17 0.477222 0.253889 0.061111 0.054444
17 0.472778 0.188611 0.065556 0.061111
27 0.303611 0.068333 0.058889 0.050000
19 0.311944 0.138611 0.075556 0.068889
19 0.323056 0.213333 0.072222 0.062222
17 0.331667 0.282500 0.063333 0.056667
17 0.341944 0.349722 0.063333 0.056667
19 0.339444 0.411111 0.098889 0.097778
17 0.278611 0.422222 0.054444 0.060000
33 0.201111 0.415278 0.123333 0.123333
12 0.177500 0.345556 0.056667 0.053333
27 0.172222 0.284167 0.057778 0.044444
19 0.094167 0.240000 0.038889 0.046667
13 0.168333 0.221667 0.072222 0.063333
19 0.165000 0.151389 0.082222 0.074444
17 0.035000 0.319444 0.050000 0.054444
13 0.039722 0.377222 0.076667 0.072222
13 0.046667 0.442222 0.076667 0.080000
