21 0.694063 0.584583 0.371250 0.595000
4 0.624062 0.126250 0.015000 0.031667
4 0.593750 0.123333 0.012500 0.033333
4 0.581250 0.127917 0.012500 0.028333
4 0.548125 0.129167 0.008750 0.025000
6 0.535312 0.129167 0.010000 0.025000
6 0.396875 0.095833 0.028750 0.011667
6 0.392813 0.110833 0.028750 0.011667
5 0.393750 0.126667 0.027500 0.010000
4 0.168125 0.207500 0.028750 0.011667
6 0.097812 0.288333 0.026250 0.013333
6 0.096562 0.304583 0.025000 0.013333
6 0.096562 0.320833 0.025000 0.011667
4 0.101562 0.353333 0.027500 0.013333
4 0.096562 0.381667 0.028750 0.013333
4 0.091250 0.412500 0.027500 0.011667
6 0.093438 0.427917 0.026250 0.011667
6 0.085625 0.462917 0.033750 0.013333
6 0.093125 0.488333 0.026250 0.010000
4 0.098437 0.514583 0.023750 0.013333
4 0.100937 0.530000 0.020000 0.010000
4 0.100625 0.562500 0.023750 0.011667
4 0.099687 0.590417 0.026250 0.015000
4 0.100000 0.603750 0.025000 0.011667
6 0.950000 0.123333 0.012500 0.033333
4 0.981875 0.128750 0.011250 0.026667
4 0.986875 0.025000 0.016250 0.030000
4 0.941875 0.033333 0.013750 0.030000
6 0.836875 0.051250 0.016250 0.030000
