4 3.802000 3.600000 0.021000 0.014000
6 3.571000 3.215000 0.016000 0.011000
6 3.488000 3.376000 0.022000 0.014000
6 1.721000 3.348000 0.011000 0.016000
6 2.414000 3.372000 0.011000 0.018000
6 1.938000 3.356000 0.009000 0.020000
6 0.652000 3.528000 0.015000 0.020000
4 2.682000 2.422000 0.013000 0.019000
6 2.446000 2.369000 0.012000 0.017000
4 2.314000 2.380000 0.009000 0.020000
6 1.849000 2.390000 0.011000 0.013000
4 1.478000 2.256000 0.017000 0.022000
4 1.024000 2.452000 0.018000 0.020000
4 3.289000 0.053000 0.016000 0.019000
4 3.126000 0.212000 0.017000 0.022000
6 2.509000 1.300000 0.016000 0.022000
5 2.455000 1.282000 0.018000 0.025000
4 2.258000 1.244000 0.013000 0.020000
4 2.731000 1.122000 0.012000 0.017000
6 2.635000 1.100000 0.013000 0.022000
4 2.385000 1.044000 0.014000 0.018000
4 2.281000 1.042000 0.015000 0.021000
4 2.032000 0.972000 0.015000 0.020000
4 2.440000 0.072000 0.012000 0.018000
6 2.184000 1.016000 0.016000 0.020000
4 1.796000 0.472000 0.024000 0.016000
4 1.817000 0.440000 0.025000 0.016000
4 1.947000 0.279000 0.022000 0.015000
6 1.528000 0.906000 0.024000 0.013000
4 1.513000 0.870000 0.023000 0.011000
6 1.492000 0.830000 0.022000 0.013000
6 1.466000 0.764000 0.023000 0.012000
4 1.458000 0.723000 0.021000 0.010000
4 0.051000 0.294000 0.017000 0.013000
4 2.533000 1.090000 0.012000 0.013000
4 2.582000 1.101000 0.009000 0.008000
