6 0.040000 0.339167 0.027500 0.031667
4 0.062500 0.378750 0.022500 0.031667
5 0.087500 0.397917 0.025000 0.035000
4 0.495000 0.418333 0.022500 0.030000
6 0.485000 0.430000 0.022500 0.030000
6 0.475625 0.443333 0.021250 0.026667
6 0.466875 0.455000 0.023750 0.030000
6 0.452813 0.466250 0.027500 0.036667
6 0.434375 0.487500 0.021250 0.028333
4 0.424375 0.496667 0.023750 0.030000
6 0.414375 0.511667 0.023750 0.030000
6 0.355000 0.472500 0.025000 0.031667
6 0.365312 0.459167 0.025000 0.031667
4 0.383750 0.437083 0.022500 0.030000
6 0.393750 0.423333 0.025000 0.033333
6 0.403750 0.412917 0.020000 0.026667
6 0.416250 0.404167 0.022500 0.031667
6 0.425312 0.394167 0.021250 0.028333
4 0.435312 0.380833 0.025000 0.031667
4 0.446250 0.373333 0.025000 0.030000
5 0.215312 0.508750 0.022500 0.030000
6 0.335625 0.975000 0.026250 0.030000
4 0.900312 0.061667 0.022500 0.030000
