6 0.183500 0.117250 0.035000 0.012000
4 0.247250 0.102500 0.021000 0.011000
9 0.313000 0.082000 0.050000 0.044000
5 0.517500 0.106000 0.017000 0.032000
10 0.448750 0.146500 0.033000 0.031000
25 0.495250 0.150750 0.015000 0.026000
5 0.485500 0.311750 0.011000 0.020000
4 0.452500 0.315750 0.025000 0.008000
5 0.484750 0.335000 0.012000 0.022000
4 0.472500 0.495000 0.009000 0.016000
4 0.160250 0.662000 0.023000 0.008000
4 0.185500 0.664500 0.023000 0.011000
3 0.197500 0.731500 0.013000 0.017000
6 0.100000 0.754250 0.020000 0.010000
4 0.093750 0.795000 0.022000 0.008000
6 0.093750 0.806750 0.022000 0.009000
6 0.365500 0.840500 0.021000 0.019000
4 0.392500 0.847750 0.007000 0.018000
6 0.436500 0.798000 0.011000 0.018000
4 0.461000 0.802500 0.010000 0.019000
4 0.483500 0.805750 0.011000 0.017000
6 0.510000 0.803500 0.012000 0.019000
6 0.522500 0.804000 0.011000 0.016000
4 0.465000 0.855000 0.010000 0.018000
4 0.490500 0.858500 0.009000 0.015000
6 0.514250 0.861750 0.009000 0.016000
6 0.544750 0.933250 0.012000 0.018000
4 0.761500 0.774750 0.011000 0.016000
4 0.812500 0.796500 0.009000 0.013000
4 0.823000 0.798000 0.008000 0.014000
6 0.531750 0.738250 0.009000 0.017000
9 0.662000 0.592500 0.062000 0.055000
6 0.680750 0.501500 0.012000 0.017000
6 0.696750 0.256000 0.008000 0.016000
4 0.824500 0.012250 0.011000 0.019000
4 0.932500 0.075500 0.009000 0.019000
6 0.969500 0.109750 0.021000 0.010000
4 0.924500 0.130750 0.013000 0.020000
5 0.893500 0.291750 0.023000 0.020000
6 0.932500 0.334750 0.023000 0.012000
4 0.881500 0.424500 0.009000 0.017000
6 0.854000 0.531250 0.022000 0.007000
4 0.970500 0.609000 0.021000 0.008000
