6 3.881667 0.566250 0.026667 0.015000
4 2.815000 1.086250 0.026667 0.023750
4 2.543333 1.285000 0.028333 0.027500
6 1.515000 2.645000 0.026667 0.027500
5 1.425000 2.622500 0.030000 0.031250
4 1.096667 2.575000 0.021667 0.025000
4 1.885000 2.422500 0.020000 0.021250
6 1.725000 2.395000 0.021667 0.027500
4 1.308333 2.325000 0.023333 0.022500
4 1.135000 2.322500 0.025000 0.026250
4 0.720000 2.235000 0.025000 0.025000
6 1.646667 1.048750 0.020000 0.016250
4 1.400000 1.110000 0.020000 0.022500
6 0.973333 2.290000 0.026667 0.025000
4 0.326667 1.610000 0.040000 0.020000
4 0.361667 1.570000 0.041667 0.020000
4 0.578333 1.368750 0.036667 0.018750
4 1.555000 2.382500 0.020000 0.016250
4 1.636667 2.396250 0.015000 0.010000
