19 3.026667 1.280000 0.076667 0.080000
17 3.690000 1.208333 0.078333 0.078333
33 0.198485 2.998210 0.189243 0.189105
19 0.560000 2.913333 0.096667 0.100000
19 0.855000 2.798333 0.068333 0.081667
19 0.227106 3.567845 0.130300 0.106077
17 1.441667 2.908333 0.106667 0.103333
13 1.416667 3.220000 0.105000 0.090000
13 1.980000 2.971667 0.083333 0.095000
19 2.613333 2.433333 0.100000 0.100000
19 2.443333 2.695000 0.095000 0.096667
19 2.453333 3.003333 0.083333 0.078333
19 2.496667 3.346667 0.078333 0.080000
19 2.556667 3.686667 0.068333 0.073333
