6 1.090000 0.610000 0.048333 0.022500
6 1.483333 0.717500 0.045000 0.023750
4 1.640000 0.756250 0.040000 0.022500
6 3.473333 0.576250 0.040000 0.020000
4 2.333333 1.771250 0.040000 0.020000
4 2.910000 1.551250 0.031667 0.026250
4 2.910000 1.852500 0.031667 0.026250
4 2.558333 2.213750 0.030000 0.025000
3 2.456667 2.307500 0.028333 0.023750
5 2.366667 2.382500 0.036667 0.031250
3 2.860000 2.250000 0.056667 0.022500
4 2.628333 2.706250 0.041667 0.021250
4 3.053333 2.815000 0.040000 0.022500
6 3.671667 2.997500 0.038333 0.018750
6 3.660000 3.157500 0.041667 0.016250
9 2.016667 2.648750 0.135000 0.101250
4 0.216667 2.730000 0.028333 0.025000
6 0.363333 3.390000 0.018333 0.015000
4 1.265000 3.520000 0.033333 0.027500
5 0.883333 3.576250 0.035000 0.028750
6 0.846667 3.737500 0.030000 0.023750
4 1.051667 3.726250 0.038333 0.032500
5 3.215000 3.697500 0.030000 0.026250
6 3.290000 3.720000 0.023333 0.020000
5 3.526667 3.727500 0.033333 0.028750
6 2.478333 3.755000 0.028333 0.022500
5 2.768333 3.757500 0.046667 0.021250
4 2.741667 3.818750 0.025000 0.010000
4 2.046667 3.557500 0.026667 0.023750
9 3.301667 1.342500 0.156667 0.106250
