32 0.826250 0.025500 0.168000 0.164000
6 0.993000 0.222500 0.016000 0.014000
4 0.062000 0.036000 0.022000 0.022000
4 0.013000 0.062250 0.026000 0.016000
4 0.148500 0.047000 0.016000 0.020000
4 0.252750 0.122000 0.024000 0.012000
6 0.745750 0.251250 0.023000 0.016000
6 0.771000 0.261000 0.024000 0.018000
6 0.744000 0.303750 0.022000 0.014000
6 0.752500 0.365500 0.021000 0.023000
4 0.464500 0.395500 0.027000 0.017000
6 0.395750 0.347000 0.027000 0.014000
5 0.255750 0.295250 0.030000 0.018000
6 0.254000 0.351500 0.015000 0.015000
4 0.212500 0.277500 0.023000 0.013000
6 0.153250 0.280000 0.024000 0.014000
4 0.157250 0.258000 0.025000 0.016000
3 0.316500 0.261000 0.025000 0.030000
6 0.393500 0.299500 0.015000 0.017000
6 0.207250 0.159500 0.012000 0.013000
9 0.040250 0.229000 0.056000 0.052000
9 0.898250 0.209000 0.082000 0.082000
9 0.696750 0.469000 0.074000 0.076000
5 0.832250 0.399000 0.026000 0.016000
4 0.977500 0.425500 0.013000 0.019000
4 0.933250 0.569500 0.022000 0.013000
6 0.980750 0.380000 0.014000 0.018000
4 0.052000 0.526500 0.018000 0.021000
6 0.093000 0.575750 0.024000 0.015000
4 0.222000 0.623750 0.026000 0.014000
5 0.341000 0.686250 0.031000 0.019000
6 0.410500 0.691250 0.030000 0.017000
4 0.432500 0.699250 0.023000 0.017000
6 0.552750 0.634500 0.019000 0.023000
4 0.536750 0.657000 0.016000 0.020000
6 0.565250 0.679000 0.015000 0.020000
11 0.565000 0.619750 0.018000 0.019000
6 0.714250 0.632000 0.022000 0.014000
4 0.825000 0.629250 0.018000 0.023000
4 0.898000 0.690750 0.022000 0.022000
4 0.872250 0.665000 0.020000 0.012000
4 0.879000 0.864500 0.026000 0.017000
9 0.502000 0.736000 0.078000 0.080000
4 0.491000 0.781500 0.026000 0.027000
5 0.192000 0.812500 0.034000 0.011000
4 0.395250 0.846750 0.017000 0.019000
4 0.432000 0.799000 0.016000 0.020000
4 0.408500 0.828500 0.015000 0.019000
4 0.369750 0.881000 0.018000 0.020000
6 0.513500 0.889000 0.023000 0.018000
5 0.539000 0.899000 0.026000 0.018000
5 0.029250 0.769500 0.017000 0.019000
4 0.249250 0.962500 0.024000 0.019000
6 0.052000 0.921000 0.016000 0.020000
4 0.800750 0.301000 0.020000 0.024000
4 0.888500 0.981000 0.023000 0.016000
