6 3.387000 3.852000 0.009000 0.018000
6 3.509000 3.328000 0.009000 0.016000
6 3.504000 3.168000 0.012000 0.020000
6 2.183000 3.801000 0.011000 0.020000
6 2.228000 2.830000 0.010000 0.017000
6 2.196000 2.140000 0.010000 0.016000
6 2.197000 2.054000 0.008000 0.015000
6 1.282000 1.161000 0.029000 0.018000
6 2.196000 1.371000 0.010000 0.017000
6 2.198000 1.260000 0.009000 0.016000
4 2.192000 1.161000 0.010000 0.021000
4 2.196000 1.026000 0.008000 0.017000
6 2.193000 0.940000 0.010000 0.020000
6 2.196000 0.859000 0.010000 0.017000
4 2.198000 0.571000 0.009000 0.017000
4 1.687000 0.442000 0.010000 0.019000
6 2.292000 0.100000 0.010000 0.016000
6 2.350000 0.058000 0.009000 0.015000
4 0.078000 1.982000 0.009000 0.017000
4 0.074000 0.652000 0.009000 0.022000
6 0.136000 0.638000 0.008000 0.017000
6 3.952000 0.530000 0.024724 0.017000
4 3.955000 0.568000 0.022000 0.016000
6 3.958000 0.617000 0.019000 0.015000
6 3.958000 0.655000 0.019000 0.014000
4 3.958250 0.696112 0.023125 0.015944
6 3.954000 0.747000 0.021000 0.015000
4 3.952000 0.776000 0.024000 0.016000
4 3.960000 0.828000 0.022516 0.016000
6 3.945000 0.860000 0.025000 0.018000
6 3.936000 0.906000 0.022000 0.015000
4 3.777000 0.544000 0.021000 0.014000
6 3.784000 0.580000 0.018000 0.014000
6 3.775000 0.621000 0.021000 0.016000
6 3.772000 0.661000 0.020000 0.015000
6 3.772000 0.708000 0.016000 0.014000
6 3.768000 0.750000 0.018000 0.013000
6 3.776000 0.785000 0.018000 0.014000
6 1.318000 2.036000 0.019000 0.008000
6 1.464000 0.286000 0.014000 0.009000
9 0.178000 2.947000 0.069000 0.039000
9 2.255000 2.940000 0.059000 0.052000
6 2.201000 0.696000 0.009000 0.014000
15 3.687000 1.216000 0.082000 0.030000
