4 2.653750 3.916667 0.010000 0.028333
4 3.215000 0.948333 0.025000 0.013333
6 0.245000 0.175000 0.020000 0.021667
4 0.231250 0.048333 0.025000 0.021667
5 0.750000 0.375000 0.037500 0.020000
4 1.997500 0.928333 0.011250 0.036667
4 2.095000 0.911667 0.012500 0.028333
6 0.676250 1.376667 0.026250 0.021667
6 0.675000 1.310000 0.022500 0.021667
6 0.658750 1.251667 0.030000 0.028333
4 0.647500 1.180000 0.026250 0.023333
6 0.647500 1.113333 0.023750 0.023333
6 0.387500 1.216667 0.026250 0.031667
6 0.108750 2.305000 0.012500 0.028333
6 0.111250 2.525000 0.010000 0.023333
