7 0.127500 0.233250 0.015000 0.024000
6 0.015500 0.822250 0.009000 0.016000
3 0.014500 0.923500 0.009000 0.021000
4 0.017750 0.953000 0.010000 0.020000
9 0.734000 0.971750 0.056000 0.058000
6 0.853750 0.886750 0.022000 0.009000
6 0.976000 0.840750 0.014000 0.023000
6 0.701500 0.955500 0.015000 0.027000
6 0.701500 0.929750 0.009000 0.017000
4 0.909750 0.762000 0.025000 0.010000
6 0.752500 0.802000 0.009000 0.016000
4 0.797750 0.670500 0.025000 0.009000
4 0.892500 0.694000 0.009000 0.018000
6 0.958250 0.670000 0.012000 0.016000
6 0.736500 0.585500 0.011000 0.019000
4 0.894000 0.553500 0.012000 0.021000
4 0.867750 0.508750 0.024000 0.009000
4 0.899500 0.266500 0.009000 0.013000
4 0.862750 0.292250 0.016000 0.022000
6 0.854250 0.244250 0.033000 0.014000
6 0.920750 0.181500 0.012000 0.019000
4 0.843750 0.021000 0.011000 0.020000
9 0.726250 0.634750 0.067000 0.139000
6 0.354500 0.974000 0.009000 0.014000
6 0.356500 0.949750 0.009000 0.019000
6 0.296500 0.964000 0.011000 0.016000
4 0.295750 0.946750 0.011000 0.019000
4 0.129500 0.970000 0.009000 0.018000
4 0.128000 0.949250 0.012000 0.020000
4 0.073000 0.974250 0.010000 0.019000
4 0.396750 0.797000 0.012000 0.020000
4 0.526750 0.761250 0.024000 0.010000
4 0.667000 0.679750 0.022000 0.011000
6 0.353500 0.760250 0.009000 0.017000
4 0.354250 0.740500 0.010000 0.019000
6 0.298000 0.733000 0.010000 0.016000
6 0.298500 0.716500 0.011000 0.017000
6 0.471250 0.613250 0.010000 0.018000
4 0.355750 0.617000 0.011000 0.018000
4 0.500000 0.561500 0.010000 0.019000
4 0.537500 0.562750 0.009000 0.016000
4 0.555250 0.518750 0.010000 0.018000
4 0.529500 0.518500 0.011000 0.021000
4 0.460500 0.522000 0.011000 0.016000
4 0.282000 0.540000 0.012000 0.022000
5 0.412750 0.407500 0.010000 0.015000
4 0.355250 0.386250 0.010000 0.017000
4 0.167250 0.538000 0.012000 0.014000
4 0.239500 0.408000 0.011000 0.020000
4 0.097750 0.468000 0.020000 0.022000
4 0.066000 0.470500 0.012000 0.017000
4 0.074250 0.406000 0.012000 0.018000
5 0.100000 0.353500 0.030000 0.011000
6 0.352750 0.301000 0.011000 0.016000
6 0.532000 0.205000 0.024000 0.010000
4 0.406750 0.115250 0.016000 0.020000
6 0.408000 0.091500 0.012000 0.023000
6 0.406500 0.071500 0.009000 0.017000
4 0.516500 0.094000 0.011000 0.018000
4 0.515000 0.067000 0.010000 0.018000
4 0.446750 0.054750 0.022000 0.022000
4 0.617000 0.026000 0.012000 0.008000
4 0.258500 0.087000 0.011000 0.020000
4 0.125000 0.143750 0.008000 0.016000
6 0.130500 0.270500 0.013000 0.023000
4 0.074500 0.292750 0.011000 0.018000
