6 0.146250 0.324167 0.017500 0.038333
4 0.164375 0.326250 0.013750 0.033333
6 0.188750 0.329167 0.012500 0.028333
4 0.174375 0.409167 0.031250 0.015000
6 0.295000 0.410000 0.027500 0.013333
4 0.303438 0.112917 0.021250 0.013333
4 0.383750 0.062500 0.020000 0.021667
6 0.441563 0.143333 0.031250 0.013333
9 0.369063 0.394167 0.073750 0.075000
6 0.523125 0.409583 0.031250 0.018333
6 0.645938 0.307083 0.011250 0.025000
3 0.762500 0.413750 0.035000 0.015000
5 0.845625 0.293333 0.016250 0.046667
4 0.900312 0.215417 0.011250 0.028333
4 0.846562 0.055417 0.015000 0.033333
6 0.898125 0.062500 0.013750 0.031667
4 0.899062 0.095833 0.013750 0.031667
9 0.872188 0.392500 0.073750 0.081667
6 0.250625 0.962500 0.026250 0.011667
4 0.299063 0.885417 0.027500 0.013333
6 0.297812 0.846667 0.030000 0.013333
6 0.299375 0.829167 0.028750 0.011667
3 0.450937 0.665417 0.025000 0.011667
6 0.453125 0.969167 0.028750 0.011667
6 0.844688 0.549583 0.012500 0.033333
6 0.844688 0.618333 0.015000 0.033333
6 0.861250 0.633333 0.015000 0.033333
4 0.893437 0.631250 0.013750 0.033333
5 0.845000 0.674167 0.012500 0.035000
6 0.895312 0.698333 0.012500 0.026667
4 0.843437 0.712083 0.013750 0.033333
4 0.810000 0.637083 0.042500 0.016667
4 0.796875 0.762917 0.033750 0.015000
4 0.842500 0.937917 0.015000 0.031667
6 0.350625 0.193750 0.013750 0.036667
4 0.035937 0.788750 0.027500 0.013333
