17 3.768000 0.538000 0.048000 0.047000
19 3.955000 0.805000 0.069000 0.069000
17 3.377000 0.873000 0.064000 0.065000
17 3.576000 1.101000 0.066000 0.067000
17 3.747000 1.311000 0.064000 0.064000
19 3.925000 1.561000 0.065000 0.065000
13 3.259000 1.153000 0.066000 0.067000
17 2.747000 1.307000 0.066000 0.066000
17 2.879000 1.466000 0.064000 0.063000
19 3.129000 1.797000 0.062000 0.063000
19 3.394000 2.122000 0.067000 0.067000
17 2.240000 1.883000 0.060000 0.056000
19 2.429000 2.192000 0.067000 0.068000
19 3.506000 2.284000 0.061000 0.062000
17 2.644000 2.472000 0.070000 0.070000
19 2.819000 2.686000 0.064000 0.065000
19 2.947000 2.898000 0.068000 0.069000
17 1.428000 1.359000 0.064000 0.063000
