13 0.983580 0.659403 0.034286 0.080778
19 0.946786 0.622500 0.040000 0.041429
19 0.876786 0.628214 0.038571 0.040000
19 0.850000 0.631429 0.042857 0.042857
19 0.720000 0.598571 0.037143 0.037143
19 0.751071 0.532143 0.038571 0.038571
19 0.791071 0.521429 0.037143 0.040000
19 0.837857 0.520714 0.055714 0.055714
19 0.891429 0.516071 0.051429 0.057143
19 0.933571 0.898571 0.055714 0.054286
19 0.875714 0.894286 0.034286 0.034286
19 0.849286 0.888571 0.027143 0.034286
19 0.423929 0.703929 0.082857 0.082857
33 0.440357 0.760714 0.150000 0.150000
19 0.373571 0.770714 0.072857 0.072857
19 0.404286 0.813214 0.062857 0.061429
29 0.278929 0.786429 0.114286 0.115714
19 0.324643 0.702143 0.068571 0.067143
19 0.155357 0.795000 0.041429 0.041429
19 0.245000 0.826071 0.050000 0.050000
12 0.148214 0.827857 0.092857 0.092857
19 0.175000 0.831429 0.038571 0.040000
19 0.026891 0.664833 0.080504 0.081095
19 0.035357 0.621429 0.070000 0.068571
19 0.108929 0.620714 0.080000 0.090000
19 0.152857 0.630000 0.051429 0.054286
19 0.211071 0.647857 0.034286 0.035714
19 0.192500 0.612143 0.091429 0.090000
