9 0.244000 1.462000 0.078000 0.067000
6 3.422000 3.390000 0.019000 0.007000
4 3.398000 3.685000 0.025000 0.010000
9 3.694000 3.762000 0.069000 0.061000
9 1.977000 3.755000 0.072000 0.062000
9 0.244000 3.746000 0.070000 0.065000
4 0.171000 0.963000 0.009000 0.018000
6 3.179000 1.431000 0.025000 0.009000
5 3.074000 1.429000 0.025000 0.008000
5 3.426000 2.388000 0.025000 0.008000
6 3.614000 2.564000 0.009000 0.018000
6 3.761000 3.056000 0.009000 0.016000
6 3.965701 3.686315 0.017299 0.006850
4 3.754000 3.938000 0.009000 0.015000
6 1.884000 3.988000 0.008000 0.006000
6 1.883000 3.940000 0.010000 0.016000
4 1.890000 2.998000 0.009000 0.017000
4 2.222000 2.477000 0.019000 0.007000
6 1.884000 1.992000 0.010000 0.018000
6 1.888000 1.810000 0.010000 0.017000
5 0.451000 3.510000 0.024000 0.009000
4 0.166000 2.056000 0.011000 0.022000
6 0.320000 3.078000 0.010000 0.017000
5 0.318000 3.360000 0.011000 0.020000
6 0.847000 3.809000 0.017000 0.007000
5 0.793000 3.695000 0.026000 0.008000
6 0.550000 3.692000 0.021000 0.008000
32 2.415745 0.251013 0.167872 0.130493
