2 0.090500 0.690250 0.129000 0.019000
2 0.110000 0.678000 0.056000 0.012000
2 0.078500 0.785750 0.077000 0.009000
2 0.076500 0.797500 0.077000 0.009000
2 0.173000 0.815500 0.057000 0.013000
18 0.246000 0.764000 0.052000 0.010000
0 0.412500 0.054250 0.068000 0.091000
0 0.439000 0.045500 0.094000 0.121000
0 0.334500 0.249750 0.108000 0.150000
0 0.876500 0.106500 0.093000 0.123000
0 0.790000 0.233750 0.092000 0.118000
0 0.793750 0.260000 0.073000 0.095000
8 0.680000 0.677000 0.018000 0.022000
8 0.274000 0.665500 0.028000 0.027000
8 0.285500 0.648500 0.025000 0.023000
8 0.357000 0.542250 0.022000 0.018000
8 0.364500 0.530750 0.021000 0.018000
8 0.373000 0.519250 0.024000 0.022000
8 0.380000 0.510250 0.020000 0.017000
8 0.385500 0.502250 0.019000 0.015000
18 0.242500 0.744000 0.029000 0.006000
18 0.249000 0.757000 0.020000 0.006000
18 0.247000 0.751250 0.022000 0.006000
