5 0.148000 0.504750 0.012000 0.018000
4 0.148000 0.478500 0.012000 0.019000
4 0.130000 0.436500 0.010000 0.017000
4 0.340500 0.574500 0.025000 0.011000
4 0.281250 0.601250 0.013000 0.019000
5 0.439500 0.626500 0.019000 0.019000
4 0.393750 0.741500 0.019000 0.011000
4 0.846000 0.106750 0.022000 0.010000
6 0.589750 0.198000 0.016000 0.022000
5 0.651750 0.352750 0.015000 0.024000
4 0.685750 0.536500 0.015000 0.021000
6 0.513250 0.202000 0.014000 0.020000
6 0.551000 0.347500 0.012000 0.021000
4 0.595000 0.498500 0.012000 0.021000
4 0.679000 0.762500 0.012000 0.019000
4 0.424000 0.673000 0.022000 0.014000
