3 3.373750 3.103333 0.040000 0.018333
4 3.567500 2.618333 0.018750 0.036667
5 3.090000 2.875000 0.032500 0.016667
6 3.087500 2.746667 0.033750 0.016667
4 3.843750 2.245000 0.022500 0.030000
4 3.688750 2.311667 0.018750 0.033333
5 3.542500 2.320000 0.013750 0.033333
4 3.403750 2.330000 0.015000 0.035000
30 2.490000 2.330000 0.117500 0.038333
6 3.757500 1.025000 0.021250 0.028333
5 3.720000 0.200000 0.027500 0.036667
6 2.933750 2.341667 0.013750 0.031667
4 1.705000 2.651667 0.012500 0.030000
4 1.637500 2.653333 0.013750 0.030000
6 2.187500 2.338333 0.013750 0.030000
4 2.057500 2.350000 0.013750 0.028333
4 1.377500 2.370000 0.013750 0.028333
6 1.992500 0.923333 0.033750 0.015000
4 1.543750 1.186667 0.018750 0.030000
6 1.451250 0.748333 0.032500 0.020000
4 0.410000 1.496667 0.015000 0.021667
6 0.397500 2.433333 0.016250 0.040000
6 0.315000 3.096667 0.017500 0.038333
