19 0.404286 1.822857 0.058571 0.057143
19 0.448571 2.008571 0.044286 0.041429
19 0.428571 2.142857 0.042857 0.042857
19 1.437143 1.201429 0.038571 0.040000
19 1.567143 1.244286 0.028571 0.034286
19 1.681429 1.177143 0.052857 0.054286
27 2.292857 1.182857 0.098571 0.094286
19 2.210000 1.534286 0.044286 0.044286
19 2.562857 1.712857 0.052857 0.054286
19 2.092857 2.634286 0.034286 0.034286
19 2.237143 2.624286 0.050000 0.048571
19 2.334286 2.617143 0.041429 0.040000
19 2.384286 2.741429 0.071429 0.071429
19 2.538571 2.712857 0.047143 0.047143
19 0.140000 2.304286 0.041429 0.042857
