32 2.845000 1.150000 0.281667 0.205000
6 3.953333 2.132500 0.026667 0.017500
6 2.305000 2.276250 0.038333 0.020000
6 2.473333 2.325000 0.040000 0.022500
6 2.293333 2.538750 0.036667 0.017500
6 2.350000 2.847500 0.035000 0.028750
4 0.430000 2.997500 0.045000 0.021250
9 3.321667 2.065000 0.136667 0.102500
9 1.978333 3.365000 0.123333 0.095000
5 2.881667 3.015000 0.043333 0.020000
4 3.850000 3.147500 0.021667 0.023750
4 3.555000 3.867500 0.036667 0.016250
6 3.871667 2.920000 0.023333 0.022500
21 2.726666 0.507500 0.623333 0.366685
4 2.671667 2.525000 0.033333 0.030000
