6 0.182000 0.054750 0.020000 0.009000
4 0.182250 0.045750 0.023000 0.010000
4 0.186000 0.026750 0.022000 0.009000
4 0.242750 0.078000 0.026000 0.010000
4 0.244500 0.068000 0.021000 0.008000
4 0.246750 0.059500 0.023000 0.009000
4 0.248250 0.050000 0.020000 0.008000
6 0.252500 0.013500 0.021000 0.009000
4 0.255500 0.004250 0.019000 0.008000
11 0.411000 0.232250 0.014000 0.026000
4 0.307250 0.245000 0.010000 0.018000
4 0.330750 0.244500 0.012000 0.019000
4 0.366750 0.239750 0.011000 0.017000
4 0.382500 0.238500 0.013000 0.019000
4 0.489000 0.241500 0.012000 0.019000
4 0.547000 0.247000 0.012000 0.018000
6 0.573250 0.247500 0.014000 0.021000
4 0.643250 0.252750 0.011000 0.017000
6 0.679250 0.257500 0.013000 0.019000
4 0.691000 0.257750 0.012000 0.019000
4 0.702000 0.258750 0.012000 0.019000
4 0.728250 0.260500 0.012000 0.019000
4 0.751500 0.262500 0.013000 0.019000
6 0.762000 0.263500 0.012000 0.019000
6 0.800000 0.266000 0.012000 0.018000
4 0.635000 0.203750 0.012000 0.018000
4 0.692750 0.210250 0.010000 0.018000
6 0.733000 0.212250 0.012000 0.021000
4 0.819500 0.218000 0.011000 0.018000
4 0.842000 0.218500 0.012000 0.019000
4 0.852750 0.145250 0.012000 0.019000
4 0.495750 0.407250 0.010000 0.017000
6 0.562000 0.414250 0.012000 0.019000
5 0.676250 0.431000 0.013000 0.022000
4 0.695250 0.432750 0.011000 0.019000
6 0.719750 0.435250 0.012000 0.020000
4 0.732250 0.438000 0.010000 0.014000
4 0.745500 0.437000 0.013000 0.020000
4 0.841250 0.505250 0.011000 0.019000
6 0.842500 0.484000 0.013000 0.020000
4 0.850000 0.447250 0.012000 0.020000
6 0.860500 0.365500 0.013000 0.019000
6 0.984000 0.228500 0.028000 0.011000
4 0.990500 0.187000 0.019000 0.010000
4 0.991250 0.166250 0.018000 0.011000
6 0.798500 0.022250 0.011000 0.018000
6 0.820000 0.021000 0.014000 0.022000
4 0.845750 0.025000 0.012000 0.018000
4 0.881500 0.031500 0.011000 0.021000
4 0.172500 0.127000 0.021000 0.010000
6 0.165000 0.142000 0.010000 0.016000
6 0.168500 0.165500 0.021000 0.009000
5 0.167500 0.175000 0.021000 0.010000
4 0.167000 0.202250 0.022000 0.008000
4 0.165750 0.210000 0.021000 0.008000
5 0.162500 0.229500 0.027000 0.009000
4 0.163750 0.219000 0.022000 0.008000
4 0.188750 0.319000 0.020000 0.010000
5 0.196500 0.335000 0.027000 0.016000
4 0.197250 0.346000 0.022000 0.012000
6 0.201000 0.355500 0.024000 0.013000
4 0.215750 0.401250 0.024000 0.013000
4 0.278250 0.388750 0.022000 0.010000
6 0.281250 0.398250 0.021000 0.010000
5 0.288250 0.421500 0.022000 0.009000
4 0.288250 0.432000 0.022000 0.008000
4 0.222750 0.428000 0.021000 0.008000
4 0.223000 0.437500 0.020000 0.009000
6 0.280500 0.508750 0.021000 0.008000
4 0.277750 0.516000 0.022000 0.012000
4 0.208750 0.521000 0.021000 0.014000
4 0.265000 0.552250 0.022000 0.013000
6 0.194750 0.557500 0.021000 0.013000
4 0.191000 0.569000 0.024000 0.012000
4 0.254000 0.587500 0.020000 0.011000
4 0.185000 0.583750 0.020000 0.011000
4 0.240500 0.615250 0.021000 0.012000
4 0.180500 0.602250 0.025000 0.012000
4 0.256500 0.668500 0.021000 0.009000
4 0.257000 0.681000 0.022000 0.010000
4 0.248500 0.700500 0.021000 0.017000
4 0.237500 0.709000 0.021000 0.020000
6 0.227750 0.715000 0.019000 0.018000
4 0.184000 0.725500 0.010000 0.019000
4 0.144000 0.712500 0.022000 0.023000
4 0.121750 0.688000 0.023000 0.012000
6 0.150750 0.629750 0.019000 0.021000
4 0.131000 0.645750 0.026000 0.014000
4 0.123750 0.656750 0.023000 0.012000
4 0.566000 0.008500 0.022000 0.009000
4 0.562500 0.037250 0.021000 0.007000
4 0.556750 0.073500 0.021000 0.007000
4 0.555750 0.082750 0.022000 0.009000
4 0.499500 0.004750 0.021000 0.009000
4 0.493000 0.058000 0.020000 0.008000
4 0.491750 0.067500 0.022000 0.009000
6 0.856000 0.028250 0.010000 0.016000
6 0.845750 0.467000 0.009000 0.014000
31 0.827500 0.149250 0.021000 0.035000
31 0.807000 0.145250 0.024000 0.034000
3 0.234000 0.160500 0.020000 0.009000
4 0.581500 0.897000 0.023000 0.010000
