4 0.812983 0.005050 0.010333 0.011200
4 0.804000 0.027500 0.012000 0.019000
4 0.767500 0.138750 0.011000 0.016000
4 0.764500 0.157500 0.011000 0.017000
4 0.760500 0.178000 0.009000 0.016000
6 0.756000 0.203750 0.008000 0.015000
4 0.752000 0.220500 0.010000 0.017000
6 0.746250 0.244500 0.012000 0.017000
4 0.739750 0.264500 0.011000 0.015000
4 0.732000 0.283000 0.012000 0.016000
4 0.558750 0.466500 0.019000 0.009000
4 0.558750 0.456750 0.018000 0.007000
4 0.558750 0.448000 0.020000 0.010000
4 0.562500 0.438500 0.021000 0.011000
4 0.560250 0.430250 0.018000 0.008000
6 0.561500 0.421750 0.025000 0.010000
6 0.562500 0.411500 0.017000 0.007000
4 0.564500 0.402500 0.019000 0.007000
6 0.565500 0.393000 0.021000 0.008000
4 0.566500 0.384500 0.023000 0.009000
6 0.567000 0.373500 0.016000 0.007000
4 0.568000 0.364000 0.018000 0.008000
4 0.568250 0.354500 0.018000 0.007000
4 0.647500 0.370500 0.023000 0.009000
4 0.647500 0.379000 0.017000 0.006000
5 0.647500 0.387750 0.019000 0.007000
4 0.643750 0.397250 0.020000 0.008000
6 0.644250 0.407500 0.020000 0.007000
6 0.643500 0.415250 0.023000 0.008000
6 0.641500 0.424500 0.019000 0.007000
6 0.627500 0.488250 0.019000 0.008000
6 0.620250 0.505000 0.011000 0.008000
4 0.623500 0.513750 0.011000 0.006000
6 0.623750 0.532000 0.016000 0.006000
6 0.619500 0.559500 0.023000 0.007000
5 0.965750 0.751750 0.014000 0.021000
5 0.976250 0.716000 0.026000 0.012000
6 0.471000 0.738250 0.010000 0.018000
6 0.440500 0.788000 0.011000 0.016000
6 0.212500 0.681000 0.017000 0.006000
4 0.009750 0.639500 0.020000 0.007000
6 0.073000 0.630000 0.020000 0.008000
4 0.194000 0.522750 0.018000 0.006000
4 0.193000 0.513000 0.018000 0.006000
4 0.193500 0.504000 0.017000 0.008000
6 0.192500 0.496000 0.019000 0.006000
6 0.196500 0.488000 0.019000 0.008000
6 0.196750 0.478500 0.021000 0.007000
6 0.195500 0.470750 0.019000 0.007000
6 0.197500 0.461000 0.017000 0.008000
6 0.135000 0.521750 0.022000 0.007000
5 0.134000 0.496000 0.020000 0.006000
6 0.137000 0.486000 0.016000 0.006000
6 0.137750 0.477000 0.022000 0.008000
6 0.139000 0.468000 0.018000 0.006000
4 0.135000 0.449250 0.014000 0.006000
6 0.139500 0.441750 0.019000 0.007000
6 0.140000 0.432500 0.020000 0.007000
4 0.119000 0.430750 0.008000 0.015000
6 0.102500 0.429750 0.009000 0.015000
4 0.089500 0.429750 0.009000 0.016000
4 0.078500 0.274750 0.013000 0.007000
6 0.066000 0.303250 0.018000 0.007000
6 0.201750 0.313000 0.021000 0.008000
6 0.391750 0.326000 0.018000 0.008000
4 0.390250 0.294000 0.020000 0.010000
6 0.361750 0.293250 0.019000 0.007000
3 0.516000 0.175000 0.018000 0.038000
5 0.454500 0.049750 0.009000 0.018000
6 0.133000 0.512000 0.020000 0.006000
9 0.471250 0.681000 0.080000 0.124000
