6 2.978750 2.686667 0.008750 0.023333
4 2.972500 2.553333 0.006250 0.020000
6 2.970000 2.320000 0.007500 0.023333
4 2.973750 2.170000 0.008750 0.021667
6 2.972500 2.025000 0.008750 0.021667
6 2.960000 1.888333 0.010000 0.026667
4 2.943750 1.030000 0.010000 0.025000
6 2.937500 0.736667 0.008750 0.025000
9 3.025000 2.846667 0.042500 0.036667
6 1.125000 3.756667 0.027500 0.015000
9 0.685000 3.713333 0.070000 0.100000
9 0.575000 1.421667 0.045000 0.078333
4 1.378750 1.275000 0.030000 0.013333
4 1.825000 1.485000 0.027500 0.011667
6 2.392500 1.231667 0.018750 0.011667
6 2.652500 1.450000 0.021250 0.011667
9 3.000000 1.333333 0.047500 0.073333
6 3.327500 1.423333 0.023750 0.011667
4 3.727500 1.416667 0.023750 0.011667
6 3.723750 1.190000 0.023750 0.011667
6 2.917500 0.323333 0.011250 0.025000
6 2.920000 0.196667 0.010000 0.021667
4 0.688750 2.770000 0.012500 0.028333
6 0.665000 2.246667 0.010000 0.023333
6 0.611250 0.430000 0.012500 0.028333
6 0.850000 0.768333 0.022500 0.010000
4 0.846250 0.523333 0.020000 0.011667
6 3.310000 2.040000 0.025000 0.013333
5 1.710000 2.408333 0.022500 0.038333
4 0.810000 2.383333 0.025000 0.011667
4 0.936250 2.376667 0.025000 0.011667
4 0.990000 3.053333 0.010000 0.020000
4 1.047500 3.056667 0.011250 0.028333
4 1.112500 3.053333 0.011250 0.030000
5 1.225000 3.041667 0.012500 0.028333
5 1.350000 3.040000 0.015000 0.033333
6 1.425000 3.201667 0.022500 0.013333
4 1.555000 3.248333 0.027500 0.013333
4 1.052500 3.335000 0.013750 0.030000
4 0.292500 1.936667 0.023750 0.011667
6 0.365000 1.993333 0.030000 0.016667
4 0.142500 3.421667 0.011250 0.026667
4 3.740000 0.555000 0.015000 0.028333
4 0.422500 0.673333 0.016250 0.010000
