4 0.601562 0.952917 0.032500 0.018333
6 0.271562 0.977083 0.013750 0.020000
4 0.327813 0.960833 0.010000 0.025000
4 0.037500 0.416667 0.010000 0.026667
6 0.295625 0.392500 0.023750 0.011667
6 0.658438 0.691667 0.012500 0.030000
6 0.566875 0.590833 0.026250 0.015000
9 0.683125 0.577500 0.063750 0.071667
6 0.630313 0.573333 0.028750 0.020000
6 0.672188 0.480000 0.013750 0.033333
4 0.410000 0.020833 0.010000 0.028333
6 0.672500 0.044167 0.015000 0.028333
4 0.168125 0.028333 0.011250 0.023333
4 0.826875 0.871667 0.028750 0.013333
5 0.803438 0.288750 0.035000 0.016667
4 0.925625 0.469167 0.013750 0.031667
