5 0.914375 0.845000 0.031250 0.013333
5 0.912813 0.822500 0.026250 0.011667
4 0.910000 0.798333 0.022500 0.010000
4 0.911563 0.780417 0.025000 0.010000
4 0.955000 0.640833 0.012500 0.031667
6 0.650625 0.976250 0.021250 0.026667
6 0.582812 0.977083 0.027500 0.013333
4 0.486250 0.894167 0.025000 0.015000
4 0.560000 0.856250 0.015000 0.035000
6 0.561250 0.823333 0.012500 0.030000
4 0.510625 0.795000 0.013750 0.010000
4 0.487500 0.780000 0.022500 0.010000
5 0.643125 0.717083 0.026250 0.011667
6 0.126875 0.937083 0.023750 0.020000
4 0.117813 0.920833 0.026250 0.018333
5 0.173437 0.865833 0.012500 0.031667
4 0.220312 0.834167 0.010000 0.025000
6 0.260313 0.799167 0.020000 0.008333
5 0.256875 0.780417 0.026250 0.011667
4 0.178125 0.795000 0.008750 0.023333
4 0.175625 0.690833 0.008750 0.025000
6 0.048125 0.591250 0.013750 0.036667
4 0.423125 0.594167 0.011250 0.025000
5 0.043750 0.437083 0.015000 0.031667
5 0.065625 0.415000 0.011250 0.033333
5 0.161250 0.157500 0.012500 0.035000
4 0.175313 0.164583 0.010000 0.028333
5 0.167500 0.127500 0.022500 0.035000
4 0.305625 0.152917 0.018750 0.030000
4 0.334062 0.118333 0.018750 0.026667
5 0.330625 0.171250 0.011250 0.035000
6 0.344062 0.182500 0.010000 0.025000
6 0.362500 0.169167 0.022500 0.028333
6 0.429063 0.424167 0.013750 0.028333
4 0.469375 0.405000 0.008750 0.020000
4 0.496250 0.170000 0.010000 0.023333
6 0.510625 0.170833 0.008750 0.025000
4 0.535000 0.170833 0.022500 0.028333
4 0.529375 0.137083 0.011250 0.026667
6 0.452500 0.052917 0.025000 0.013333
6 0.476875 0.053333 0.021250 0.010000
4 0.680625 0.168333 0.011250 0.030000
6 0.712500 0.176667 0.010000 0.023333
6 0.643125 0.509167 0.021250 0.011667
4 0.764375 0.417917 0.011250 0.028333
4 0.763125 0.449167 0.011250 0.028333
4 0.812500 0.509167 0.030000 0.015000
4 0.849375 0.464167 0.008750 0.021667
6 0.871875 0.171667 0.021250 0.033333
4 0.899062 0.170000 0.012500 0.026667
6 0.914687 0.172500 0.010000 0.025000
4 0.928750 0.174167 0.008750 0.021667
4 0.860625 0.055000 0.023750 0.010000
4 0.110312 0.893333 0.027500 0.016667
