4 0.648125 0.972083 0.021250 0.036667
4 0.704375 0.979167 0.013750 0.028333
5 0.583125 0.958333 0.028750 0.016667
5 0.938750 0.795000 0.015000 0.033333
5 0.941875 0.757083 0.011250 0.030000
6 0.372812 0.661667 0.017500 0.036667
6 0.226875 0.311250 0.011250 0.028333
4 0.254688 0.328333 0.011250 0.028333
4 0.656563 0.306250 0.025000 0.013333
6 0.756250 0.313333 0.022500 0.013333
4 0.785937 0.315417 0.020000 0.013333
6 0.817813 0.321667 0.020000 0.013333
6 0.890000 0.433333 0.010000 0.030000
4 0.595625 0.318333 0.023750 0.013333
