19 1.239000 3.842000 0.051000 0.057000
12 0.987000 3.958000 0.054000 0.057000
12 0.558000 3.341000 0.063000 0.062000
17 0.934000 2.716000 0.061000 0.064000
17 1.148000 2.512000 0.064000 0.062000
17 0.998000 2.001000 0.063000 0.062000
17 0.799000 1.802000 0.056000 0.061000
17 0.538000 1.888000 0.059000 0.060000
12 0.305000 1.994000 0.059000 0.061000
17 2.694000 0.427000 0.059000 0.061000
17 2.983000 0.289000 0.060000 0.062000
19 3.178000 0.182000 0.057000 0.057000
17 1.477000 3.315000 0.058000 0.057000
19 2.639000 2.916000 0.064000 0.070000
