4 0.939500 0.473000 0.025000 0.010000
4 0.964250 0.546250 0.011000 0.018000
6 0.993250 0.889500 0.009000 0.017000
6 0.980000 0.932000 0.010000 0.018000
4 0.994750 0.932500 0.011000 0.019000
5 0.731750 0.700000 0.012000 0.024000
5 0.706500 0.700000 0.011000 0.022000
6 0.681500 0.697750 0.009000 0.015000
6 0.668500 0.699000 0.009000 0.014000
6 0.568250 0.697750 0.009000 0.016000
6 0.556250 0.700500 0.011000 0.019000
6 0.494750 0.738250 0.023000 0.009000
6 0.573500 0.753000 0.009000 0.018000
6 0.602250 0.753750 0.009000 0.016000
6 0.615250 0.754000 0.009000 0.016000
6 0.639500 0.752250 0.009000 0.016000
4 0.651250 0.752250 0.009000 0.018000
6 0.575500 0.778500 0.009000 0.015000
6 0.588500 0.779500 0.011000 0.017000
4 0.601500 0.780000 0.009000 0.018000
6 0.626500 0.779000 0.009000 0.016000
6 0.763500 0.777750 0.011000 0.018000
6 0.588250 0.831000 0.010000 0.016000
6 0.601250 0.831500 0.011000 0.017000
6 0.613250 0.830000 0.010000 0.018000
6 0.626500 0.827500 0.009000 0.017000
6 0.640000 0.828000 0.010000 0.018000
6 0.574500 0.847000 0.009000 0.016000
4 0.600750 0.850250 0.010000 0.017000
6 0.626750 0.850000 0.009000 0.018000
6 0.663000 0.847000 0.010000 0.014000
4 0.700500 0.849500 0.009000 0.017000
4 0.713250 0.847500 0.009000 0.017000
6 0.701250 0.831000 0.009000 0.016000
6 0.725500 0.829500 0.009000 0.015000
4 0.787750 0.852500 0.010000 0.019000
4 0.084500 0.013000 0.023000 0.008000
4 0.084500 0.023250 0.023000 0.008000
6 0.086500 0.032000 0.021000 0.008000
6 0.085000 0.041750 0.024000 0.008000
6 0.152000 0.004500 0.022000 0.009000
4 0.150750 0.014000 0.024000 0.010000
6 0.151750 0.023500 0.022000 0.009000
6 0.151250 0.052250 0.026000 0.008000
6 0.150000 0.061000 0.024000 0.008000
6 0.150750 0.071500 0.021000 0.009000
6 0.149750 0.081000 0.022000 0.008000
6 0.671500 0.896000 0.009000 0.016000
4 0.569500 0.898750 0.009000 0.018000
6 0.492500 0.851250 0.021000 0.008000
6 0.491000 0.860500 0.022000 0.009000
6 0.492000 0.870250 0.022000 0.008000
4 0.039000 0.845500 0.022000 0.027000
6 0.711500 0.160250 0.009000 0.017000
6 0.620000 0.193500 0.022000 0.007000
6 0.484000 0.285000 0.010000 0.018000
4 0.521250 0.284500 0.011000 0.017000
6 0.547250 0.286250 0.009000 0.014000
6 0.571250 0.284500 0.010000 0.013000
6 0.594250 0.286250 0.011000 0.017000
6 0.601250 0.243500 0.009000 0.017000
4 0.575500 0.245250 0.009000 0.018000
6 0.563000 0.244500 0.010000 0.019000
4 0.589000 0.221000 0.010000 0.018000
4 0.563750 0.223250 0.011000 0.019000
6 0.550750 0.222750 0.012000 0.018000
6 0.539500 0.241000 0.009000 0.016000
4 0.527250 0.225250 0.009000 0.019000
6 0.515000 0.226000 0.010000 0.018000
4 0.489000 0.242250 0.010000 0.017000
4 0.490250 0.222500 0.009000 0.019000
4 0.477250 0.223250 0.009000 0.017000
6 0.453000 0.223000 0.010000 0.018000
6 0.400500 0.176000 0.009000 0.016000
6 0.176500 0.156500 0.009000 0.019000
4 0.214750 0.156750 0.010000 0.019000
3 0.248000 0.283750 0.012000 0.018000
4 0.250000 0.241750 0.010000 0.019000
4 0.234500 0.283250 0.009000 0.016000
6 0.453500 0.529000 0.023000 0.010000
4 0.318750 0.470500 0.026000 0.009000
4 0.074000 0.127000 0.010000 0.018000
