6 0.779000 0.030500 0.016000 0.015000
6 0.851000 0.048500 0.020000 0.019000
4 0.837250 0.034750 0.022000 0.021000
6 0.859750 0.027000 0.014000 0.014000
6 0.866750 0.034750 0.015000 0.016000
4 0.868750 0.060250 0.019000 0.018000
4 0.890250 0.053000 0.019000 0.018000
6 0.975500 0.023000 0.015000 0.016000
6 0.967500 0.016750 0.015000 0.015000
4 0.959750 0.010750 0.019000 0.019000
6 0.950250 0.005750 0.019000 0.014000
6 0.966250 0.694500 0.018000 0.017000
5 0.851000 0.613500 0.022000 0.021000
6 0.738000 0.533750 0.022000 0.021000
5 0.790500 0.431500 0.021000 0.019000
6 0.741000 0.472750 0.016000 0.014000
5 0.655250 0.448000 0.021000 0.020000
4 0.697000 0.484500 0.018000 0.017000
6 0.658750 0.493750 0.015000 0.015000
5 0.639250 0.476000 0.021000 0.022000
6 0.617250 0.457500 0.015000 0.015000
6 0.597000 0.440500 0.018000 0.017000
6 0.576500 0.421000 0.015000 0.016000
4 0.552250 0.403250 0.019000 0.019000
6 0.551500 0.377500 0.021000 0.021000
5 0.537500 0.328750 0.023000 0.021000
6 0.495250 0.328000 0.016000 0.016000
6 0.442500 0.266500 0.017000 0.015000
6 0.423250 0.272000 0.017000 0.016000
4 0.341250 0.184000 0.018000 0.016000
6 0.392000 0.070500 0.018000 0.013000
4 0.411500 0.057250 0.017000 0.013000
5 0.582750 0.079250 0.022000 0.021000
4 0.565500 0.028500 0.017000 0.019000
4 0.556000 0.023000 0.018000 0.018000
4 0.620750 0.015000 0.012000 0.012000
6 0.614500 0.007000 0.017000 0.017000
5 0.179000 0.025500 0.022000 0.021000
4 0.171000 0.040500 0.020000 0.019000
6 0.240250 0.096750 0.022000 0.020000
6 0.224250 0.103500 0.019000 0.017000
4 0.270250 0.123000 0.020000 0.018000
4 0.259500 0.056000 0.019000 0.018000
6 0.290000 0.059500 0.018000 0.017000
5 0.332250 0.016750 0.025000 0.022000
6 0.212500 0.017750 0.019000 0.018000
6 0.196500 0.006500 0.017000 0.017543
5 0.743000 0.364000 0.020000 0.020000
4 0.735000 0.358000 0.020000 0.018000
5 0.730500 0.347000 0.021000 0.018000
6 0.721000 0.342000 0.016000 0.018000
6 0.709750 0.340000 0.016000 0.016000
6 0.697000 0.325500 0.014000 0.015000
6 0.855000 0.332000 0.016000 0.014000
6 0.863500 0.324750 0.019000 0.019000
6 0.857500 0.263500 0.017000 0.017000
6 0.865250 0.255750 0.016000 0.016000
4 0.873000 0.250000 0.018000 0.016000
4 0.872500 0.230500 0.017000 0.017000
6 0.908000 0.199000 0.016000 0.016000
6 0.900500 0.191250 0.017000 0.017000
5 0.853000 0.154500 0.024000 0.023000
5 0.839000 0.139500 0.024000 0.023000
5 0.774500 0.087500 0.023000 0.021000
6 0.706750 0.149000 0.017000 0.016000
6 0.714500 0.141000 0.015000 0.014000
6 0.665000 0.187250 0.014000 0.013000
4 0.593000 0.214000 0.016000 0.016000
5 0.573250 0.201500 0.019000 0.019000
6 0.544250 0.190500 0.017000 0.013000
4 0.557500 0.177000 0.021000 0.016000
6 0.571250 0.160750 0.018000 0.012000
6 0.502000 0.165000 0.016000 0.020000
6 0.488000 0.178500 0.018000 0.023000
6 0.512000 0.209750 0.030000 0.030000
4 0.479500 0.187000 0.015000 0.018000
4 0.465000 0.200000 0.016000 0.018000
6 0.928500 0.553750 0.015000 0.015000
