21 1.786667 0.925000 0.868333 0.403750
4 0.053333 2.177500 0.020000 0.021250
4 0.661667 2.678750 0.020000 0.023750
4 0.500000 2.670000 0.016667 0.025000
4 0.433333 2.683750 0.016667 0.021250
4 0.256667 2.687500 0.011667 0.018750
6 0.188333 2.687500 0.013333 0.018750
6 2.400000 2.670000 0.016667 0.025000
4 2.570000 2.686250 0.015000 0.020000
6 2.643333 2.670000 0.015000 0.020000
6 2.636667 2.575000 0.041667 0.010000
6 2.728333 2.680000 0.013333 0.020000
4 2.873333 2.672500 0.013333 0.018750
4 2.966667 2.673750 0.013333 0.017500
5 3.110000 2.673750 0.018333 0.025000
4 3.200000 2.677500 0.013333 0.018750
6 3.358333 2.677500 0.015000 0.018750
6 3.833333 2.298750 0.020000 0.021250
4 3.661667 2.311250 0.023333 0.025000
6 3.556667 2.325000 0.018333 0.022500
5 3.470000 2.322500 0.021667 0.026250
6 3.391667 2.335000 0.021667 0.025000
6 3.068333 2.350000 0.016667 0.017500
6 2.996667 2.365000 0.015000 0.020000
6 2.916667 2.376250 0.018333 0.021250
6 2.830000 2.372500 0.018333 0.021250
4 2.746667 2.367500 0.016667 0.018750
4 2.596667 2.375000 0.021667 0.022500
4 2.356667 2.400000 0.018333 0.022500
6 1.796667 2.453750 0.021667 0.022500
