1 1.771667 0.095000 0.128333 0.032500
2 1.793333 0.162500 0.106667 0.028750
28 1.633333 0.482500 0.060000 0.071250
28 1.756667 0.493750 0.055000 0.066250
2 1.455000 0.712500 0.185000 0.031250
2 1.488333 1.112500 0.085000 0.016250
2 1.331667 1.153750 0.158333 0.020000
2 1.163333 1.242500 0.225000 0.056250
28 1.196667 1.430000 0.181667 0.035000
28 1.200000 1.572500 0.140000 0.031250
2 1.278333 1.500000 0.085000 0.020000
2 1.118333 1.086250 0.103333 0.018750
28 1.480000 0.858750 0.073333 0.021250
2 1.435000 0.906250 0.080000 0.030000
