6 0.993000 0.181500 0.012000 0.017000
6 0.981500 0.177250 0.011000 0.017000
6 0.990500 0.122750 0.011000 0.016000
6 0.967250 0.116500 0.011000 0.017000
4 0.952750 0.119250 0.012000 0.019000
6 0.993500 0.097500 0.013000 0.017000
6 0.980500 0.097750 0.011000 0.017000
6 0.968000 0.096250 0.012000 0.019000
6 0.955500 0.096750 0.011000 0.018000
4 0.855750 0.150500 0.014000 0.019000
4 0.913500 0.336000 0.013000 0.018000
4 0.917500 0.355250 0.011000 0.018000
6 0.940250 0.486500 0.012000 0.015000
4 0.968500 0.525250 0.023000 0.012000
4 0.974750 0.937250 0.023000 0.010000
6 0.958500 0.841000 0.025000 0.010000
4 0.851000 0.657750 0.024000 0.014000
4 0.865750 0.560000 0.023000 0.010000
6 0.870250 0.548500 0.023000 0.009000
4 0.877750 0.404750 0.023000 0.009000
4 0.871750 0.394000 0.021000 0.008000
9 0.859500 0.055000 0.075000 0.052000
6 0.571750 0.081000 0.020000 0.008000
4 0.528000 0.093250 0.026000 0.008000
4 0.589500 0.160750 0.011000 0.019000
4 0.620500 0.160500 0.011000 0.019000
6 0.478250 0.138750 0.015000 0.024000
6 0.607500 0.331000 0.021000 0.008000
6 0.695000 0.825500 0.020000 0.021000
4 0.704500 0.847500 0.019000 0.009000
6 0.680500 0.876000 0.025000 0.010000
4 0.360750 0.966500 0.022000 0.009000
6 0.290250 0.746000 0.025000 0.010000
6 0.575250 0.535500 0.015000 0.021000
4 0.520000 0.524000 0.020000 0.010000
6 0.220000 0.278750 0.026000 0.011000
6 0.349500 0.023250 0.023000 0.010000
6 0.069250 0.097500 0.028000 0.019000
6 0.100500 0.103000 0.023000 0.010000
6 0.169000 0.316250 0.014000 0.019000
4 0.107000 0.381250 0.020000 0.008000
31 0.237500 0.690500 0.023000 0.049000
6 0.091000 0.659500 0.020000 0.009000
6 0.209750 0.850750 0.023000 0.011000
