4 3.645000 0.782500 0.030000 0.016250
5 2.793333 0.790000 0.026667 0.025000
6 3.588333 2.417500 0.030000 0.018750
4 2.411667 0.182500 0.025000 0.021250
6 2.393333 0.352500 0.026667 0.016250
5 3.650000 1.127500 0.028333 0.026250
4 3.143333 1.051250 0.031667 0.020000
6 3.160000 0.897500 0.033333 0.026250
3 0.550000 0.807500 0.025000 0.016250
3 0.675000 0.740000 0.040000 0.025000
4 1.083333 0.765000 0.025000 0.022500
6 1.300000 1.402500 0.036667 0.023750
4 2.070000 1.462500 0.031667 0.018750
6 1.623333 1.705000 0.033333 0.017500
4 2.165000 1.778750 0.028333 0.023750
6 3.306667 2.023750 0.026667 0.023750
6 3.231667 2.055000 0.031667 0.025000
6 2.425000 2.030000 0.031667 0.027500
4 2.376667 2.480000 0.035000 0.020000
4 2.413333 2.515000 0.035000 0.020000
6 2.585000 3.147500 0.026667 0.023750
5 2.706667 3.150000 0.036667 0.030000
6 0.875000 2.407500 0.033333 0.016250
6 0.856667 2.356250 0.031667 0.018750
6 0.073333 2.377500 0.026667 0.023750
5 0.546667 2.818750 0.033333 0.020000
6 0.676667 2.760000 0.031667 0.020000
4 1.103333 3.261250 0.028333 0.018750
4 0.976667 3.308750 0.031667 0.018750
4 2.293333 3.683750 0.030000 0.017500
4 1.831667 3.867500 0.035000 0.021250
6 0.123333 3.195000 0.031667 0.017500
4 0.395000 3.450000 0.030000 0.017500
6 0.398333 3.618750 0.030000 0.018750
