4 0.572750 0.537000 0.016000 0.006000
4 0.584500 0.504250 0.021000 0.008000
4 0.533750 0.558500 0.013000 0.021000
5 0.556500 0.589250 0.023000 0.013000
6 0.578750 0.249750 0.015000 0.018000
4 0.591250 0.231500 0.015000 0.017000
6 0.653750 0.253500 0.016000 0.019000
4 0.599250 0.201000 0.009000 0.020000
4 0.632000 0.088500 0.010000 0.013000
4 0.558500 0.036000 0.019000 0.008000
5 0.307500 0.202000 0.009000 0.018000
5 0.343750 0.180500 0.020000 0.009000
4 0.344500 0.203500 0.021000 0.011000
4 0.238000 0.186000 0.020000 0.010000
4 0.318750 0.292000 0.019000 0.018000
5 0.344000 0.221000 0.022000 0.008000
4 0.335250 0.193500 0.020000 0.011000
5 0.306500 0.122000 0.009000 0.022000
4 0.242750 0.085000 0.021000 0.008000
4 0.273500 0.156500 0.007000 0.019000
4 0.342500 0.090250 0.021000 0.008000
4 0.348000 0.079000 0.018000 0.006000
4 0.351500 0.068000 0.023000 0.012000
6 0.306750 0.061750 0.008000 0.019000
6 0.343500 0.042500 0.019000 0.009000
6 0.306500 0.009000 0.007000 0.016000
6 0.019000 0.038000 0.020000 0.010000
4 0.317000 0.344750 0.020000 0.008000
5 0.888000 0.344500 0.022000 0.009000
5 0.885500 0.092500 0.013000 0.023000
6 0.875750 0.065000 0.016000 0.018000
5 0.989180 0.114354 0.022000 0.010782
4 0.009500 0.926500 0.021175 0.017000
6 0.028250 0.916000 0.024000 0.018000
4 0.046250 0.905750 0.020000 0.016000
4 0.103000 0.903500 0.016000 0.017000
4 0.565250 0.976500 0.019000 0.017000
4 0.515750 0.967000 0.022000 0.022000
6 0.612500 0.982250 0.019000 0.020000
4 0.662250 0.955500 0.023000 0.025000
5 0.625000 0.874250 0.020000 0.021000
5 0.635000 0.867250 0.022000 0.023000
4 0.615750 0.820500 0.021000 0.021000
6 0.631500 0.841750 0.017000 0.018000
6 0.946000 0.712250 0.022000 0.009000
4 0.949000 0.669750 0.018000 0.008000
5 0.951000 0.591000 0.022000 0.008000
4 0.951500 0.577750 0.013000 0.007000
6 0.845500 0.520000 0.019000 0.008000
5 0.860750 0.465500 0.015000 0.023000
4 0.933750 0.454000 0.017000 0.018000
4 0.914500 0.432000 0.009000 0.016000
6 0.827500 0.495500 0.021000 0.007000
16 0.832500 0.505000 0.037000 0.010000
4 0.854250 0.451500 0.012000 0.019000
5 0.387750 0.741250 0.017000 0.024000
4 0.424250 0.614750 0.020000 0.017000
5 0.416250 0.621000 0.024000 0.020000
9 0.214000 0.792000 0.052000 0.052000
5 0.132000 0.671000 0.018000 0.018000
4 0.083500 0.813250 0.023000 0.026000
6 0.038500 0.550000 0.011000 0.020000
4 0.132250 0.438000 0.016000 0.018000
4 0.443000 0.431500 0.024000 0.009000
5 0.148000 0.505000 0.024000 0.020000
16 0.126000 0.518250 0.026000 0.028000
6 0.018000 0.479000 0.016000 0.012000
