6 0.819167 0.995625 0.031667 0.008750
4 0.820833 0.985625 0.035000 0.011250
6 0.819167 0.973125 0.031667 0.011250
4 0.816667 0.961250 0.036667 0.010000
4 0.820000 0.951250 0.033333 0.010000
4 0.822500 0.939688 0.035000 0.011250
6 0.977500 0.946875 0.028333 0.021250
4 0.949167 0.948750 0.028333 0.022500
4 0.976667 0.929063 0.030000 0.023750
6 0.951667 0.929375 0.030000 0.023750
6 0.947083 0.880000 0.030000 0.022500
4 0.972917 0.880000 0.030000 0.022500
6 0.973333 0.860625 0.030000 0.023750
6 0.952500 0.861875 0.028333 0.018750
4 0.984167 0.174687 0.025000 0.023750
6 0.962500 0.175313 0.031667 0.027500
4 0.800833 0.285000 0.035000 0.010000
4 0.800000 0.307812 0.030000 0.011250
4 0.800833 0.389375 0.038333 0.011250
6 0.801250 0.411875 0.036667 0.011250
4 0.795000 0.435000 0.036667 0.010000
6 0.791250 0.446875 0.035000 0.008750
5 0.886667 0.520312 0.020000 0.026250
6 0.794167 0.530625 0.035000 0.011250
4 0.798333 0.544063 0.036667 0.012500
6 0.791667 0.567500 0.033333 0.012500
4 0.887500 0.615000 0.015000 0.020000
6 0.889167 0.585313 0.018333 0.020000
4 0.890000 0.643125 0.016667 0.021250
6 0.803333 0.667188 0.036667 0.011250
4 0.816250 0.711875 0.031667 0.011250
4 0.811250 0.731250 0.035000 0.012500
6 0.814167 0.755313 0.031667 0.011250
6 0.888333 0.755000 0.016667 0.022500
6 0.890833 0.783750 0.015000 0.020000
6 0.816667 0.823750 0.030000 0.010000
4 0.817500 0.859062 0.038333 0.012500
6 0.817500 0.881250 0.035000 0.010000
4 0.817083 0.893125 0.036667 0.011250
4 0.817917 0.903750 0.033333 0.010000
5 0.820000 0.915937 0.046667 0.011250
4 0.974167 0.806875 0.028333 0.021250
6 0.189167 0.773750 0.031667 0.010000
6 0.183750 0.762500 0.031667 0.010000
4 0.186667 0.736875 0.036667 0.013750
4 0.285833 0.759062 0.038333 0.012500
6 0.282500 0.748125 0.035000 0.011250
6 0.279167 0.702187 0.038333 0.012500
6 0.283333 0.678750 0.040000 0.015000
4 0.187083 0.704375 0.038333 0.013750
6 0.181667 0.670312 0.033333 0.011250
6 0.183333 0.658125 0.030000 0.013750
6 0.282500 0.616875 0.031667 0.011250
6 0.282917 0.606875 0.036667 0.011250
6 0.279167 0.595000 0.031667 0.010000
6 0.277917 0.583750 0.033333 0.010000
4 0.184167 0.596250 0.031667 0.012500
4 0.187083 0.564063 0.031667 0.012500
6 0.282083 0.571875 0.035000 0.011250
4 0.279583 0.560625 0.033333 0.011250
4 0.277917 0.538438 0.035000 0.011250
6 0.185833 0.551875 0.038333 0.011250
6 0.178750 0.517500 0.031667 0.010000
4 0.277917 0.503125 0.035000 0.011250
4 0.279583 0.525000 0.033333 0.015000
4 0.182917 0.493437 0.033333 0.013750
4 0.186667 0.460938 0.033333 0.010000
5 0.278333 0.455313 0.036667 0.011250
6 0.278333 0.445000 0.033333 0.010000
4 0.276667 0.422500 0.036667 0.010000
6 0.279167 0.410000 0.038333 0.012500
4 0.280000 0.397813 0.033333 0.011250
6 0.282500 0.386875 0.031667 0.008750
6 0.282500 0.375625 0.035000 0.011250
4 0.358750 0.009375 0.016667 0.018750
4 0.338750 0.029375 0.020000 0.021250
4 0.191250 0.045937 0.015000 0.017500
