4 3.964000 2.305000 0.022000 0.019000
4 3.946000 2.334000 0.021000 0.017000
4 3.924000 2.367000 0.022000 0.019000
4 3.893000 2.400000 0.020000 0.018000
4 3.870000 2.426000 0.023000 0.021000
6 3.847000 2.460000 0.023000 0.020000
5 3.820000 2.490000 0.024000 0.021000
4 3.784000 2.512000 0.020000 0.018000
4 3.760000 2.542000 0.020000 0.019000
4 3.734000 2.566000 0.021000 0.021000
4 3.699000 2.604000 0.021000 0.020000
5 3.960000 2.593000 0.022000 0.020000
4 3.730000 2.672000 0.021000 0.022000
5 3.781000 2.693000 0.022000 0.022000
4 3.810000 2.725000 0.017000 0.018000
4 3.888000 2.761000 0.020000 0.022000
4 3.920000 2.780000 0.020000 0.020000
4 3.957000 2.801000 0.021000 0.023000
5 3.858000 2.737000 0.023000 0.023000
4 3.890000 2.224000 0.017000 0.018000
6 3.648000 2.442000 0.008000 0.015000
4 2.835000 2.566000 0.019000 0.019000
4 2.620000 2.405000 0.020000 0.021000
4 3.421000 3.476000 0.016000 0.020000
4 3.372000 2.688000 0.018000 0.018000
6 3.160000 2.806000 0.020000 0.019000
5 3.290000 3.242000 0.021000 0.023000
6 3.588000 3.013000 0.022000 0.021000
6 3.918000 3.264000 0.021000 0.020000
6 0.128000 0.814000 0.022000 0.019000
4 0.200000 0.909000 0.018000 0.019000
5 0.280000 0.955000 0.020000 0.021000
4 1.584000 1.004000 0.018000 0.018000
6 1.552000 1.032000 0.018000 0.018000
6 1.522000 1.064000 0.017000 0.016000
6 1.494000 1.092000 0.019000 0.018000
6 1.449000 1.119000 0.022000 0.022000
6 1.390000 1.170000 0.017000 0.017000
4 1.358000 1.192000 0.019000 0.018000
6 1.326000 1.228000 0.019000 0.018000
6 1.136000 1.134000 0.020000 0.019000
6 1.169000 1.102000 0.020000 0.019000
4 1.228000 1.049000 0.018000 0.018000
6 1.260000 1.016000 0.020000 0.020000
6 1.292000 0.991000 0.016000 0.016000
6 1.332000 0.970000 0.018000 0.019000
6 1.361000 0.946000 0.017000 0.017000
4 1.393000 0.914000 0.020000 0.019000
4 1.428000 0.896000 0.020000 0.018000
6 3.356000 1.622000 0.016000 0.019000
9 3.271000 2.870000 0.085000 0.079000
5 0.689000 1.221000 0.018000 0.018000
5 3.338000 3.445000 0.017000 0.022000
6 3.296000 3.426000 0.018000 0.021000
4 3.814000 3.190000 0.017000 0.015000
6 1.487000 2.520000 0.014000 0.020000
6 1.074000 2.340000 0.021000 0.018000
6 0.476000 2.402000 0.018000 0.019000
6 2.894000 3.481000 0.017000 0.020000
4 2.881000 0.148000 0.018000 0.018000
