2 0.114500 3.457000 0.059000 0.041500
28 0.299500 3.179000 0.009500 0.021500
28 0.328500 3.172500 0.012500 0.026000
28 0.354500 3.182000 0.006500 0.021000
28 0.379500 3.173000 0.008500 0.019500
28 0.406500 3.173000 0.006500 0.022500
28 0.435500 3.175000 0.010000 0.018000
28 0.334500 3.264500 0.008500 0.021500
28 0.359500 3.275000 0.008500 0.024500
28 0.386000 3.264000 0.010000 0.028000
28 0.413000 3.251000 0.007500 0.021500
28 0.438500 3.258000 0.008000 0.026000
28 0.467000 3.250000 0.009000 0.020500
28 0.660000 3.203500 0.007000 0.009500
28 0.669500 3.209500 0.008500 0.011500
28 0.682500 3.212500 0.009500 0.013500
28 0.691000 3.223000 0.007000 0.010000
28 0.701000 3.228000 0.007500 0.012000
28 0.713500 3.235500 0.010000 0.012500
28 0.721000 3.245000 0.010500 0.011500
28 0.636000 3.247000 0.009000 0.013000
28 0.648500 3.255000 0.006000 0.009000
28 0.661500 3.257500 0.007000 0.009000
28 0.671000 3.265000 0.009500 0.012500
28 0.609500 3.290500 0.008000 0.010000
28 0.621500 3.294500 0.009000 0.011500
28 0.634000 3.300500 0.009000 0.012500
28 0.643000 3.308000 0.006000 0.008500
28 0.501000 3.359000 0.008500 0.013000
28 0.519000 3.361000 0.012000 0.016500
28 0.525000 3.384000 0.012500 0.016500
28 0.544000 3.387500 0.008000 0.013000
28 0.551000 3.402500 0.009500 0.013500
28 0.565000 3.411000 0.011500 0.015500
28 0.599500 3.209000 0.006500 0.009500
28 0.591000 3.172000 0.006000 0.009000
28 0.632000 3.377000 0.008500 0.016500
28 0.616500 3.370500 0.009000 0.017500
28 0.604000 3.360500 0.006500 0.015500
28 0.593000 3.355500 0.008000 0.016500
28 0.582500 3.345500 0.008500 0.016000
28 0.568500 3.334000 0.008500 0.013500
28 0.556000 3.329000 0.006500 0.013500
28 0.575500 3.253000 0.007500 0.011500
28 0.562500 3.253000 0.007000 0.011500
28 0.548500 3.252500 0.005000 0.011500
28 0.537000 3.247500 0.007500 0.013000
28 0.525000 3.244000 0.008500 0.015500
28 0.531000 3.283000 0.014500 0.004500
28 0.525500 3.299500 0.013000 0.004500
28 0.520500 3.318000 0.015000 0.005000
28 0.849500 3.213500 0.007500 0.004500
28 0.855000 3.225000 0.018000 0.008000
28 0.845000 3.241500 0.015000 0.008000
28 0.451000 3.444500 0.005500 0.009500
2 0.645500 3.571000 0.044500 0.059500
2 0.577000 3.740500 0.017500 0.025500
24 3.735000 0.972000 0.012500 0.018000
2 2.861000 0.889500 0.076500 0.049500
2 2.893500 1.391000 0.102000 0.066500
2 1.573000 1.133000 0.085500 0.053500
2 0.306500 0.706000 0.125000 0.053000
9 3.817000 3.142000 0.042500 0.039000
9 1.161000 3.151500 0.044500 0.041000
9 2.146000 3.680500 0.044000 0.038500
9 0.105000 2.585500 0.044500 0.041000
