24 1.080000 0.458000 0.054000 0.062000
24 0.979000 0.512000 0.056000 0.066000
23 1.389000 0.936000 0.105000 0.151000
23 1.308000 0.983000 0.108000 0.153000
23 1.770000 1.543000 0.065000 0.087000
23 1.701000 1.545000 0.050000 0.067000
23 2.017000 1.936000 0.078000 0.110000
23 1.953000 2.002000 0.079000 0.116000
23 2.240000 2.517000 0.042000 0.075000
23 2.297000 2.502000 0.049000 0.085000
23 2.350000 2.482000 0.050000 0.083000
23 2.435000 2.944000 0.048000 0.081000
23 2.478000 2.885000 0.053000 0.094000
23 2.536000 2.871000 0.050000 0.087000
28 0.267000 3.400000 0.032000 0.051000
28 0.796000 3.335000 0.040000 0.056000
28 0.764000 3.360000 0.027000 0.040000
23 0.789000 0.158000 0.059000 0.079000
23 0.884000 0.135000 0.053000 0.068000
15 2.255000 0.383000 0.032000 0.038000
15 2.352000 0.344000 0.032000 0.038000
15 2.930000 2.132000 0.037000 0.032000
15 2.966000 2.208000 0.037000 0.032000
