6 0.106875 0.005000 0.008750 0.010000
4 0.104063 0.032500 0.010000 0.025000
4 0.100000 0.069167 0.010000 0.021667
4 0.156250 0.049583 0.012500 0.026667
4 0.151875 0.097500 0.011250 0.028333
6 0.093750 0.179167 0.012500 0.031667
4 0.091250 0.219583 0.010000 0.021667
6 0.108125 0.230833 0.011250 0.025000
4 0.086875 0.257500 0.011250 0.028333
5 0.102500 0.281667 0.012500 0.033333
6 0.085000 0.292500 0.015000 0.035000
3 0.123750 0.245000 0.017500 0.056667
4 0.136875 0.267500 0.011250 0.025000
4 0.096250 0.346250 0.012500 0.028333
9 0.099687 0.425833 0.081250 0.088333
6 0.106875 0.495000 0.008750 0.023333
4 0.102813 0.537083 0.008750 0.025000
4 0.100312 0.575833 0.010000 0.025000
6 0.098125 0.617083 0.008750 0.026667
4 0.094375 0.660417 0.011250 0.028333
4 0.086875 0.721667 0.011250 0.026667
6 0.128750 0.730000 0.022500 0.010000
4 0.095625 0.867500 0.008750 0.025000
4 0.016563 0.392083 0.026250 0.015000
6 0.181875 0.455417 0.026250 0.015000
6 0.374063 0.393333 0.010000 0.030000
4 0.405000 0.394583 0.010000 0.026667
6 0.421250 0.397917 0.010000 0.028333
4 0.484687 0.403333 0.010000 0.023333
6 0.500625 0.401250 0.011250 0.026667
4 0.617812 0.451667 0.021250 0.013333
6 0.650000 0.456667 0.022500 0.013333
4 0.274687 0.319167 0.010000 0.025000
4 0.790625 0.051667 0.011250 0.023333
6 0.823438 0.052083 0.011250 0.025000
5 0.916875 0.033750 0.031250 0.016667
6 0.913750 0.048750 0.030000 0.015000
6 0.908750 0.063333 0.020000 0.013333
6 0.948125 0.106250 0.011250 0.026667
6 0.856250 0.243333 0.010000 0.023333
4 0.887813 0.245000 0.011250 0.026667
6 0.941875 0.704167 0.023750 0.011667
4 0.290000 0.925417 0.007500 0.015000
4 0.275313 0.923333 0.008750 0.020000
4 0.303125 0.876667 0.021250 0.010000
4 0.315000 0.831667 0.025000 0.013333
6 0.378125 0.801667 0.026250 0.010000
6 0.383750 0.782917 0.020000 0.010000
6 0.006875 0.675000 0.013750 0.013333
6 0.011250 0.817083 0.022500 0.011667
4 0.007500 0.879167 0.015000 0.015000
4 0.374375 0.733333 0.011250 0.026667
4 0.332188 0.795000 0.015000 0.033333
4 0.304688 0.790833 0.012500 0.028333
