6 2.113333 0.050000 0.023333 0.022500
6 2.196667 0.060000 0.025000 0.022500
6 3.273333 0.330000 0.023333 0.020000
6 3.206667 0.312500 0.023333 0.023750
5 3.136667 0.295000 0.028333 0.030000
6 2.921667 0.255000 0.023333 0.025000
6 2.853333 0.231250 0.023333 0.023750
4 2.790000 0.206250 0.028333 0.028750
4 2.710000 0.202500 0.025000 0.023750
6 2.646667 0.176250 0.023333 0.023750
6 2.448333 0.133750 0.023333 0.022500
5 2.503333 0.152500 0.025000 0.023750
4 2.373333 0.118750 0.023333 0.023750
4 1.136667 0.641250 0.021667 0.021250
6 0.568333 1.725000 0.025000 0.020000
6 0.953333 1.820000 0.030000 0.025000
4 1.500000 1.635000 0.023333 0.025000
4 1.951667 1.737500 0.023333 0.023750
6 2.043333 1.845000 0.018333 0.020000
5 2.106667 1.858750 0.023333 0.023750
6 2.690000 1.710000 0.031667 0.015000
6 3.683333 1.805000 0.021667 0.017500
6 3.650000 1.847500 0.025000 0.018750
4 3.606667 1.897500 0.023333 0.021250
6 3.568333 1.942500 0.026667 0.021250
6 3.383333 1.380000 0.025000 0.022500
4 2.915000 0.932500 0.021667 0.021250
4 3.183333 0.908750 0.025000 0.022500
4 3.256667 0.920000 0.021667 0.022500
4 3.098333 1.100000 0.038333 0.015000
6 3.370000 1.138750 0.035000 0.013750
6 3.476667 0.955000 0.025000 0.027500
4 3.536667 1.018750 0.021667 0.025000
6 3.625000 1.017500 0.021667 0.023750
4 3.696667 1.088750 0.021667 0.026250
6 2.533333 3.831250 0.033333 0.012500
