3 0.247000 0.445250 0.022000 0.030000
3 0.277750 0.387000 0.019000 0.024000
3 0.291750 0.359000 0.025000 0.034000
3 0.291250 0.295000 0.024000 0.032000
3 0.337250 0.210000 0.023000 0.030000
3 0.330750 0.292250 0.018000 0.023000
3 0.342250 0.272500 0.014000 0.019000
3 0.362750 0.234000 0.019000 0.024000
6 0.372500 0.244250 0.011000 0.015000
6 0.371000 0.144500 0.012000 0.015000
6 0.393500 0.104500 0.011000 0.013000
3 0.413500 0.190000 0.017000 0.022000
3 0.427500 0.196750 0.021000 0.026000
6 0.455250 0.113000 0.023000 0.014000
6 0.355000 0.135750 0.018000 0.012000
6 0.359000 0.128500 0.018000 0.011000
6 0.363500 0.122250 0.015000 0.010000
6 0.368500 0.114250 0.015000 0.010000
6 0.371500 0.106750 0.021000 0.013000
6 0.376000 0.098750 0.020000 0.012000
6 0.380000 0.091250 0.014000 0.009000
6 0.384500 0.084000 0.015000 0.010000
6 0.389500 0.076750 0.017000 0.011000
6 0.331250 0.141000 0.018000 0.012000
6 0.303000 0.120000 0.018000 0.008000
6 0.334250 0.098000 0.020000 0.016000
6 0.139500 0.006000 0.017000 0.016415
6 0.158000 0.022750 0.016000 0.016000
4 0.417500 0.570500 0.019000 0.013000
4 0.434250 0.576500 0.015000 0.009000
6 0.417250 0.561250 0.019000 0.013000
6 0.436000 0.569000 0.016000 0.008000
6 0.423500 0.554500 0.015000 0.011000
6 0.439500 0.561500 0.015000 0.011000
6 0.443250 0.553000 0.019000 0.012000
6 0.424000 0.546250 0.014000 0.010000
6 0.428250 0.539000 0.017000 0.012000
6 0.446500 0.546000 0.013000 0.010000
6 0.447000 0.537000 0.014000 0.010000
6 0.453250 0.526000 0.015000 0.012000
6 0.460000 0.519000 0.018000 0.012000
6 0.464750 0.512000 0.021000 0.014000
6 0.469000 0.503500 0.014000 0.011000
6 0.397500 0.525250 0.015000 0.017000
6 0.403000 0.514250 0.014000 0.017000
6 0.408750 0.506250 0.015000 0.019000
6 0.413750 0.496000 0.015000 0.020000
6 0.418750 0.486500 0.013000 0.013000
6 0.410500 0.535500 0.015000 0.017000
6 0.423250 0.518000 0.014000 0.018000
6 0.434000 0.505500 0.012000 0.015000
6 0.442500 0.492250 0.011000 0.014000
6 0.451500 0.495500 0.013000 0.017000
6 0.441250 0.512750 0.015000 0.019000
6 0.386750 0.539750 0.021000 0.016000
3 0.405250 0.608500 0.035000 0.021000
3 0.416000 0.603500 0.020000 0.013000
3 0.397250 0.596500 0.021000 0.013000
3 0.429250 0.583000 0.020000 0.014000
3 0.410000 0.575250 0.022000 0.015000
3 0.417000 0.587500 0.040000 0.023000
3 0.419750 0.597750 0.021000 0.015000
3 0.401250 0.590000 0.020000 0.014000
3 0.327000 0.649750 0.026000 0.018000
3 0.334000 0.636500 0.022000 0.017000
3 0.360000 0.700000 0.026000 0.016000
6 0.371250 0.694750 0.016000 0.011000
6 0.356500 0.689250 0.015000 0.011000
6 0.375250 0.688250 0.016000 0.011000
3 0.369000 0.655000 0.022000 0.032000
3 0.380000 0.659750 0.024000 0.031000
3 0.392250 0.663000 0.016000 0.018000
6 0.453000 0.179500 0.014000 0.017000
3 0.453000 0.205000 0.018000 0.024000
6 0.465500 0.206250 0.011000 0.014000
3 0.477750 0.187000 0.019000 0.024000
5 0.489500 0.197500 0.019000 0.023000
3 0.433750 0.292500 0.023000 0.029000
6 0.611750 0.231500 0.009000 0.015000
6 0.643000 0.276500 0.012000 0.019000
3 0.686000 0.184000 0.018000 0.032000
3 0.744000 0.201250 0.014000 0.024000
6 0.815500 0.111250 0.009000 0.016000
6 0.819500 0.057750 0.009000 0.018000
3 0.833500 0.153500 0.009000 0.019000
3 0.818500 0.356750 0.017000 0.046000
3 0.908250 0.843000 0.054000 0.070000
3 0.899000 0.880000 0.064000 0.084000
6 0.833000 0.886500 0.014000 0.015000
3 0.273500 0.733000 0.041000 0.024000
3 0.270000 0.765750 0.026000 0.016000
3 0.351250 0.724000 0.021000 0.014000
3 0.349500 0.732000 0.021000 0.014000
3 0.343500 0.739500 0.027000 0.017000
3 0.339000 0.755250 0.022000 0.015000
3 0.332000 0.762500 0.022000 0.015000
3 0.327500 0.769750 0.021000 0.013000
3 0.323500 0.776250 0.021000 0.014000
3 0.322000 0.785250 0.022000 0.014000
3 0.273000 0.785250 0.026000 0.017000
3 0.318250 0.792500 0.020000 0.013000
3 0.243250 0.774250 0.025000 0.016000
3 0.247500 0.767000 0.027000 0.016000
6 0.587500 0.420000 0.011000 0.018000
6 0.539250 0.525000 0.014000 0.018000
3 0.412500 0.876250 0.045000 0.035000
6 0.478500 0.876000 0.019000 0.016000
3 0.367000 0.942000 0.046000 0.028000
3 0.156500 0.979500 0.039000 0.017000
6 0.113500 0.855250 0.015000 0.011000
4 0.124000 0.837000 0.018000 0.012000
6 0.127500 0.825500 0.021000 0.013000
6 0.169500 0.862750 0.015000 0.010000
6 0.173500 0.853000 0.019000 0.012000
6 0.178500 0.843500 0.021000 0.013000
6 0.184250 0.834250 0.025000 0.015000
3 0.148250 0.891500 0.021000 0.015000
3 0.118250 0.880500 0.036000 0.021000
3 0.172250 0.891000 0.027000 0.016000
3 0.089000 0.859250 0.034000 0.019000
3 0.064500 0.837000 0.019000 0.012000
3 0.067000 0.826500 0.026000 0.017000
3 0.073250 0.817250 0.024000 0.015000
6 0.092500 0.792250 0.015000 0.010000
3 0.153500 0.905250 0.023000 0.016000
6 0.006750 0.928000 0.016000 0.010000
6 0.010500 0.920250 0.017000 0.012000
6 0.096500 0.784500 0.015000 0.011000
6 0.013750 0.765000 0.023000 0.014000
6 0.019000 0.750500 0.024000 0.015000
6 0.046750 0.704250 0.018000 0.012000
6 0.054000 0.691500 0.016000 0.011000
6 0.055500 0.682500 0.019000 0.011000
6 0.030500 0.687000 0.015000 0.024000
6 0.044000 0.712000 0.022000 0.014000
3 0.051250 0.697000 0.020000 0.012000
6 0.288750 0.870250 0.018000 0.011000
6 0.056250 0.733500 0.012000 0.015000
6 0.046750 0.750500 0.012000 0.015000
6 0.072750 0.764000 0.014000 0.018000
3 0.055500 0.792750 0.025000 0.034000
4 0.043750 0.819500 0.015000 0.019000
4 0.128500 0.761500 0.011000 0.013000
6 0.155250 0.771500 0.014000 0.017000
6 0.165750 0.771500 0.010000 0.013000
6 0.177250 0.772500 0.009000 0.011000
6 0.185000 0.778500 0.012000 0.015000
6 0.205500 0.786000 0.013000 0.016000
6 0.226500 0.793250 0.015000 0.018000
6 0.207000 0.833750 0.014000 0.018000
6 0.198000 0.849500 0.014000 0.017000
6 0.189500 0.865000 0.015000 0.018000
4 0.180000 0.878500 0.014000 0.017000
4 0.200000 0.895000 0.014000 0.018000
3 0.104500 0.924500 0.017000 0.021000
3 0.115750 0.904000 0.016000 0.020000
3 0.124000 0.909000 0.014000 0.018000
3 0.132500 0.912000 0.015000 0.018000
3 0.122750 0.927500 0.016000 0.019000
3 0.131000 0.932000 0.018000 0.022000
3 0.140500 0.915500 0.015000 0.019000
3 0.149000 0.918500 0.016000 0.019000
3 0.139250 0.935500 0.017000 0.021000
6 0.100750 0.623500 0.013000 0.017000
3 0.133000 0.655500 0.014000 0.017000
6 0.131250 0.591500 0.013000 0.017000
6 0.149000 0.627750 0.014000 0.019000
6 0.165000 0.599500 0.016000 0.021000
6 0.129500 0.519750 0.015000 0.019000
6 0.133500 0.568750 0.015000 0.011000
6 0.116250 0.512000 0.012000 0.014000
6 0.105500 0.507000 0.015000 0.020000
6 0.079500 0.498250 0.009000 0.011000
6 0.068250 0.492500 0.013000 0.017000
6 0.055000 0.488500 0.014000 0.017000
6 0.141500 0.207000 0.015000 0.020000
6 0.133000 0.223000 0.012000 0.014000
16 0.122000 0.244250 0.018000 0.022000
6 0.104750 0.279250 0.011000 0.015000
3 0.029500 0.338500 0.045000 0.039000
3 0.013678 0.374863 0.038643 0.034274
3 0.064000 0.223750 0.016000 0.015000
6 0.245000 0.150500 0.018000 0.011000
6 0.218000 0.141500 0.018000 0.011000
4 0.228000 0.104500 0.022000 0.015000
3 0.603500 0.720750 0.035000 0.036000
30 0.580500 0.719000 0.037000 0.038000
4 0.550500 0.724500 0.009000 0.013000
6 0.598000 0.744500 0.014000 0.017000
6 0.501500 0.814000 0.019000 0.018000
3 0.743250 0.624750 0.028000 0.036000
3 0.662000 0.588500 0.028000 0.045000
3 0.678000 0.601500 0.030000 0.045000
30 0.835250 0.746250 0.028000 0.036000
30 0.848000 0.752000 0.030000 0.036000
30 0.863250 0.750750 0.039000 0.049000
30 0.874250 0.754750 0.041000 0.051000
6 0.871500 0.674500 0.013000 0.013000
3 0.814250 0.652750 0.022000 0.021000
3 0.776000 0.674500 0.044000 0.061000
4 0.621500 0.811500 0.017000 0.015000
6 0.626500 0.801500 0.011000 0.009000
6 0.632500 0.791000 0.009000 0.008000
3 0.235500 0.944000 0.021000 0.016000
6 0.993750 0.082000 0.011000 0.016000
30 0.929000 0.118000 0.052000 0.010000
30 0.928000 0.108250 0.042000 0.011000
30 0.932000 0.047500 0.052000 0.011000
30 0.924500 0.374750 0.039000 0.011000
30 0.923000 0.385750 0.042000 0.011000
