4 1.457000 3.618000 0.016000 0.007000
6 1.578000 3.618000 0.023000 0.009000
4 0.677000 3.622000 0.020000 0.009000
4 2.792000 2.668000 0.014000 0.022000
4 2.622000 1.767000 0.021000 0.008000
6 2.249000 1.546000 0.010000 0.017000
32 1.086000 0.589000 0.135000 0.104000
14 0.190000 0.683000 0.051000 0.082000
14 0.455000 0.685000 0.051000 0.081000
4 3.742000 0.388000 0.015000 0.022000
4 3.688000 0.355000 0.014000 0.019000
4 3.591000 0.277000 0.012000 0.019000
4 3.518000 0.450000 0.011000 0.015000
4 3.711000 0.470000 0.012000 0.017000
21 1.462000 0.195000 0.287000 0.176000
