6 0.056875 0.869167 0.023750 0.008333
4 0.085625 0.727500 0.026250 0.011667
6 0.057500 0.491667 0.027500 0.010000
6 0.078750 0.222083 0.025000 0.010000
5 0.074063 0.197083 0.030000 0.013333
4 0.072500 0.180833 0.025000 0.015000
6 0.080937 0.155000 0.027500 0.010000
6 0.081875 0.140000 0.026250 0.010000
6 0.082500 0.113333 0.025000 0.010000
6 0.083750 0.087500 0.027500 0.011667
5 0.081875 0.072500 0.031250 0.011667
5 0.058750 0.057500 0.030000 0.011667
4 0.153750 0.057917 0.020000 0.010000
4 0.159375 0.072917 0.021250 0.010000
4 0.151250 0.100000 0.022500 0.010000
6 0.147500 0.127500 0.022500 0.011667
5 0.155625 0.168333 0.028750 0.010000
4 0.154062 0.197500 0.021250 0.011667
6 0.966250 0.265417 0.025000 0.011667
5 0.935937 0.252083 0.032500 0.016667
5 0.831250 0.264583 0.037500 0.013333
4 0.827500 0.279583 0.030000 0.013333
5 0.781875 0.268750 0.031250 0.011667
5 0.746250 0.269167 0.032500 0.011667
5 0.665312 0.268333 0.038750 0.013333
4 0.627500 0.266667 0.022500 0.010000
4 0.560000 0.266667 0.025000 0.010000
5 0.328750 0.250000 0.032500 0.036667
10 0.425000 0.292083 0.055000 0.030000
10 0.575000 0.194167 0.050000 0.025000
