0 1.104000 0.250000 0.058000 0.083000
1 1.430000 1.380000 0.025000 0.036000
1 1.474000 1.560000 0.013000 0.032000
1 1.500000 1.578000 0.016000 0.039000
18 1.984000 1.650000 0.036000 0.015000
2 2.506000 1.935000 0.047000 0.071000
2 2.560000 1.964000 0.046000 0.072000
2 2.605000 1.992000 0.042000 0.066000
2 2.492000 1.651000 0.048000 0.059000
2 2.530000 1.683000 0.051000 0.061000
2 3.024000 1.762000 0.084000 0.037000
2 3.026000 1.712000 0.051000 0.024000
2 3.200000 1.402000 0.112000 0.073000
2 3.235000 1.332000 0.117000 0.078000
2 3.100000 1.654000 0.072000 0.045000
2 3.130000 1.616000 0.071000 0.044000
2 3.150000 1.575000 0.071000 0.044000
2 3.176000 1.536000 0.072000 0.044000
2 2.937000 2.152000 0.041000 0.064000
2 2.978000 2.177000 0.043000 0.066000
2 3.412000 1.678000 0.068000 0.095000
0 3.596000 1.752000 0.072000 0.110000
22 3.360000 0.573000 0.078000 0.037000
