6 3.916250 0.066667 0.018750 0.033333
4 3.265000 1.283333 0.017500 0.031667
4 3.350000 1.213333 0.015000 0.026667
4 3.312500 1.168333 0.018750 0.035000
6 3.258750 1.151667 0.018750 0.035000
4 3.051250 1.073333 0.020000 0.033333
6 3.058750 1.210000 0.018750 0.035000
4 2.908750 1.143333 0.021250 0.038333
4 2.807500 1.093333 0.018750 0.030000
4 2.901250 0.995000 0.020000 0.036667
4 2.680000 1.048333 0.022500 0.035000
4 2.635000 1.020000 0.020000 0.033333
6 2.427500 0.926667 0.018750 0.030000
6 2.495000 1.173333 0.032500 0.023333
4 3.157500 1.251667 0.018750 0.033333
6 2.890000 1.440000 0.017500 0.030000
4 2.952500 1.456667 0.013750 0.028333
6 3.156250 1.558333 0.015000 0.030000
4 3.107500 1.526667 0.018750 0.033333
4 2.890000 1.603333 0.017500 0.031667
6 2.470000 1.688333 0.017500 0.018333
4 2.655000 1.466667 0.020000 0.030000
4 1.705000 1.356667 0.025000 0.021667
4 3.258750 2.380000 0.013750 0.033333
6 3.192500 2.423333 0.026250 0.031667
6 2.375000 3.938333 0.022500 0.028333
4 1.097500 2.268333 0.021250 0.031667
4 0.973750 2.410000 0.025000 0.035000
4 0.168750 0.563333 0.022500 0.035000
4 1.722500 0.105000 0.018750 0.033333
6 1.667500 0.081667 0.018750 0.031667
4 1.512500 0.036667 0.017500 0.021667
5 1.636250 0.433333 0.025000 0.023333
6 1.540000 2.933333 0.017500 0.026667
