0 0.148125 0.013625 0.062000 0.041500
0 0.183375 0.134625 0.043000 0.068000
0 0.130000 0.234875 0.046500 0.075000
2 0.028000 0.476125 0.043000 0.059500
2 0.038625 0.611875 0.053500 0.020000
8 0.694625 0.710875 0.024500 0.227500
8 0.244250 0.713125 0.012000 0.061500
14 0.525500 0.313500 0.042000 0.041500
9 0.376625 0.076875 0.047500 0.045500
9 0.532250 0.161875 0.037500 0.037500
9 0.777500 0.294125 0.037000 0.037500
9 0.927500 0.375125 0.037000 0.037500
9 0.705625 0.435500 0.027000 0.027000
9 0.440500 0.432625 0.024000 0.027000
