9 3.678750 1.998333 0.141250 0.158333
4 3.242500 3.933333 0.026250 0.026667
4 3.322500 3.893333 0.033750 0.033333
4 3.187500 3.808333 0.026250 0.026667
4 0.427500 0.050000 0.026250 0.025000
4 0.525000 0.110000 0.022500 0.021667
4 0.627500 0.175000 0.028750 0.026667
4 0.107500 0.083333 0.028750 0.025000
3 0.227500 0.150000 0.031250 0.025000
4 0.352500 0.216667 0.026250 0.025000
4 0.475000 0.291667 0.015000 0.018333
4 0.552500 0.335000 0.026250 0.025000
4 0.660000 0.396667 0.025000 0.025000
4 0.885000 0.310000 0.017500 0.018333
4 0.997500 0.373333 0.023750 0.023333
4 0.962500 0.566667 0.021250 0.023333
6 1.051250 0.613333 0.026250 0.023333
4 1.168750 0.680000 0.021250 0.020000
4 1.415000 0.605000 0.025000 0.025000
6 2.121250 1.120000 0.025000 0.023333
3 2.002500 1.148333 0.038750 0.035000
4 2.100000 0.988333 0.015000 0.018333
4 2.182500 1.036667 0.026250 0.025000
4 2.275000 1.088333 0.020000 0.020000
3 2.397500 1.161667 0.028750 0.028333
4 2.665000 1.311667 0.025000 0.021667
6 2.812500 1.496667 0.023750 0.021667
6 2.627500 1.493333 0.018750 0.020000
3 0.236250 2.453333 0.046250 0.043333
16 0.412500 2.336667 0.043750 0.038333
16 0.230000 2.236667 0.052500 0.041667
6 0.565000 2.293333 0.030000 0.030000
6 0.672500 2.353333 0.023750 0.023333
6 0.630000 2.481667 0.025000 0.021667
6 0.743750 2.605000 0.030000 0.026667
30 1.111250 2.516667 0.062500 0.045000
5 1.078750 2.580000 0.023750 0.023333
6 1.208750 2.660000 0.031250 0.030000
4 0.953750 2.658333 0.016250 0.018333
6 1.260000 2.828333 0.030000 0.026667
6 1.407500 2.766667 0.023750 0.023333
3 1.692500 3.055000 0.051250 0.043333
6 1.877500 3.261667 0.026250 0.023333
6 1.913750 3.406667 0.030000 0.026667
4 1.446250 3.143333 0.017500 0.018333
3 2.238750 3.350000 0.048750 0.038333
4 2.087500 3.416667 0.028750 0.025000
6 2.030000 3.473333 0.027500 0.026667
6 2.260000 3.458333 0.027500 0.025000
3 2.312500 3.565000 0.056250 0.046667
4 2.710000 3.761667 0.025000 0.018333
5 3.122500 3.873333 0.031250 0.026667
4 2.945000 3.376667 0.017500 0.028333
6 3.067500 3.356667 0.028750 0.045000
4 2.917500 3.283333 0.023750 0.035000
6 2.835000 3.150000 0.027500 0.045000
6 2.918750 2.996667 0.021250 0.031667
3 3.017500 2.836667 0.031250 0.051667
3 3.125000 2.628333 0.032500 0.051667
4 3.243750 2.410000 0.032500 0.048333
6 3.340000 2.233333 0.030000 0.046667
16 3.536250 2.453333 0.052500 0.090000
3 3.677500 1.621667 0.028750 0.045000
6 3.807500 1.671667 0.021250 0.031667
6 3.922500 1.720000 0.018750 0.030000
6 3.880000 1.541667 0.022500 0.031667
4 3.865000 1.423333 0.022500 0.035000
6 3.827500 1.335000 0.018750 0.030000
4 3.941250 1.290000 0.022500 0.031667
4 3.760000 1.453333 0.017500 0.026667
5 3.916250 1.170000 0.021250 0.031667
