6 2.844000 0.658000 0.018000 0.017000
4 3.022000 1.299000 0.023000 0.021000
4 3.263000 1.165000 0.014000 0.014000
4 3.313000 1.296000 0.021000 0.020000
4 2.105000 0.090000 0.019000 0.019000
4 2.056000 0.108000 0.022000 0.022000
6 3.037000 1.776000 0.021000 0.020000
4 3.920000 0.355000 0.008000 0.016000
4 3.874000 0.374000 0.013000 0.015000
4 3.832000 0.386000 0.016000 0.017000
4 3.734000 0.422000 0.013000 0.021000
4 3.833000 0.306000 0.018000 0.021000
4 3.911000 2.061000 0.020000 0.018000
4 3.828000 2.011000 0.022000 0.019000
6 3.743000 1.954000 0.020000 0.017000
4 3.661000 1.903000 0.022000 0.020000
6 3.730000 1.757000 0.021000 0.018000
4 3.647000 1.703000 0.020000 0.017000
4 3.510000 1.802000 0.019000 0.017000
6 3.556000 1.648000 0.016000 0.014000
4 3.293000 1.477000 0.019000 0.017000
6 3.027000 1.478000 0.021000 0.019000
4 3.061000 1.430000 0.022000 0.021000
5 2.939000 1.249000 0.023000 0.021000
6 2.791000 1.153000 0.016000 0.015000
4 2.791000 1.334000 0.021000 0.017000
6 2.716000 1.286000 0.020000 0.019000
4 2.640000 1.244000 0.020000 0.018000
6 2.566000 1.196000 0.021000 0.018000
6 2.726000 1.106000 0.021000 0.017000
6 2.650000 1.051000 0.019000 0.018000
4 2.496000 0.960000 0.020000 0.018000
4 2.024000 0.478000 0.010000 0.017000
4 1.867000 0.548000 0.019000 0.016000
3 1.794000 0.572000 0.045000 0.036000
6 1.649000 0.408000 0.019000 0.016000
4 1.574000 0.360000 0.021000 0.018000
4 1.485000 0.300000 0.019000 0.016000
6 1.372000 0.301000 0.018000 0.017000
6 1.274000 0.167000 0.021000 0.018000
6 1.190000 0.112000 0.021000 0.018000
6 3.890000 2.901000 0.015000 0.016000
4 3.687000 2.954000 0.015000 0.019000
4 3.688000 1.226000 0.018000 0.017000
6 3.636000 1.252000 0.018000 0.016000
4 3.605000 1.274000 0.020000 0.019000
6 3.576000 1.299000 0.018000 0.017000
6 3.542000 1.324000 0.017000 0.018000
5 3.420000 1.228000 0.024000 0.022000
6 3.531000 1.140000 0.018000 0.016000
4 3.501000 1.118000 0.021000 0.019000
4 3.466000 1.094000 0.021000 0.019000
6 3.438000 1.060000 0.021000 0.018000
4 3.126000 1.070000 0.023000 0.017000
4 3.102000 1.044000 0.021000 0.016000
6 3.967000 0.638000 0.016000 0.021000
6 3.261000 0.174000 0.018000 0.013000
4 3.044000 0.318000 0.024000 0.017000
6 2.983000 0.231000 0.022000 0.016000
4 2.894000 0.077000 0.023000 0.016000
4 2.869000 0.052000 0.021000 0.014000
4 2.846000 0.024000 0.021000 0.016181
6 0.659000 0.124000 0.019000 0.018000
4 0.590000 0.068000 0.019000 0.018000
6 0.564000 0.042000 0.020000 0.019000
4 0.512000 0.022000 0.022000 0.020101
5 0.472000 0.226000 0.024000 0.025000
6 0.423000 0.213000 0.017000 0.017000
4 0.380000 0.188000 0.018000 0.018000
4 0.348000 0.162000 0.018000 0.019000
4 0.311000 0.136000 0.020000 0.018000
4 0.266000 0.116000 0.019000 0.020000
6 0.232000 0.085000 0.018000 0.020000
4 0.190000 0.061000 0.019000 0.019000
6 0.162000 0.034000 0.017000 0.017000
4 2.422000 2.743000 0.021000 0.018000
6 2.482000 2.750000 0.019000 0.019000
5 2.556000 2.749000 0.008000 0.019000
4 2.608000 2.747000 0.010000 0.017000
4 2.656000 2.735000 0.012000 0.019000
4 2.706000 2.728000 0.011000 0.018000
6 2.752000 2.722000 0.012000 0.019000
4 2.799000 2.713000 0.011000 0.016000
4 2.849000 2.704000 0.010000 0.016000
4 2.895000 2.686000 0.009000 0.015000
6 2.939000 2.682000 0.014000 0.017000
4 3.002000 2.676000 0.013000 0.020000
4 3.047000 2.666000 0.011000 0.019000
6 3.101000 2.658000 0.008000 0.019000
6 3.150000 2.660000 0.011000 0.020000
4 2.938000 2.539000 0.021000 0.020000
6 2.974000 2.522000 0.019000 0.019000
4 3.015000 2.496000 0.021000 0.020000
4 3.118000 2.389000 0.019000 0.017000
4 2.580000 2.596000 0.020000 0.018000
6 2.618000 2.572000 0.019000 0.018000
6 2.650000 2.546000 0.021000 0.019000
6 2.681000 2.518000 0.018000 0.015000
5 2.716000 2.499000 0.020000 0.019000
4 2.786000 2.450000 0.019000 0.017000
6 2.806000 2.414000 0.017000 0.017000
6 2.846000 2.395000 0.021000 0.018000
4 2.906000 2.341000 0.017000 0.016000
4 2.960000 2.288000 0.018000 0.018000
6 1.512000 2.389000 0.020000 0.020000
4 1.484000 2.353000 0.022000 0.021000
4 1.456000 2.326000 0.020000 0.019000
4 1.417000 2.306000 0.017000 0.017000
6 1.185000 2.280000 0.019000 0.018000
5 1.331000 2.264000 0.020000 0.020000
4 1.224000 2.184000 0.018000 0.016000
4 1.266000 2.558000 0.017000 0.021000
4 1.318000 2.569000 0.017000 0.021000
6 1.366000 2.585000 0.017000 0.020000
6 1.412000 2.606000 0.016000 0.019000
6 1.465000 2.614000 0.019000 0.021000
4 1.512000 2.628000 0.016000 0.020000
6 1.563000 2.644000 0.016000 0.020000
6 1.614000 2.660000 0.019000 0.022000
6 1.668000 2.673000 0.016000 0.021000
6 1.716000 2.684000 0.016000 0.020000
6 1.767000 2.694000 0.015000 0.019000
6 1.818000 2.707000 0.015000 0.019000
6 1.865000 2.718000 0.015000 0.017000
4 1.962000 2.728000 0.021000 0.014000
6 1.992000 2.452000 0.018000 0.018000
4 1.954000 2.422000 0.019000 0.017000
6 1.914000 2.399000 0.017000 0.017000
4 1.870000 2.382000 0.021000 0.019000
6 1.842000 2.350000 0.019000 0.019000
4 1.797000 2.332000 0.020000 0.018000
5 1.654000 2.257000 0.021000 0.020000
4 1.569000 2.188000 0.017000 0.016000
5 1.375000 2.067000 0.016000 0.013000
4 0.073000 1.816000 0.017000 0.018000
6 0.120000 1.834000 0.020000 0.019000
6 0.153000 1.855000 0.020000 0.019000
6 0.190000 1.880000 0.019000 0.018000
4 0.224000 1.899000 0.022000 0.019000
6 0.258000 1.926000 0.021000 0.019000
4 0.296000 1.946000 0.022000 0.017000
6 0.316000 1.978000 0.022000 0.015000
4 0.347000 2.001000 0.021000 0.015000
6 0.363000 2.039000 0.019000 0.013000
4 0.394000 2.061000 0.021000 0.014000
6 0.408000 2.102000 0.020000 0.011000
6 0.430000 2.132000 0.021000 0.012000
4 0.441000 2.165000 0.023000 0.011000
6 0.447000 2.198000 0.017000 0.009000
4 0.662000 1.990000 0.023000 0.017000
6 0.622000 1.922000 0.019000 0.015000
4 0.587000 1.898000 0.022000 0.019000
6 0.568000 1.854000 0.020000 0.017000
6 0.528000 1.822000 0.018000 0.017000
4 0.496000 1.800000 0.020000 0.018000
6 0.463000 1.767000 0.020000 0.018000
6 0.431000 1.742000 0.019000 0.017000
5 0.276000 1.656000 0.020000 0.018000
6 0.234000 1.636000 0.019000 0.018000
4 0.177000 1.619000 0.020000 0.022000
6 0.132000 1.600000 0.016000 0.018000
6 0.084000 1.577000 0.014000 0.018000
21 0.862274 3.644736 0.454863 0.444406
