14 0.933125 0.682500 0.061250 0.133333
14 0.842187 0.685833 0.060000 0.135000
14 0.750938 0.691667 0.057500 0.133333
14 0.659687 0.693750 0.058750 0.133333
14 0.924063 0.460833 0.060000 0.135000
14 0.833125 0.463333 0.058750 0.133333
14 0.743125 0.467083 0.061250 0.136667
14 0.915312 0.244583 0.061250 0.133333
5 0.041250 0.866667 0.027500 0.013333
5 0.042188 0.836667 0.026250 0.013333
5 0.040625 0.804167 0.018750 0.008333
6 0.070625 0.834583 0.026250 0.011667
6 0.067187 0.818750 0.025000 0.015000
6 0.067500 0.802500 0.027500 0.011667
4 0.123750 0.920000 0.022500 0.023333
4 0.172500 0.845000 0.018750 0.020000
5 0.178125 0.795833 0.026250 0.011667
3 0.128750 0.744583 0.045000 0.018333
6 0.689375 0.122500 0.026250 0.035000
6 0.623125 0.015833 0.023750 0.028333
4 0.515000 0.069167 0.022500 0.028333
4 0.507500 0.060833 0.022500 0.028333
6 0.497500 0.053333 0.020000 0.026667
