9 0.520000 0.853333 0.125000 0.166667
6 0.028750 1.116667 0.015000 0.011667
6 0.800000 1.711667 0.021250 0.023333
6 3.810000 2.193333 0.022500 0.030000
6 0.772500 3.563333 0.016250 0.021667
4 2.853750 3.891667 0.022500 0.031667
6 2.976250 3.916667 0.020000 0.025000
6 2.502500 3.903333 0.025000 0.028333
4 2.970000 3.696667 0.027500 0.021667
6 2.818750 3.633333 0.025000 0.023333
4 2.410000 3.710000 0.025000 0.028333
6 1.462500 3.821667 0.021250 0.028333
4 0.968750 3.883333 0.020000 0.035000
4 0.938750 3.810000 0.021250 0.031667
4 0.175000 3.866667 0.022500 0.023333
6 0.145000 3.816667 0.022500 0.025000
4 0.116250 3.766667 0.023750 0.023333
4 0.036250 3.613333 0.017500 0.020000
4 0.140000 3.296667 0.020000 0.031667
4 0.227500 3.241667 0.021250 0.033333
6 0.377500 3.156667 0.016250 0.028333
6 0.571250 3.346667 0.016250 0.026667
6 0.516250 3.258333 0.018750 0.028333
4 0.132500 3.033333 0.023750 0.026667
6 0.263750 2.930000 0.021250 0.021667
5 0.220000 2.693333 0.022500 0.033333
4 1.535000 2.441667 0.022500 0.028333
4 1.342500 2.490000 0.021250 0.028333
6 1.255000 2.336667 0.020000 0.011667
6 1.105000 2.458333 0.022500 0.028333
5 0.720000 2.445000 0.017500 0.031667
5 1.037500 2.313333 0.028750 0.030000
6 1.146250 2.215000 0.021250 0.025000
6 1.236250 2.116667 0.023750 0.028333
4 0.062500 0.993333 0.026250 0.016667
4 3.856250 3.620000 0.022500 0.013333
6 3.523750 3.593333 0.021250 0.016667
4 3.307500 3.638333 0.023750 0.013333
4 3.266250 3.551667 0.023750 0.011667
4 2.951250 3.400000 0.022500 0.016667
6 3.686250 3.496667 0.021250 0.031667
6 3.561250 2.996667 0.020000 0.028333
6 3.420000 2.968333 0.023750 0.030000
4 3.451250 3.140000 0.021250 0.026667
6 3.336250 3.273333 0.026250 0.033333
4 3.291250 3.216667 0.025000 0.031667
4 3.210000 3.195000 0.022500 0.028333
4 3.480000 2.625000 0.020000 0.026667
6 3.558750 2.528333 0.018750 0.023333
6 3.626250 2.445000 0.021250 0.028333
6 3.705000 2.333333 0.020000 0.026667
6 3.791250 2.050000 0.022500 0.028333
4 3.895000 2.086667 0.020000 0.026667
6 2.907500 3.021667 0.021250 0.026667
6 3.135000 2.460000 0.025000 0.033333
6 3.006250 2.496667 0.020000 0.025000
4 2.965000 2.540000 0.022500 0.030000
6 2.878750 2.630000 0.021250 0.028333
6 2.837500 2.666667 0.021250 0.026667
4 2.766250 2.773333 0.021250 0.026667
4 2.725000 2.826667 0.022500 0.030000
4 2.610000 2.945000 0.022500 0.030000
4 3.340000 1.771667 0.025000 0.030000
4 3.160000 1.783333 0.020000 0.028333
6 2.255000 1.775000 0.020000 0.025000
6 2.303750 1.716667 0.022500 0.031667
4 2.228750 1.381667 0.022500 0.028333
4 2.438750 0.881667 0.021250 0.026667
4 2.502500 0.786667 0.021250 0.030000
4 2.677500 0.535000 0.021250 0.030000
6 2.616250 0.626667 0.018750 0.026667
6 2.546250 3.330000 0.025000 0.031667
4 2.462500 3.228333 0.021250 0.026667
4 2.540000 3.201667 0.025000 0.028333
4 2.336250 3.076667 0.020000 0.028333
4 2.231250 2.960000 0.021250 0.030000
4 2.335000 2.871667 0.022500 0.030000
6 2.243750 2.765000 0.018750 0.025000
6 2.175000 2.680000 0.020000 0.026667
5 2.115000 2.808333 0.027500 0.038333
4 2.015000 2.683333 0.022500 0.031667
4 1.927500 2.591667 0.023750 0.033333
6 1.740000 2.453333 0.022500 0.030000
4 1.825000 2.460000 0.022500 0.030000
6 1.730000 2.333333 0.022500 0.030000
6 1.956250 2.420000 0.022500 0.026667
6 1.863750 2.310000 0.020000 0.025000
4 1.797500 2.230000 0.018750 0.025000
4 1.630000 2.031667 0.020000 0.026667
4 1.443750 1.803333 0.022500 0.028333
6 1.333750 1.670000 0.021250 0.028333
6 1.061250 1.640000 0.021250 0.030000
4 0.932500 1.493333 0.020000 0.030000
4 0.861250 1.401667 0.018750 0.025000
4 1.085000 1.371667 0.022500 0.028333
4 1.007500 1.278333 0.018750 0.025000
6 1.138750 0.623333 0.023750 0.028333
4 1.266250 0.733333 0.021250 0.036667
4 1.352500 0.760000 0.018750 0.026667
4 0.835000 0.678333 0.022500 0.026667
6 1.107500 0.370000 0.022500 0.031667
4 1.192500 0.250000 0.021250 0.028333
4 1.355000 0.046667 0.017500 0.023333
6 1.268750 0.151667 0.022500 0.030000
4 0.941250 0.268333 0.022500 0.028333
6 0.772500 0.473333 0.021250 0.030000
5 0.096250 0.486667 0.025000 0.036667
6 0.368750 0.513333 0.020000 0.026667
6 0.305000 0.433333 0.020000 0.023333
4 0.116250 0.213333 0.022500 0.030000
