4 0.908750 0.399500 0.008000 0.017000
6 0.847500 0.730750 0.027000 0.019000
4 0.760250 0.683000 0.018000 0.020000
4 0.752500 0.690750 0.019000 0.022000
4 0.663500 0.238250 0.021000 0.025000
5 0.648250 0.213000 0.019000 0.024000
18 0.641500 0.192500 0.011000 0.019000
6 0.777000 0.137500 0.012000 0.019000
6 0.665000 0.092750 0.020000 0.015000
6 0.347000 0.048500 0.018000 0.019000
6 0.335500 0.009000 0.021000 0.018000
4 0.200250 0.005750 0.022000 0.015000
4 0.150000 0.206000 0.026000 0.018000
6 0.127250 0.443000 0.019000 0.014000
4 0.102500 0.453750 0.019000 0.016000
4 0.221500 0.480250 0.025000 0.015000
4 0.276000 0.435750 0.022000 0.013000
16 0.479000 0.730500 0.056000 0.033000
4 0.291750 0.873500 0.022000 0.019000
5 0.302250 0.889500 0.023000 0.019000
4 0.313000 0.864500 0.022000 0.017000
5 0.330250 0.887500 0.024000 0.019000
4 0.344250 0.903500 0.024000 0.019000
4 0.340500 0.955750 0.027000 0.014000
4 0.453000 0.924500 0.022000 0.019000
6 0.691500 0.873000 0.021000 0.018000
4 0.615000 0.900250 0.026000 0.018000
6 0.627250 0.911500 0.021000 0.017000
4 0.696000 0.913500 0.024000 0.019000
6 0.634000 0.955500 0.018000 0.015000
6 0.653000 0.945750 0.020000 0.016000
4 0.657500 0.954500 0.019000 0.017000
4 0.664500 0.961500 0.019000 0.017000
4 0.707500 0.928750 0.019000 0.016000
4 0.727500 0.919750 0.021000 0.017000
4 0.715000 0.937000 0.020000 0.014000
6 0.732500 0.928000 0.021000 0.018000
6 0.740750 0.934250 0.022000 0.017000
4 0.721000 0.943500 0.020000 0.015000
6 0.744750 0.945000 0.020000 0.016000
6 0.731000 0.961500 0.020000 0.015000
6 0.739000 0.969500 0.022000 0.017000
4 0.758250 0.960500 0.019000 0.015000
4 0.752750 0.950750 0.021000 0.016000
4 0.762500 0.969250 0.021000 0.017000
6 0.754500 0.865500 0.019000 0.017000
5 0.758250 0.873750 0.023000 0.018000
6 0.768500 0.890000 0.019000 0.016000
6 0.776500 0.896500 0.017000 0.015000
4 0.779250 0.906000 0.019000 0.016000
4 0.785000 0.913000 0.020000 0.018000
4 0.790750 0.922250 0.021000 0.017000
4 0.796000 0.930250 0.020000 0.017000
4 0.803500 0.937000 0.019000 0.016000
6 0.811500 0.943500 0.019000 0.015000
4 0.816250 0.950500 0.018000 0.015000
6 0.823250 0.958750 0.019000 0.016000
6 0.831500 0.966000 0.019000 0.016000
4 0.835000 0.975500 0.020000 0.017000
4 0.842250 0.984000 0.022000 0.018000
4 0.848500 0.992000 0.021000 0.018000
4 0.856750 0.997000 0.020000 0.010000
4 0.555500 0.940000 0.023000 0.018000
4 0.492000 0.955000 0.022000 0.014000
4 0.437000 0.970500 0.012000 0.019000
4 0.448250 0.972750 0.011000 0.018000
4 0.460500 0.973750 0.013000 0.017000
4 0.039250 0.963250 0.021000 0.009000
