6 3.854000 0.613000 0.017000 0.011000
11 3.738000 0.432000 0.023000 0.016000
11 3.716000 0.402000 0.020000 0.013000
6 3.668000 0.314000 0.022000 0.013000
6 3.644000 0.282000 0.022000 0.013000
11 3.625000 0.251000 0.018000 0.013000
6 3.606000 0.222000 0.017000 0.011000
6 3.590000 0.192000 0.019000 0.014000
6 3.567000 0.164000 0.014000 0.010000
6 3.556000 0.132000 0.022000 0.014000
11 3.532000 0.105000 0.022000 0.014000
30 3.976000 0.523175 0.016000 0.029375
30 3.944000 0.286000 0.034000 0.044209
6 3.904000 0.828000 0.022000 0.010000
6 2.066000 0.499000 0.023000 0.017000
6 2.104000 0.558000 0.022000 0.017000
6 2.123000 0.588000 0.023000 0.016000
6 2.308000 0.197000 0.022000 0.016000
6 1.986000 0.690000 0.021000 0.013000
6 1.966000 0.660000 0.017000 0.012000
6 1.947000 0.632000 0.017000 0.012000
6 1.443000 0.306000 0.019000 0.013000
3 1.380000 0.272000 0.038000 0.026000
6 1.765000 0.120000 0.022000 0.014000
3 0.738000 0.535000 0.039000 0.024000
6 0.043000 0.811000 0.015000 0.011000
5 1.006000 0.303000 0.035000 0.024000
11 0.781000 0.396000 0.044000 0.028000
30 0.498000 0.514000 0.069000 0.039000
6 0.310000 0.604000 0.021000 0.014000
6 0.192000 0.643000 0.016000 0.013000
4 1.366000 0.155000 0.021000 0.014000
5 1.129000 0.256000 0.020000 0.014000
6 1.938000 0.051000 0.017000 0.012000
4 3.820000 3.982000 0.026000 0.019000
6 3.776000 3.896000 0.016000 0.012000
6 3.744000 3.816000 0.014000 0.018000
