9 0.272250 0.123250 0.070000 0.070000
4 0.630000 0.879000 0.020000 0.016000
6 0.650000 0.894000 0.016000 0.014000
6 0.666750 0.917250 0.018000 0.015000
5 0.690000 0.943750 0.022000 0.018000
6 0.007500 0.734000 0.015000 0.006000
6 0.005000 0.787500 0.010000 0.007000
5 0.061500 0.818750 0.025000 0.021000
5 0.038000 0.834000 0.028000 0.022000
6 0.252000 0.829000 0.016000 0.014000
6 0.261500 0.636500 0.017000 0.009000
6 0.242500 0.632250 0.017000 0.008000
4 0.232500 0.367750 0.019000 0.007000
6 0.261500 0.351500 0.007000 0.017000
4 0.256250 0.236250 0.010000 0.017000
6 0.321750 0.267000 0.016000 0.012000
6 0.311000 0.618250 0.008000 0.014000
4 0.308500 0.519500 0.009000 0.017000
4 0.307250 0.566250 0.009000 0.019000
4 0.333500 0.587000 0.015000 0.006000
4 0.545500 0.523250 0.021000 0.010000
6 0.531000 0.280250 0.010000 0.006000
6 0.534000 0.251500 0.020000 0.009000
6 0.539500 0.241500 0.019000 0.009000
6 0.644250 0.186250 0.014000 0.018000
6 0.639000 0.257500 0.020000 0.019000
6 0.632750 0.292250 0.012000 0.011000
6 0.636000 0.283000 0.014000 0.006000
6 0.635000 0.381250 0.018000 0.007000
6 0.837750 0.465000 0.020000 0.016000
6 0.853500 0.453750 0.015000 0.017000
6 0.866500 0.345000 0.017000 0.018000
6 0.861000 0.328000 0.020000 0.010000
6 0.820000 0.335250 0.022000 0.013000
6 0.840000 0.313000 0.018000 0.006000
6 0.846000 0.301750 0.018000 0.007000
6 0.629000 0.038750 0.012000 0.012000
6 0.632500 0.050000 0.019000 0.014000
6 0.640250 0.061250 0.021000 0.008000
6 0.834500 0.068250 0.017000 0.007000
6 0.842000 0.157250 0.020000 0.008000
6 0.914000 0.254000 0.010000 0.012000
6 0.879000 0.278000 0.010000 0.016000
6 0.962500 0.223500 0.017000 0.007000
6 0.936750 0.043500 0.017000 0.007000
6 0.873750 0.130500 0.010000 0.019000
5 0.871750 0.071250 0.011000 0.019000
6 0.611500 0.419750 0.009000 0.010000
4 0.543500 0.408500 0.019000 0.013000
6 0.573000 0.363500 0.008000 0.009000
6 0.609000 0.335500 0.010000 0.019000
6 0.572750 0.297000 0.010000 0.020000
5 0.598500 0.084750 0.011000 0.024000
6 0.561000 0.024500 0.010000 0.017000
6 0.110000 0.994500 0.020539 0.017000
6 0.152500 0.980000 0.017000 0.014000
6 0.131500 0.954000 0.019000 0.018000
6 0.121000 0.947000 0.018000 0.014000
6 0.099250 0.961500 0.017000 0.015000
4 0.182000 0.934000 0.020000 0.016000
5 0.313750 0.862000 0.023000 0.020000
4 0.421000 0.835500 0.018000 0.015000
6 0.417000 0.821250 0.014000 0.013000
6 0.436500 0.748750 0.019000 0.016000
6 0.455250 0.737250 0.018000 0.015000
4 0.504000 0.705500 0.018000 0.015000
6 0.577000 0.687000 0.020000 0.016000
4 0.567000 0.666500 0.018000 0.015000
6 0.607250 0.640000 0.018000 0.016000
6 0.600500 0.704750 0.017000 0.014000
6 0.662500 0.680500 0.017000 0.015000
6 0.679000 0.682750 0.012000 0.010000
6 0.693250 0.674500 0.016000 0.013000
6 0.711000 0.662250 0.018000 0.016000
5 0.700500 0.582500 0.021000 0.017000
6 0.720500 0.568250 0.017000 0.016000
6 0.777750 0.543000 0.038000 0.028000
6 0.839500 0.494250 0.019000 0.016000
6 0.875250 0.500500 0.018000 0.017000
6 0.010500 0.117000 0.017000 0.006000
6 0.029250 0.149750 0.013000 0.007000
6 0.045000 0.149750 0.016000 0.007000
4 0.069500 0.149000 0.021000 0.008000
6 0.161000 0.112250 0.016000 0.007000
4 0.185500 0.112750 0.021000 0.008000
6 0.210750 0.111000 0.020000 0.008000
4 0.208500 0.145500 0.019000 0.007000
6 0.349000 0.108250 0.016000 0.007000
6 0.324250 0.141000 0.014000 0.006000
6 0.378250 0.140500 0.018000 0.007000
6 0.404000 0.163000 0.008000 0.014000
6 0.434000 0.139000 0.020000 0.008000
5 0.106000 0.032500 0.010000 0.019000
6 0.015000 0.413250 0.018000 0.008000
6 0.011000 0.681750 0.012000 0.006000
6 0.007500 0.965000 0.011000 0.012000
6 0.949500 0.550000 0.019000 0.020000
6 0.980000 0.600500 0.022000 0.019000
6 0.925000 0.623250 0.010000 0.012000
6 0.925000 0.567000 0.030000 0.028000
6 0.836000 0.659000 0.010000 0.016000
6 0.827250 0.667000 0.010000 0.018000
6 0.857250 0.670000 0.017000 0.010000
6 0.831000 0.685250 0.022000 0.014000
6 0.822000 0.691750 0.024000 0.016000
6 0.811500 0.697500 0.021000 0.013000
6 0.801000 0.703000 0.022000 0.014000
4 0.784500 0.715750 0.021000 0.012000
5 0.820000 0.722500 0.020000 0.017000
6 0.736500 0.708000 0.015000 0.016000
4 0.769500 0.702500 0.007000 0.015000
4 0.778750 0.696250 0.010000 0.018000
4 0.808500 0.678000 0.009000 0.016000
4 0.760750 0.671500 0.019000 0.017000
6 0.971750 0.750250 0.017000 0.018000
6 0.991750 0.772500 0.015000 0.015000
6 0.984250 0.860250 0.018000 0.015000
6 0.934250 0.890250 0.016000 0.014000
6 0.965500 0.902500 0.015000 0.013000
5 0.913250 0.904500 0.021000 0.017000
4 0.886750 0.918500 0.021000 0.019000
6 0.866750 0.933250 0.016000 0.013000
4 0.840500 0.947500 0.021000 0.017000
4 0.815870 0.994569 0.017740 0.013138
6 0.869750 0.787750 0.026000 0.021000
6 0.853000 0.799750 0.018000 0.015000
4 0.830250 0.814000 0.020000 0.018000
5 0.803000 0.829500 0.022000 0.019000
4 0.758000 0.859000 0.022000 0.018000
6 0.710250 0.889000 0.018000 0.016000
4 0.701000 0.800000 0.020000 0.016000
6 0.662750 0.825500 0.027000 0.023000
6 0.628500 0.797500 0.011000 0.015000
5 0.611000 0.777000 0.014000 0.020000
5 0.133250 0.903500 0.020000 0.021000
