9 0.505833 0.793750 0.125000 0.085000
6 0.962917 0.925000 0.020000 0.027500
4 0.844167 0.874375 0.015000 0.021250
6 0.826667 0.873125 0.013333 0.018750
4 0.809167 0.875313 0.015000 0.022500
4 0.714583 0.875313 0.016667 0.021250
6 0.695000 0.875625 0.016667 0.021250
6 0.675833 0.873750 0.015000 0.022500
4 0.646667 0.876250 0.013333 0.020000
4 0.585833 0.891875 0.035000 0.011250
4 0.584167 0.904062 0.035000 0.010000
6 0.585000 0.922813 0.040000 0.012500
6 0.813333 0.925312 0.013333 0.018750
4 0.760833 0.924687 0.015000 0.022500
4 0.725833 0.925937 0.015000 0.023750
4 0.706667 0.924687 0.016667 0.023750
4 0.687500 0.923750 0.015000 0.022500
5 0.607917 0.953125 0.033333 0.023750
4 0.513333 0.986250 0.013333 0.020000
4 0.445417 0.989688 0.013333 0.022500
4 0.452083 0.906875 0.015000 0.021250
4 0.519583 0.916875 0.015000 0.023750
4 0.363750 0.983125 0.026667 0.026250
4 0.344167 0.982500 0.025000 0.025000
4 0.323333 0.981875 0.020000 0.021250
6 0.133750 0.965625 0.015000 0.018750
4 0.114583 0.960938 0.016667 0.022500
4 0.150833 0.944375 0.015000 0.023750
4 0.132500 0.943438 0.018333 0.025000
4 0.113750 0.940625 0.013333 0.021250
6 0.095000 0.958750 0.013333 0.020000
5 0.077083 0.956250 0.015000 0.032500
4 0.711667 0.835000 0.033333 0.010000
5 0.655417 0.834063 0.038333 0.010000
4 0.953750 0.779687 0.033333 0.011250
4 0.763333 0.779375 0.035000 0.008750
4 0.624583 0.778125 0.028333 0.008750
5 0.148333 0.721250 0.020000 0.025000
4 0.166667 0.725625 0.016667 0.021250
4 0.181667 0.722500 0.016667 0.020000
4 0.197500 0.720000 0.015000 0.022500
4 0.215000 0.722500 0.015000 0.025000
6 0.234167 0.722500 0.015000 0.025000
4 0.270417 0.725625 0.016667 0.018750
4 0.287083 0.723750 0.015000 0.022500
4 0.305000 0.721562 0.018333 0.023750
4 0.325000 0.723750 0.013333 0.020000
4 0.343333 0.725000 0.016667 0.020000
4 0.360833 0.719063 0.015000 0.021250
6 0.095417 0.695625 0.016667 0.023750
4 0.231667 0.690312 0.036667 0.010000
4 0.393333 0.670312 0.016667 0.022500
4 0.375417 0.670625 0.013333 0.021250
4 0.359583 0.670000 0.015000 0.020000
4 0.343333 0.670625 0.013333 0.018750
6 0.326667 0.671250 0.013333 0.022500
4 0.307083 0.669063 0.015000 0.023750
4 0.288333 0.669063 0.013333 0.022500
4 0.271250 0.669063 0.015000 0.023750
4 0.253333 0.670000 0.016667 0.022500
4 0.235417 0.670625 0.013333 0.021250
6 0.218333 0.671250 0.013333 0.022500
4 0.200833 0.672500 0.015000 0.020000
4 0.182500 0.669687 0.018333 0.023750
4 0.150000 0.670000 0.016667 0.022500
6 0.131667 0.669063 0.016667 0.020000
4 0.112500 0.668438 0.015000 0.025000
4 0.093333 0.669375 0.013333 0.021250
4 0.248333 0.759062 0.036667 0.010000
5 0.198333 0.759062 0.036667 0.011250
6 0.185833 0.794375 0.031667 0.008750
4 0.123750 0.779062 0.035000 0.010000
6 0.465000 0.635312 0.016667 0.027500
6 0.465000 0.609688 0.015000 0.020000
6 0.532083 0.616250 0.013333 0.022500
6 0.463333 0.542188 0.013333 0.023750
6 0.531250 0.595000 0.013333 0.020000
4 0.531667 0.570625 0.013333 0.021250
4 0.511667 0.543125 0.016667 0.021250
4 0.531667 0.514687 0.016667 0.025000
6 0.533750 0.492500 0.015000 0.022500
4 0.532917 0.466562 0.016667 0.021250
4 0.463333 0.460625 0.013333 0.021250
4 0.465833 0.206250 0.008333 0.017500
7 0.215000 0.250312 0.046667 0.016250
7 0.261250 0.262500 0.053333 0.025000
4 0.532500 0.420625 0.011667 0.021250
4 0.532500 0.445625 0.015000 0.018750
4 0.465417 0.398125 0.015000 0.021250
6 0.533750 0.373125 0.015000 0.021250
4 0.534167 0.348125 0.015000 0.021250
4 0.533333 0.326250 0.013333 0.022500
4 0.533333 0.252500 0.016667 0.022500
4 0.534167 0.275625 0.018333 0.023750
4 0.534583 0.300625 0.013333 0.021250
4 0.465000 0.358438 0.015000 0.022500
4 0.464583 0.335938 0.016667 0.022500
4 0.467500 0.291875 0.015000 0.021250
4 0.466667 0.270000 0.015000 0.022500
6 0.410833 0.312500 0.031667 0.007500
4 0.317500 0.427187 0.031667 0.012500
4 0.275000 0.510000 0.026667 0.007500
4 0.274167 0.519062 0.031667 0.007500
4 0.218333 0.523438 0.033333 0.008750
4 0.014167 0.547188 0.011667 0.020000
4 0.072917 0.520938 0.033333 0.008750
6 0.046250 0.512500 0.013333 0.020000
4 0.030417 0.511875 0.015000 0.021250
4 0.118333 0.383437 0.036667 0.011250
6 0.143750 0.328437 0.015000 0.021250
4 0.145000 0.350625 0.016667 0.021250
4 0.052083 0.262188 0.033333 0.010000
6 0.047500 0.250625 0.031667 0.008750
6 0.028333 0.757500 0.033333 0.010000
4 0.029167 0.059375 0.036667 0.011250
4 0.077083 0.108750 0.015000 0.022500
5 0.173333 0.117813 0.013333 0.020000
6 0.188333 0.215625 0.036667 0.008750
6 0.280417 0.206250 0.028333 0.020000
6 0.310833 0.208125 0.015000 0.021250
4 0.334167 0.210000 0.015000 0.025000
4 0.365000 0.161250 0.033333 0.010000
4 0.427083 0.107813 0.015000 0.023750
4 0.466667 0.186875 0.015000 0.023750
6 0.468750 0.136250 0.015000 0.022500
6 0.467083 0.071563 0.015000 0.021250
6 0.535833 0.082812 0.015000 0.021250
4 0.600833 0.130625 0.035000 0.008750
4 0.642500 0.131875 0.031667 0.008750
4 0.623750 0.166563 0.030000 0.010000
4 0.678333 0.166250 0.033333 0.010000
4 0.676667 0.131875 0.033333 0.011250
6 0.722083 0.131562 0.030000 0.008750
4 0.719583 0.165937 0.036667 0.008750
4 0.858333 0.078437 0.013333 0.017500
6 0.810833 0.167187 0.035000 0.010000
4 0.793333 0.130000 0.033333 0.012500
4 0.831667 0.131562 0.033333 0.010000
4 0.850833 0.166875 0.038333 0.011250
6 0.884167 0.165625 0.031667 0.008750
6 0.918333 0.165937 0.036667 0.010000
4 0.893333 0.131562 0.033333 0.010000
6 0.933333 0.132500 0.036667 0.007500
3 0.978333 0.165000 0.043333 0.015000
4 0.536250 0.026250 0.016667 0.022500
6 0.370000 0.032500 0.036667 0.010000
5 0.295000 0.033125 0.040000 0.008750
4 0.052500 0.033750 0.031667 0.010000
4 0.442917 0.779375 0.045000 0.013750
15 0.873750 0.645312 0.071667 0.075000
15 0.955833 0.644375 0.075000 0.073750
6 0.464583 0.515938 0.016667 0.023750
4 0.328750 0.412813 0.033333 0.010000
4 0.862500 0.872812 0.015000 0.022500
6 0.020833 0.035000 0.028333 0.007500
