5 0.537500 0.186250 0.030000 0.013333
6 0.537500 0.216667 0.027500 0.010000
6 0.498437 0.201250 0.021250 0.011667
6 0.499375 0.230833 0.021250 0.008333
6 0.500313 0.257917 0.022500 0.011667
4 0.499375 0.287917 0.016250 0.010000
6 0.621250 0.572500 0.022500 0.015000
3 0.620625 0.590833 0.033750 0.011667
4 0.386250 0.849167 0.015000 0.031667
4 0.339687 0.840833 0.016250 0.035000
6 0.196875 0.940000 0.023750 0.010000
4 0.170000 0.938750 0.025000 0.013333
4 0.131875 0.939583 0.023750 0.011667
5 0.092500 0.940417 0.030000 0.013333
9 0.684063 0.824583 0.086250 0.066667
6 0.490312 0.481667 0.015000 0.033333
