15 3.845336 3.009983 0.087500 0.124880
4 1.515000 2.206667 0.027500 0.030000
4 1.542500 2.155000 0.030000 0.028333
6 2.648750 1.763333 0.027500 0.031667
5 2.702500 2.078333 0.021250 0.011667
4 2.938750 2.020000 0.028750 0.033333
4 2.975000 2.300000 0.020000 0.030000
4 2.910000 2.403333 0.020000 0.031667
6 3.636250 3.090000 0.025000 0.035000
6 3.682500 3.130000 0.021250 0.035000
6 3.741250 3.148333 0.018750 0.026667
4 3.780000 3.193333 0.021250 0.030000
11 3.947500 3.280000 0.018750 0.030000
6 3.852500 3.473333 0.021250 0.033333
5 3.798750 3.458333 0.027500 0.040000
