7 2.496667 0.378750 0.058333 0.036250
22 2.400000 0.393750 0.083333 0.047500
22 2.315000 0.456250 0.093333 0.060000
22 2.271667 0.577500 0.113333 0.066250
18 2.063333 0.760000 0.058333 0.030000
18 2.013333 0.792500 0.073333 0.041250
7 1.888333 0.888750 0.065000 0.035000
18 1.835000 1.000000 0.048333 0.027500
7 1.671667 0.872500 0.050000 0.033750
7 1.531667 0.985000 0.035000 0.027500
7 1.593333 1.015000 0.056667 0.045000
7 1.445000 1.086250 0.041667 0.026250
1 1.638333 1.168750 0.083333 0.070000
1 1.748333 1.185000 0.063333 0.052500
7 1.805000 1.202500 0.035000 0.028750
7 1.396667 1.292500 0.031667 0.028750
7 1.330000 1.236250 0.038333 0.031250
