5 0.076000 0.329000 0.032000 0.018000
5 0.040000 0.429000 0.022000 0.018000
4 0.398000 0.208000 0.021000 0.024000
6 1.680000 0.933000 0.024000 0.016000
4 1.688000 0.414000 0.024000 0.023000
4 1.599000 0.402000 0.019000 0.021000
6 2.203000 0.688000 0.027000 0.018000
6 2.353000 0.716000 0.025000 0.026000
4 2.224000 0.850000 0.020000 0.021000
6 1.700000 0.499000 0.018000 0.013000
5 3.023000 0.823000 0.024000 0.019000
5 2.971000 0.768000 0.029000 0.012000
4 3.661000 0.540000 0.020000 0.022000
6 3.750000 1.591000 0.021000 0.023000
4 3.824000 1.503000 0.018000 0.021000
5 3.574000 1.100000 0.025000 0.014000
6 3.519000 1.165000 0.025000 0.015000
6 3.512000 1.208000 0.022000 0.014000
4 3.532000 1.620000 0.022000 0.014000
4 3.436000 1.585000 0.024000 0.016000
6 2.950000 1.516000 0.027000 0.016000
4 2.416000 1.321000 0.024000 0.014000
4 0.658000 1.060000 0.015000 0.018000
4 0.552000 1.267000 0.014000 0.019000
6 1.396000 1.012000 0.018000 0.020000
4 1.455000 1.030000 0.019000 0.023000
4 1.683000 1.156000 0.017000 0.020000
5 1.594000 1.556000 0.021000 0.018000
4 1.570000 1.602000 0.023000 0.013000
4 1.628000 1.729000 0.020000 0.023000
4 0.659000 1.672000 0.023000 0.014000
6 0.728000 1.413000 0.018000 0.009000
4 1.610000 1.972000 0.021000 0.020000
6 0.502000 2.153000 0.025000 0.012000
4 0.440000 2.412000 0.026000 0.016000
4 0.272000 2.578000 0.026000 0.013000
6 0.175000 2.549000 0.026000 0.013000
4 1.974000 1.344000 0.017000 0.018000
5 1.931000 1.412000 0.017000 0.022000
6 2.086000 1.374000 0.023000 0.025000
5 1.907000 1.906000 0.024000 0.021000
6 2.968000 1.732000 0.018000 0.020000
6 3.186000 1.998000 0.019000 0.019000
4 3.214000 2.032000 0.021000 0.022000
4 3.601000 2.232000 0.023000 0.024000
4 2.942000 2.726000 0.023000 0.019000
6 2.908000 2.760000 0.030000 0.026000
4 2.806000 2.817000 0.025000 0.017000
4 2.774000 2.866000 0.025000 0.017000
6 2.706000 2.988000 0.023000 0.010000
4 2.718000 3.023000 0.023000 0.009000
6 3.250000 3.195000 0.021000 0.021000
7 2.278000 3.137000 0.031000 0.035000
5 2.162000 3.354000 0.019000 0.027000
4 2.124000 3.499000 0.016000 0.021000
4 2.318000 3.598000 0.017000 0.015000
6 2.526000 3.470000 0.011000 0.011000
4 1.836000 3.587000 0.016000 0.015000
6 1.674000 3.768000 0.025000 0.010000
5 2.033000 3.918000 0.030000 0.023000
