4 0.059583 0.155625 0.040000 0.011250
6 0.053750 0.135625 0.035000 0.011250
5 0.168333 0.140937 0.040000 0.010000
6 0.187500 0.121875 0.041667 0.011250
6 0.220000 0.133437 0.033333 0.010000
6 0.275000 0.125938 0.040000 0.012500
4 0.292917 0.109375 0.036667 0.011250
4 0.322083 0.119063 0.038333 0.010000
4 0.378333 0.113437 0.040000 0.012500
5 0.390833 0.049375 0.048333 0.013750
4 0.454167 0.056250 0.038333 0.010000
4 0.434167 0.105938 0.035000 0.008750
3 0.475000 0.115000 0.063333 0.017500
4 0.509167 0.099062 0.038333 0.011250
3 0.475000 0.082500 0.166667 0.032500
6 0.632500 0.035000 0.038333 0.012500
4 0.769167 0.017812 0.038333 0.010000
4 0.975833 0.026875 0.028333 0.011250
4 0.823333 0.043125 0.033333 0.008750
4 0.705000 0.054062 0.040000 0.013750
5 0.649167 0.063125 0.045000 0.013750
6 0.587500 0.083437 0.041667 0.010000
6 0.697500 0.072188 0.038333 0.013750
4 0.755417 0.066875 0.035000 0.011250
6 0.825000 0.058438 0.036667 0.010000
4 0.877083 0.052500 0.041667 0.015000
4 0.972917 0.042500 0.040000 0.012500
4 0.977500 0.124375 0.038333 0.013750
4 0.838750 0.120938 0.036667 0.011250
6 0.669583 0.142500 0.036667 0.012500
4 0.518750 0.159688 0.036667 0.013750
4 0.280417 0.189375 0.033333 0.013750
4 0.077500 0.234687 0.035000 0.012500
6 0.073750 0.288750 0.043333 0.017500
4 0.814583 0.175625 0.043333 0.013750
4 0.647083 0.246562 0.036667 0.012500
6 0.821250 0.225000 0.038333 0.012500
4 0.457500 0.318750 0.035000 0.012500
6 0.251667 0.348750 0.033333 0.015000
6 0.042500 0.418125 0.035000 0.013750
