10 0.715250 0.235500 0.016000 0.029000
10 0.773000 0.456000 0.016000 0.034000
4 0.986000 0.564000 0.012000 0.024000
5 0.045000 0.320000 0.022000 0.008000
4 0.056750 0.133750 0.023000 0.007000
6 0.056500 0.145500 0.021000 0.009000
6 0.165250 0.115000 0.019000 0.008000
3 0.847750 0.465500 0.011000 0.023000
3 0.862250 0.466500 0.013000 0.023000
3 0.874500 0.464500 0.011000 0.021000
3 0.897000 0.466000 0.012000 0.022000
6 0.909750 0.467500 0.013000 0.023000
6 0.926750 0.520250 0.010000 0.018000
6 0.146000 0.420000 0.024000 0.010000
4 0.027500 0.415500 0.025000 0.011000
4 0.045000 0.426000 0.024000 0.010000
4 0.640500 0.556250 0.011000 0.022000
4 0.650500 0.666500 0.023000 0.013000
6 0.140000 0.569000 0.022000 0.010000
6 0.334750 0.675750 0.011000 0.018000
4 0.370500 0.696000 0.011000 0.018000
6 0.368000 0.713750 0.010000 0.016000
4 0.366500 0.738000 0.011000 0.022000
4 0.365000 0.756750 0.010000 0.018000
5 0.390000 0.763500 0.010000 0.025000
4 0.403500 0.766750 0.011000 0.020000
4 0.429500 0.765500 0.013000 0.023000
4 0.351250 0.837000 0.017000 0.022000
6 0.358750 0.821000 0.014000 0.018000
6 0.329750 0.825500 0.011000 0.021000
4 0.248750 0.880000 0.023000 0.008000
6 0.194500 0.876750 0.025000 0.008000
4 0.431500 0.940000 0.011000 0.020000
6 0.280000 0.880500 0.022000 0.009000
3 0.042000 0.444750 0.022000 0.012000
10 0.745250 0.455500 0.016000 0.031000
5 0.923250 0.164000 0.022000 0.030000
10 0.925250 0.111500 0.029000 0.011000
10 0.948500 0.101500 0.033000 0.015000
