4 1.385000 0.340000 0.017500 0.030000
6 2.702500 0.123333 0.028750 0.018333
6 2.998750 0.123333 0.021250 0.035000
4 3.200000 0.300000 0.025000 0.030000
6 3.423750 0.126667 0.022500 0.033333
5 3.581250 0.513333 0.033750 0.016667
6 3.722500 0.560000 0.026250 0.016667
4 3.201250 0.640000 0.023750 0.043333
4 3.106250 0.661667 0.013750 0.031667
6 1.177500 3.481667 0.023750 0.016667
3 1.056250 3.516667 0.022500 0.018333
4 1.572500 3.070000 0.016250 0.028333
6 2.840000 2.850000 0.017500 0.031667
7 2.915000 2.883333 0.022500 0.038333
7 2.876250 2.866667 0.015000 0.026667
4 3.130000 2.980000 0.017500 0.033333
4 2.435000 3.481667 0.025000 0.030000
