4 1.853333 0.597500 0.013333 0.021250
5 1.850000 0.486250 0.018333 0.027500
5 3.740000 0.515000 0.013333 0.020000
4 3.573333 0.637500 0.033333 0.008750
4 3.908333 0.700000 0.020000 0.022500
6 3.603333 0.795000 0.038333 0.027500
4 3.748333 0.840000 0.016667 0.022500
6 0.845000 1.057500 0.016667 0.023750
4 1.300000 1.187500 0.026667 0.018750
6 1.411667 1.191250 0.013333 0.021250
4 1.421667 1.303750 0.016667 0.022500
4 3.666667 1.831250 0.030000 0.027500
4 2.826667 1.297500 0.016667 0.023750
6 3.265000 1.410000 0.015000 0.020000
6 3.256667 1.501250 0.015000 0.021250
4 3.076667 1.500000 0.015000 0.020000
4 3.220000 1.626250 0.033333 0.025000
6 2.653333 1.688750 0.033333 0.010000
6 2.816667 1.997500 0.015000 0.023750
6 1.906667 1.807500 0.016667 0.026250
4 1.550000 1.868750 0.011667 0.016250
6 1.463333 1.851250 0.015000 0.021250
4 1.536667 2.140000 0.018333 0.022500
4 1.706667 2.140000 0.030000 0.022500
4 0.545000 2.195000 0.018333 0.025000
4 0.570000 1.978750 0.021667 0.023750
5 0.570000 1.885000 0.018333 0.020000
4 0.485000 3.715000 0.023333 0.025000
4 0.806667 3.815000 0.036667 0.010000
6 1.006667 3.697500 0.013333 0.018750
4 1.380000 3.705000 0.016667 0.022500
4 3.200000 2.885000 0.050000 0.020000
