6 0.931250 0.188438 0.050000 0.026250
6 0.553750 0.266875 0.035000 0.023750
6 0.879167 0.359687 0.031667 0.018750
4 0.856250 0.340938 0.035000 0.023750
6 0.786667 0.318125 0.036667 0.028750
6 0.886250 0.311250 0.033333 0.020000
4 0.856667 0.295938 0.030000 0.018750
4 0.846667 0.286250 0.033333 0.020000
6 0.835417 0.276875 0.025000 0.016250
6 0.820000 0.264375 0.026667 0.008750
4 0.808750 0.253750 0.035000 0.010000
4 0.800417 0.244688 0.035000 0.011250
4 0.805417 0.188750 0.028333 0.022500
6 0.792083 0.178750 0.021667 0.017500
6 0.780000 0.170625 0.023333 0.018750
4 0.767917 0.140625 0.030000 0.023750
4 0.736667 0.226562 0.030000 0.025000
6 0.722083 0.220000 0.023333 0.017500
4 0.707500 0.214062 0.028333 0.023750
6 0.647500 0.183438 0.025000 0.020000
6 0.618750 0.173750 0.031667 0.025000
4 0.700833 0.140000 0.028333 0.025000
3 0.750000 0.133437 0.043333 0.035000
4 0.728333 0.118125 0.030000 0.023750
5 0.122500 0.194375 0.035000 0.028750
6 0.105833 0.160938 0.028333 0.016250
4 0.208750 0.181875 0.026667 0.023750
6 0.174583 0.148125 0.033333 0.028750
6 0.209583 0.074375 0.030000 0.016250
6 0.112083 0.303125 0.030000 0.023750
6 0.217917 0.240000 0.026667 0.015000
4 0.227500 0.230313 0.031667 0.021250
6 0.222500 0.212188 0.031667 0.020000
6 0.343333 0.121250 0.033333 0.020000
6 0.462500 0.032188 0.011667 0.013750
6 0.042917 0.984375 0.025000 0.016250
6 0.105000 0.989062 0.033333 0.021250
4 0.191250 0.973750 0.038333 0.022500
4 0.229167 0.956875 0.031667 0.021250
6 0.261250 0.940937 0.028333 0.017500
6 0.150000 0.952187 0.026667 0.017500
6 0.101667 0.917813 0.023333 0.022500
6 0.159167 0.989375 0.026667 0.018750
4 0.457500 0.760625 0.038333 0.021250
6 0.505833 0.800625 0.031667 0.021250
6 0.636250 0.841250 0.015000 0.017500
5 0.672917 0.796250 0.055000 0.032500
5 0.793333 0.739062 0.053333 0.032500
6 0.930417 0.642813 0.031667 0.020000
6 0.046667 0.809375 0.016667 0.008750
4 0.131250 0.861563 0.031667 0.008750
6 0.158750 0.824375 0.026667 0.011250
5 0.193333 0.829688 0.036667 0.011250
6 0.143333 0.876875 0.026667 0.011250
6 0.544167 0.970938 0.025000 0.010000
6 0.553333 0.915625 0.033333 0.011250
6 0.561250 0.905000 0.030000 0.010000
3 0.607500 0.894375 0.078333 0.023750
6 0.612083 0.909375 0.030000 0.011250
4 0.598333 0.922813 0.033333 0.013750
6 0.642500 0.928125 0.031667 0.011250
4 0.692500 0.934375 0.035000 0.013750
6 0.762917 0.942813 0.031667 0.011250
4 0.803750 0.948438 0.035000 0.012500
6 0.819167 0.936250 0.035000 0.012500
6 0.902500 0.957812 0.028333 0.008750
6 0.980417 0.950313 0.030000 0.010000
4 0.817917 0.854375 0.026667 0.018750
6 0.835000 0.847187 0.025000 0.020000
4 0.848333 0.840000 0.033333 0.025000
5 0.917500 0.816562 0.041667 0.032500
4 0.978750 0.903750 0.038333 0.012500
6 0.982083 0.893750 0.033333 0.012500
6 0.849167 0.757188 0.028333 0.011250
6 0.904167 0.738750 0.035000 0.022500
6 0.924583 0.759687 0.036667 0.022500
5 0.950833 0.777500 0.045000 0.027500
4 0.961667 0.787813 0.030000 0.020000
6 0.975000 0.708125 0.026667 0.016250
6 0.874583 0.447500 0.021667 0.017500
5 0.825000 0.469687 0.036667 0.027500
6 0.880000 0.471250 0.031667 0.025000
5 0.812500 0.503750 0.031667 0.025000
6 0.790000 0.485312 0.030000 0.022500
4 0.763750 0.532500 0.033333 0.022500
6 0.744583 0.535625 0.023333 0.018750
6 0.713333 0.525937 0.023333 0.018750
4 0.718750 0.550312 0.025000 0.020000
6 0.690000 0.561562 0.026667 0.020000
6 0.663333 0.573125 0.033333 0.023750
4 0.647500 0.578750 0.028333 0.022500
4 0.637083 0.589063 0.033333 0.025000
4 0.607083 0.600625 0.030000 0.023750
4 0.586667 0.581875 0.028333 0.021250
6 0.598333 0.573125 0.016667 0.013750
4 0.612500 0.566250 0.025000 0.020000
4 0.625000 0.558750 0.030000 0.025000
6 0.690000 0.465000 0.023333 0.017500
6 0.647917 0.485000 0.023333 0.017500
6 0.589583 0.513750 0.036667 0.025000
6 0.554583 0.525625 0.030000 0.021250
6 0.543333 0.533750 0.023333 0.017500
4 0.528750 0.539687 0.031667 0.023750
4 0.492083 0.559063 0.033333 0.025000
6 0.500833 0.590938 0.020000 0.013750
4 0.512083 0.599688 0.020000 0.015000
6 0.528750 0.609062 0.025000 0.017500
6 0.517500 0.643437 0.028333 0.023750
6 0.502500 0.648750 0.023333 0.017500
6 0.483750 0.653438 0.026667 0.021250
6 0.471667 0.661563 0.023333 0.018750
6 0.456667 0.668750 0.026667 0.020000
6 0.442500 0.675625 0.028333 0.021250
4 0.455000 0.703438 0.033333 0.021250
6 0.412500 0.720000 0.031667 0.010000
6 0.422500 0.744375 0.038333 0.018750
6 0.952083 0.507188 0.021667 0.017500
6 0.900833 0.533750 0.028333 0.022500
6 0.871667 0.548438 0.025000 0.020000
5 0.798333 0.580625 0.033333 0.026250
6 0.768750 0.592187 0.021667 0.017500
6 0.756667 0.599375 0.026667 0.021250
4 0.728750 0.612500 0.031667 0.025000
4 0.704167 0.626875 0.028333 0.023750
6 0.689167 0.632188 0.021667 0.017500
6 0.673333 0.637500 0.030000 0.022500
6 0.651250 0.646563 0.026667 0.022500
6 0.610000 0.664375 0.025000 0.018750
6 0.590000 0.677813 0.030000 0.021250
6 0.575417 0.684688 0.028333 0.025000
6 0.410000 0.763125 0.030000 0.023750
6 0.397500 0.772500 0.028333 0.025000
6 0.382500 0.780000 0.028333 0.022500
6 0.367083 0.785312 0.028333 0.023750
4 0.353750 0.790625 0.028333 0.023750
6 0.332917 0.792500 0.021667 0.022500
6 0.314583 0.794687 0.021667 0.022500
4 0.321667 0.763437 0.016667 0.022500
6 0.283333 0.795625 0.016667 0.023750
4 0.262917 0.794687 0.015000 0.020000
4 0.248750 0.792813 0.018333 0.023750
6 0.268750 0.760625 0.035000 0.016250
4 0.232917 0.788750 0.021667 0.025000
4 0.214167 0.786875 0.025000 0.026250
6 0.193333 0.785000 0.020000 0.022500
4 0.176250 0.782500 0.016667 0.022500
6 0.157083 0.780000 0.020000 0.022500
4 0.253333 0.743750 0.030000 0.022500
4 0.239583 0.738437 0.030000 0.021250
6 0.222083 0.735625 0.033333 0.026250
6 0.204167 0.733125 0.025000 0.018750
4 0.227500 0.713437 0.026667 0.022500
3 0.272083 0.717500 0.045000 0.032500
6 0.348333 0.725625 0.033333 0.021250
6 0.332500 0.718437 0.025000 0.016250
6 0.315000 0.712812 0.023333 0.017500
6 0.308333 0.698125 0.023333 0.016250
6 0.297500 0.688125 0.021667 0.016250
6 0.284167 0.680937 0.025000 0.017500
4 0.272917 0.673750 0.031667 0.022500
5 0.259167 0.663125 0.035000 0.023750
4 0.245833 0.654062 0.031667 0.023750
6 0.195833 0.656250 0.028333 0.017500
4 0.176667 0.672188 0.033333 0.020000
6 0.150000 0.687187 0.026667 0.015000
6 0.141667 0.695937 0.030000 0.016250
6 0.132500 0.706250 0.025000 0.015000
6 0.121667 0.715313 0.036667 0.022500
6 0.110000 0.725938 0.033333 0.020000
4 0.098333 0.736250 0.030000 0.017500
6 0.090000 0.747812 0.030000 0.016250
4 0.080417 0.757812 0.033333 0.017500
6 0.070417 0.767500 0.028333 0.015000
6 0.155833 0.563125 0.023333 0.013750
6 0.159583 0.552813 0.025000 0.015000
4 0.168333 0.543438 0.026667 0.016250
6 0.165417 0.681250 0.036667 0.022500
