6 0.220000 0.971875 0.033333 0.021250
4 0.345000 0.799687 0.020000 0.026250
4 0.141250 0.842812 0.023333 0.026250
4 0.124167 0.750313 0.031667 0.020000
5 0.131667 0.693125 0.043333 0.028750
6 0.554583 0.816250 0.015000 0.017500
4 0.595000 0.738750 0.016667 0.025000
4 0.088333 0.607187 0.036667 0.011250
4 0.081667 0.576875 0.036667 0.013750
6 0.215000 0.636875 0.036667 0.013750
4 0.203750 0.614375 0.033333 0.011250
4 0.196667 0.604375 0.040000 0.013750
6 0.185833 0.572500 0.035000 0.010000
6 0.181250 0.549375 0.035000 0.013750
4 0.425833 0.614688 0.038333 0.012500
5 0.328333 0.590313 0.043333 0.013750
4 0.285000 0.584375 0.036667 0.013750
4 0.272083 0.560625 0.035000 0.011250
4 0.306250 0.546250 0.036667 0.012500
4 0.309583 0.557500 0.033333 0.012500
4 0.320833 0.570312 0.038333 0.013750
4 0.327083 0.580625 0.036667 0.011250
6 0.401667 0.546250 0.030000 0.010000
4 0.428750 0.488125 0.018333 0.021250
4 0.335833 0.487187 0.035000 0.010000
6 0.163333 0.481875 0.040000 0.013750
4 0.161667 0.470625 0.040000 0.013750
4 0.154167 0.458125 0.041667 0.013750
4 0.144167 0.439375 0.031667 0.011250
6 0.323333 0.420000 0.036667 0.012500
4 0.330000 0.462500 0.023333 0.010000
6 0.325000 0.439375 0.033333 0.013750
4 0.333333 0.450000 0.036667 0.012500
5 0.054167 0.248125 0.025000 0.028750
6 0.074167 0.242812 0.021667 0.025000
6 0.092500 0.241250 0.021667 0.022500
4 0.114167 0.239687 0.018333 0.022500
