5 0.957187 0.345833 0.030000 0.018333
4 0.748125 0.066250 0.026250 0.011667
4 0.746250 0.096667 0.025000 0.013333
6 0.747812 0.112500 0.027500 0.011667
4 0.748125 0.129167 0.026250 0.011667
9 0.811250 0.391667 0.227500 0.143333
11 0.645000 0.397917 0.105000 0.021667
5 0.673125 0.437917 0.038750 0.015000
5 0.680000 0.416667 0.030000 0.013333
6 0.638125 0.420000 0.026250 0.013333
4 0.611250 0.437917 0.027500 0.013333
6 0.566875 0.421667 0.028750 0.013333
4 0.530000 0.441250 0.027500 0.011667
6 0.877188 0.591667 0.016250 0.043333
4 0.280938 0.945000 0.010000 0.026667
4 0.249375 0.942917 0.011250 0.028333
6 0.216562 0.941250 0.010000 0.020000
6 0.167813 0.943333 0.010000 0.026667
6 0.105000 0.944583 0.012500 0.028333
