4 0.782500 0.010833 0.015000 0.023333
4 0.911250 0.343333 0.025000 0.016667
5 0.847500 0.329167 0.030000 0.018333
6 0.788750 0.317917 0.022500 0.015000
4 0.767813 0.542500 0.022500 0.031667
6 0.782500 0.550000 0.020000 0.030000
4 0.795000 0.556667 0.022500 0.033333
4 0.805625 0.564583 0.021250 0.035000
4 0.821250 0.572500 0.022500 0.035000
4 0.685000 0.505833 0.020000 0.031667
6 0.023750 0.820833 0.012500 0.031667
4 0.510312 0.509167 0.025000 0.035000
4 0.287813 0.377917 0.026250 0.013333
6 0.262500 0.362500 0.027500 0.011667
6 0.235000 0.334583 0.025000 0.015000
6 0.011250 0.105000 0.020000 0.033333
4 0.026875 0.116667 0.021250 0.033333
5 0.039062 0.126667 0.023750 0.036667
5 0.055000 0.135000 0.022500 0.036667
4 0.471875 0.285417 0.013750 0.028333
6 0.480938 0.254583 0.015000 0.031667
4 0.463438 0.249167 0.013750 0.028333
4 0.417500 0.237917 0.017500 0.030000
6 0.426250 0.270000 0.017500 0.030000
5 0.413125 0.268333 0.021250 0.036667
6 0.439688 0.273750 0.016250 0.030000
6 0.448125 0.244167 0.013750 0.028333
4 0.432500 0.240000 0.020000 0.033333
6 0.390000 0.219167 0.017500 0.028333
6 0.360000 0.231667 0.020000 0.030000
11 0.379375 0.207500 0.018750 0.025000
6 0.333125 0.162083 0.021250 0.023333
6 0.324062 0.150000 0.021250 0.023333
4 0.291875 0.157500 0.023750 0.025000
3 0.301875 0.168333 0.021250 0.023333
4 0.285625 0.074583 0.026250 0.020000
5 0.299375 0.107083 0.028750 0.023333
6 0.305312 0.119167 0.025000 0.021667
6 0.271562 0.114167 0.023750 0.021667
4 0.262500 0.100833 0.025000 0.018333
4 0.257812 0.085000 0.020000 0.016667
6 0.196250 0.122083 0.025000 0.018333
6 0.202500 0.136667 0.022500 0.020000
6 0.211562 0.164167 0.022500 0.021667
6 0.355625 0.050833 0.023750 0.021667
6 0.369063 0.081667 0.025000 0.023333
6 0.385000 0.112917 0.025000 0.028333
6 0.395000 0.124167 0.025000 0.031667
6 0.374063 0.098333 0.022500 0.023333
6 0.411875 0.871250 0.021250 0.021667
4 0.880938 0.825417 0.018750 0.038333
6 0.716875 0.667500 0.028750 0.025000
4 0.726250 0.654167 0.032500 0.028333
6 0.741875 0.631667 0.026250 0.023333
4 0.670937 0.502917 0.017500 0.028333
