0 0.144250 0.419000 0.163000 0.212000
0 0.048500 0.637000 0.091000 0.124000
0 0.363500 0.141500 0.164000 0.211000
0 0.628500 0.101250 0.065000 0.166000
0 0.802750 0.217000 0.104000 0.229000
0 0.610500 0.491250 0.110000 0.151000
0 0.597500 0.483500 0.107000 0.145000
8 0.844500 0.819500 0.031000 0.025000
8 0.750250 0.952000 0.034000 0.030000
8 0.070500 0.931000 0.021000 0.018000
8 0.079500 0.918250 0.021000 0.017000
8 0.087500 0.907000 0.025000 0.024000
8 0.094500 0.898000 0.021000 0.018000
8 0.099000 0.889750 0.020000 0.015000
