4 3.878333 0.861250 0.025000 0.025000
5 3.765000 0.867500 0.025000 0.028750
4 2.070000 0.947500 0.041667 0.018750
5 2.945000 0.606250 0.031667 0.031250
4 3.270000 0.467500 0.035000 0.016250
4 3.268333 0.400000 0.035000 0.015000
5 3.333333 0.158750 0.023333 0.023750
6 3.185000 0.162500 0.025000 0.023750
4 1.683333 0.111250 0.035000 0.025000
4 1.531667 0.147500 0.033333 0.023750
5 1.446667 0.153750 0.033333 0.025000
6 1.280000 0.351250 0.036667 0.015000
4 1.248333 3.448750 0.038333 0.015000
4 1.798333 3.187500 0.020000 0.023750
4 2.583333 3.683750 0.035000 0.013750
6 3.143333 3.217500 0.038333 0.016250
5 3.656667 3.433750 0.038333 0.015000
4 3.581667 3.325000 0.038333 0.010000
6 2.683333 2.815000 0.021667 0.025000
5 2.476667 2.325000 0.048333 0.017500
4 2.396667 2.397500 0.021667 0.023750
9 1.441667 2.393750 0.106667 0.057500
4 0.330000 2.520000 0.038333 0.017500
6 0.713333 2.370000 0.033333 0.025000
6 1.383333 2.045000 0.018333 0.022500
4 1.625000 1.365000 0.038333 0.015000
6 0.591667 1.243750 0.040000 0.026250
5 0.296667 1.265000 0.045000 0.015000
6 0.483333 1.001250 0.025000 0.025000
4 0.331667 0.998750 0.023333 0.026250
4 0.235000 1.022500 0.020000 0.021250
4 0.100000 1.045000 0.023333 0.025000
4 0.173333 0.772500 0.023333 0.023750
4 0.243333 0.765000 0.021667 0.025000
6 0.316667 0.750000 0.025000 0.025000
4 0.101667 0.512500 0.035000 0.013750
9 0.896667 0.852500 0.125000 0.183750
