9 3.415000 2.686667 0.167500 0.190000
11 2.413750 3.723333 0.018750 0.021667
5 1.660000 0.383333 0.022500 0.038333
6 0.607500 0.543333 0.023750 0.021667
5 2.382500 0.445000 0.026250 0.045000
4 2.657500 0.540000 0.023750 0.036667
4 2.947500 1.160000 0.018750 0.036667
6 0.656250 2.078333 0.015000 0.023333
5 1.252500 1.650000 0.021250 0.035000
4 1.356250 1.948333 0.021250 0.036667
4 1.652500 1.740000 0.026250 0.030000
6 2.892500 1.776667 0.021250 0.038333
4 2.712500 2.670000 0.018750 0.021667
6 0.190000 3.020000 0.017500 0.030000
4 3.922500 3.406667 0.026250 0.020000
