4 2.550000 3.950000 0.027500 0.025000
4 2.445000 3.885000 0.027500 0.025000
9 3.166250 1.048333 0.142500 0.201667
6 2.770000 0.620000 0.027500 0.026667
4 2.655000 0.566667 0.027500 0.023333
6 2.527500 0.496667 0.023750 0.021667
4 2.323750 0.373333 0.028750 0.026667
4 2.130000 0.678333 0.027500 0.026667
4 1.987500 0.180000 0.026250 0.026667
6 2.011250 0.603333 0.025000 0.025000
6 1.862500 0.516667 0.026250 0.025000
6 1.738750 0.450000 0.027500 0.025000
4 1.490000 0.303333 0.030000 0.031667
6 1.360000 0.226667 0.025000 0.023333
6 0.806250 0.163333 0.026250 0.025000
6 0.750000 0.505000 0.022500 0.026667
4 1.105000 0.826667 0.022500 0.033333
6 0.786250 0.750000 0.027500 0.035000
4 0.342500 1.335000 0.021250 0.031667
6 0.292500 1.291667 0.018750 0.030000
4 0.190000 1.233333 0.022500 0.033333
6 1.230000 1.420000 0.022500 0.036667
5 1.506250 1.651667 0.026250 0.041667
4 1.863750 1.593333 0.017500 0.030000
6 1.922500 1.646667 0.023750 0.040000
6 2.020000 1.843333 0.035000 0.031667
6 2.050000 1.780000 0.032500 0.030000
6 2.077500 1.720000 0.031250 0.030000
6 2.112500 1.658333 0.031250 0.030000
4 2.213750 1.493333 0.027500 0.026667
5 2.206250 2.060000 0.032500 0.030000
4 3.458750 1.603333 0.027500 0.025000
5 3.437500 1.680000 0.031250 0.026667
6 3.682500 1.746667 0.021250 0.030000
4 3.417500 1.773333 0.028750 0.026667
4 3.386250 1.823333 0.028750 0.025000
4 3.385000 1.898333 0.027500 0.021667
4 3.357500 1.953333 0.028750 0.026667
5 3.500000 1.936667 0.022500 0.035000
6 3.165000 1.631667 0.022500 0.031667
6 2.657500 2.123333 0.018750 0.031667
6 2.787500 2.393333 0.028750 0.023333
6 2.850000 2.440000 0.025000 0.020000
4 3.107500 2.353333 0.018750 0.030000
6 2.943750 3.020000 0.018750 0.030000
6 2.847500 2.976667 0.018750 0.025000
6 2.805000 2.940000 0.020000 0.033333
6 2.752500 2.911667 0.021250 0.033333
6 2.690000 2.883333 0.020000 0.028333
6 2.580000 2.818333 0.022500 0.033333
6 2.660000 2.671667 0.027500 0.026667
9 2.472500 2.421667 0.093750 0.103333
6 2.350000 2.700000 0.022500 0.036667
6 2.333750 2.878333 0.022500 0.035000
6 2.268750 3.000000 0.017500 0.026667
6 2.187500 3.153333 0.023750 0.040000
6 2.007500 3.348333 0.023750 0.036667
