6 0.542000 3.612000 0.015000 0.024000
6 0.125000 2.840000 0.016000 0.018000
6 0.228000 2.787000 0.018000 0.020000
4 1.072000 2.123000 0.022000 0.010000
5 1.220000 0.544000 0.032000 0.014000
5 1.076000 0.236000 0.016000 0.032000
5 0.997000 0.274000 0.025000 0.023000
6 2.563000 0.400000 0.021000 0.012000
4 2.264000 0.546000 0.020000 0.011000
4 2.250000 0.588000 0.017000 0.010000
6 2.236000 0.628000 0.020000 0.010000
6 2.223000 0.657000 0.020000 0.008000
4 2.222000 0.692000 0.021000 0.008000
6 2.662000 0.527000 0.013000 0.008000
4 2.642000 0.566000 0.011000 0.009000
6 2.620000 0.646000 0.016000 0.011000
6 2.494000 0.746000 0.013000 0.015000
4 2.454000 0.759000 0.017000 0.020000
11 2.418000 0.776000 0.017000 0.018000
4 2.270000 0.828000 0.009000 0.010000
4 2.775000 0.279000 0.016000 0.007000
