6 0.256667 0.801250 0.021667 0.026250
6 1.275000 1.512500 0.035000 0.021250
6 1.810000 1.732500 0.031667 0.026250
6 2.403333 2.347500 0.025000 0.023750
5 3.605000 2.397500 0.036667 0.026250
6 3.573333 2.530000 0.043333 0.027500
6 2.185000 0.780000 0.033333 0.020000
5 2.693333 0.872500 0.030000 0.031250
4 2.776667 0.928750 0.035000 0.021250
6 2.820000 0.972500 0.033333 0.021250
6 2.876667 1.018750 0.035000 0.021250
6 3.360000 1.056250 0.026667 0.020000
6 3.695000 1.737500 0.035000 0.021250
6 3.860000 2.308750 0.030000 0.021250
11 3.460000 1.137500 0.036667 0.028750
6 3.191667 0.452500 0.036667 0.023750
6 3.245000 0.110000 0.028333 0.022500
6 3.211667 2.540000 0.026667 0.022500
4 1.946667 2.280000 0.030000 0.020000
