6 0.842500 0.041000 0.009000 0.018000
6 0.841500 0.091500 0.009000 0.015000
5 0.810000 0.121000 0.010000 0.018000
4 0.841250 0.145250 0.011000 0.017000
4 0.810000 0.180250 0.010000 0.017000
4 0.810000 0.222000 0.008000 0.016000
6 0.841250 0.236000 0.010000 0.014000
6 0.811000 0.281250 0.010000 0.020000
4 0.808000 0.331500 0.010000 0.015000
6 0.805500 0.371250 0.011000 0.018000
4 0.836500 0.404000 0.009000 0.018000
4 0.838500 0.453000 0.009000 0.016000
6 0.818000 0.425250 0.010000 0.019000
6 0.836500 0.544500 0.009000 0.015000
5 0.839000 0.671500 0.008000 0.017000
6 0.806500 0.662000 0.009000 0.018000
6 0.807250 0.681250 0.010000 0.018000
4 0.989000 0.602750 0.018000 0.006000
6 0.647000 0.937500 0.024000 0.007000
4 0.730500 0.572250 0.021000 0.007000
4 0.678500 0.144250 0.011000 0.007000
4 0.615500 0.216000 0.009000 0.016000
4 0.651500 0.201500 0.019000 0.007000
6 0.762000 0.025000 0.016000 0.018000
4 0.549000 0.016000 0.018000 0.020000
4 0.535500 0.019000 0.019000 0.022000
4 0.482750 0.021750 0.018000 0.022000
4 0.468750 0.023000 0.018000 0.020000
4 0.451750 0.019750 0.020000 0.025000
4 0.439000 0.020250 0.018000 0.022000
6 0.657750 0.075250 0.020000 0.010000
6 0.581250 0.224250 0.022000 0.008000
6 0.408000 0.207250 0.010000 0.017000
6 0.566000 0.299000 0.020000 0.008000
4 0.728000 0.443750 0.018000 0.007000
4 0.493000 0.548000 0.024000 0.008000
11 0.468250 0.618250 0.006000 0.016000
4 0.398500 0.981000 0.007000 0.016000
6 0.399500 0.924750 0.009000 0.014000
4 0.401500 0.899000 0.009000 0.014000
6 0.400500 0.835250 0.007000 0.015000
4 0.373000 0.786750 0.008000 0.019000
4 0.405500 0.621000 0.009000 0.016000
4 0.373250 0.644500 0.009000 0.019000
6 0.536000 0.435500 0.008000 0.017000
4 0.373250 0.468500 0.009000 0.017000
6 0.374750 0.444000 0.009000 0.014000
4 0.374000 0.414500 0.010000 0.015000
6 0.374500 0.393000 0.009000 0.018000
6 0.405500 0.363000 0.011000 0.018000
4 0.375250 0.371000 0.008000 0.016000
4 0.372750 0.342750 0.008000 0.015000
6 0.405250 0.304750 0.009000 0.017000
5 0.375250 0.249000 0.012000 0.022000
6 0.375000 0.223000 0.010000 0.016000
4 0.376000 0.172000 0.010000 0.018000
4 0.375500 0.147500 0.011000 0.019000
6 0.376000 0.122500 0.010000 0.017000
6 0.377500 0.092250 0.009000 0.019000
4 0.408000 0.076750 0.008000 0.016000
4 0.377750 0.068500 0.010000 0.017000
6 0.334000 0.017500 0.012000 0.017000
4 0.190250 0.971000 0.014000 0.006000
4 0.186500 0.928750 0.021000 0.006000
4 0.187750 0.916500 0.021000 0.007000
5 0.099250 0.559500 0.023000 0.009000
6 0.242500 0.257500 0.023000 0.007000
6 0.374000 0.717500 0.010000 0.019000
9 0.386500 0.549000 0.043000 0.032000
9 0.161000 0.547500 0.022000 0.031000
