5 0.078000 0.466000 0.023000 0.011000
4 0.043000 0.568000 0.020000 0.018000
7 0.435000 0.061000 0.038000 0.011000
7 0.422000 0.184000 0.031000 0.012000
7 0.516000 0.420000 0.058000 0.032000
7 0.157000 0.538000 0.023000 0.037000
7 0.295000 0.555000 0.037000 0.060000
7 0.485000 0.610000 0.047000 0.019000
7 0.450000 0.668000 0.051000 0.020000
7 0.427000 0.727000 0.048000 0.020000
7 0.188000 0.444000 0.018000 0.014000
7 0.072635 0.836618 0.039635 0.033429
7 0.040280 0.910153 0.025860 0.019076
7 1.174000 0.944000 0.033000 0.030000
6 3.968000 2.432000 0.017000 0.012250
4 3.974495 2.463334 0.013505 0.010476
7 3.959538 2.629641 0.023462 0.025333
5 3.974001 3.846000 0.021231 0.023000
4 3.946000 3.819000 0.019000 0.019000
5 3.898000 3.887000 0.029000 0.023000
5 3.867000 3.918000 0.026000 0.021000
5 3.825000 3.945000 0.029000 0.023000
