1 1.625000 0.527000 0.005500 0.016500
1 1.615000 0.378500 0.011500 0.028000
1 1.617500 0.233000 0.009500 0.025500
1 1.617000 0.106500 0.009500 0.026500
1 1.724500 0.523000 0.009000 0.028500
1 1.722500 0.366000 0.009000 0.022000
1 1.765000 0.367000 0.010500 0.030500
1 1.725500 0.252000 0.008500 0.031000
1 1.767000 0.245000 0.009500 0.029500
1 1.717500 0.120500 0.009500 0.029000
1 1.753000 0.123000 0.007500 0.027500
1 1.787000 0.117000 0.008500 0.030500
1 1.969500 0.911500 0.009500 0.026000
1 2.075500 0.914500 0.010500 0.029000
1 2.119000 0.782500 0.011500 0.033000
1 2.071000 0.776000 0.009500 0.035000
1 1.903500 0.907000 0.009000 0.026500
1 1.940500 0.908000 0.006000 0.020000
1 1.960000 0.631500 0.012000 0.034000
1 1.921500 0.494000 0.009000 0.028000
1 1.966000 0.498000 0.008000 0.025000
1 2.069500 0.628000 0.010500 0.033000
1 2.119500 0.634000 0.010500 0.027000
1 2.071000 0.490500 0.009500 0.028500
1 2.120500 0.490000 0.010500 0.031000
1 2.054500 0.343000 0.014500 0.036500
1 2.103500 0.343000 0.017000 0.037500
1 1.990000 0.266500 0.034000 0.010000
1 1.985500 0.235000 0.034500 0.011500
1 1.670000 0.017000 0.039000 0.008500
1 2.343000 0.630500 0.008500 0.029000
1 2.465000 0.905000 0.007500 0.024500
1 2.437000 0.643000 0.008500 0.027500
7 2.357000 0.890000 0.006500 0.019000
7 2.361000 0.954500 0.003500 0.010500
7 2.439000 0.904000 0.004500 0.018000
7 2.688000 0.788000 0.006000 0.018000
7 2.711000 0.779000 0.004500 0.018500
7 2.735000 0.771000 0.005500 0.017500
7 2.694000 0.958000 0.004000 0.011000
7 2.714000 0.955000 0.005000 0.018500
7 2.738000 0.950000 0.004000 0.016000
7 2.730500 0.857000 0.006000 0.018500
7 2.813000 0.946000 0.003500 0.015000
7 2.814000 0.880000 0.003000 0.014000
7 2.815000 0.814000 0.003500 0.015000
7 2.830000 0.878500 0.004000 0.016500
7 2.834000 0.803000 0.007000 0.020500
28 2.385000 0.554500 0.024500 0.004500
7 2.782000 0.728000 0.018000 0.004000
7 2.786000 0.714500 0.018000 0.003500
7 2.790000 0.698500 0.018000 0.003500
7 2.851500 0.797000 0.006000 0.014500
7 2.870000 0.797000 0.006500 0.014500
7 2.891500 0.801000 0.007000 0.014500
7 2.858000 0.948000 0.004000 0.006000
7 2.844000 0.949000 0.005000 0.008500
7 2.829500 0.943000 0.004500 0.012500
7 2.888500 0.885000 0.004500 0.016500
7 2.869000 0.880500 0.004500 0.015000
7 2.848000 0.877000 0.004000 0.014500
8 0.993500 3.912000 0.364500 0.061000
