6 3.531667 3.445000 0.041667 0.030000
6 3.181667 2.591250 0.035000 0.022500
4 3.590000 2.275000 0.031667 0.022500
6 3.638333 2.245000 0.035000 0.025000
6 3.616667 2.131250 0.035000 0.022500
6 3.813333 1.995000 0.033333 0.020000
6 3.863333 1.965000 0.031667 0.020000
6 2.821667 2.365000 0.031667 0.020000
6 2.876667 2.335000 0.038333 0.025000
4 3.623333 1.790000 0.035000 0.022500
6 3.133333 1.672500 0.033333 0.021250
4 2.996667 1.773750 0.035000 0.022500
6 2.720000 1.978750 0.033333 0.020000
4 2.181667 2.222500 0.033333 0.021250
6 2.596667 1.138750 0.041667 0.025000
6 2.893333 0.886250 0.036667 0.023750
6 0.861667 0.985000 0.038333 0.022500
6 0.986667 0.875000 0.033333 0.020000
6 1.073333 0.802500 0.040000 0.023750
6 1.015000 0.722500 0.030000 0.018750
6 1.301667 0.522500 0.040000 0.011250
6 1.313333 0.470000 0.036667 0.010000
6 1.393333 0.410000 0.043333 0.012500
6 1.516667 0.330000 0.045000 0.010000
6 1.640000 0.182500 0.040000 0.008750
18 1.551667 0.462500 0.048333 0.013750
18 1.645000 0.407500 0.050000 0.013750
18 1.766667 0.332500 0.056667 0.013750
18 1.863333 0.197500 0.051667 0.016250
18 1.793333 0.265000 0.043333 0.012500
4 3.571667 0.095000 0.031667 0.025000
6 3.626667 0.120000 0.026667 0.020000
6 3.745000 0.175000 0.033333 0.025000
6 3.903333 0.245000 0.028333 0.022500
6 3.743333 0.300000 0.028333 0.022500
6 3.586667 0.221250 0.030000 0.023750
6 3.413333 0.145000 0.026667 0.020000
4 3.366667 0.117500 0.026667 0.021250
6 3.260000 0.066250 0.023333 0.018750
4 3.191667 0.045000 0.028333 0.022500
4 2.698333 0.037500 0.025000 0.018750
6 2.981667 0.331250 0.030000 0.022500
5 3.506667 0.460000 0.033333 0.025000
4 3.426667 1.473750 0.030000 0.018750
