14 3.587500 2.183333 0.058750 0.131667
14 3.893759 2.183481 0.053750 0.133544
6 0.455000 3.736667 0.020000 0.011667
6 3.965000 0.960000 0.012500 0.026667
4 3.727500 0.833333 0.011250 0.026667
4 3.667500 0.826667 0.011250 0.023333
4 3.907500 0.400000 0.011250 0.026667
6 3.427500 0.530000 0.008750 0.021667
4 3.423750 0.395000 0.010000 0.028333
6 3.485000 0.390000 0.010000 0.025000
6 3.542500 0.390000 0.011250 0.021667
6 3.802500 1.283333 0.011250 0.025000
6 3.728750 0.530000 0.011250 0.025000
6 3.611250 0.395000 0.011250 0.023333
6 3.675000 0.403333 0.010000 0.025000
5 3.422500 0.816667 0.013750 0.035000
6 3.546250 0.966667 0.010000 0.023333
6 3.730000 0.956667 0.012500 0.025000
4 3.787500 0.826667 0.011250 0.026667
4 3.847500 0.836667 0.011250 0.028333
4 3.970000 0.830000 0.010000 0.025000
6 3.321250 1.258333 0.011250 0.025000
6 3.622500 1.263333 0.011250 0.025000
5 3.567500 1.276667 0.011250 0.028333
4 3.867500 1.286667 0.008750 0.023333
4 3.930000 0.096667 0.010000 0.025000
4 3.830000 0.086667 0.010000 0.026667
6 3.758750 0.086667 0.012500 0.026667
6 3.707500 0.086667 0.008750 0.023333
6 3.645000 0.083333 0.010000 0.025000
4 3.595000 0.083333 0.010000 0.028333
6 3.526250 0.080000 0.010000 0.023333
6 3.475000 0.083333 0.010000 0.025000
5 3.403750 0.085000 0.011250 0.030000
6 3.347500 0.076667 0.008750 0.021667
6 0.042500 0.065000 0.011250 0.025000
4 0.902500 3.348333 0.011250 0.028333
6 0.792500 0.638333 0.013750 0.028333
5 0.791250 0.455000 0.012500 0.035000
6 3.785000 0.950000 0.010000 0.025000
4 3.667500 0.946667 0.011250 0.026667
6 3.547500 0.820000 0.011250 0.026667
4 3.907500 0.826667 0.011250 0.023333
6 3.967500 0.513333 0.011250 0.023333
4 3.915000 0.523333 0.010000 0.025000
6 3.850000 0.518333 0.012500 0.023333
4 3.613750 0.533333 0.011250 0.026667
6 3.556250 0.513333 0.008750 0.020000
6 3.496250 0.516667 0.010000 0.021667
6 3.970000 0.390000 0.010000 0.025000
6 3.851250 0.408333 0.010000 0.023333
4 3.790000 0.401667 0.012500 0.028333
6 3.785000 0.513333 0.010000 0.023333
6 3.733750 0.406667 0.010000 0.023333
6 3.903750 0.965000 0.011250 0.026667
5 3.263750 1.280000 0.013750 0.033333
5 0.650000 2.981667 0.032500 0.011667
14 2.982500 2.190000 0.058750 0.131667
14 2.663750 2.188333 0.058750 0.133333
14 2.342500 2.190000 0.058750 0.131667
9 0.845000 1.595000 0.057500 0.080000
