4 0.050833 0.137500 0.041667 0.015000
4 0.591667 0.116875 0.020000 0.026250
5 0.624167 0.025625 0.025000 0.028750
9 0.492500 0.302812 0.095000 0.073750
4 0.398333 0.481250 0.023333 0.027500
4 0.347917 0.626875 0.020000 0.023750
6 0.207500 0.725000 0.038333 0.012500
5 0.246667 0.730000 0.040000 0.012500
5 0.292500 0.529375 0.041667 0.016250
4 0.952500 0.169063 0.018333 0.022500
4 0.982500 0.223438 0.021667 0.023750
4 0.688333 0.054062 0.026667 0.010000
4 0.681250 0.068125 0.030000 0.013750
6 0.016667 0.286562 0.036667 0.013750
7 0.575833 0.161562 0.028333 0.028750
4 0.655833 0.050313 0.035000 0.021250
4 0.081667 0.127500 0.040000 0.017500
15 0.946250 0.596562 0.120000 0.083750
