6 0.364000 0.820000 0.028000 0.018000
4 3.777000 0.057000 0.021000 0.020000
4 3.749000 0.084000 0.018000 0.016000
4 2.746000 3.127000 0.019000 0.023000
5 3.740000 3.470000 0.024000 0.011000
4 2.704000 3.047000 0.016000 0.024000
4 3.704000 0.154000 0.024000 0.019000
6 3.656000 0.213000 0.020000 0.016000
6 3.632000 0.244000 0.022000 0.016000
6 3.582000 0.302000 0.023000 0.017000
6 3.558000 0.340000 0.021000 0.016000
5 3.378000 0.589000 0.023000 0.018000
16 3.474000 3.253000 0.027000 0.036000
16 3.662000 3.309000 0.015000 0.019000
16 3.280000 3.199000 0.034000 0.049000
16 3.821000 3.366000 0.029000 0.047000
4 3.910000 3.416000 0.017000 0.016000
6 3.650000 3.232000 0.023000 0.014000
4 3.512000 0.409000 0.018000 0.017000
4 2.880000 3.330000 0.024000 0.013000
6 2.807000 3.246000 0.027000 0.037000
3 3.718000 3.388000 0.025000 0.034000
4 0.176000 0.122000 0.022000 0.017000
4 0.098000 0.080000 0.021000 0.018000
10 0.711000 1.132000 0.061000 0.030000
3 1.230000 0.522000 0.017000 0.029000
4 1.337000 0.500000 0.013000 0.026000
5 1.752000 0.567000 0.036000 0.012000
6 2.010000 0.274000 0.013000 0.021000
6 3.755000 0.490000 0.020000 0.017000
4 3.286000 0.904000 0.025000 0.024000
4 3.875000 1.030000 0.018000 0.019000
5 3.895000 1.259000 0.025000 0.021000
4 3.950000 1.323000 0.019000 0.017000
6 3.974000 1.355000 0.016000 0.018000
10 0.656000 1.014000 0.042000 0.021000
11 0.170000 1.334000 0.021000 0.019000
