14 0.080968 2.392702 0.042000 0.083406
5 3.707000 3.808000 0.016000 0.030000
6 1.087000 3.030000 0.023000 0.009000
4 1.880000 3.820000 0.012000 0.018000
6 1.889000 3.750000 0.009000 0.017000
6 1.278000 2.225000 0.009000 0.016000
4 3.780000 2.486000 0.008000 0.015000
4 3.366000 2.969000 0.013000 0.018000
4 2.568000 3.568000 0.008000 0.012000
5 3.561000 3.367000 0.027000 0.008000
6 1.648000 1.474000 0.016000 0.011000
5 1.638000 1.852000 0.025000 0.014000
4 1.658000 1.814000 0.023000 0.013000
6 1.818000 1.780000 0.011000 0.018000
6 1.791000 1.601000 0.011000 0.020000
4 1.648000 1.560000 0.022000 0.014000
6 1.646000 1.514000 0.021000 0.015000
6 3.104000 1.628000 0.020000 0.008000
4 3.397000 0.658000 0.022000 0.007000
4 3.540000 0.656000 0.024000 0.010000
4 3.710000 0.659000 0.023000 0.008000
4 2.092000 0.869000 0.006000 0.016000
4 2.924000 0.978000 0.008000 0.017000
4 2.880000 0.647000 0.022000 0.007000
4 2.748000 0.649000 0.024000 0.009000
4 2.640000 0.645000 0.018000 0.006000
9 0.544000 2.018000 0.080000 0.059000
9 0.532000 0.672000 0.076000 0.064000
5 0.146000 1.187000 0.027000 0.008000
6 0.259000 2.033000 0.019000 0.007000
5 0.254000 1.245000 0.025000 0.010000
6 1.800000 1.690000 0.012000 0.017000
