4 0.362750 0.289250 0.011000 0.015000
6 0.568500 0.922000 0.013000 0.018000
6 0.195000 0.380000 0.024000 0.014000
6 0.870750 0.940500 0.016000 0.007000
6 0.826750 0.908500 0.021000 0.011000
6 0.967500 0.921000 0.017000 0.008000
6 0.943000 0.856750 0.018000 0.011000
6 0.831500 0.742000 0.019000 0.006000
4 0.919750 0.697000 0.008000 0.014000
4 0.814000 0.650750 0.008000 0.014000
6 0.679000 0.646000 0.008000 0.014000
6 0.845000 0.297000 0.026000 0.014000
4 0.830000 0.270500 0.016000 0.009000
5 0.983000 0.213750 0.020000 0.011000
4 0.991189 0.153197 0.018147 0.009715
4 0.986000 0.143750 0.018000 0.009000
6 0.614500 0.023750 0.015000 0.017000
6 0.635250 0.016250 0.014000 0.017000
4 0.582750 0.281500 0.024000 0.011000
4 0.557500 0.205000 0.023000 0.012000
4 0.734000 0.956500 0.016000 0.009000
