4 0.169687 0.482500 0.023750 0.028333
6 0.272813 0.467917 0.025000 0.033333
4 0.238750 0.500833 0.027500 0.031667
4 0.228125 0.512500 0.026250 0.031667
6 0.220625 0.525000 0.026250 0.030000
4 0.480312 0.465833 0.025000 0.031667
4 0.478125 0.509167 0.023750 0.031667
6 0.496875 0.515000 0.021250 0.026667
5 0.532500 0.527917 0.032500 0.046667
6 0.550937 0.535000 0.027500 0.036667
6 0.102500 0.535833 0.027500 0.035000
6 0.481875 0.484583 0.023750 0.030000
5 0.570000 0.448333 0.022500 0.030000
5 0.424375 0.760417 0.028750 0.030000
5 0.339375 0.859167 0.023750 0.031667
5 0.158750 0.451250 0.035000 0.041667
4 0.200625 0.401250 0.023750 0.028333
4 0.248438 0.390000 0.023750 0.030000
