7 0.798000 2.906000 0.031000 0.041000
7 0.743000 2.986000 0.025000 0.022000
7 1.242000 3.296000 0.029000 0.024000
7 1.156000 3.152000 0.024000 0.018000
7 0.902000 3.284000 0.029000 0.038000
7 1.796000 3.866000 0.037000 0.029000
7 3.094000 3.934000 0.025000 0.015000
7 3.582000 3.898000 0.027000 0.013000
2 3.520000 3.341000 0.129000 0.022000
2 2.372000 2.278000 0.068000 0.056000
7 1.892000 2.426000 0.033000 0.031000
7 0.370000 0.461000 0.014000 0.019000
8 2.606000 1.192000 0.039000 0.042000
8 1.708000 1.914000 0.046000 0.053000
8 2.048000 1.622000 0.028000 0.031000
7 2.972000 3.751000 0.014000 0.011000
7 2.310000 3.594000 0.019000 0.013000
7 0.560000 2.754000 0.020000 0.017000
