6 3.260000 0.378333 0.020000 0.036667
6 3.060000 0.461667 0.030000 0.035000
4 0.236250 0.851667 0.012500 0.031667
5 0.360000 3.476667 0.012500 0.028333
4 1.115000 1.646667 0.035000 0.020000
5 1.391250 1.666667 0.032500 0.016667
6 1.537500 1.660000 0.036250 0.013333
4 1.945000 1.651667 0.025000 0.016667
6 2.888750 1.393333 0.015000 0.030000
3 1.927500 2.023333 0.091250 0.031667
5 1.335000 2.600000 0.015000 0.040000
3 1.432500 2.210000 0.021250 0.071667
5 3.571250 3.643333 0.036250 0.015000
3 2.950000 3.701667 0.030000 0.016667
3 3.926250 1.480000 0.037500 0.020000
3 3.165000 0.308333 0.042500 0.043333
