6 0.989000 2.396000 0.017000 0.022000
4 2.520000 3.465000 0.026000 0.010000
6 3.138000 3.424000 0.013000 0.018000
5 3.821000 3.496000 0.013000 0.022000
6 0.482000 0.192000 0.015000 0.020000
6 0.500000 0.114000 0.010000 0.019000
3 0.578000 0.130000 0.013000 0.021000
3 0.667000 0.737000 0.024000 0.013000
6 0.613000 0.686000 0.020000 0.017000
11 0.458000 1.621000 0.009000 0.012000
11 0.342000 1.604000 0.013000 0.016000
4 2.178000 0.935000 0.017000 0.020000
6 3.130000 1.879000 0.019000 0.010000
6 3.276000 2.030000 0.020000 0.021000
5 2.026000 2.530000 0.027000 0.017000
6 1.340000 2.992000 0.020000 0.008000
5 0.670000 3.888000 0.021000 0.020000
