9 0.289000 0.299250 0.104000 0.052000
5 0.251750 0.320500 0.021000 0.013000
5 0.158250 0.324000 0.021000 0.016000
5 0.025500 0.568500 0.023000 0.011000
4 0.013250 0.584000 0.009000 0.018000
6 0.040000 0.579000 0.014000 0.020000
5 0.136000 0.606500 0.038000 0.017000
6 0.292500 0.485750 0.017000 0.021000
6 0.540500 0.488000 0.023000 0.016000
5 0.543250 0.545250 0.023000 0.009000
5 0.479500 0.674250 0.027000 0.025000
6 0.498750 0.659500 0.020000 0.019000
5 0.572500 0.679500 0.009000 0.021000
4 0.432000 0.137500 0.012000 0.017000
4 0.452250 0.224000 0.020000 0.012000
6 0.651500 0.279250 0.009000 0.015000
6 0.443500 0.079500 0.011000 0.017000
6 0.686000 0.074500 0.016000 0.019000
6 0.696000 0.085000 0.010000 0.020000
6 0.756000 0.392750 0.014000 0.019000
4 0.864250 0.416000 0.022000 0.014000
6 0.791750 0.820500 0.014000 0.007000
6 0.837750 0.810500 0.015000 0.017000
6 0.663500 0.055750 0.023000 0.013000
