4 0.895938 0.647917 0.030000 0.020000
4 0.891875 0.661667 0.030000 0.020000
4 0.628437 0.367500 0.015000 0.028333
4 0.557500 0.553750 0.015000 0.025000
5 0.611563 0.779167 0.036250 0.025000
5 0.118750 0.171250 0.035000 0.030000
5 0.978125 0.130000 0.018750 0.033333
4 0.965313 0.126667 0.017500 0.030000
6 0.420938 0.200833 0.015000 0.028333
4 0.706250 0.016250 0.022500 0.035000
6 0.717187 0.140833 0.022500 0.038333
4 0.345625 0.942500 0.023750 0.035000
4 0.273125 0.971667 0.018750 0.026667
4 0.399687 0.825000 0.023750 0.036667
9 0.433125 0.758333 0.151250 0.076667
6 0.699688 0.862083 0.031250 0.021667
9 0.898750 0.902500 0.085000 0.111667
4 0.951562 0.480000 0.032500 0.026667
4 0.958125 0.816250 0.021250 0.038333
4 0.713125 0.756667 0.016250 0.030000
4 0.386875 0.763333 0.026250 0.030000
6 0.471562 0.951667 0.022500 0.033333
4 0.321875 0.872500 0.026250 0.038333
6 0.401250 0.955000 0.027500 0.023333
6 0.147813 0.561667 0.033750 0.026667
5 0.482812 0.603333 0.022500 0.043333
4 0.338750 0.402917 0.017500 0.026667
6 0.430312 0.175417 0.015000 0.026667
5 0.435625 0.268333 0.033750 0.026667
5 0.645312 0.050833 0.035000 0.031667
4 0.677813 0.099167 0.021250 0.031667
6 0.223750 0.979583 0.025000 0.026667
4 0.069062 0.667917 0.030000 0.025000
4 0.364375 0.124167 0.021250 0.035000
6 0.496563 0.240833 0.018750 0.028333
6 0.496250 0.425000 0.020000 0.040000
4 0.463750 0.395000 0.022500 0.036667
6 0.489687 0.462500 0.016250 0.035000
3 0.687187 0.334583 0.042500 0.031667
