6 0.973333 0.066562 0.013333 0.020000
6 0.775417 0.434688 0.035000 0.010000
6 0.815000 0.435625 0.033333 0.008750
3 0.696667 0.869687 0.050000 0.013750
4 0.531250 0.567500 0.011667 0.020000
6 0.532500 0.535000 0.015000 0.022500
4 0.534167 0.508437 0.011667 0.021250
6 0.491250 0.491875 0.015000 0.026250
6 0.484167 0.518437 0.015000 0.025000
3 0.538333 0.240313 0.020000 0.030000
3 0.540417 0.109063 0.030000 0.048750
6 0.028333 0.084687 0.043333 0.021250
6 0.031250 0.098750 0.036667 0.017500
6 0.032917 0.106250 0.035000 0.015000
6 0.040833 0.115000 0.038333 0.020000
4 0.046250 0.127188 0.038333 0.017500
4 0.094167 0.058750 0.031667 0.015000
4 0.099167 0.070000 0.035000 0.015000
4 0.099583 0.082812 0.026667 0.011250
4 0.099583 0.093125 0.031667 0.016250
4 0.110417 0.102500 0.035000 0.017500
4 0.120417 0.121250 0.041667 0.025000
6 0.052500 0.138750 0.035000 0.012500
6 0.053333 0.155000 0.033333 0.007500
4 0.088750 0.154062 0.028333 0.010000
6 0.080000 0.191250 0.036667 0.015000
6 0.085417 0.202500 0.033333 0.015000
4 0.085833 0.215625 0.031667 0.013750
4 0.506667 0.445937 0.096667 0.061250
