4 0.960833 0.881250 0.041667 0.022500
4 0.876667 0.852500 0.040000 0.022500
4 0.838333 0.840313 0.033333 0.018750
6 0.955000 0.832500 0.036667 0.020000
11 0.837083 0.826562 0.063333 0.032500
3 0.852500 0.811250 0.075000 0.040000
4 0.886667 0.807500 0.043333 0.022500
6 0.801667 0.779687 0.040000 0.023750
4 0.721667 0.799375 0.031667 0.016250
5 0.679167 0.787500 0.035000 0.020000
5 0.746250 0.726250 0.035000 0.030000
4 0.714167 0.712500 0.025000 0.022500
9 0.562500 0.724063 0.168333 0.125000
4 0.836667 0.891250 0.030000 0.010000
4 0.940833 0.895312 0.035000 0.016250
6 0.924583 0.916875 0.040000 0.023750
6 0.905833 0.935000 0.035000 0.020000
6 0.953750 0.946250 0.030000 0.027500
6 0.448750 0.660000 0.030000 0.015000
6 0.406667 0.684688 0.030000 0.016250
3 0.223750 0.542813 0.070000 0.036250
4 0.110000 0.491250 0.036667 0.020000
5 0.018333 0.451562 0.026667 0.021250
6 0.029167 0.601562 0.035000 0.020000
4 0.041250 0.621563 0.031667 0.018750
4 0.032083 0.633125 0.035000 0.018750
4 0.153333 0.650000 0.030000 0.017500
4 0.144167 0.661875 0.028333 0.016250
5 0.210000 0.361875 0.033333 0.016250
11 0.103333 0.276875 0.038333 0.033750
9 0.171667 0.115937 0.183333 0.141250
4 0.371250 0.142813 0.033333 0.017500
4 0.540833 0.200625 0.035000 0.018750
4 0.608750 0.223125 0.033333 0.016250
6 0.373333 0.100625 0.033333 0.021250
6 0.335833 0.090625 0.038333 0.021250
4 0.720833 0.019375 0.035000 0.018750
5 0.745000 0.044687 0.040000 0.011250
4 0.802500 0.053125 0.031667 0.023750
4 0.830417 0.019375 0.025000 0.021250
5 0.707917 0.049063 0.033333 0.018750
6 0.694167 0.069062 0.038333 0.020000
6 0.765833 0.140000 0.025000 0.022500
6 0.810000 0.156562 0.020000 0.020000
9 0.880417 0.340625 0.193333 0.136250
