9 0.932250 0.819250 0.050000 0.056000
9 0.936500 0.485000 0.053000 0.058000
9 0.938000 0.138500 0.056000 0.057000
6 0.220000 0.095500 0.010000 0.019000
6 0.063750 0.876250 0.010000 0.020000
6 0.064000 0.854500 0.010000 0.017000
4 0.512250 0.857750 0.009000 0.017000
4 0.526250 0.857250 0.008000 0.018000
4 0.718000 0.917500 0.010000 0.019000
4 0.733750 0.926000 0.009000 0.016000
4 0.845500 0.858250 0.011000 0.017000
4 0.936500 0.827000 0.009000 0.016000
4 0.945000 0.889500 0.012000 0.019000
4 0.988500 0.664250 0.019000 0.007000
4 0.781750 0.607500 0.020000 0.013000
4 0.513000 0.537000 0.010000 0.018000
5 0.513000 0.557000 0.010000 0.020000
6 0.457000 0.762000 0.008000 0.016000
6 0.059500 0.622000 0.027000 0.008000
6 0.024500 0.621750 0.021000 0.007000
6 0.872000 0.285750 0.020000 0.007000
6 0.678750 0.230500 0.009000 0.015000
6 0.510750 0.231250 0.009000 0.019000
4 0.433500 0.248750 0.009000 0.017000
6 0.308000 0.250000 0.010000 0.016000
6 0.170000 0.376750 0.014000 0.020000
4 0.077750 0.392250 0.015000 0.023000
6 0.180000 0.258500 0.022000 0.017000
3 0.251000 0.150750 0.036000 0.010000
5 0.523000 0.127500 0.022000 0.009000
3 0.713000 0.153500 0.030000 0.009000
6 0.401250 0.045500 0.011000 0.019000
6 0.179500 0.004000 0.021098 0.010000
6 0.015000 0.029000 0.014000 0.018000
6 0.027500 0.043750 0.019000 0.023000
7 0.370500 0.944500 0.007000 0.017000
7 0.236250 0.664500 0.013000 0.023000
6 0.917000 0.573250 0.014000 0.019000
