4 1.706250 2.335000 0.021250 0.021667
3 0.150000 3.528333 0.035000 0.035000
4 0.300000 3.505000 0.025000 0.023333
4 0.423750 3.576667 0.027500 0.025000
6 0.575000 3.656667 0.032500 0.028333
4 0.843750 3.810000 0.027500 0.025000
6 3.798750 3.513333 0.035000 0.030000
6 3.832500 3.396667 0.026250 0.025000
4 3.652500 3.438333 0.028750 0.023333
6 3.506250 3.351667 0.028750 0.025000
4 3.676250 3.088333 0.018750 0.020000
4 3.477500 2.980000 0.013750 0.016667
4 3.583750 3.038333 0.023750 0.023333
4 3.338750 3.221667 0.027500 0.026667
6 3.192500 3.175000 0.031250 0.026667
4 3.080000 3.110000 0.022500 0.021667
3 2.992500 3.046667 0.023750 0.026667
6 2.990000 2.953333 0.022500 0.020000
6 3.188750 2.885000 0.030000 0.026667
4 3.205000 2.826667 0.022500 0.023333
4 3.112500 2.783333 0.023750 0.025000
5 2.981250 2.696667 0.045000 0.038333
4 2.805000 2.665000 0.020000 0.021667
4 2.797500 2.596667 0.023750 0.021667
6 2.687500 2.540000 0.028750 0.026667
4 2.667500 2.880000 0.026250 0.023333
6 2.555000 2.818333 0.025000 0.023333
6 2.705000 2.780000 0.027500 0.023333
4 2.577500 2.701667 0.028750 0.026667
4 2.440000 2.755000 0.027500 0.025000
4 2.333750 2.690000 0.027500 0.025000
4 2.416250 2.606667 0.025000 0.023333
4 2.422500 2.535000 0.026250 0.023333
6 2.215000 2.630000 0.027500 0.025000
4 2.268750 2.526667 0.027500 0.026667
5 2.086250 2.540000 0.041250 0.036667
3 1.927500 2.450000 0.038750 0.038333
4 2.125000 2.446667 0.027500 0.026667
4 2.002500 2.386667 0.028750 0.026667
6 2.110000 2.271667 0.027500 0.023333
6 2.037500 2.170000 0.031250 0.028333
4 1.838750 2.293333 0.025000 0.023333
4 1.710000 2.221667 0.027500 0.025000
3 1.840000 2.063333 0.057500 0.045000
6 1.630000 1.940000 0.030000 0.026667
6 1.497500 1.868333 0.038750 0.031667
6 1.542500 2.118333 0.031250 0.028333
6 1.336250 2.130000 0.022500 0.021667
4 1.358750 2.008333 0.027500 0.025000
4 1.233750 2.080000 0.027500 0.023333
5 1.132500 1.996667 0.028750 0.025000
4 1.012500 1.946667 0.026250 0.023333
4 1.173750 1.900000 0.026250 0.023333
6 0.972500 1.860000 0.023750 0.023333
6 1.127500 1.740000 0.026250 0.023333
6 1.177500 1.693333 0.026250 0.030000
6 1.005000 1.593333 0.030000 0.026667
6 0.870000 1.516667 0.027500 0.025000
6 0.782500 1.676667 0.026250 0.025000
6 0.577500 1.626667 0.018750 0.020000
3 0.492500 1.651667 0.048750 0.040000
5 0.253750 1.516667 0.036250 0.031667
4 0.741250 1.446667 0.025000 0.023333
6 0.617500 1.380000 0.033750 0.030000
6 0.460000 1.491667 0.025000 0.025000
5 0.320000 1.400000 0.027500 0.026667
3 0.217500 1.423333 0.043750 0.038333
6 0.037500 1.388333 0.020000 0.023333
6 0.201250 1.330000 0.021250 0.018333
4 0.395000 1.250000 0.030000 0.028333
4 0.277500 1.183333 0.028750 0.025000
4 0.177500 1.126667 0.023750 0.023333
5 0.042500 1.051667 0.022500 0.025000
4 3.628750 0.925000 0.023750 0.025000
4 3.418750 0.806667 0.023750 0.023333
4 2.725000 0.588333 0.020000 0.021667
3 2.823750 0.475000 0.061250 0.046667
4 2.660000 0.383333 0.027500 0.025000
6 2.467500 0.275000 0.026250 0.025000
6 2.015000 0.200000 0.025000 0.023333
6 1.287500 1.753333 0.033750 0.030000
