4 0.618750 0.343333 0.016250 0.031667
4 0.108750 0.421667 0.012500 0.030000
4 0.695000 0.416667 0.012500 0.028333
4 1.231250 0.393333 0.021250 0.043333
6 0.400000 0.656667 0.012500 0.028333
4 0.940000 0.923333 0.015000 0.031667
5 1.222500 1.756667 0.016250 0.035000
4 1.512500 1.808333 0.013750 0.033333
6 2.355000 2.003333 0.012500 0.028333
4 0.102500 2.570000 0.011250 0.025000
6 0.171250 2.566667 0.013750 0.026667
6 2.345000 2.733333 0.012500 0.026667
6 1.462500 3.091667 0.016250 0.036667
4 2.038750 3.088333 0.016250 0.035000
6 1.891250 3.556667 0.016250 0.035000
4 1.787500 3.673333 0.013750 0.033333
4 1.530000 3.880000 0.015000 0.030000
4 2.570000 3.595000 0.012500 0.028333
6 2.628750 2.693333 0.015000 0.030000
4 3.185000 2.640000 0.012500 0.030000
4 3.190000 2.781667 0.012500 0.031667
6 2.622500 1.946667 0.013750 0.033333
6 2.897500 2.276667 0.016250 0.018333
6 3.086250 0.980000 0.013750 0.030000
4 3.321250 0.970000 0.023750 0.031667
6 3.407500 0.956667 0.016250 0.025000
4 3.316250 0.168333 0.025000 0.016667
4 3.773750 0.386667 0.013750 0.030000
6 3.770000 0.500000 0.012500 0.026667
6 3.772500 0.648333 0.013750 0.033333
4 3.745000 0.846667 0.012500 0.030000
4 3.965000 3.606667 0.015000 0.033333
6 1.227500 1.895000 0.013750 0.030000
