2 0.900000 2.962500 0.180000 0.093750
18 0.766667 2.756250 0.113333 0.065000
2 0.930000 2.850000 0.108333 0.057500
2 0.853333 2.800000 0.106667 0.057500
2 1.301667 2.480000 0.113333 0.065000
2 1.063333 1.560000 0.068333 0.077500
2 0.840000 1.650000 0.063333 0.075000
2 0.920000 1.620000 0.066667 0.077500
2 1.000000 1.601250 0.066667 0.075000
2 1.256667 1.477500 0.068333 0.078750
2 1.333333 1.438750 0.073333 0.082500
2 1.410000 1.412500 0.071667 0.081250
2 1.476667 1.382500 0.071667 0.081250
2 1.550000 1.350000 0.075000 0.082500
18 2.460000 2.012500 0.033333 0.051250
18 2.666667 2.182500 0.090000 0.018750
18 2.673333 2.231250 0.093333 0.021250
18 3.106667 1.935000 0.020000 0.060000
18 2.803333 1.840000 0.031667 0.052500
18 2.866667 1.852500 0.020000 0.031250
18 2.628333 1.670000 0.010000 0.015000
7 2.643333 1.726250 0.008333 0.012500
2 2.876667 1.515000 0.048333 0.090000
2 3.030000 1.470000 0.048333 0.080000
2 3.111667 1.443750 0.046667 0.077500
18 2.598333 1.708750 0.011667 0.022500
18 3.623333 2.110000 0.081667 0.032500
28 3.854942 1.934483 0.075862 0.032758
28 3.864361 1.981485 0.070639 0.032670
28 3.924049 1.558329 0.048691 0.048335
18 1.220000 3.897500 0.160576 0.106250
