5 0.466500 0.032000 0.023000 0.024000
6 0.185250 0.011250 0.026000 0.016000
6 0.185250 0.045250 0.016000 0.020000
11 0.172500 0.065500 0.023000 0.023000
9 0.405250 0.081500 0.074000 0.075000
6 0.521000 0.114750 0.024000 0.016000
6 0.591000 0.004250 0.022000 0.013000
6 0.583500 0.103500 0.019000 0.023000
6 0.533250 0.036750 0.030000 0.016000
4 0.757250 0.097250 0.017000 0.019000
4 0.835250 0.026500 0.013000 0.017000
4 0.830250 0.229000 0.025000 0.016000
4 0.927000 0.226000 0.022000 0.026000
4 0.943250 0.205500 0.020000 0.023000
4 0.991500 0.139000 0.021000 0.024000
4 0.891500 0.209250 0.015000 0.018000
5 0.852000 0.261000 0.018000 0.016000
4 0.961250 0.095000 0.021000 0.014000
9 0.919250 0.274000 0.082000 0.082000
4 0.368000 0.260000 0.022000 0.014000
6 0.360000 0.312250 0.023000 0.015000
6 0.554500 0.194500 0.021000 0.023000
6 0.646500 0.260500 0.017000 0.019000
6 0.750000 0.312000 0.022000 0.014000
4 0.758500 0.380000 0.025000 0.016000
6 0.777000 0.427000 0.016000 0.020000
4 0.678750 0.384500 0.026000 0.015000
5 0.678250 0.366500 0.023000 0.013000
6 0.741750 0.366250 0.021000 0.014000
6 0.672750 0.404000 0.028000 0.018000
6 0.638500 0.523000 0.025000 0.014000
9 0.719000 0.535250 0.084000 0.086000
5 0.919250 0.593500 0.028000 0.017000
6 0.229000 0.445750 0.024000 0.016000
6 0.096500 0.628250 0.023000 0.016000
4 0.158500 0.608750 0.019000 0.021000
4 0.172000 0.614250 0.018000 0.020000
6 0.126750 0.693500 0.018000 0.021000
6 0.265000 0.688750 0.024000 0.015000
5 0.407750 0.774750 0.028000 0.018000
4 0.441750 0.476500 0.021000 0.025000
5 0.600000 0.669000 0.020000 0.022000
4 0.370000 0.677500 0.017000 0.021000
4 0.634000 0.735500 0.026000 0.015000
6 0.884000 0.725000 0.018000 0.020000
6 0.867500 0.770250 0.031000 0.019000
4 0.960500 0.746000 0.017000 0.020000
6 0.982500 0.878000 0.011000 0.012000
6 0.629250 0.823750 0.018000 0.015000
6 0.650750 0.833500 0.025000 0.015000
5 0.651250 0.865500 0.026000 0.017000
6 0.722250 0.858750 0.026000 0.018000
11 0.698500 0.882500 0.027000 0.017000
6 0.672000 0.871500 0.026000 0.021000
4 0.856000 0.906500 0.026000 0.017000
4 0.077500 0.829500 0.013000 0.019000
4 0.044500 0.951750 0.015000 0.013000
4 0.033250 0.973500 0.022000 0.013000
6 0.080750 0.784000 0.014000 0.018000
9 0.520250 0.797000 0.074000 0.074000
6 0.572000 0.975000 0.021000 0.014000
