4 0.074000 0.514750 0.016000 0.020000
6 0.997560 0.657087 0.008000 0.015347
6 0.808500 0.761500 0.023000 0.009000
4 0.940000 0.903500 0.024000 0.007000
6 0.793000 0.839500 0.012000 0.021000
4 0.731000 0.828000 0.010000 0.018000
4 0.446250 0.853000 0.011000 0.020000
6 0.305000 0.924000 0.028000 0.018000
9 0.126250 0.802750 0.118000 0.117000
4 0.084000 0.949750 0.022000 0.018000
4 0.089750 0.940500 0.020000 0.017000
32 0.524000 0.382500 0.192000 0.145000
5 0.020750 0.807750 0.015000 0.022000
6 0.229750 0.865750 0.024000 0.006000
