4 0.541667 1.858750 0.043333 0.013750
6 0.845000 1.075000 0.016667 0.022500
6 0.356667 0.772500 0.035000 0.011250
9 0.976667 0.732500 0.085000 0.053750
6 0.695000 0.720000 0.038333 0.015000
6 0.918333 0.440000 0.018333 0.025000
9 1.021667 3.382500 0.103333 0.153750
6 1.666667 2.837500 0.036667 0.026250
6 0.350000 3.450000 0.031667 0.022500
5 1.366667 2.030000 0.043333 0.010000
4 1.743333 1.615000 0.038333 0.010000
4 2.716667 2.080000 0.035000 0.025000
4 3.676667 2.092500 0.031667 0.023750
4 3.423333 2.226250 0.021667 0.016250
4 3.023333 0.452500 0.015000 0.021250
4 2.270000 0.407500 0.018333 0.023750
6 3.028333 0.345000 0.016667 0.020000
4 3.015000 1.007500 0.018333 0.023750
6 3.013333 1.112500 0.016667 0.021250
4 3.405000 1.117500 0.018333 0.023750
4 2.313333 2.982500 0.033333 0.023750
4 2.413333 3.043750 0.026667 0.020000
