6 0.735000 0.831000 0.021000 0.007000
6 1.324000 0.828000 0.020000 0.006000
6 1.636000 0.895000 0.018000 0.007000
5 1.788000 0.020000 0.026000 0.008000
6 2.014000 0.019000 0.019000 0.006000
4 2.650000 0.889000 0.023000 0.007000
6 3.263000 0.111000 0.022000 0.007000
6 3.270000 0.168000 0.021000 0.008000
6 3.257000 0.270000 0.017000 0.007000
6 3.259000 0.305000 0.023000 0.007000
5 3.265000 0.346000 0.026000 0.009000
6 3.948000 1.302000 0.022000 0.007000
4 3.693000 1.272000 0.022000 0.008000
4 3.939000 1.514000 0.022000 0.007000
6 3.565000 0.888000 0.024000 0.010000
6 3.591000 0.939000 0.024000 0.007000
4 2.416000 1.239000 0.022000 0.007000
21 1.655000 3.453000 0.280000 0.275000
21 3.051000 3.597000 0.203000 0.202000
21 1.386000 1.989000 0.202000 0.385000
