4 0.975833 0.454688 0.035000 0.012500
4 0.976250 0.371563 0.025000 0.025000
6 0.960000 0.382812 0.023333 0.022500
6 0.933333 0.394062 0.020000 0.026250
4 0.167500 0.434063 0.038333 0.022500
4 0.155833 0.424687 0.035000 0.021250
4 0.128333 0.394375 0.033333 0.018750
5 0.111667 0.375937 0.040000 0.023750
6 0.100833 0.366250 0.028333 0.017500
6 0.070000 0.335625 0.030000 0.016250
6 0.036667 0.296250 0.036667 0.020000
6 0.250833 0.403750 0.035000 0.020000
6 0.223333 0.381875 0.036667 0.021250
6 0.173750 0.326562 0.036667 0.021250
4 0.163750 0.316875 0.038333 0.021250
4 0.154583 0.304688 0.040000 0.022500
4 0.145000 0.294687 0.033333 0.021250
4 0.127500 0.276875 0.035000 0.018750
4 0.096667 0.248125 0.040000 0.021250
4 0.078750 0.226562 0.041667 0.023750
6 0.062083 0.209375 0.033333 0.018750
