9 2.237000 0.192000 0.112000 0.088000
3 0.115000 1.964000 0.029000 0.012000
4 0.215000 2.072000 0.016000 0.024000
6 2.690000 1.822000 0.011000 0.019000
4 2.552000 1.149000 0.015000 0.019000
4 1.641000 3.589000 0.023000 0.008000
5 1.634000 3.507000 0.027000 0.009000
4 1.638000 3.466000 0.025000 0.007000
4 1.639000 3.382000 0.024000 0.009000
6 1.636000 3.339000 0.020000 0.007000
4 1.638000 3.301000 0.023000 0.008000
6 1.648000 3.262000 0.020000 0.007000
5 1.640000 3.222000 0.026000 0.007000
4 1.636000 3.139000 0.024000 0.008000
6 1.364000 3.346000 0.026000 0.011000
6 1.245000 3.330000 0.028000 0.013000
6 1.258000 3.286000 0.027000 0.013000
4 1.384000 3.253000 0.018000 0.008000
4 2.710000 3.770000 0.013000 0.023000
6 2.704000 3.494000 0.008000 0.017000
4 2.702000 3.151000 0.013000 0.023000
