12 0.406774 0.020354 0.056594 0.042500
12 0.355312 0.066562 0.075000 0.076250
19 0.947500 0.913750 0.058750 0.055000
19 0.890938 0.787813 0.047500 0.058750
12 0.971555 0.735414 0.060031 0.059550
12 0.964375 0.629375 0.058750 0.053750
19 0.936875 0.576562 0.051250 0.043750
13 0.785937 0.684688 0.075000 0.070000
13 0.792188 0.781875 0.080000 0.071250
33 0.797500 0.884062 0.135000 0.133750
17 0.641250 0.943438 0.070000 0.063750
13 0.625313 0.867188 0.071250 0.060000
13 0.599688 0.657500 0.070000 0.058750
13 0.437500 0.657813 0.070000 0.060000
17 0.450000 0.744062 0.065000 0.062500
19 0.446875 0.815625 0.063750 0.052500
17 0.461250 0.886875 0.062500 0.056250
19 0.460000 0.968437 0.051250 0.046250
17 0.286875 0.910625 0.068750 0.061250
17 0.281875 0.837187 0.073750 0.068750
27 0.091563 0.701875 0.066250 0.056250
19 0.100937 0.780937 0.085000 0.077500
19 0.113437 0.865000 0.081250 0.070000
17 0.123125 0.942813 0.071250 0.063750
