17 0.290000 0.762500 0.062000 0.063000
12 0.570250 0.726000 0.058000 0.060000
12 0.626000 0.699000 0.062000 0.062000
13 0.722000 0.656500 0.062000 0.069000
17 0.769000 0.627000 0.062000 0.064000
19 0.891500 0.579000 0.081000 0.086000
17 0.942000 0.631750 0.064000 0.061000
17 0.964500 0.676500 0.061000 0.057000
12 0.979250 0.758500 0.059000 0.057000
17 0.541500 0.862000 0.065000 0.062000
17 0.801000 0.864750 0.064000 0.060000
17 0.985000 0.885750 0.066000 0.064000
12 0.784500 0.383750 0.057000 0.058000
