9 2.782000 1.634000 0.031000 0.037000
6 1.729000 3.730000 0.020000 0.017000
4 1.708000 3.685000 0.024000 0.021000
4 1.656000 3.629000 0.022000 0.020000
4 1.978000 3.702000 0.017000 0.019000
4 2.020000 3.689000 0.016000 0.018000
4 2.104000 3.636000 0.018000 0.020000
4 2.112000 3.538000 0.026000 0.021000
4 2.095000 3.499000 0.021000 0.016000
4 2.059000 3.469000 0.020000 0.017000
4 1.683000 3.450000 0.020000 0.019000
4 1.786000 3.378000 0.021000 0.021000
4 1.995000 3.369000 0.020000 0.016000
4 1.966000 3.335000 0.021000 0.017000
5 0.826000 3.099000 0.025000 0.024000
6 0.789000 3.075000 0.026000 0.024000
6 0.755000 3.046000 0.025000 0.023000
5 0.714000 3.026000 0.023000 0.021000
5 0.691000 2.992000 0.028000 0.024000
4 0.654000 2.972000 0.021000 0.018000
6 0.900000 2.901000 0.022000 0.019000
6 0.873000 2.868000 0.022000 0.020000
6 0.839000 2.846000 0.020000 0.017000
6 0.799000 2.818000 0.021000 0.019000
4 0.504000 2.841000 0.022000 0.018000
6 0.473000 2.806000 0.029000 0.025000
4 0.342000 2.724000 0.021000 0.018000
4 0.302000 2.680000 0.017000 0.016000
4 3.108000 0.418000 0.016000 0.009000
