6 0.636250 0.173250 0.023000 0.018000
6 0.562500 0.209250 0.021000 0.008000
4 0.440500 0.330750 0.017000 0.017000
6 0.342500 0.326250 0.019000 0.017000
6 0.359250 0.311500 0.018000 0.017000
6 0.398750 0.321250 0.020000 0.018000
4 0.167500 0.339000 0.015000 0.020000
4 0.317500 0.402500 0.017000 0.019000
4 0.224500 0.457500 0.019000 0.015000
4 0.185750 0.394000 0.018000 0.012000
4 0.192000 0.401500 0.022000 0.015000
4 0.324250 0.604500 0.019000 0.013000
6 0.272500 0.559000 0.019000 0.012000
6 0.341500 0.657250 0.017000 0.014000
6 0.589750 0.483000 0.016000 0.016000
4 0.876000 0.451500 0.018000 0.017000
4 0.396750 0.688500 0.016000 0.019000
6 0.319750 0.512500 0.014000 0.017000
4 0.333500 0.533500 0.015000 0.017000
6 0.317500 0.598000 0.019000 0.012000
4 0.347750 0.553000 0.020000 0.022000
6 0.351500 0.616500 0.017000 0.019000
6 0.520750 0.525500 0.018000 0.015000
6 0.499750 0.558250 0.019000 0.018000
3 0.652750 0.442000 0.027000 0.022000
4 0.870500 0.425750 0.021000 0.007000
6 0.940000 0.455500 0.008000 0.017000
4 0.967500 0.456500 0.009000 0.017000
4 0.992500 0.411250 0.016000 0.009000
4 0.834750 0.712500 0.009000 0.015000
4 0.970000 0.982000 0.022000 0.010000
6 0.867500 0.750500 0.020000 0.009000
6 0.847000 0.753750 0.020000 0.010000
6 0.749000 0.744750 0.024000 0.013000
6 0.746250 0.792500 0.012000 0.013000
4 0.476500 0.746000 0.017000 0.018000
4 0.435000 0.800500 0.016000 0.013000
6 0.444500 0.837000 0.021000 0.016000
4 0.518250 0.912250 0.015000 0.019000
4 0.095000 0.642500 0.014000 0.017000
4 0.027500 0.766250 0.020000 0.015000
4 0.039500 0.789000 0.019000 0.014000
4 0.025250 0.855000 0.020000 0.016000
4 0.013000 0.878500 0.021000 0.013000
4 0.038750 0.877500 0.019000 0.013000
6 0.024750 0.901750 0.020000 0.014000
4 0.040500 0.930500 0.019000 0.013000
4 0.063000 0.922500 0.018000 0.013000
4 0.052750 0.945500 0.022000 0.013000
4 0.012750 0.833500 0.020000 0.013000
4 0.006750 0.817000 0.015000 0.013000
4 0.037250 0.959250 0.015000 0.018000
6 0.060500 0.960000 0.021000 0.014000
6 0.070000 0.974750 0.016000 0.012000
4 0.013500 0.979500 0.018000 0.013000
4 0.009500 0.971500 0.017000 0.011000
4 0.007750 0.963750 0.017000 0.014000
4 0.114750 0.668000 0.015000 0.018000
4 0.131750 0.697500 0.013000 0.015000
4 0.075500 0.602500 0.015000 0.017000
6 0.024500 0.539750 0.017000 0.020000
4 0.035500 0.531250 0.016000 0.018000
6 0.276250 0.091500 0.019000 0.017000
4 0.056750 0.179000 0.017000 0.012000
4 0.009750 0.141500 0.020000 0.015000
4 0.162250 0.161000 0.016000 0.016000
4 0.046250 0.074500 0.015000 0.019000
4 0.018500 0.027000 0.015000 0.018000
6 0.067000 0.038500 0.018000 0.013000
6 0.074500 0.049250 0.019000 0.011000
4 0.974250 0.119000 0.020000 0.014000
4 0.993000 0.124750 0.015000 0.011000
6 0.750000 0.458750 0.012000 0.020000
