4 1.736667 1.038750 0.031667 0.011250
4 2.003333 1.112500 0.035000 0.008750
6 1.783333 1.545000 0.045000 0.012500
4 2.006667 1.532500 0.036667 0.011250
6 0.088333 0.962500 0.036667 0.016250
6 0.183333 1.100000 0.041667 0.012500
6 0.230000 1.147500 0.038333 0.013750
4 0.250000 1.193750 0.031667 0.012500
4 0.248333 1.365000 0.038333 0.010000
4 0.241667 1.433750 0.036667 0.011250
4 0.240000 1.497500 0.036667 0.011250
4 0.236667 1.555000 0.038333 0.012500
6 0.225000 1.630000 0.038333 0.012500
4 0.176667 1.827500 0.051667 0.013750
4 0.213333 3.372500 0.040000 0.011250
4 0.073333 3.068750 0.040000 0.010000
4 1.526667 3.041250 0.033333 0.026250
3 1.225000 3.401250 0.045000 0.031250
4 1.323333 3.315000 0.035000 0.007500
4 1.600000 3.305000 0.043333 0.012500
4 2.130000 3.567500 0.038333 0.008750
3 2.578333 2.770000 0.020000 0.032500
4 2.848333 3.292500 0.040000 0.011250
4 3.686667 1.763750 0.033333 0.008750
6 3.336667 1.760000 0.035000 0.010000
4 3.921667 1.625000 0.015000 0.022500
