4 0.917750 0.932500 0.007000 0.015000
5 0.912000 0.951500 0.020000 0.025000
6 0.872000 0.944000 0.018000 0.014000
4 0.841250 0.988000 0.021000 0.016000
6 0.792000 0.047250 0.018000 0.012000
4 0.779000 0.074750 0.020000 0.014000
4 0.764500 0.091500 0.019000 0.013000
4 0.757000 0.101750 0.016000 0.013000
6 0.664000 0.045000 0.020000 0.012000
6 0.601500 0.081500 0.011000 0.017000
6 0.622500 0.105000 0.019000 0.016000
6 0.722250 0.152250 0.019000 0.014000
6 0.527500 0.382000 0.015000 0.018000
6 0.514000 0.378000 0.014000 0.016000
4 0.504000 0.371750 0.012000 0.014000
4 0.492250 0.366500 0.013000 0.017000
4 0.480500 0.361000 0.013000 0.016000
4 0.469500 0.356750 0.015000 0.018000
4 0.459500 0.352500 0.013000 0.015000
4 0.447750 0.346500 0.014000 0.017000
6 0.438250 0.339000 0.013000 0.016000
6 0.427000 0.334250 0.014000 0.017000
4 0.415500 0.330750 0.017000 0.019000
6 0.388500 0.317750 0.013000 0.015000
4 0.379250 0.312500 0.013000 0.015000
6 0.367500 0.309000 0.015000 0.016000
6 0.356000 0.302500 0.012000 0.013000
6 0.348000 0.297500 0.014000 0.017000
4 0.336500 0.294500 0.015000 0.017000
4 0.315000 0.284750 0.018000 0.020000
6 0.303000 0.278250 0.014000 0.015000
4 0.294250 0.273000 0.014000 0.016000
4 0.284000 0.267000 0.014000 0.016000
5 0.272750 0.262000 0.016000 0.018000
4 0.259500 0.257500 0.015000 0.017000
6 0.248500 0.253500 0.015000 0.017000
6 0.228750 0.244000 0.015000 0.016000
4 0.219750 0.236000 0.014000 0.016000
6 0.209500 0.230750 0.013000 0.016000
6 0.267500 0.325000 0.015000 0.018000
6 0.277250 0.329000 0.015000 0.016000
6 0.368500 0.372500 0.013000 0.015000
4 0.380250 0.377000 0.015000 0.018000
4 0.394000 0.383000 0.014000 0.016000
4 0.425000 0.400000 0.014000 0.016000
4 0.447250 0.409500 0.014000 0.015000
6 0.468000 0.418750 0.016000 0.019000
4 0.481500 0.422750 0.015000 0.016000
4 0.492000 0.428000 0.012000 0.016000
6 0.502500 0.432000 0.013000 0.016000
6 0.515500 0.441000 0.013000 0.016000
6 0.528250 0.447500 0.011000 0.013000
6 0.171000 0.546500 0.018000 0.013000
4 0.441750 0.591750 0.014000 0.017000
4 0.630000 0.580000 0.018000 0.012000
4 0.266250 0.807750 0.020000 0.009000
4 0.394000 0.905000 0.010000 0.014000
4 0.024000 0.918250 0.016000 0.020000
5 0.672250 0.928000 0.017000 0.020000
4 0.756500 0.886500 0.017000 0.019000
4 0.272750 0.968000 0.018000 0.012000
9 0.932000 0.701000 0.134000 0.132000
4 0.677750 0.015000 0.023000 0.018000
