5 0.130000 0.160000 0.030000 0.026667
3 0.198437 0.221667 0.040000 0.030000
3 0.247188 0.215417 0.041250 0.033333
6 0.292187 0.236250 0.027500 0.025000
4 0.334375 0.252917 0.026250 0.021667
6 0.359063 0.267083 0.026250 0.020000
4 0.409062 0.288750 0.023750 0.018333
4 0.366875 0.321250 0.031250 0.023333
4 0.461250 0.364583 0.030000 0.023333
4 0.460313 0.390417 0.027500 0.020000
6 0.534687 0.346667 0.027500 0.023333
4 0.570937 0.412917 0.030000 0.028333
5 0.671875 0.460417 0.023750 0.018333
6 0.713750 0.480833 0.027500 0.021667
5 0.635625 0.394167 0.026250 0.021667
6 0.565000 0.064583 0.027500 0.010000
5 0.673750 0.068750 0.030000 0.011667
6 0.715625 0.069167 0.023750 0.011667
4 0.628750 0.089167 0.025000 0.018333
4 0.630938 0.117500 0.020000 0.011667
4 0.629687 0.133333 0.021250 0.016667
6 0.847500 0.177083 0.012500 0.026667
4 0.815000 0.221667 0.012500 0.033333
6 0.848437 0.350000 0.008750 0.026667
4 0.848125 0.377083 0.011250 0.020000
6 0.787188 0.255000 0.012500 0.030000
5 0.810937 0.445000 0.015000 0.040000
6 0.853125 0.513333 0.018750 0.030000
4 0.923125 0.533333 0.026250 0.023333
4 0.920625 0.553333 0.023750 0.020000
4 0.935625 0.061250 0.026250 0.013333
6 0.071563 0.518750 0.025000 0.016667
4 0.055000 0.531250 0.027500 0.021667
6 0.066250 0.550833 0.025000 0.018333
6 0.725938 0.577917 0.023750 0.035000
6 0.210000 0.661667 0.037500 0.020000
5 0.426250 0.726667 0.012500 0.026667
6 0.477500 0.729167 0.010000 0.025000
6 0.410625 0.742500 0.011250 0.025000
4 0.410313 0.714167 0.013750 0.025000
5 0.296875 0.699167 0.023750 0.011667
3 0.777500 0.797917 0.017500 0.055000
4 0.056250 0.919167 0.027500 0.011667
4 0.088750 0.919167 0.027500 0.011667
4 0.120625 0.920000 0.026250 0.010000
4 0.155000 0.919167 0.027500 0.011667
4 0.008750 0.961667 0.017500 0.010000
4 0.036250 0.961667 0.030000 0.010000
6 0.075625 0.960833 0.026250 0.011667
4 0.108125 0.961667 0.026250 0.010000
4 0.137500 0.961667 0.027500 0.013333
6 0.208125 0.960417 0.023750 0.011667
6 0.238750 0.961667 0.025000 0.013333
4 0.270625 0.961667 0.031250 0.010000
5 0.339062 0.962083 0.031250 0.011667
6 0.347813 0.918333 0.032500 0.013333
6 0.471250 0.920000 0.022500 0.010000
4 0.524375 0.962083 0.028750 0.011667
4 0.567500 0.963333 0.027500 0.010000
6 0.600625 0.962500 0.031250 0.011667
6 0.668125 0.962500 0.031250 0.011667
9 0.820000 0.519583 0.150000 0.153333
9 0.822500 0.938750 0.125000 0.105000
0 0.190625 0.727083 0.013750 0.021667
4 0.319688 0.637917 0.020000 0.030000
4 0.126562 0.546667 0.030000 0.013333
6 0.219375 0.503333 0.013750 0.023333
6 0.609375 0.311250 0.021250 0.010000
4 0.671250 0.323333 0.025000 0.026667
6 0.582812 0.033750 0.026250 0.010000
6 0.554375 0.032500 0.028750 0.011667
6 0.849375 0.149167 0.013750 0.025000
