3 3.740000 0.335000 0.056667 0.027500
3 3.683333 0.395000 0.085000 0.030000
32 1.871667 2.282500 0.410000 0.301250
14 0.265000 3.313750 0.105000 0.105000
14 0.720000 3.340000 0.103333 0.106250
14 1.176667 3.365000 0.101667 0.105000
4 0.111667 3.720000 0.018333 0.017500
6 0.273333 3.722500 0.020000 0.021250
6 0.448333 3.737500 0.021667 0.023750
4 0.706667 3.762500 0.023333 0.023750
6 0.786667 3.753750 0.016667 0.021250
6 1.138333 3.761250 0.020000 0.022500
4 1.221667 3.770000 0.018333 0.022500
6 1.323333 3.780000 0.018333 0.022500
6 1.516667 3.787500 0.018333 0.021250
