9 0.906875 0.969167 0.143750 0.051667
4 0.933438 0.962917 0.027500 0.010000
5 0.843750 0.690417 0.012500 0.031667
5 0.802188 0.756250 0.012500 0.028333
6 0.786563 0.755000 0.012500 0.030000
4 0.772500 0.795833 0.010000 0.028333
5 0.766875 0.690000 0.011250 0.033333
5 0.924375 0.676667 0.013750 0.036667
4 0.968750 0.635417 0.012500 0.026667
5 0.966875 0.581667 0.013750 0.033333
4 0.967812 0.494167 0.011250 0.025000
4 0.921250 0.349167 0.012500 0.031667
9 0.949688 0.255000 0.082500 0.110000
5 0.160625 0.832917 0.013750 0.035000
4 0.063750 0.526667 0.010000 0.023333
4 0.040000 0.527917 0.012500 0.026667
9 0.173750 0.259167 0.072500 0.101667
5 0.471875 0.031667 0.031250 0.023333
6 0.604062 0.228750 0.026250 0.011667
4 0.751875 0.230000 0.026250 0.013333
4 0.384375 0.321667 0.011250 0.030000
