4 1.002500 0.078333 0.026250 0.030000
4 1.731250 3.246667 0.023750 0.040000
4 1.436250 3.876667 0.021250 0.031667
6 1.488750 3.770000 0.022500 0.035000
4 3.835000 3.695000 0.020000 0.036667
6 3.921250 3.031667 0.021250 0.031667
6 2.448750 2.286667 0.021250 0.030000
4 0.791250 0.538333 0.026250 0.025000
4 0.670000 1.175000 0.020000 0.028333
6 0.757500 0.601667 0.028750 0.028333
4 2.348750 2.020000 0.022500 0.030000
4 3.125000 2.363333 0.022500 0.035000
4 3.592500 2.306667 0.031250 0.023333
6 2.971250 1.970000 0.028750 0.031667
6 3.130000 2.090000 0.027500 0.028333
6 3.475000 2.713333 0.032500 0.026667
