4 0.355625 0.718750 0.026250 0.020000
4 0.380937 0.708750 0.021250 0.018333
4 0.520938 0.612500 0.016250 0.015000
6 0.499375 0.619167 0.026250 0.018333
30 0.488750 0.640000 0.040000 0.030000
4 0.565312 0.622083 0.026250 0.023333
6 0.509375 0.150000 0.028750 0.046667
6 0.544375 0.237500 0.021250 0.031667
6 0.479687 0.290833 0.018750 0.028333
6 0.506875 0.349167 0.018750 0.028333
6 0.567187 0.287500 0.023750 0.038333
6 0.593437 0.353333 0.015000 0.023333
4 0.628125 0.422083 0.021250 0.033333
30 0.649375 0.519167 0.031250 0.051667
6 0.608750 0.485000 0.020000 0.030000
6 0.602500 0.510000 0.020000 0.033333
5 0.675000 0.615833 0.027500 0.041667
6 0.677500 0.681667 0.017500 0.026667
4 0.703125 0.693333 0.021250 0.030000
5 0.756250 0.708333 0.022500 0.033333
6 0.784375 0.694167 0.016250 0.025000
6 0.801875 0.721667 0.023750 0.036667
4 0.821875 0.755000 0.018750 0.026667
6 0.755000 0.765833 0.022500 0.031667
4 0.799687 0.859167 0.025000 0.035000
5 0.834375 0.834583 0.031250 0.046667
4 0.829063 0.913333 0.022500 0.033333
6 0.926875 0.938333 0.021250 0.026667
4 0.106250 0.195417 0.020000 0.033333
6 0.079062 0.204583 0.015000 0.028333
6 0.093750 0.204167 0.015000 0.025000
6 0.170000 0.535417 0.015000 0.026667
4 0.201875 0.520833 0.016250 0.025000
6 0.238437 0.506250 0.017500 0.031667
6 0.126875 0.690417 0.026250 0.021667
6 0.108750 0.722917 0.020000 0.018333
6 0.619375 0.948750 0.028750 0.028333
6 0.586875 0.927500 0.023750 0.021667
4 0.575625 0.778333 0.028750 0.020000
6 0.565937 0.749167 0.028750 0.021667
6 0.563125 0.695000 0.016250 0.030000
4 0.664375 0.734167 0.031250 0.025000
6 0.674063 0.747500 0.027500 0.025000
6 0.681562 0.758333 0.026250 0.026667
4 0.693750 0.773333 0.022500 0.020000
6 0.684063 0.805833 0.026250 0.035000
4 0.141250 0.547083 0.017500 0.025000
4 0.184375 0.269583 0.016250 0.025000
