4 0.204687 0.885833 0.028750 0.015000
4 0.234375 0.890833 0.026250 0.018333
4 0.277500 0.900833 0.032500 0.018333
6 0.189375 0.956667 0.016250 0.030000
4 0.255000 0.968333 0.015000 0.030000
4 0.536563 0.975833 0.028750 0.015000
4 0.461875 0.942500 0.031250 0.021667
4 0.466562 0.879583 0.028750 0.016667
6 0.062500 0.760000 0.027500 0.013333
4 0.450000 0.834167 0.017500 0.011667
4 0.465313 0.866667 0.018750 0.010000
4 0.443437 0.820417 0.013750 0.011667
4 0.440625 0.804583 0.013750 0.011667
4 0.388125 0.763333 0.018750 0.030000
4 0.373125 0.759583 0.018750 0.028333
5 0.358438 0.756250 0.021250 0.030000
4 0.292812 0.742917 0.025000 0.035000
6 0.312812 0.745833 0.015000 0.021667
4 0.258750 0.739167 0.022500 0.035000
4 0.243125 0.735833 0.023750 0.035000
4 0.213750 0.732083 0.022500 0.033333
4 0.200000 0.724167 0.022500 0.031667
6 0.180625 0.730417 0.018750 0.030000
4 0.058750 0.742083 0.025000 0.013333
6 0.061875 0.724167 0.031250 0.011667
6 0.054062 0.708333 0.022500 0.013333
4 0.057500 0.689583 0.027500 0.015000
4 0.055313 0.674167 0.027500 0.011667
6 0.055625 0.659167 0.026250 0.011667
4 0.058438 0.639167 0.025000 0.018333
4 0.060000 0.622500 0.027500 0.015000
6 0.060312 0.603750 0.023750 0.013333
6 0.066250 0.590833 0.027500 0.018333
4 0.065000 0.573333 0.025000 0.020000
6 0.068750 0.556667 0.025000 0.013333
6 0.070625 0.538333 0.026250 0.016667
6 0.074688 0.522500 0.023750 0.015000
4 0.078437 0.505833 0.027500 0.018333
4 0.083125 0.488333 0.026250 0.016667
4 0.083125 0.470833 0.023750 0.018333
4 0.085625 0.440417 0.028750 0.015000
4 0.086250 0.455000 0.025000 0.020000
4 0.089688 0.420833 0.023750 0.018333
4 0.092813 0.406667 0.028750 0.020000
4 0.102500 0.372083 0.030000 0.020000
6 0.105625 0.339167 0.031250 0.018333
6 0.111562 0.321667 0.031250 0.020000
4 0.198125 0.335000 0.026250 0.016667
4 0.196250 0.352083 0.025000 0.016667
6 0.192188 0.369167 0.027500 0.015000
4 0.190625 0.387500 0.026250 0.015000
4 0.188750 0.402500 0.030000 0.018333
4 0.186562 0.419167 0.027500 0.015000
6 0.180625 0.453333 0.028750 0.020000
4 0.177500 0.469167 0.027500 0.018333
4 0.121250 0.234167 0.027500 0.018333
6 0.120313 0.253333 0.030000 0.016667
4 0.115625 0.269167 0.031250 0.021667
4 0.112500 0.730000 0.025000 0.033333
6 0.577500 0.689167 0.022500 0.031667
4 0.578438 0.655833 0.022500 0.031667
4 0.579375 0.629583 0.021250 0.030000
4 0.584688 0.609167 0.023750 0.031667
4 0.590938 0.588333 0.021250 0.030000
4 0.590625 0.558750 0.023750 0.035000
6 0.595000 0.538333 0.020000 0.026667
5 0.789375 0.281250 0.013750 0.033333
3 0.753125 0.380000 0.033750 0.066667
4 0.920000 0.250417 0.027500 0.016667
6 0.980000 0.836250 0.017500 0.035000
4 0.643750 0.918750 0.015000 0.028333
6 0.956250 0.956667 0.015000 0.033333
4 0.432500 0.931667 0.027500 0.020000
6 0.375937 0.921667 0.027500 0.023333
4 0.343750 0.914167 0.030000 0.021667
6 0.459375 0.851250 0.018750 0.013333
5 0.046250 0.913333 0.020000 0.036667
4 0.207500 0.312083 0.025000 0.016667
