4 0.812500 0.388750 0.038333 0.010000
4 0.893750 0.327813 0.013333 0.018750
4 0.905000 0.381250 0.020000 0.022500
4 0.970000 0.344375 0.040000 0.013750
9 0.916667 0.486875 0.113333 0.068750
6 0.219583 0.680000 0.016667 0.017500
6 0.190417 0.696250 0.016667 0.020000
4 0.455833 0.679375 0.015000 0.016250
3 0.521667 0.679688 0.043333 0.012500
4 0.395000 0.669063 0.036667 0.012500
6 0.365000 0.699688 0.016667 0.017500
4 0.557083 0.841875 0.016667 0.021250
6 0.577500 0.835000 0.021667 0.020000
6 0.704167 0.811250 0.018333 0.020000
4 0.541667 0.932813 0.040000 0.011250
4 0.696667 0.922188 0.040000 0.011250
