29 0.337000 0.642250 0.092000 0.096000
29 0.425750 0.630750 0.091000 0.096000
19 0.587750 0.495000 0.063000 0.050000
19 0.692250 0.602750 0.066000 0.074000
19 0.775500 0.575750 0.039000 0.040000
19 0.813500 0.566750 0.035000 0.039000
19 0.846000 0.564500 0.032000 0.037000
19 0.885750 0.569250 0.041000 0.043000
19 0.796500 0.579500 0.027000 0.027000
19 0.783750 0.598500 0.026000 0.021000
19 0.767000 0.611000 0.038000 0.034000
19 0.781000 0.631000 0.040000 0.040000
19 0.848000 0.694000 0.038000 0.040000
19 0.862000 0.714000 0.024000 0.024000
19 0.822750 0.740000 0.025000 0.022000
19 0.929500 0.702500 0.037000 0.033000
19 0.983500 0.706000 0.027000 0.026000
19 0.191500 0.766500 0.045000 0.043000
