2 3.177000 3.804000 0.045000 0.106500
2 3.328000 3.231000 0.049000 0.115500
2 3.097000 2.760500 0.139500 0.078500
28 2.676000 2.540000 0.019000 0.011000
28 2.670000 2.553000 0.018000 0.011500
28 2.639500 2.621500 0.012500 0.020500
28 2.623500 2.616000 0.011500 0.020500
28 2.607500 2.613500 0.011500 0.020500
2 2.528500 2.917000 0.028000 0.050500
2 2.390000 3.291000 0.070000 0.122000
2 1.991500 3.457000 0.117500 0.068000
2 0.928000 2.981000 0.118000 0.068500
2 0.466000 2.776000 0.118000 0.068000
2 3.884500 3.881000 0.033500 0.061500
2 3.980500 3.524000 0.039500 0.092000
9 0.396000 0.808000 0.021500 0.020000
9 0.828000 1.002500 0.018000 0.018500
9 0.207000 1.220500 0.015500 0.014000
9 2.093000 1.587500 0.029500 0.031000
9 3.640500 2.274000 0.053000 0.033000
