4 0.946750 0.953750 0.021000 0.013000
4 0.851500 0.898250 0.019000 0.014000
4 0.684500 0.940250 0.015000 0.017000
4 0.967250 0.776500 0.021000 0.015000
4 0.946250 0.743500 0.015000 0.017000
4 0.935000 0.748000 0.016000 0.018000
4 0.926000 0.753500 0.018000 0.019000
4 0.915000 0.757500 0.018000 0.019000
4 0.835000 0.766500 0.020000 0.015000
6 0.849500 0.770750 0.023000 0.015000
4 0.857000 0.784750 0.016000 0.016000
4 0.828500 0.800000 0.017000 0.018000
6 0.814500 0.806250 0.015000 0.017000
6 0.819000 0.859750 0.016000 0.017000
6 0.780250 0.849500 0.020000 0.013000
4 0.786500 0.858750 0.019000 0.012000
4 0.756500 0.857500 0.021000 0.011000
6 0.748750 0.813500 0.025000 0.017000
4 0.723250 0.771750 0.021000 0.014000
4 0.716250 0.764000 0.022000 0.016000
4 0.951000 0.713000 0.016000 0.018000
4 0.908750 0.684000 0.019000 0.020000
4 0.838750 0.690500 0.015000 0.007000
4 0.905250 0.628000 0.017000 0.018000
6 0.820000 0.656000 0.010000 0.014000
4 0.858250 0.616500 0.024000 0.009000
6 0.821250 0.640000 0.010000 0.018000
4 0.741000 0.630500 0.014000 0.007000
4 0.684000 0.634750 0.022000 0.008000
4 0.647000 0.640000 0.026000 0.010000
4 0.596250 0.645250 0.018000 0.007000
6 0.050750 0.257250 0.021000 0.006000
6 0.051750 0.248750 0.020000 0.007000
4 0.094250 0.251000 0.008000 0.018000
6 0.079250 0.242000 0.009000 0.016000
4 0.059500 0.195750 0.023000 0.007000
4 0.159000 0.234500 0.008000 0.017000
4 0.114000 0.134500 0.024000 0.011000
4 0.151000 0.132250 0.022000 0.009000
4 0.180500 0.142750 0.021000 0.008000
4 0.149750 0.071500 0.017000 0.007000
4 0.171250 0.068500 0.018000 0.007000
4 0.193500 0.068000 0.017000 0.006000
4 0.197500 0.047250 0.011000 0.015000
4 0.259750 0.078250 0.019000 0.007000
4 0.314000 0.072000 0.020000 0.008000
4 0.293500 0.137000 0.021000 0.008000
4 0.355000 0.123250 0.010000 0.014000
4 0.378000 0.117500 0.020000 0.007000
4 0.379000 0.127500 0.018000 0.007000
6 0.399500 0.058250 0.011000 0.021000
6 0.412000 0.069500 0.010000 0.013000
6 0.489500 0.037250 0.019000 0.009000
4 0.521500 0.045500 0.021000 0.007000
4 0.337500 0.175750 0.021000 0.014000
4 0.488000 0.207750 0.012000 0.019000
6 0.483750 0.191000 0.009000 0.016000
6 0.463000 0.149500 0.008000 0.013000
6 0.477500 0.129500 0.021000 0.015000
4 0.495500 0.146000 0.017000 0.008000
5 0.527000 0.104000 0.026000 0.010000
6 0.565500 0.092750 0.019000 0.008000
4 0.538750 0.118500 0.016000 0.019000
4 0.525000 0.121500 0.016000 0.017000
6 0.579500 0.113500 0.019000 0.019000
6 0.591500 0.111750 0.019000 0.018000
6 0.646000 0.020500 0.020000 0.007000
4 0.668000 0.021000 0.022000 0.006000
6 0.679000 0.067000 0.022000 0.008000
4 0.686000 0.128000 0.016000 0.006000
4 0.666000 0.130250 0.016000 0.006000
4 0.757250 0.104750 0.020000 0.007000
4 0.789250 0.093500 0.016000 0.007000
6 0.730000 0.025750 0.012000 0.006000
4 0.829500 0.026250 0.017000 0.007000
4 0.894000 0.030500 0.020000 0.007000
6 0.925000 0.036000 0.024000 0.006000
4 0.922000 0.043000 0.016000 0.006000
4 0.928500 0.051750 0.015000 0.007000
4 0.926750 0.062500 0.011000 0.005000
4 0.958500 0.081250 0.009000 0.017000
5 0.920000 0.085500 0.022000 0.007000
6 0.921000 0.095000 0.026000 0.008000
5 0.988000 0.100250 0.024000 0.008000
5 0.989000 0.110000 0.022000 0.008000
4 0.952000 0.119750 0.010000 0.014000
4 0.890750 0.087500 0.018000 0.017000
4 0.890000 0.100250 0.020000 0.017000
6 0.889000 0.110500 0.020000 0.017000
6 0.891250 0.120750 0.017000 0.015000
4 0.887000 0.135000 0.018000 0.016000
6 0.888250 0.146000 0.020000 0.018000
6 0.890500 0.155750 0.017000 0.015000
4 0.891000 0.166000 0.016000 0.014000
4 0.742000 0.149250 0.006000 0.014000
9 0.658000 0.222750 0.070000 0.045000
4 0.066000 0.590500 0.018000 0.007000
6 0.072000 0.572000 0.022000 0.014000
4 0.096500 0.567000 0.007000 0.014000
4 0.113500 0.588000 0.015000 0.016000
4 0.127000 0.565500 0.012000 0.017000
4 0.138000 0.563500 0.010000 0.017000
6 0.150500 0.561000 0.009000 0.016000
4 0.162500 0.561000 0.011000 0.018000
6 0.224250 0.633000 0.010000 0.016000
4 0.291000 0.624500 0.012000 0.017000
4 0.053750 0.295000 0.023000 0.008000
6 0.086250 0.292000 0.015000 0.008000
4 0.173500 0.391000 0.023000 0.010000
6 0.183500 0.281750 0.025000 0.011000
4 0.251000 0.274500 0.022000 0.009000
4 0.278250 0.272500 0.021000 0.007000
4 0.342000 0.265500 0.020000 0.009000
6 0.373250 0.261500 0.024000 0.009000
5 0.452750 0.252250 0.027000 0.009000
4 0.342500 0.041250 0.013000 0.018000
6 0.102000 0.693000 0.020000 0.008000
4 0.157000 0.689000 0.022000 0.008000
4 0.179500 0.686750 0.019000 0.007000
5 0.446750 0.659000 0.027000 0.010000
4 0.482500 0.654750 0.023000 0.009000
6 0.514250 0.665500 0.021000 0.009000
6 0.557000 0.553000 0.016000 0.006000
4 0.558000 0.545250 0.022000 0.007000
4 0.605250 0.592250 0.009000 0.017000
6 0.523500 0.532000 0.009000 0.014000
6 0.643500 0.583500 0.019000 0.009000
4 0.581000 0.262500 0.010000 0.017000
4 0.607000 0.260250 0.010000 0.015000
4 0.622500 0.260250 0.009000 0.017000
4 0.591500 0.304750 0.019000 0.007000
6 0.655500 0.336000 0.021000 0.008000
4 0.700000 0.262500 0.010000 0.017000
4 0.704000 0.281750 0.010000 0.017000
4 0.710500 0.317000 0.009000 0.016000
4 0.683000 0.321500 0.010000 0.017000
4 0.714000 0.338000 0.010000 0.014000
4 0.686750 0.338750 0.009000 0.015000
6 0.694500 0.379500 0.011000 0.017000
6 0.698000 0.399000 0.010000 0.016000
6 0.727500 0.400000 0.011000 0.016000
4 0.730000 0.416000 0.010000 0.016000
4 0.706250 0.440000 0.009000 0.016000
4 0.754500 0.391250 0.021000 0.008000
4 0.712000 0.469500 0.010000 0.017000
4 0.741250 0.471250 0.009000 0.016000
4 0.719750 0.511500 0.009000 0.015000
4 0.748000 0.511000 0.010000 0.016000
4 0.722500 0.528500 0.009000 0.015000
4 0.725500 0.547750 0.011000 0.017000
4 0.729250 0.565000 0.009000 0.016000
4 0.759750 0.574500 0.010000 0.015000
4 0.778250 0.562000 0.015000 0.008000
4 0.780000 0.547750 0.018000 0.007000
3 0.778250 0.524000 0.021000 0.006000
5 0.784750 0.289000 0.018000 0.008000
4 0.742750 0.223500 0.020000 0.009000
5 0.797500 0.217000 0.025000 0.008000
5 0.901500 0.571250 0.029000 0.010000
5 0.895500 0.554500 0.025000 0.007000
5 0.895000 0.544000 0.026000 0.010000
4 0.898250 0.534500 0.017000 0.007000
5 0.914000 0.529000 0.014000 0.022000
3 0.883000 0.525000 0.014000 0.030000
3 0.938000 0.518500 0.020000 0.027000
3 0.909500 0.507500 0.013000 0.021000
5 0.896250 0.509250 0.015000 0.023000
6 0.888000 0.487750 0.024000 0.011000
6 0.885000 0.478000 0.022000 0.010000
4 0.883000 0.468000 0.020000 0.010000
4 0.876000 0.461750 0.018000 0.009000
4 0.882000 0.431000 0.014000 0.008000
4 0.866500 0.378000 0.021000 0.008000
4 0.874250 0.399000 0.013000 0.008000
6 0.830500 0.372000 0.025000 0.010000
4 0.864000 0.356000 0.020000 0.010000
4 0.860000 0.344250 0.024000 0.008000
4 0.857500 0.335250 0.023000 0.007000
4 0.856750 0.326000 0.018000 0.006000
4 0.857750 0.318250 0.014000 0.008000
4 0.852500 0.300500 0.019000 0.007000
4 0.851500 0.290500 0.019000 0.007000
4 0.847500 0.282500 0.019000 0.007000
4 0.846250 0.265000 0.021000 0.008000
4 0.841750 0.247000 0.020000 0.008000
6 0.898500 0.235500 0.019000 0.007000
4 0.902500 0.253000 0.017000 0.008000
6 0.946000 0.244250 0.018000 0.008000
4 0.934250 0.197250 0.023000 0.009000
6 0.005250 0.968000 0.009000 0.016000
4 0.026000 0.949500 0.016000 0.007000
4 0.082750 0.942750 0.018000 0.007000
4 0.109000 0.940500 0.020000 0.009000
4 0.139250 0.937000 0.023000 0.008000
6 0.168000 0.954000 0.010000 0.016000
4 0.202500 0.931000 0.017000 0.008000
6 0.262000 0.966500 0.010000 0.017000
4 0.371000 0.992000 0.011000 0.017000
4 0.387000 0.970750 0.018000 0.019000
6 0.536250 0.977000 0.016000 0.018000
6 0.335250 0.914750 0.021000 0.008000
4 0.399500 0.909500 0.021000 0.007000
4 0.395750 0.965000 0.016000 0.018000
4 0.004250 0.772000 0.009000 0.018000
4 0.027500 0.851250 0.009000 0.013000
4 0.124000 0.882750 0.014000 0.013000
4 0.119000 0.871750 0.016000 0.014000
4 0.241250 0.856000 0.011000 0.018000
4 0.217000 0.831000 0.010000 0.018000
4 0.227500 0.804250 0.009000 0.017000
4 0.237000 0.800000 0.010000 0.016000
4 0.249750 0.801750 0.010000 0.017000
4 0.263000 0.801000 0.010000 0.018000
4 0.245000 0.781000 0.008000 0.016000
4 0.319250 0.869750 0.013000 0.019000
4 0.313500 0.848500 0.011000 0.017000
6 0.390500 0.824000 0.009000 0.016000
4 0.387000 0.807250 0.010000 0.014000
4 0.362500 0.785000 0.019000 0.008000
4 0.359500 0.763500 0.019000 0.007000
4 0.376000 0.750250 0.008000 0.016000
4 0.373000 0.729500 0.010000 0.017000
6 0.369500 0.711000 0.011000 0.016000
4 0.278500 0.779250 0.011000 0.018000
4 0.481000 0.906750 0.014000 0.014000
5 0.467750 0.890000 0.019000 0.020000
4 0.467750 0.861000 0.019000 0.014000
4 0.443000 0.812500 0.018000 0.013000
4 0.439500 0.803000 0.017000 0.008000
4 0.455000 0.753750 0.018000 0.007000
4 0.526750 0.927250 0.019000 0.015000
6 0.552750 0.925250 0.020000 0.015000
4 0.546500 0.917250 0.019000 0.014000
4 0.612500 0.873250 0.023000 0.016000
6 0.606500 0.865750 0.017000 0.013000
4 0.651000 0.854500 0.022000 0.015000
4 0.547750 0.788000 0.012000 0.014000
4 0.531250 0.716250 0.018000 0.009000
