4 0.875000 0.737917 0.010000 0.030000
6 0.888750 0.334167 0.012500 0.025000
4 0.891563 0.296667 0.012500 0.026667
4 0.057500 0.118333 0.017500 0.033333
4 0.121250 0.132083 0.012500 0.028333
4 0.261562 0.068333 0.015000 0.033333
6 0.335938 0.245833 0.021250 0.015000
6 0.586875 0.214167 0.028750 0.015000
4 0.648750 0.213333 0.027500 0.013333
6 0.294687 0.312500 0.011250 0.028333
6 0.181875 0.307083 0.011250 0.028333
4 0.446875 0.455000 0.011250 0.026667
6 0.042813 0.601667 0.016250 0.030000
6 0.061562 0.611667 0.011250 0.026667
6 0.083125 0.602917 0.011250 0.031667
4 0.100937 0.595833 0.011250 0.028333
6 0.429375 0.725833 0.011250 0.035000
6 0.038125 0.859583 0.031250 0.016667
4 0.420000 0.974167 0.010000 0.028333
6 0.736250 0.916250 0.015000 0.036667
6 0.682500 0.080833 0.017500 0.031667
