6 0.325000 3.781667 0.012500 0.028333
4 0.333750 3.643333 0.012500 0.028333
6 0.351250 3.511667 0.013750 0.028333
6 0.387500 3.363333 0.016250 0.031667
6 0.740000 1.975000 0.017500 0.028333
6 0.868750 1.635000 0.016250 0.026667
6 0.986250 1.311667 0.012500 0.018333
4 1.010000 1.218333 0.017500 0.030000
4 2.615000 2.110000 0.022500 0.018333
4 2.586250 2.056667 0.025000 0.021667
5 2.560000 2.003333 0.030000 0.021667
4 2.506250 1.891667 0.025000 0.023333
4 2.490000 1.830000 0.027500 0.021667
4 2.447500 1.780000 0.028750 0.023333
4 2.330000 1.440000 0.025000 0.023333
4 1.958750 1.196667 0.028750 0.021667
5 2.198750 1.095000 0.023750 0.021667
4 2.242500 1.213333 0.026250 0.023333
4 2.137500 1.633333 0.021250 0.020000
4 2.112500 1.583333 0.023750 0.018333
6 2.258750 1.940000 0.025000 0.023333
4 2.377500 2.185000 0.016250 0.016667
4 2.472500 2.463333 0.026250 0.021667
6 2.507500 2.505000 0.021250 0.018333
6 2.533750 2.556667 0.016250 0.018333
6 2.556250 2.665000 0.023750 0.021667
4 1.865000 2.051667 0.025000 0.021667
4 1.845000 1.993333 0.025000 0.023333
4 1.772500 1.861667 0.023750 0.021667
5 1.276250 1.046667 0.022500 0.040000
6 1.227500 1.170000 0.018750 0.031667
6 1.120000 1.468333 0.017500 0.028333
4 1.082500 1.575000 0.018750 0.028333
4 1.057500 1.670000 0.013750 0.021667
4 1.000000 1.816667 0.012500 0.015000
4 0.917500 2.018333 0.018750 0.030000
6 0.885000 2.130000 0.017500 0.025000
6 0.802500 2.383333 0.016250 0.028333
4 0.765000 2.496667 0.017500 0.031667
4 0.691250 2.753333 0.015000 0.030000
6 0.565000 3.286667 0.012500 0.026667
6 0.531250 3.516667 0.010000 0.025000
6 0.521250 3.666667 0.012500 0.026667
6 1.137500 3.901667 0.021250 0.031667
4 1.202500 3.878333 0.018750 0.031667
6 0.942500 3.705000 0.016250 0.026667
6 1.042500 3.656667 0.016250 0.025000
4 1.197500 3.611667 0.018750 0.028333
4 1.285000 3.526667 0.022500 0.033333
4 1.417500 3.480000 0.021250 0.033333
4 1.543750 3.423333 0.020000 0.031667
6 1.592500 3.386667 0.018750 0.030000
6 1.777500 3.331667 0.018750 0.030000
4 1.935000 3.251667 0.022500 0.036667
4 1.987500 3.228333 0.021250 0.035000
6 2.042500 3.196667 0.018750 0.031667
6 2.211250 3.130000 0.020000 0.031667
4 2.503750 3.296667 0.018750 0.031667
6 2.600000 3.250000 0.022500 0.035000
4 3.082500 3.926667 0.021250 0.016667
4 2.993750 3.700000 0.020000 0.020000
4 2.937500 3.593333 0.018750 0.016667
5 2.902500 3.536667 0.028750 0.021667
4 2.851250 3.423333 0.030000 0.025000
6 2.786250 3.255000 0.027500 0.026667
4 3.115000 3.365000 0.027500 0.025000
4 3.152500 3.423333 0.026250 0.025000
4 3.170000 3.490000 0.030000 0.025000
4 3.291250 3.830000 0.026250 0.021667
4 3.315000 3.878333 0.027500 0.023333
4 3.337500 3.933333 0.028750 0.026667
6 2.351250 0.111667 0.022500 0.035000
4 2.468750 0.236667 0.022500 0.035000
4 2.492500 0.440000 0.018750 0.033333
4 2.342500 0.650000 0.016250 0.025000
4 2.428750 0.840000 0.018750 0.026667
6 2.481250 0.976667 0.022500 0.035000
4 2.595000 1.230000 0.022500 0.035000
4 2.687500 1.451667 0.013750 0.020000
4 2.996250 1.261667 0.018750 0.028333
4 2.800000 1.723333 0.020000 0.031667
6 2.837500 1.811667 0.016250 0.025000
6 2.897500 1.980000 0.021250 0.030000
4 3.441250 2.363333 0.023750 0.031667
4 3.500000 2.501667 0.022500 0.035000
4 3.552500 2.620000 0.021250 0.033333
4 3.595000 2.738333 0.017500 0.028333
4 3.336250 3.020000 0.020000 0.033333
4 0.052500 3.761667 0.026250 0.016667
6 0.090000 3.643333 0.022500 0.011667
6 0.093750 3.586667 0.026250 0.013333
4 0.143750 3.283333 0.022500 0.015000
6 0.240000 1.160000 0.022500 0.020000
6 0.335000 1.125000 0.025000 0.021667
6 0.142500 1.198333 0.026250 0.021667
6 0.037500 1.235000 0.020000 0.021667
4 0.447500 1.071667 0.028750 0.023333
4 0.560000 1.026667 0.025000 0.026667
4 0.206250 0.953333 0.028750 0.023333
6 2.857500 2.710000 0.028750 0.025000
6 2.827500 2.646667 0.026250 0.023333
14 3.765000 2.028333 0.107500 0.151667
6 1.815000 3.606667 0.020000 0.033333
6 1.918750 3.546667 0.020000 0.033333
4 2.031250 3.496667 0.020000 0.031667
6 2.091250 3.471667 0.018750 0.030000
6 1.475000 3.746667 0.015000 0.023333
