6 2.718000 3.904000 0.015000 0.008000
6 2.569000 3.968000 0.021000 0.008000
6 2.416000 3.735000 0.012000 0.006000
5 0.146000 2.920000 0.025000 0.008000
5 0.132000 3.076000 0.008000 0.020000
4 0.491000 3.291000 0.020000 0.019000
5 0.394000 3.318000 0.021000 0.021000
5 0.378000 3.277000 0.023000 0.021000
5 0.340000 3.257000 0.022000 0.022000
5 0.326000 3.214000 0.020000 0.021000
5 0.356000 3.137000 0.022000 0.020000
5 0.396000 3.156000 0.020000 0.018000
5 0.420000 3.194000 0.022000 0.021000
5 0.452000 3.218000 0.022000 0.021000
5 0.471000 3.249000 0.024000 0.024000
30 0.146000 3.479000 0.013000 0.035000
11 0.202000 3.496000 0.015000 0.028000
5 0.672000 3.138000 0.022000 0.019000
5 0.607000 2.930000 0.014000 0.023000
3 0.362000 2.900000 0.051000 0.010000
4 0.909000 2.455000 0.008000 0.014000
5 0.546000 2.431000 0.013000 0.023000
6 0.329000 2.398000 0.012000 0.017000
4 0.282000 2.388000 0.012000 0.016000
6 1.418000 2.008000 0.023000 0.018000
6 1.470000 2.149000 0.027000 0.007000
6 2.245000 2.930000 0.022000 0.019000
5 2.348000 2.898000 0.022000 0.007000
6 2.550000 2.893000 0.019000 0.009000
4 3.455000 2.572000 0.015000 0.018000
4 0.672000 1.705000 0.022000 0.007000
5 0.573000 1.232000 0.010000 0.020000
5 1.665000 1.638000 0.030000 0.009000
3 3.322000 3.042000 0.027000 0.021000
6 3.822000 3.440000 0.009000 0.016000
6 3.757000 3.540000 0.015000 0.020000
5 1.780000 1.284000 0.010000 0.020000
6 3.437000 0.144000 0.018000 0.008000
6 3.480000 1.005000 0.016000 0.021000
4 3.810000 1.329000 0.019000 0.018000
6 3.860000 1.542000 0.017000 0.019000
4 3.911000 2.148000 0.020000 0.018000
6 3.824000 2.206000 0.022000 0.019000
9 1.992000 2.594000 0.116000 0.225000
