6 0.146500 0.311500 0.017000 0.017000
4 0.558500 0.514250 0.021000 0.021000
4 0.550500 0.506000 0.021000 0.022000
6 0.458500 0.620000 0.019000 0.020000
4 0.465000 0.661500 0.022000 0.019000
5 0.198000 0.726000 0.024000 0.022000
5 0.175750 0.538500 0.021000 0.029000
6 0.160000 0.529000 0.020000 0.020000
4 0.114000 0.489500 0.018000 0.021000
4 0.097500 0.425000 0.027000 0.014000
6 0.233000 0.386000 0.020000 0.020000
6 0.272250 0.324500 0.021000 0.023000
4 0.143000 0.195000 0.024000 0.016000
6 0.012250 0.195000 0.019000 0.020000
4 0.023000 0.202500 0.020000 0.021000
4 0.035500 0.209250 0.023000 0.023000
5 0.041750 0.223000 0.022000 0.022000
6 0.023500 0.174750 0.025000 0.023000
6 0.127250 0.104500 0.018000 0.015000
6 0.577250 0.076500 0.022000 0.017000
