33 0.261562 0.123333 0.107500 0.136667
35 0.274062 0.314167 0.128750 0.151667
17 0.943750 0.300833 0.065000 0.081667
33 0.766875 0.351667 0.111250 0.140000
29 0.292187 0.491667 0.131250 0.183333
29 0.303125 0.671667 0.128750 0.183333
34 0.318750 0.849583 0.127500 0.151667
34 0.530000 0.665833 0.122500 0.151667
34 0.534062 0.813750 0.142500 0.181667
13 0.780312 0.617917 0.077500 0.090000
17 0.777813 0.695000 0.076250 0.093333
17 0.800000 0.775417 0.075000 0.091667
13 0.805625 0.860000 0.086250 0.116667
13 0.969360 0.641427 0.062531 0.078706
17 0.985250 0.726833 0.074500 0.099667
33 0.909375 0.827500 0.103750 0.135000
35 0.904952 0.949583 0.115804 0.110000
