4 0.455833 0.878750 0.028333 0.007500
4 0.725000 0.455000 0.026667 0.007500
6 0.721667 0.465625 0.026667 0.008750
6 0.722500 0.476875 0.028333 0.008750
4 0.728333 0.488125 0.023333 0.008750
4 0.727083 0.500000 0.033333 0.007500
4 0.731667 0.510625 0.026667 0.008750
6 0.654583 0.595000 0.026667 0.010000
6 0.650000 0.582187 0.030000 0.010000
4 0.647083 0.571562 0.031667 0.010000
6 0.648333 0.560000 0.033333 0.010000
6 0.645833 0.548125 0.028333 0.008750
6 0.645833 0.534375 0.028333 0.008750
4 0.640833 0.524687 0.028333 0.008750
4 0.641250 0.512500 0.025000 0.007500
4 0.635833 0.501875 0.031667 0.008750
6 0.640000 0.491250 0.026667 0.010000
4 0.635000 0.479063 0.030000 0.008750
6 0.635417 0.467813 0.031667 0.008750
4 0.632500 0.456562 0.028333 0.008750
4 0.634167 0.444375 0.030000 0.008750
6 0.632500 0.430312 0.025000 0.008750
6 0.632083 0.421250 0.025000 0.007500
4 0.872083 0.135313 0.021667 0.020000
6 0.482500 0.771250 0.025000 0.010000
4 0.375833 0.311875 0.018333 0.008750
4 0.385417 0.123750 0.031667 0.010000
6 0.200000 0.778438 0.023333 0.007500
6 0.177917 0.863437 0.030000 0.007500
4 0.201250 0.873125 0.030000 0.008750
4 0.497500 0.032188 0.015000 0.018750
4 0.500417 0.079375 0.013333 0.018750
4 0.525833 0.088125 0.015000 0.021250
6 0.509167 0.140000 0.015000 0.020000
4 0.535000 0.191562 0.010000 0.016250
4 0.528750 0.296875 0.015000 0.018750
4 0.487917 0.346875 0.015000 0.021250
4 0.515000 0.534375 0.010000 0.018750
6 0.557500 0.558125 0.011667 0.016250
6 0.536250 0.724375 0.013333 0.018750
6 0.584167 0.757500 0.011667 0.017500
6 0.494583 0.967187 0.028333 0.010000
4 0.584167 0.941875 0.015000 0.021250
6 0.097917 0.102500 0.035000 0.025000
6 0.174583 0.051875 0.031667 0.021250
