6 0.020313 0.460000 0.011250 0.023333
6 0.049063 0.379583 0.013750 0.030000
6 0.050313 0.341250 0.011250 0.025000
6 0.048750 0.305000 0.015000 0.026667
4 0.398125 0.331250 0.013750 0.028333
6 0.091250 0.169167 0.030000 0.041667
6 0.111875 0.171667 0.026250 0.036667
5 0.142187 0.162500 0.028750 0.041667
6 0.210938 0.164167 0.030000 0.041667
4 0.233750 0.167917 0.022500 0.033333
6 0.251250 0.166667 0.022500 0.033333
4 0.267188 0.166250 0.023750 0.033333
6 0.283125 0.163333 0.023750 0.033333
4 0.298750 0.160833 0.022500 0.031667
6 0.319375 0.163750 0.021250 0.030000
4 0.364687 0.165833 0.023750 0.035000
4 0.354375 0.070000 0.021250 0.030000
5 0.353750 0.096250 0.027500 0.040000
5 0.336250 0.097083 0.022500 0.033333
4 0.318750 0.096667 0.022500 0.030000
4 0.335938 0.067917 0.025000 0.036667
4 0.317500 0.071250 0.022500 0.031667
6 0.300625 0.100417 0.023750 0.033333
4 0.283125 0.100833 0.023750 0.031667
4 0.265625 0.100000 0.021250 0.033333
4 0.249062 0.096250 0.021250 0.030000
4 0.232187 0.095417 0.025000 0.035000
4 0.213438 0.097500 0.022500 0.031667
6 0.298125 0.075417 0.021250 0.031667
6 0.284062 0.071667 0.020000 0.030000
6 0.267188 0.070000 0.022500 0.030000
6 0.247500 0.070417 0.020000 0.026667
4 0.229687 0.070417 0.021250 0.030000
4 0.211250 0.072500 0.022500 0.031667
4 0.177187 0.097500 0.023750 0.031667
4 0.160000 0.098333 0.022500 0.033333
4 0.192812 0.072500 0.023750 0.031667
6 0.177813 0.070417 0.021250 0.031667
4 0.142500 0.099167 0.025000 0.035000
6 0.159375 0.070833 0.018750 0.028333
6 0.123750 0.100417 0.025000 0.035000
4 0.140313 0.073750 0.022500 0.033333
4 0.123750 0.072500 0.022500 0.031667
6 0.108125 0.095833 0.021250 0.028333
4 0.086875 0.098333 0.021250 0.030000
4 0.107500 0.072083 0.022500 0.031667
6 0.088750 0.072500 0.022500 0.031667
6 0.142187 0.010000 0.023750 0.025000
6 0.663125 0.950833 0.023750 0.015000
6 0.706875 0.921667 0.023750 0.013333
4 0.780625 0.682500 0.013750 0.035000
4 0.594375 0.682083 0.023750 0.013333
4 0.595313 0.667917 0.027500 0.015000
5 0.591875 0.635000 0.036250 0.020000
6 0.618125 0.415833 0.023750 0.011667
6 0.904062 0.294583 0.028750 0.015000
4 0.627812 0.100417 0.026250 0.015000
6 0.596250 0.102083 0.027500 0.015000
