6 0.087000 1.448000 0.027000 0.010000
6 1.441000 0.384000 0.013000 0.018000
6 1.665000 0.228000 0.024000 0.010000
6 1.107000 0.568000 0.014000 0.024000
6 0.860000 0.102000 0.022000 0.009000
4 2.504000 0.130000 0.022000 0.011000
4 2.842000 0.215000 0.015000 0.022000
4 3.436000 0.183000 0.014000 0.021000
6 0.653000 3.494000 0.024000 0.009000
3 0.683000 3.681000 0.026000 0.010000
4 0.436362 3.967808 0.014400 0.017192
32 1.768000 2.733000 0.150000 0.119000
32 3.490000 1.094000 0.237000 0.179000
6 3.964000 0.110000 0.016000 0.023000
6 0.934000 0.470000 0.023000 0.009000
4 0.935000 0.506000 0.024000 0.011000
21 2.997635 3.635894 0.532818 0.218133
