5 0.499500 0.892500 0.030000 0.029000
5 0.980000 0.233250 0.044000 0.039000
3 0.953000 0.260500 0.040000 0.015000
3 0.856500 0.178250 0.025000 0.008000
5 0.809250 0.176750 0.037000 0.012000
5 0.675000 0.167000 0.034000 0.016000
6 0.638500 0.132250 0.019000 0.007000
11 0.631000 0.204500 0.046000 0.013000
11 0.552000 0.200500 0.056000 0.015000
6 0.500000 0.126000 0.014000 0.006000
6 0.480000 0.123750 0.014000 0.007000
6 0.459000 0.123250 0.018000 0.008000
6 0.414250 0.120500 0.020000 0.007000
6 0.396000 0.119000 0.014000 0.006000
5 0.373500 0.117750 0.021000 0.007000
4 0.395750 0.158000 0.021000 0.008000
3 0.315250 0.140250 0.052000 0.014000
11 0.724750 0.209250 0.059000 0.015000
11 0.779250 0.249500 0.028000 0.009000
11 0.611500 0.240500 0.039000 0.011000
3 0.561250 0.237250 0.029000 0.012000
11 0.503750 0.234500 0.063000 0.013000
11 0.432000 0.215750 0.022000 0.008000
6 0.853750 0.520000 0.013000 0.012000
5 0.783000 0.487500 0.032000 0.017000
6 0.854000 0.471500 0.013000 0.017000
5 0.837500 0.456500 0.014000 0.017000
6 0.704000 0.417750 0.020000 0.019000
6 0.671250 0.418000 0.018000 0.018000
6 0.604500 0.177500 0.009000 0.017000
6 0.563500 0.176000 0.009000 0.016000
6 0.580500 0.178000 0.007000 0.014000
4 0.620500 0.178250 0.009000 0.017000
6 0.636000 0.176500 0.008000 0.017000
6 0.622250 0.082250 0.007000 0.015000
6 0.637000 0.081000 0.006000 0.012000
6 0.655250 0.080500 0.006000 0.013000
6 0.665500 0.083000 0.007000 0.012000
11 0.575000 0.070500 0.008000 0.015000
4 0.449250 0.164250 0.008000 0.018000
6 0.433000 0.162250 0.008000 0.015000
6 0.415750 0.162000 0.009000 0.012000
4 0.373000 0.050000 0.020000 0.006000
6 0.200250 0.149500 0.008000 0.013000
3 0.212750 0.967500 0.027000 0.013000
5 0.203750 0.979250 0.021000 0.014000
11 0.130750 0.962750 0.013000 0.016000
11 0.328250 0.612000 0.050000 0.044000
11 0.368500 0.642000 0.049000 0.050000
2 0.740250 0.039750 0.211000 0.057000
2 0.457000 0.023500 0.204000 0.045000
28 0.315750 0.016000 0.105000 0.028000
