4 0.824000 0.557000 0.020000 0.017000
6 1.595000 2.214000 0.018000 0.019000
5 0.163000 2.718000 0.022000 0.021000
6 0.144000 2.824000 0.026000 0.022000
6 0.016000 1.644000 0.016000 0.016000
6 0.217000 2.190000 0.021000 0.017000
5 0.603000 2.178000 0.023000 0.019000
6 0.316000 2.647000 0.018000 0.017000
4 0.706000 2.664000 0.019000 0.022000
5 1.182000 2.203000 0.025000 0.021000
4 1.666000 2.300000 0.021000 0.024000
4 1.798000 2.459000 0.021000 0.021000
6 1.712000 1.806000 0.020000 0.019000
6 1.824000 1.780000 0.022000 0.024000
4 1.608000 1.774000 0.020000 0.021000
5 2.023000 2.003000 0.012000 0.022000
5 1.936000 1.930000 0.022000 0.017000
4 1.694000 2.068000 0.017000 0.016000
4 1.897000 2.028000 0.020000 0.020000
5 1.967000 2.086000 0.020000 0.021000
4 0.586000 2.410000 0.015000 0.017000
11 0.076000 1.710000 0.022000 0.023000
9 1.190000 0.430000 0.065000 0.065000
6 1.378000 0.048000 0.017000 0.018000
6 3.575000 0.200000 0.021000 0.016000
5 3.456000 0.382000 0.020000 0.021000
4 3.804000 0.554000 0.018000 0.019000
6 3.675000 0.970000 0.021000 0.017000
4 3.746000 0.923000 0.019000 0.015000
6 3.376000 1.249000 0.012000 0.016000
6 3.176000 1.372000 0.022000 0.024000
5 3.353000 1.634000 0.018000 0.023000
5 3.347000 1.947000 0.026000 0.020000
6 2.874000 2.133000 0.019000 0.020000
6 3.215000 2.376000 0.024000 0.018000
6 3.227000 2.578000 0.022000 0.017000
6 3.792000 2.212000 0.020000 0.016000
4 1.195000 3.481000 0.024000 0.018000
6 1.508000 3.538000 0.028000 0.021000
6 3.418000 3.456000 0.019000 0.020000
4 3.359000 3.390000 0.017000 0.019000
3 3.285000 3.311000 0.022000 0.023000
6 3.750000 3.072000 0.021000 0.022000
4 3.869000 3.195000 0.017000 0.017000
6 2.188000 1.471000 0.022000 0.022000
5 2.704000 1.360000 0.026000 0.022000
9 2.325000 1.632000 0.063000 0.064000
5 3.328000 1.020000 0.028000 0.020000
6 2.132000 0.082000 0.014000 0.015000
4 2.196000 0.024000 0.016000 0.016498
4 1.790000 0.166000 0.017000 0.017000
6 1.412000 0.766000 0.016000 0.019000
5 1.694000 0.864000 0.021000 0.022000
5 1.611000 0.970000 0.022000 0.023000
4 1.542000 0.990000 0.019000 0.021000
4 1.505000 1.010000 0.016000 0.017000
6 1.852000 0.885000 0.018000 0.022000
6 2.016000 1.215000 0.022000 0.024000
6 1.414000 1.320000 0.019000 0.020000
4 1.011000 1.344000 0.018000 0.020000
6 0.886000 1.618000 0.017000 0.019000
4 0.687000 1.723000 0.017000 0.018000
4 0.406000 0.971000 0.017000 0.019000
6 0.552000 0.963000 0.014000 0.016000
4 2.706000 2.134000 0.019000 0.019000
3 2.629000 2.068000 0.021000 0.022000
6 0.186000 0.104000 0.019000 0.016000
4 1.436000 0.036000 0.018000 0.018000
5 3.608000 0.236000 0.026000 0.020000
5 3.670000 0.418000 0.021000 0.021000
7 2.150000 0.905000 0.019000 0.023000
3 3.036000 0.737000 0.018000 0.020000
6 1.641000 1.193000 0.026000 0.020000
16 1.749000 1.681000 0.034000 0.036000
3 2.298000 2.480000 0.031000 0.030000
6 1.854000 2.695000 0.019000 0.020000
5 2.373000 3.915000 0.025000 0.025000
5 3.144000 3.898000 0.018000 0.015000
