14 0.054750 0.711750 0.048000 0.081000
6 0.452500 0.780250 0.013000 0.020000
4 0.561250 0.821500 0.011000 0.015000
4 0.600250 0.409250 0.016000 0.017000
6 0.614500 0.417000 0.017000 0.020000
4 0.606250 0.297000 0.020000 0.014000
6 0.924250 0.248500 0.022000 0.009000
6 0.063000 0.112000 0.022000 0.020000
6 0.203500 0.035750 0.017000 0.015000
6 0.322250 0.262750 0.015000 0.020000
9 0.893250 0.104000 0.075000 0.076000
5 0.451000 0.084000 0.018000 0.018000
6 0.744000 0.036000 0.020000 0.016000
4 0.756000 0.018000 0.020000 0.016000
4 0.831750 0.061750 0.015000 0.017000
6 0.809000 0.034750 0.020000 0.022000
6 0.834750 0.012000 0.018000 0.020000
6 0.940000 0.207250 0.008000 0.016000
5 0.969500 0.184750 0.021000 0.028000
6 0.953000 0.272000 0.008000 0.014000
6 0.584500 0.481000 0.017000 0.014000
4 0.672500 0.487750 0.019000 0.016000
6 0.683500 0.466750 0.019000 0.020000
5 0.962750 0.385500 0.022000 0.017000
4 0.755500 0.503000 0.015000 0.016000
6 0.764000 0.510000 0.016000 0.018000
4 0.846500 0.587000 0.023000 0.018000
4 0.865500 0.597500 0.019000 0.015000
