4 3.085000 2.348750 0.028333 0.012500
6 3.183333 1.205000 0.041667 0.010000
4 2.973333 0.716250 0.041667 0.011250
4 3.818333 0.085000 0.016667 0.022500
4 3.485000 0.350000 0.023333 0.027500
6 3.256667 0.672500 0.041667 0.008750
6 3.676667 1.630000 0.018333 0.022500
6 3.675000 2.352500 0.013333 0.018750
4 1.828333 1.215000 0.035000 0.010000
6 1.978333 2.187500 0.023333 0.026250
4 1.026667 1.682500 0.016667 0.021250
5 1.036667 1.432500 0.021667 0.026250
4 1.040000 1.053750 0.020000 0.027500
4 1.038333 0.956250 0.018333 0.021250
4 1.203333 0.825000 0.015000 0.017500
6 1.208333 0.625000 0.015000 0.020000
6 1.033333 0.742500 0.016667 0.023750
6 1.043333 0.577500 0.018333 0.026250
4 1.043333 0.261250 0.018333 0.022500
4 1.043333 0.156250 0.015000 0.022500
3 0.180000 1.201250 0.050000 0.015000
6 0.808333 0.497500 0.046667 0.013750
5 0.311667 0.462500 0.033333 0.013750
3 1.758333 0.448750 0.043333 0.008750
16 0.686667 3.308750 0.066667 0.018750
6 1.670000 3.022500 0.041667 0.011250
4 1.786667 3.118750 0.040000 0.011250
4 2.450000 2.625000 0.015000 0.022500
4 2.758333 2.868750 0.038333 0.007500
4 1.655000 3.836250 0.043333 0.011250
4 3.446667 3.933750 0.016667 0.022500
6 3.770000 3.900000 0.018333 0.020000
6 3.783333 3.718750 0.018333 0.021250
4 3.783333 3.445000 0.021667 0.025000
4 3.791667 3.323750 0.023333 0.026250
6 3.440000 3.507500 0.016667 0.021250
9 1.158333 2.402500 0.098333 0.051250
9 3.655000 2.427500 0.110000 0.048750
