4 0.746500 0.986500 0.017000 0.017000
4 0.743750 0.974250 0.015000 0.018000
4 0.739500 0.964000 0.017000 0.020000
4 0.737000 0.949750 0.018000 0.020000
4 0.727250 0.931500 0.016000 0.019000
4 0.722500 0.919500 0.015000 0.019000
4 0.719000 0.908000 0.014000 0.020000
4 0.713500 0.895000 0.011000 0.018000
6 0.703250 0.875500 0.015000 0.019000
6 0.698000 0.864250 0.012000 0.017000
6 0.692250 0.852500 0.011000 0.015000
4 0.687250 0.840500 0.012000 0.019000
4 0.730000 0.858500 0.014000 0.019000
6 0.793000 0.970000 0.016000 0.018000
6 0.789000 0.958250 0.016000 0.017000
4 0.678500 0.812500 0.011000 0.019000
4 0.671250 0.803750 0.011000 0.018000
4 0.663000 0.797250 0.012000 0.018000
4 0.657250 0.785500 0.010000 0.021000
4 0.649500 0.777500 0.011000 0.017000
4 0.635250 0.754500 0.010000 0.017000
6 0.626500 0.746250 0.013000 0.020000
4 0.619750 0.735750 0.010000 0.018000
4 0.613500 0.719000 0.011000 0.020000
6 0.604750 0.711250 0.012000 0.020000
4 0.596000 0.702500 0.010000 0.022000
6 0.587000 0.696750 0.012000 0.017000
4 0.579000 0.684000 0.010000 0.017000
4 0.599500 0.680000 0.017000 0.018000
6 0.570500 0.677000 0.011000 0.016000
4 0.562750 0.666500 0.011000 0.019000
6 0.556500 0.657500 0.011000 0.017000
4 0.535000 0.539000 0.012000 0.020000
4 0.512500 0.465500 0.009000 0.015000
4 0.488000 0.449000 0.008000 0.016000
4 0.522000 0.418250 0.016000 0.015000
25 0.767500 0.610000 0.021000 0.026000
6 0.103500 0.991000 0.017000 0.020000
6 0.070750 0.956500 0.014000 0.015000
4 0.075500 0.945000 0.017000 0.014000
4 0.081750 0.924250 0.017000 0.016000
4 0.090500 0.908000 0.017000 0.015000
3 0.151000 0.971250 0.024000 0.012000
3 0.152500 0.960250 0.025000 0.010000
5 0.152250 0.941000 0.021000 0.008000
5 0.154250 0.922500 0.019000 0.007000
6 0.045500 0.869500 0.007000 0.015000
6 0.046000 0.851750 0.008000 0.017000
4 0.048750 0.830500 0.008000 0.021000
4 0.051500 0.810500 0.009000 0.017000
6 0.054000 0.793000 0.008000 0.018000
6 0.055500 0.772500 0.007000 0.017000
6 0.058000 0.753000 0.008000 0.018000
6 0.063250 0.697500 0.009000 0.017000
6 0.064500 0.674750 0.009000 0.019000
6 0.060250 0.654250 0.013000 0.019000
4 0.041000 0.620500 0.016000 0.017000
6 0.025500 0.606250 0.019000 0.018000
4 0.473500 0.331750 0.019000 0.013000
9 0.269750 0.483000 0.074000 0.082000
