6 3.088333 3.847500 0.011667 0.013750
6 3.265000 3.733750 0.031667 0.008750
6 3.898333 2.275000 0.040000 0.012500
4 1.071667 0.555000 0.035000 0.007500
4 1.533333 1.313750 0.023333 0.025000
4 2.443333 2.517500 0.021667 0.023750
4 1.130000 1.881250 0.038333 0.013750
4 1.770000 1.825000 0.038333 0.012500
4 2.233333 1.777500 0.040000 0.013750
4 2.435000 1.817500 0.036667 0.011250
6 3.611667 2.861250 0.020000 0.018750
4 2.973333 2.947500 0.043333 0.016250
3 2.610000 2.981250 0.051667 0.015000
6 2.443333 3.110000 0.018333 0.020000
4 2.875000 3.318750 0.038333 0.021250
6 3.063333 3.578750 0.025000 0.025000
4 2.160000 3.980000 0.023333 0.013750
6 1.935000 3.753750 0.026667 0.023750
4 0.680000 3.595000 0.026667 0.025000
4 0.596667 3.608750 0.025000 0.021250
6 0.103333 3.785000 0.035000 0.017500
6 0.355000 3.933750 0.030000 0.026250
6 0.423333 3.912500 0.025000 0.023750
6 0.656667 3.850000 0.028333 0.025000
5 0.730000 3.812500 0.038333 0.028750
4 1.190000 3.727500 0.035000 0.028750
4 0.823333 3.557500 0.028333 0.026250
6 1.650000 3.445000 0.028333 0.022500
4 1.305000 3.383750 0.026667 0.023750
6 1.063333 2.967500 0.031667 0.026250
6 0.436667 2.447500 0.031667 0.028750
4 0.720000 2.447500 0.033333 0.028750
6 1.186667 2.682500 0.040000 0.013750
4 1.385000 2.317500 0.018333 0.023750
4 1.498333 2.527500 0.025000 0.026250
4 1.525000 2.618750 0.021667 0.022500
6 1.988333 2.576250 0.020000 0.023750
4 2.538333 2.522500 0.021667 0.023750
4 2.383333 2.203750 0.021667 0.025000
4 3.060000 2.323750 0.040000 0.010000
6 3.913333 2.376250 0.033333 0.011250
4 0.275000 2.837500 0.041667 0.013750
4 0.106667 2.872500 0.043333 0.011250
4 0.096667 2.807500 0.045000 0.011250
9 0.275000 2.048750 0.130000 0.093750
4 2.056667 1.222500 0.038333 0.016250
4 2.078333 1.287500 0.038333 0.016250
4 2.743333 1.361250 0.021667 0.023750
5 2.335000 1.167500 0.016667 0.028750
4 2.613333 1.155000 0.040000 0.012500
4 3.216667 0.941250 0.025000 0.023750
4 3.151667 0.745000 0.025000 0.025000
4 3.560000 0.412500 0.043333 0.013750
4 3.116667 0.562500 0.021667 0.023750
4 2.901667 0.553750 0.025000 0.026250
5 1.796667 0.402500 0.025000 0.026250
4 1.700000 0.415000 0.023333 0.025000
6 0.075000 1.180000 0.026667 0.025000
