19 0.308333 2.737500 0.076667 0.051250
19 1.143333 2.436250 0.075000 0.055000
19 1.886667 2.677500 0.070000 0.046250
19 2.813333 2.620000 0.080000 0.050000
19 3.686667 2.340000 0.083333 0.055000
19 0.345000 3.236250 0.066667 0.042500
19 0.311667 2.950000 0.070000 0.047500
19 1.203333 2.907500 0.068333 0.046250
19 1.705000 3.101250 0.060000 0.046250
19 1.388333 3.722500 0.083333 0.053750
19 2.811667 2.845000 0.081667 0.047500
19 3.086667 3.038750 0.056667 0.048750
26 2.900000 0.647500 0.116667 0.078750
