4 0.671000 0.739000 0.014000 0.018000
9 0.246500 0.826250 0.099000 0.096000
9 0.512750 0.216750 0.109000 0.109000
9 0.772000 0.510000 0.148000 0.134000
6 0.300250 0.664000 0.017000 0.014000
4 0.919250 0.402000 0.021000 0.016000
6 0.775000 0.110500 0.018000 0.019000
6 0.727500 0.101000 0.023000 0.018000
6 0.825750 0.043000 0.020000 0.016000
4 0.775750 0.072250 0.020000 0.015000
4 0.802750 0.015500 0.020000 0.017000
4 0.767750 0.036000 0.021000 0.018000
4 0.749500 0.046500 0.019000 0.015000
6 0.982250 0.773000 0.019000 0.020000
4 0.976000 0.785500 0.018000 0.019000
5 0.820000 0.944250 0.024000 0.019000
6 0.747500 0.957500 0.019000 0.017000
6 0.709250 0.980500 0.018000 0.015000
4 0.688500 0.993500 0.019923 0.017000
6 0.443000 0.848750 0.018000 0.018000
6 0.401750 0.801500 0.019000 0.017000
4 0.408000 0.809750 0.022000 0.018000
6 0.465500 0.709750 0.019000 0.017000
6 0.436750 0.713750 0.018000 0.016000
4 0.709250 0.551500 0.021000 0.019000
6 0.888000 0.667000 0.020000 0.020000
6 0.748500 0.448750 0.021000 0.021000
6 0.641750 0.405750 0.018000 0.019000
6 0.374250 0.101750 0.020000 0.022000
5 0.089069 0.008746 0.025862 0.020508
6 0.061500 0.023500 0.021000 0.017000
6 0.027000 0.043750 0.022000 0.017000
5 0.290000 0.160500 0.020000 0.017000
6 0.219500 0.122500 0.019000 0.021000
4 0.238500 0.130000 0.019000 0.020000
6 0.170750 0.273500 0.019000 0.013000
6 0.497000 0.241500 0.022000 0.023000
5 0.439250 0.270250 0.022000 0.017000
4 0.366500 0.312500 0.021000 0.017000
6 0.310750 0.345500 0.025000 0.019000
6 0.285250 0.361000 0.019000 0.016000
6 0.359500 0.275750 0.021000 0.017000
6 0.337500 0.289000 0.021000 0.016000
4 0.275500 0.254750 0.015000 0.017000
6 0.282000 0.289500 0.016000 0.015000
6 0.217250 0.361500 0.020000 0.019000
6 0.235000 0.349500 0.020000 0.017000
4 0.012500 0.205000 0.017000 0.018000
6 0.040500 0.187500 0.017000 0.017000
6 0.022500 0.199000 0.015000 0.016000
6 0.153500 0.439000 0.015000 0.012000
6 0.138500 0.448000 0.021000 0.018000
6 0.063000 0.494000 0.018000 0.014000
4 0.103500 0.425500 0.019000 0.015000
6 0.083500 0.437500 0.017000 0.015000
4 0.067500 0.448500 0.019000 0.015000
6 0.047750 0.461250 0.022000 0.018000
6 0.061000 0.600000 0.018000 0.020000
4 0.028500 0.678500 0.019000 0.017000
6 0.074000 0.701000 0.014000 0.020000
6 0.064500 0.705000 0.013000 0.018000
6 0.056000 0.710500 0.016000 0.021000
4 0.039500 0.723000 0.015000 0.018000
6 0.030000 0.726750 0.016000 0.019000
6 0.013500 0.734500 0.019000 0.023000
6 0.006150 0.833675 0.014000 0.013800
6 0.039500 0.874500 0.021000 0.017000
6 0.029750 0.864500 0.020000 0.015000
6 0.203000 0.852500 0.020000 0.017000
6 0.114750 0.877000 0.015000 0.014000
5 0.048000 0.958250 0.028000 0.020000
6 0.007119 0.981871 0.016000 0.015267
6 0.280000 0.947500 0.020000 0.021000
6 0.272250 0.941500 0.019000 0.021000
6 0.252500 0.919250 0.019000 0.021000
4 0.221500 0.983750 0.019000 0.011000
6 0.217500 0.974750 0.021000 0.010000
4 0.163000 0.983250 0.018000 0.019000
6 0.135000 0.952000 0.020000 0.022000
5 0.196000 0.448500 0.020000 0.021000
6 0.301500 0.610000 0.019000 0.016000
6 0.211500 0.568750 0.015000 0.017000
6 0.128750 0.868250 0.016000 0.013000
6 0.177271 0.996068 0.016083 0.010728
5 0.872000 0.060250 0.018000 0.020000
6 0.858000 0.023750 0.012000 0.011000
6 0.619500 0.165750 0.019000 0.016000
6 0.667500 0.096000 0.021000 0.018000
6 0.018500 0.785000 0.013000 0.012000
6 0.010500 0.777750 0.013000 0.011000
