6 0.717000 0.779750 0.020000 0.015000
4 0.715000 0.791500 0.022000 0.015000
4 0.720500 0.800500 0.023000 0.019000
6 0.770000 0.673500 0.018000 0.013000
4 0.768500 0.684000 0.023000 0.014000
6 0.768500 0.694750 0.021000 0.014000
6 0.766750 0.703500 0.019000 0.013000
4 0.765500 0.714000 0.021000 0.014000
4 0.767000 0.725000 0.024000 0.016000
6 0.771250 0.737500 0.023000 0.015000
6 0.770250 0.747000 0.020000 0.014000
6 0.769250 0.757000 0.020000 0.014000
6 0.766000 0.766000 0.022000 0.016000
6 0.792250 0.757000 0.021000 0.016000
4 0.791000 0.745750 0.022000 0.016000
6 0.790000 0.734250 0.022000 0.017000
6 0.789250 0.713250 0.019000 0.014000
6 0.793500 0.705000 0.021000 0.016000
4 0.792500 0.692750 0.019000 0.015000
4 0.790250 0.681000 0.018000 0.014000
4 0.790750 0.671500 0.021000 0.013000
6 0.717000 0.671000 0.020000 0.014000
6 0.736000 0.624500 0.010000 0.015000
6 0.749000 0.624500 0.012000 0.017000
4 0.773000 0.623750 0.010000 0.013000
4 0.785500 0.622750 0.009000 0.016000
6 0.810500 0.621000 0.011000 0.018000
6 0.824000 0.622000 0.010000 0.014000
6 0.839500 0.639500 0.017000 0.013000
6 0.841500 0.649500 0.019000 0.015000
6 0.840000 0.660250 0.014000 0.013000
4 0.843000 0.672000 0.016000 0.014000
6 0.843500 0.681500 0.017000 0.013000
6 0.840750 0.693000 0.017000 0.014000
4 0.843250 0.702750 0.020000 0.016000
4 0.844000 0.712000 0.020000 0.016000
6 0.845000 0.722000 0.018000 0.014000
4 0.840500 0.745250 0.019000 0.017000
4 0.844250 0.754000 0.018000 0.014000
4 0.844500 0.765750 0.021000 0.015000
4 0.841500 0.776000 0.021000 0.014000
4 0.844000 0.787000 0.022000 0.016000
4 0.766000 0.820750 0.014000 0.015000
6 0.799000 0.819750 0.020000 0.018000
6 0.814250 0.817000 0.020000 0.020000
6 0.830500 0.816750 0.017000 0.019000
4 0.852750 0.981750 0.020000 0.018000
4 0.851250 0.970000 0.021000 0.018000
6 0.786000 0.941500 0.018000 0.015000
6 0.808500 0.944500 0.019000 0.015000
6 0.803500 0.953250 0.019000 0.016000
4 0.789250 0.956000 0.023000 0.018000
6 0.786750 0.967500 0.020000 0.017000
6 0.807250 0.979000 0.017000 0.014000
4 0.788000 0.979500 0.022000 0.017000
4 0.789000 0.992500 0.022000 0.019000
4 0.740750 0.984500 0.019000 0.017000
4 0.735250 0.977250 0.018000 0.016000
4 0.543000 0.943500 0.020000 0.015000
6 0.419750 0.976750 0.021000 0.016000
32 0.306000 0.833250 0.132000 0.102000
6 0.994500 0.365000 0.009000 0.016000
4 0.936000 0.398250 0.016000 0.018000
4 0.923750 0.397250 0.018000 0.020000
4 0.910000 0.413750 0.020000 0.020000
6 0.893250 0.415500 0.019000 0.021000
6 0.907500 0.399500 0.019000 0.021000
4 0.894500 0.398000 0.017000 0.020000
6 0.880500 0.398750 0.017000 0.019000
6 0.852000 0.415250 0.020000 0.020000
4 0.865000 0.400250 0.018000 0.020000
6 0.851250 0.400250 0.017000 0.018000
6 0.837250 0.415250 0.016000 0.018000
6 0.838250 0.398000 0.016000 0.018000
4 0.825000 0.414500 0.022000 0.023000
4 0.826000 0.396750 0.018000 0.019000
4 0.813000 0.412500 0.020000 0.021000
4 0.796000 0.416000 0.018000 0.020000
4 0.809750 0.399250 0.019000 0.019000
6 0.795000 0.401250 0.016000 0.017000
4 0.783000 0.414500 0.014000 0.017000
6 0.781500 0.400000 0.019000 0.020000
4 0.706500 0.421250 0.021000 0.010000
6 0.731500 0.369000 0.023000 0.024000
6 0.766000 0.367750 0.022000 0.023000
6 0.780500 0.366000 0.015000 0.016000
6 0.820000 0.365500 0.016000 0.017000
6 0.835000 0.364500 0.018000 0.019000
9 0.637250 0.314500 0.039000 0.045000
4 0.729750 0.324000 0.018000 0.008000
4 0.784000 0.322250 0.018000 0.009000
4 0.808500 0.322000 0.023000 0.008000
6 0.893750 0.139500 0.015000 0.013000
6 0.849500 0.107750 0.023000 0.018000
4 0.840500 0.097000 0.021000 0.018000
6 0.846000 0.041000 0.012000 0.016000
6 0.530500 0.166500 0.019000 0.009000
6 0.565500 0.149000 0.019000 0.008000
6 0.115750 0.436250 0.027000 0.010000
6 0.116500 0.407750 0.023000 0.009000
6 0.116250 0.397250 0.028000 0.008000
4 0.518500 0.342500 0.011000 0.017000
4 0.506000 0.344000 0.010000 0.018000
4 0.457000 0.344000 0.010000 0.016000
4 0.443500 0.344000 0.011000 0.018000
4 0.431750 0.344000 0.010000 0.016000
4 0.420250 0.343750 0.010000 0.015000
4 0.475500 0.005250 0.019000 0.008000
