9 0.512500 0.932500 0.195000 0.127500
6 0.633333 0.452813 0.033333 0.012500
5 0.629167 0.499375 0.038333 0.011250
5 0.990417 0.668750 0.023333 0.022500
4 0.923333 0.693750 0.013333 0.022500
6 0.506250 0.751875 0.036667 0.026250
6 0.604167 0.808438 0.035000 0.023750
6 0.658333 0.817187 0.033333 0.022500
6 0.523750 0.829688 0.026667 0.027500
4 0.054167 0.588125 0.031667 0.018750
6 0.097500 0.608750 0.028333 0.017500
4 0.157083 0.636250 0.038333 0.022500
4 0.203750 0.654375 0.031667 0.018750
6 0.250833 0.673750 0.035000 0.020000
6 0.196250 0.696250 0.033333 0.027500
6 0.288750 0.695000 0.031667 0.020000
6 0.326667 0.718750 0.030000 0.020000
6 0.351667 0.705625 0.036667 0.023750
5 0.384583 0.727812 0.040000 0.032500
6 0.401667 0.775937 0.026667 0.025000
4 0.413333 0.757812 0.026667 0.022500
6 0.435833 0.776875 0.028333 0.023750
5 0.428750 0.812813 0.026667 0.030000
4 0.457500 0.806875 0.028333 0.026250
6 0.476250 0.851875 0.018333 0.023750
6 0.450833 0.861875 0.021667 0.026250
6 0.490000 0.910000 0.016667 0.022500
4 0.555833 0.935312 0.015000 0.022500
6 0.575833 0.981250 0.018333 0.022500
6 0.527500 0.960625 0.018333 0.023750
6 0.454167 0.958750 0.011667 0.020000
5 0.260833 0.888750 0.038333 0.022500
6 0.322500 0.837500 0.031667 0.020000
4 0.335417 0.828125 0.031667 0.021250
5 0.343750 0.786875 0.040000 0.016250
5 0.306667 0.749375 0.036667 0.026250
5 0.230833 0.823125 0.038333 0.023750
6 0.234167 0.810312 0.031667 0.018750
6 0.225000 0.779687 0.030000 0.020000
6 0.215833 0.788750 0.031667 0.020000
5 0.196667 0.807500 0.033333 0.020000
5 0.185417 0.816250 0.036667 0.022500
6 0.173750 0.823125 0.031667 0.021250
5 0.167500 0.833125 0.038333 0.023750
6 0.157917 0.843437 0.030000 0.018750
6 0.150417 0.854062 0.038333 0.022500
4 0.066667 0.826875 0.033333 0.021250
6 0.116667 0.781250 0.030000 0.017500
5 0.025833 0.811875 0.038333 0.023750
6 0.068333 0.774687 0.033333 0.018750
6 0.098750 0.746250 0.030000 0.020000
4 0.161667 0.683438 0.030000 0.022500
6 0.058333 0.688438 0.036667 0.021250
