6 3.716250 1.145000 0.030000 0.013333
4 3.458750 3.020000 0.012500 0.026667
4 0.145000 3.880000 0.010000 0.023333
4 0.287500 3.143333 0.028750 0.015000
6 0.297500 3.203333 0.033750 0.015000
6 0.290000 2.598333 0.025000 0.028333
4 0.402500 2.721667 0.011250 0.028333
5 0.277500 2.720000 0.011250 0.033333
6 0.555000 2.556667 0.027500 0.015000
6 0.540000 2.686667 0.027500 0.013333
6 0.843750 3.026667 0.011250 0.030000
6 0.907500 3.028333 0.013750 0.030000
6 0.863750 2.593333 0.026250 0.016667
6 1.187500 2.680000 0.026250 0.013333
5 1.187500 2.618333 0.026250 0.013333
6 1.345000 2.645000 0.015000 0.038333
6 1.431250 2.675000 0.012500 0.026667
4 1.636250 2.670000 0.012500 0.028333
6 1.310000 3.135000 0.010000 0.025000
4 1.570000 3.265000 0.035000 0.015000
4 1.577500 3.083333 0.013750 0.031667
6 1.886250 3.073333 0.026250 0.013333
6 1.755000 3.116667 0.012500 0.035000
4 1.746250 2.663333 0.022500 0.035000
6 1.895000 2.731667 0.027500 0.018333
4 1.907500 2.536667 0.028750 0.015000
4 1.982500 2.686667 0.013750 0.030000
4 2.102500 2.711667 0.013750 0.030000
6 2.915000 2.576667 0.025000 0.011667
6 2.715000 3.068333 0.012500 0.025000
6 2.247500 2.608333 0.031250 0.011667
4 2.248750 2.560000 0.027500 0.013333
4 1.082500 0.880000 0.013750 0.026667
4 2.570000 3.916667 0.030000 0.011667
6 2.651250 3.821667 0.027500 0.013333
6 2.873750 3.801667 0.031250 0.013333
6 3.896250 3.726667 0.028750 0.013333
4 0.955000 1.886667 0.030000 0.013333
6 0.065000 1.726667 0.032500 0.013333
4 0.885000 1.016667 0.020000 0.031667
6 1.696250 1.003333 0.017500 0.035000
6 1.618750 1.006667 0.015000 0.033333
6 1.897500 1.003333 0.013750 0.028333
6 2.125000 1.128333 0.027500 0.015000
6 2.121250 1.053333 0.033750 0.020000
6 2.622500 1.076667 0.028750 0.011667
4 3.047500 1.070000 0.021250 0.035000
6 1.228750 1.890000 0.030000 0.018333
6 2.258750 1.906667 0.035000 0.013333
4 3.015000 1.920000 0.027500 0.013333
5 3.338750 1.916667 0.033750 0.015000
4 3.700000 1.918333 0.027500 0.013333
4 3.935000 1.350000 0.012500 0.028333
6 3.850000 0.983333 0.010000 0.025000
6 3.767500 0.988333 0.013750 0.026667
4 3.412500 0.686667 0.011250 0.026667
4 3.132500 0.661667 0.031250 0.013333
5 3.111250 0.583333 0.035000 0.015000
5 3.135000 0.530000 0.030000 0.015000
5 3.017500 0.485000 0.011250 0.028333
4 2.731250 0.615000 0.012500 0.028333
4 2.280000 0.090000 0.012500 0.028333
4 1.806250 0.588333 0.023750 0.013333
4 1.911250 0.598333 0.012500 0.026667
4 1.907500 0.500000 0.011250 0.023333
4 1.567500 0.568333 0.011250 0.026667
6 1.710000 0.583333 0.020000 0.031667
5 1.805000 0.536667 0.030000 0.015000
6 1.767500 0.443333 0.026250 0.011667
6 1.560000 0.463333 0.010000 0.025000
4 1.260000 0.478333 0.027500 0.015000
6 1.270000 0.410000 0.027500 0.011667
4 1.281250 0.356667 0.026250 0.011667
6 0.895000 0.493333 0.012500 0.030000
5 0.786250 0.516667 0.012500 0.028333
4 0.730000 0.518333 0.012500 0.025000
4 0.668750 0.500000 0.012500 0.026667
6 0.597500 0.956667 0.016250 0.028333
6 0.538750 0.945000 0.015000 0.030000
4 0.366250 0.368333 0.012500 0.031667
4 0.271250 0.538333 0.012500 0.028333
