4 0.946250 0.739167 0.022500 0.025000
6 0.843125 0.397083 0.021250 0.011667
6 0.839063 0.412500 0.028750 0.011667
32 0.544687 0.147083 0.212500 0.278333
6 0.711250 0.370833 0.012500 0.028333
6 0.565625 0.607500 0.021250 0.031667
5 0.637188 0.596667 0.027500 0.020000
6 0.563750 0.643333 0.025000 0.026667
6 0.616250 0.814167 0.025000 0.021667
5 0.825937 0.772083 0.028750 0.041667
4 0.850000 0.771250 0.020000 0.031667
5 0.918125 0.827500 0.023750 0.035000
6 0.979375 0.842917 0.021250 0.021667
4 0.958438 0.858333 0.018750 0.020000
6 0.981250 0.935000 0.020000 0.026667
4 0.918438 0.936667 0.030000 0.043333
4 0.220000 0.776667 0.022500 0.026667
6 0.243125 0.770833 0.008750 0.025000
6 0.276250 0.800000 0.022500 0.010000
6 0.303750 0.800000 0.022500 0.010000
6 0.137500 0.885000 0.030000 0.013333
6 0.242500 0.930833 0.022500 0.025000
6 0.349062 0.874167 0.013750 0.025000
4 0.344375 0.908333 0.011250 0.030000
4 0.351875 0.940417 0.018750 0.030000
4 0.365000 0.965000 0.020000 0.030000
32 0.038125 0.203333 0.169060 0.223333
