4 0.725000 0.960000 0.026667 0.007500
6 0.721667 0.970625 0.026667 0.008750
6 0.722500 0.981875 0.028333 0.008750
4 0.728333 0.993125 0.023333 0.008750
6 0.639583 0.995625 0.028333 0.008750
4 0.635000 0.984062 0.030000 0.008750
6 0.635417 0.972812 0.031667 0.008750
4 0.632500 0.961562 0.028333 0.008750
4 0.634167 0.949375 0.030000 0.008750
6 0.632500 0.935312 0.025000 0.008750
6 0.632083 0.926250 0.025000 0.007500
4 0.872083 0.640312 0.021667 0.020000
4 0.375833 0.816875 0.018333 0.008750
4 0.385417 0.628750 0.031667 0.010000
14 0.561667 0.090313 0.083333 0.102500
4 0.397500 0.174375 0.031667 0.011250
6 0.506667 0.454375 0.013333 0.018750
6 0.475000 0.465313 0.023333 0.021250
6 0.489167 0.494375 0.011667 0.016250
4 0.497500 0.537188 0.015000 0.018750
4 0.500417 0.584375 0.013333 0.018750
4 0.525833 0.593125 0.015000 0.021250
6 0.509167 0.645000 0.015000 0.020000
4 0.535000 0.696562 0.010000 0.016250
4 0.528750 0.801875 0.015000 0.018750
4 0.487917 0.851875 0.015000 0.021250
6 0.097917 0.607500 0.035000 0.025000
6 0.174583 0.556875 0.031667 0.021250
4 0.165000 0.516563 0.040000 0.025000
4 0.266250 0.502188 0.030000 0.020000
4 0.301250 0.479063 0.031667 0.022500
6 0.357917 0.463750 0.031667 0.022500
6 0.342083 0.456250 0.031667 0.020000
4 0.290000 0.448750 0.026667 0.015000
6 0.509167 0.335625 0.031667 0.021250
6 0.562083 0.301875 0.033333 0.021250
4 0.609167 0.256250 0.023333 0.017500
6 0.692500 0.240625 0.035000 0.023750
6 0.712917 0.188125 0.031667 0.018750
4 0.739167 0.211875 0.035000 0.023750
4 0.850833 0.164375 0.021667 0.016250
4 0.822500 0.162500 0.025000 0.020000
6 0.790417 0.147500 0.028333 0.020000
6 0.825833 0.141250 0.028333 0.020000
6 0.846667 0.110625 0.026667 0.018750
6 0.858750 0.122500 0.031667 0.022500
6 0.855000 0.140625 0.028333 0.018750
6 0.890000 0.138750 0.026667 0.017500
4 0.929583 0.115625 0.033333 0.023750
5 0.905000 0.113750 0.033333 0.025000
6 0.894167 0.102500 0.031667 0.022500
6 0.909167 0.080000 0.031667 0.017500
4 0.899167 0.065937 0.025000 0.013750
