4 0.868125 0.297500 0.008750 0.025000
4 0.763437 0.391667 0.018750 0.023333
5 0.868125 0.497917 0.026250 0.033333
6 0.298750 0.150833 0.017500 0.031667
6 0.321875 0.286250 0.018750 0.030000
6 0.356875 0.366667 0.016250 0.030000
4 0.377500 0.415833 0.020000 0.031667
6 0.343750 0.553333 0.022500 0.026667
6 0.403125 0.526667 0.026250 0.030000
6 0.470625 0.462917 0.021250 0.025000
4 0.588750 0.307917 0.022500 0.030000
30 0.518750 0.385417 0.087500 0.100000
6 0.210000 0.984167 0.020000 0.015000
5 0.326250 0.880833 0.027500 0.028333
4 0.189688 0.807083 0.023750 0.030000
5 0.380000 0.668333 0.030000 0.030000
6 0.426563 0.624167 0.022500 0.028333
5 0.486875 0.596250 0.018750 0.038333
4 0.555000 0.696667 0.020000 0.033333
9 0.455000 0.503750 0.265000 0.351667
