4 0.935250 0.144000 0.011000 0.008000
5 0.676500 0.158500 0.025000 0.011000
4 0.627250 0.062500 0.019000 0.007000
6 0.698000 0.078500 0.006000 0.013000
4 0.804000 0.059000 0.016000 0.020000
6 0.832250 0.089000 0.013000 0.018000
4 0.837000 0.160750 0.020000 0.009000
4 0.925000 0.166000 0.008000 0.016000
6 0.938500 0.226250 0.009000 0.013000
32 0.465750 0.698000 0.251000 0.205000
5 0.014000 0.024750 0.024000 0.028000
6 0.042000 0.009750 0.016000 0.020000
5 0.047750 0.057250 0.029000 0.016000
5 0.087750 0.039500 0.028000 0.017000
5 0.076000 0.032500 0.026000 0.017000
5 0.075500 0.022500 0.025000 0.015000
5 0.097500 0.006000 0.021000 0.012000
5 0.102500 0.013250 0.025000 0.015000
21 0.428000 0.264500 0.399000 0.408000
14 0.333750 0.963250 0.072000 0.098000
21 0.200750 0.341000 0.390000 0.392000
14 0.270500 0.970000 0.063000 0.080000
