6 2.956667 2.525000 0.011667 0.015000
5 3.411667 0.805000 0.036667 0.030000
4 2.418333 1.426250 0.026667 0.020000
6 2.360000 1.397500 0.033333 0.026250
4 2.290000 1.375000 0.031667 0.025000
4 2.163333 1.572500 0.025000 0.021250
6 2.086667 1.560000 0.026667 0.025000
4 1.806667 1.460000 0.026667 0.025000
6 1.973333 1.276250 0.016667 0.015000
4 2.078333 1.075000 0.021667 0.022500
4 1.948333 0.817500 0.020000 0.023750
4 1.870000 0.812500 0.021667 0.023750
32 0.753333 2.053750 0.376667 0.262500
6 3.200000 1.715000 0.036667 0.010000
