6 2.142500 3.503333 0.031250 0.021667
4 1.281250 3.880000 0.013750 0.026667
6 0.971250 3.790000 0.012500 0.028333
4 0.912500 3.781667 0.016250 0.031667
4 0.847500 3.760000 0.013750 0.033333
4 0.786250 3.746667 0.015000 0.030000
6 0.411250 3.943333 0.016250 0.028333
4 0.101250 3.760000 0.013750 0.030000
4 0.325000 3.666667 0.022500 0.016667
4 0.335000 3.600000 0.030000 0.020000
3 0.352500 3.540000 0.033750 0.023333
4 0.367500 3.468333 0.028750 0.020000
6 0.783750 3.040000 0.021250 0.016667
6 0.808750 2.921667 0.032500 0.021667
5 0.820000 2.850000 0.025000 0.015000
6 0.846250 2.780000 0.022500 0.013333
6 0.452500 3.083333 0.023750 0.015000
6 0.470000 3.020000 0.030000 0.020000
6 0.500000 2.961667 0.025000 0.016667
4 0.512500 2.893333 0.026250 0.020000
6 0.525000 2.823333 0.030000 0.021667
6 0.535000 2.756667 0.027500 0.021667
4 0.548750 2.688333 0.026250 0.020000
9 2.802500 2.770000 0.156250 0.191667
5 3.092500 1.720000 0.016250 0.030000
5 1.990000 2.358333 0.035000 0.021667
4 2.380000 2.170000 0.017500 0.031667
4 2.366250 1.953333 0.016250 0.030000
5 2.410000 1.998333 0.022500 0.043333
6 2.265000 1.868333 0.015000 0.028333
4 2.213750 1.846667 0.013750 0.026667
4 2.162500 1.868333 0.011250 0.026667
4 2.405000 1.846667 0.020000 0.033333
4 2.370000 1.780000 0.017500 0.033333
6 2.325000 1.756667 0.015000 0.031667
6 2.276250 1.743333 0.016250 0.031667
5 2.222500 1.703333 0.018750 0.038333
4 2.296250 1.621667 0.013750 0.028333
4 2.351250 1.625000 0.013750 0.026667
5 2.405000 1.666667 0.017500 0.026667
4 2.575000 1.741667 0.027500 0.031667
4 2.520000 1.720000 0.025000 0.033333
6 2.592500 1.626667 0.026250 0.036667
6 2.537500 1.568333 0.023750 0.026667
4 2.496250 1.641667 0.018750 0.033333
4 2.452500 1.570000 0.018750 0.035000
4 2.410000 1.520000 0.015000 0.026667
6 2.362500 1.510000 0.016250 0.031667
4 2.315000 1.498333 0.012500 0.031667
4 2.192500 1.583333 0.013750 0.031667
6 2.250000 1.586667 0.015000 0.030000
6 2.262500 1.463333 0.021250 0.021667
5 2.152500 1.530000 0.013750 0.031667
4 2.137500 1.653333 0.016250 0.033333
6 2.112500 1.816667 0.016250 0.028333
6 2.085000 1.933333 0.017500 0.033333
6 2.537500 1.826667 0.026250 0.010000
6 2.535000 1.878333 0.027500 0.013333
4 2.516250 1.941667 0.031250 0.020000
6 2.502500 1.998333 0.028750 0.018333
6 2.475000 2.045000 0.025000 0.015000
6 2.470000 2.105000 0.030000 0.018333
6 2.465000 2.166667 0.025000 0.016667
6 2.460000 2.228333 0.030000 0.018333
6 2.440000 2.286667 0.027500 0.020000
4 2.322500 2.266667 0.013750 0.030000
4 2.402500 2.331667 0.028750 0.020000
6 2.132500 2.246667 0.016250 0.026667
4 2.086250 2.233333 0.016250 0.026667
6 2.047500 2.158333 0.028750 0.013333
6 1.937500 2.145000 0.026250 0.015000
6 1.912500 2.053333 0.026250 0.016667
6 2.006250 1.893333 0.027500 0.020000
6 2.017500 1.838333 0.026250 0.018333
4 2.036250 1.796667 0.026250 0.018333
4 2.042500 1.748333 0.026250 0.020000
6 2.062500 1.603333 0.031250 0.021667
5 2.067500 1.546667 0.031250 0.023333
6 1.048750 2.218333 0.027500 0.020000
6 0.247500 1.878333 0.028750 0.020000
5 0.098750 1.838333 0.032500 0.020000
6 1.372500 0.668333 0.031250 0.021667
6 1.131250 0.373333 0.017500 0.033333
6 1.247500 0.413333 0.028750 0.020000
6 1.255000 0.561667 0.030000 0.016667
6 1.232500 0.645000 0.026250 0.013333
6 1.436250 0.803333 0.030000 0.015000
6 1.582500 0.666667 0.031250 0.026667
6 1.571250 0.606667 0.031250 0.020000
6 1.862500 0.723333 0.026250 0.018333
5 1.766250 0.923333 0.016250 0.035000
4 1.722500 0.823333 0.018750 0.035000
6 1.867500 0.946667 0.021250 0.033333
5 1.928750 0.840000 0.030000 0.020000
3 1.972500 0.773333 0.031250 0.023333
4 2.050000 0.698333 0.025000 0.016667
6 1.900000 0.603333 0.027500 0.018333
6 1.887500 0.528333 0.028750 0.021667
6 1.995000 0.466667 0.025000 0.016667
6 1.920000 0.283333 0.017500 0.031667
5 1.870000 0.271667 0.017500 0.031667
6 1.790000 0.266667 0.017500 0.030000
4 1.698750 0.306667 0.020000 0.033333
4 1.677500 0.210000 0.018750 0.031667
6 1.613750 0.196667 0.022500 0.038333
6 1.480000 0.153333 0.020000 0.036667
6 1.401250 0.153333 0.018750 0.033333
6 1.335000 0.151667 0.017500 0.031667
6 1.277500 0.121667 0.021250 0.033333
4 1.168750 0.113333 0.018750 0.033333
5 1.117500 0.100000 0.018750 0.036667
4 0.740000 0.596667 0.027500 0.018333
5 0.708750 0.730000 0.035000 0.021667
4 0.287500 0.640000 0.028750 0.013333
4 0.285000 0.583333 0.030000 0.015000
6 0.297500 0.523333 0.028750 0.018333
6 0.332500 0.471667 0.028750 0.018333
6 0.345000 0.413333 0.027500 0.020000
6 0.372500 0.363333 0.028750 0.018333
4 0.465000 0.518333 0.027500 0.013333
4 0.457500 0.435000 0.028750 0.020000
4 0.507500 0.378333 0.031250 0.018333
6 0.486250 0.298333 0.027500 0.018333
6 0.536250 0.216667 0.030000 0.021667
4 0.547500 0.101667 0.031250 0.023333
6 1.575000 0.896667 0.012500 0.025000
4 2.172500 1.696667 0.013750 0.028333
