32 1.316667 1.877500 0.231667 0.166250
14 0.092308 1.756573 0.065000 0.116949
14 0.250000 2.373750 0.115000 0.110000
4 0.133333 3.236250 0.036667 0.015000
4 0.695000 3.412500 0.015000 0.021250
4 0.676667 3.058750 0.015000 0.018750
4 0.888333 3.090000 0.015000 0.015000
4 0.760000 2.757500 0.036667 0.013750
6 1.738333 3.105000 0.033333 0.010000
6 1.975000 3.083750 0.015000 0.021250
6 2.506667 2.735000 0.036667 0.010000
4 2.911667 2.666250 0.015000 0.021250
6 2.936667 2.777500 0.015000 0.021250
4 3.210000 3.026250 0.031667 0.011250
4 3.356667 3.005000 0.035000 0.012500
4 3.216667 2.977500 0.038333 0.013750
6 3.770000 2.846250 0.018333 0.021250
4 2.826667 3.272500 0.016667 0.021250
4 3.016667 3.183750 0.015000 0.020000
6 1.828333 3.490000 0.025000 0.022500
4 2.310000 3.572500 0.015000 0.023750
4 2.493333 3.813750 0.016667 0.022500
6 3.083333 3.460000 0.011667 0.015000
4 2.900000 3.640000 0.016667 0.020000
4 3.303333 3.797500 0.035000 0.011250
4 3.468333 3.773750 0.045000 0.013750
21 3.203333 1.062500 0.535000 0.500925
