6 0.549583 0.204375 0.033333 0.023750
6 0.521250 0.187500 0.031667 0.022500
15 0.298333 0.355000 0.170000 0.076250
4 0.301250 0.422187 0.026667 0.026250
4 0.403750 0.446250 0.025000 0.022500
3 0.437083 0.454375 0.026667 0.026250
6 0.491667 0.464687 0.020000 0.020000
4 0.471667 0.520625 0.023333 0.026250
6 0.472917 0.546250 0.025000 0.022500
4 0.440417 0.535000 0.028333 0.027500
4 0.775000 0.590938 0.033333 0.022500
4 0.750000 0.575000 0.030000 0.022500
6 0.669167 0.534375 0.021667 0.016250
4 0.655833 0.525625 0.025000 0.018750
4 0.625000 0.574375 0.033333 0.023750
4 0.659167 0.598750 0.028333 0.022500
5 0.678750 0.604688 0.038333 0.027500
6 0.715417 0.627812 0.030000 0.021250
6 0.653333 0.703125 0.033333 0.023750
5 0.633333 0.691875 0.033333 0.023750
4 0.575833 0.654687 0.031667 0.022500
4 0.519167 0.701875 0.035000 0.016250
6 0.510833 0.711875 0.041667 0.018750
3 0.491667 0.742188 0.030000 0.016250
6 0.485000 0.752812 0.033333 0.016250
6 0.401667 0.752500 0.026667 0.025000
6 0.369167 0.742812 0.028333 0.026250
3 0.373333 0.676875 0.036667 0.041250
3 0.347083 0.667188 0.036667 0.035000
3 0.318333 0.658750 0.036667 0.035000
6 0.222500 0.537813 0.028333 0.027500
4 0.187500 0.530937 0.028333 0.023750
6 0.168750 0.530937 0.025000 0.022500
6 0.187500 0.557187 0.021667 0.023750
6 0.154583 0.608125 0.025000 0.023750
6 0.117500 0.680625 0.028333 0.023750
6 0.083333 0.671875 0.023333 0.026250
4 0.274167 0.013125 0.021667 0.026250
4 0.661667 0.282500 0.033333 0.025000
4 0.686667 0.299375 0.026667 0.021250
4 0.715000 0.320625 0.033333 0.023750
6 0.746250 0.341250 0.031667 0.022500
6 0.898333 0.469687 0.033333 0.022500
6 0.982500 0.492812 0.031667 0.020000
3 0.906667 0.745938 0.053333 0.037500
6 0.697917 0.544687 0.031667 0.022500
6 0.835417 0.404375 0.015000 0.011250
6 0.872917 0.424375 0.018333 0.013750
6 0.893333 0.437812 0.026667 0.020000
