6 0.197083 0.632812 0.021667 0.021250
5 0.169167 0.672188 0.021667 0.022500
4 0.163333 0.723750 0.020000 0.017500
6 0.104583 0.706875 0.033333 0.016250
14 0.762939 0.960563 0.137456 0.123625
14 0.649583 0.208437 0.111667 0.112500
6 0.593333 0.332813 0.023333 0.017500
6 0.757500 0.431563 0.031667 0.023750
6 0.788333 0.455937 0.025000 0.022500
4 0.927917 0.759375 0.026667 0.023750
4 0.872917 0.728750 0.026667 0.022500
6 0.531250 0.471250 0.036667 0.022500
6 0.069583 0.260313 0.028333 0.016250
4 0.114167 0.294687 0.031667 0.016250
4 0.142083 0.287187 0.033333 0.017500
4 0.215417 0.330313 0.030000 0.016250
5 0.455417 0.418125 0.040000 0.023750
4 0.498333 0.417500 0.030000 0.020000
6 0.712083 0.526563 0.023333 0.016250
6 0.855833 0.653125 0.025000 0.021250
4 0.882500 0.652188 0.028333 0.023750
