2 3.656667 0.610000 0.111667 0.030000
2 3.666667 0.735000 0.110000 0.030000
2 3.636667 0.667500 0.108333 0.031250
2 3.180000 1.032500 0.096667 0.053750
2 3.130000 1.090000 0.095000 0.055000
2 3.093333 1.136250 0.096667 0.053750
2 3.063333 1.197500 0.091667 0.056250
2 3.020000 1.250000 0.093333 0.050000
2 2.976667 1.292500 0.095000 0.056250
2 1.789216 0.039115 0.084816 0.025000
2 1.680000 0.067500 0.113333 0.049058
22 1.858333 0.847500 0.196667 0.051250
22 1.830000 0.975000 0.198333 0.045000
2 2.920000 2.740000 0.063333 0.085000
2 2.985000 2.776250 0.066667 0.086250
2 3.053333 2.818750 0.066667 0.085000
2 3.131667 2.847500 0.066667 0.083750
