4 3.438000 0.899000 0.025000 0.013000
4 3.692000 1.602000 0.012000 0.019000
4 3.972000 2.999000 0.010000 0.021000
4 2.949000 3.912000 0.010000 0.018000
4 2.306000 3.888000 0.019000 0.018000
6 2.252000 3.902000 0.020000 0.019000
4 2.076000 3.899000 0.018000 0.018000
4 2.006000 3.886000 0.021000 0.019000
4 1.766000 3.910000 0.023000 0.019000
4 1.571245 3.984664 0.018377 0.014332
4 1.573000 3.939000 0.022000 0.019000
4 1.596000 3.908000 0.020000 0.016000
11 1.492000 3.934000 0.020000 0.019000
4 1.432000 3.812000 0.022000 0.010000
4 2.146000 3.423000 0.011000 0.020000
4 2.131000 3.341000 0.011000 0.019000
6 2.116000 3.263000 0.010000 0.016000
12 2.074000 3.207000 0.011000 0.018000
4 2.318000 3.066000 0.025000 0.009000
4 1.800000 2.858000 0.016000 0.021000
4 1.436000 2.968000 0.016000 0.022000
4 1.396000 3.089000 0.026000 0.015000
4 1.019000 3.150000 0.024000 0.011000
6 0.324000 2.970000 0.016000 0.019000
6 0.145000 0.932000 0.019000 0.016000
6 0.219000 0.980000 0.020000 0.018000
6 0.600000 1.220000 0.022000 0.014000
4 0.660000 1.392000 0.012000 0.018000
6 1.236000 1.354000 0.012000 0.015000
6 1.020000 1.298000 0.024000 0.007000
6 1.145000 1.208000 0.022000 0.008000
6 1.454000 1.128000 0.021000 0.014000
6 1.534000 1.087000 0.021000 0.016000
6 1.620000 1.045000 0.018000 0.016000
6 1.711000 1.095000 0.020000 0.018000
6 2.496000 1.011000 0.006000 0.016000
6 2.498000 0.936000 0.007000 0.012000
6 2.185000 0.721000 0.019000 0.009000
4 3.131000 0.935000 0.020000 0.012000
4 3.162000 0.846000 0.021000 0.011000
6 3.914000 0.863000 0.023000 0.010000
4 2.555000 0.226000 0.011000 0.015000
6 0.640000 0.230000 0.022000 0.007000
6 0.912000 0.494000 0.020000 0.005000
6 0.969000 0.578000 0.010000 0.017000
6 1.060000 0.493000 0.008000 0.016000
4 1.120000 0.424000 0.008000 0.012000
