4 3.570000 1.466000 0.021000 0.015000
4 3.462000 1.416000 0.023000 0.016000
5 3.146000 1.472000 0.027000 0.016000
6 3.036000 1.428000 0.020000 0.014000
4 2.945000 1.388000 0.021000 0.016000
6 2.826000 1.339000 0.023000 0.016000
6 3.158000 1.284000 0.021000 0.014000
4 2.970000 1.199000 0.021000 0.015000
5 2.860000 1.150000 0.026000 0.017000
4 3.874000 0.801000 0.017000 0.019000
6 3.834000 0.775000 0.015000 0.018000
4 3.752000 0.740000 0.018000 0.020000
6 3.232000 0.516000 0.016000 0.018000
6 3.530000 0.643000 0.017000 0.019000
6 3.442000 0.607000 0.015000 0.017000
6 3.392000 0.590000 0.016000 0.019000
9 3.058000 0.342000 0.075000 0.065000
9 2.527000 1.106000 0.098000 0.097000
4 2.051000 0.040000 0.021000 0.008000
5 1.674000 0.090000 0.021000 0.021000
5 1.733000 0.029000 0.021500 0.021500
6 1.591000 0.371000 0.021000 0.009000
6 1.374000 0.502000 0.019000 0.013000
6 1.270000 0.458000 0.023000 0.017000
6 1.185000 0.417000 0.021000 0.015000
6 0.932000 0.508000 0.020000 0.016000
6 0.646000 0.190000 0.021000 0.015000
4 0.284000 0.030000 0.022000 0.015000
6 0.124000 0.249000 0.014000 0.015000
5 0.796000 2.215000 0.022000 0.015000
4 0.926000 2.267000 0.023000 0.016000
4 1.990000 2.741000 0.023000 0.016000
4 2.067000 2.772000 0.019000 0.014000
4 2.316000 2.885000 0.022000 0.017000
4 2.570000 2.998000 0.023000 0.015000
4 2.658000 3.036000 0.023000 0.016000
6 2.640000 3.444000 0.018000 0.020000
5 2.490000 3.370000 0.015000 0.017000
4 2.385000 3.322000 0.017000 0.019000
6 2.336000 3.303000 0.018000 0.019000
6 2.294000 3.285000 0.015000 0.018000
6 2.006000 3.393000 0.019000 0.014000
6 1.385000 2.796000 0.018000 0.014000
4 1.356000 2.846000 0.020000 0.015000
4 1.216000 2.924000 0.016000 0.018000
6 0.927000 2.800000 0.017000 0.020000
6 0.807000 2.735000 0.016000 0.019000
4 0.645000 2.673000 0.018000 0.021000
6 0.559000 2.629000 0.018000 0.022000
6 0.435000 2.575000 0.017000 0.020000
6 0.394000 2.562000 0.015000 0.017000
4 0.350000 2.544000 0.017000 0.020000
4 0.276000 2.496000 0.018000 0.020000
6 0.193000 2.473000 0.017000 0.020000
6 0.114000 2.430000 0.015000 0.019000
6 1.160000 3.856000 0.016000 0.020000
6 0.992000 3.784000 0.016000 0.018000
4 0.834000 3.706000 0.015000 0.017000
4 0.794000 3.689000 0.015000 0.016000
6 0.469000 3.558000 0.016000 0.019000
6 0.128000 2.842000 0.022000 0.015000
6 0.278000 2.908000 0.021000 0.014000
4 0.218000 3.012000 0.023000 0.016000
4 1.210000 3.321000 0.023000 0.016000
6 1.384000 3.398000 0.020000 0.015000
6 1.477000 3.435000 0.021000 0.014000
4 1.728000 3.543000 0.022000 0.014000
6 1.714000 3.676000 0.019000 0.014000
4 2.081000 3.698000 0.020000 0.013000
4 2.095000 3.840000 0.023000 0.016000
4 2.329000 3.808000 0.024000 0.016000
4 2.476000 3.874000 0.022000 0.015000
6 2.561000 3.908000 0.019000 0.014000
4 3.162000 3.664000 0.019000 0.020000
6 2.886000 3.804000 0.019000 0.014000
4 2.828000 3.867000 0.022000 0.018000
