6 3.883000 3.826000 0.014000 0.015000
4 3.902000 3.780000 0.017000 0.014000
4 3.927000 3.697000 0.017000 0.016000
4 3.962000 3.632000 0.017000 0.015000
6 3.782000 3.478000 0.007000 0.015000
6 3.784000 3.407000 0.008000 0.017000
4 3.795000 3.322000 0.008000 0.021000
4 3.806000 3.242000 0.009000 0.017000
6 3.816000 3.172000 0.008000 0.018000
6 3.822000 3.090000 0.007000 0.017000
6 3.832000 3.012000 0.008000 0.018000
6 3.853000 2.790000 0.009000 0.017000
6 3.858000 2.699000 0.009000 0.019000
6 3.841000 2.617000 0.013000 0.019000
4 3.764000 2.482000 0.016000 0.017000
6 3.702000 2.425000 0.019000 0.018000
4 2.955000 2.576000 0.012000 0.022000
5 2.794000 2.574000 0.011000 0.021000
6 2.707000 2.575000 0.011000 0.020000
6 2.626000 2.570000 0.009000 0.019000
6 2.577000 2.568000 0.009000 0.020000
4 2.366000 2.552000 0.009000 0.016000
30 2.698000 2.305000 0.013000 0.027000
30 2.746000 2.312000 0.011000 0.026000
6 2.832000 2.308000 0.010000 0.020000
6 2.910000 2.309000 0.009000 0.021000
6 2.994000 2.318000 0.007000 0.017000
5 3.084000 2.319000 0.008000 0.017000
4 3.124000 2.321000 0.008000 0.018000
6 3.163000 2.328000 0.009000 0.018000
9 0.567000 1.553000 0.047000 0.045000
6 2.038000 1.599000 0.019000 0.007000
6 2.159000 1.608000 0.020000 0.012000
6 2.448000 1.776000 0.022000 0.008000
3 0.761000 0.077000 0.015000 0.039000
