7 1.653750 0.136667 0.036250 0.035000
7 1.698750 0.186667 0.040000 0.036667
7 1.727500 0.260000 0.033750 0.033333
7 1.386250 0.073333 0.028750 0.030000
7 1.450000 0.125000 0.025000 0.025000
7 1.457500 0.195000 0.028750 0.028333
7 1.502500 0.243333 0.031250 0.031667
7 1.532500 0.308333 0.036250 0.038333
7 1.600000 0.358333 0.022500 0.021667
7 1.638750 0.488333 0.032500 0.030000
7 1.087500 0.315000 0.028750 0.028333
7 1.131250 0.360000 0.037500 0.036667
7 1.145000 0.423333 0.025000 0.028333
7 1.200000 0.463333 0.027500 0.025000
7 1.235000 0.538333 0.037500 0.035000
7 1.252500 0.601667 0.026250 0.026667
7 1.308750 0.655000 0.036250 0.036667
7 1.346250 0.716667 0.037500 0.038333
7 0.903750 0.370000 0.033750 0.031667
7 0.948750 0.416667 0.028750 0.025000
7 1.000000 0.535000 0.027500 0.026667
7 1.040000 0.590000 0.030000 0.031667
7 1.070000 0.660000 0.037500 0.033333
7 1.122500 0.718333 0.031250 0.033333
7 1.152500 0.778333 0.033750 0.033333
7 1.192500 0.820000 0.023750 0.020000
7 0.517500 0.653333 0.046250 0.050000
7 0.647500 0.640000 0.031250 0.030000
7 0.507500 0.751667 0.031250 0.031667
7 0.545000 0.811667 0.027500 0.028333
7 0.576250 0.865000 0.030000 0.031667
7 0.615000 0.921667 0.032500 0.033333
7 0.648750 0.980000 0.032500 0.030000
7 0.682500 1.046667 0.031250 0.033333
7 0.728750 1.096667 0.031250 0.035000
7 0.762500 1.163333 0.031250 0.031667
7 0.795000 0.880000 0.027500 0.030000
7 0.735000 0.753333 0.037500 0.033333
7 0.833750 0.930000 0.033750 0.035000
7 0.692500 0.703333 0.033750 0.035000
7 0.152500 1.096667 0.031250 0.041667
7 0.210000 1.140000 0.025000 0.036667
7 0.257500 1.188333 0.028750 0.040000
7 0.302500 1.230000 0.031250 0.041667
7 0.358750 1.281667 0.021250 0.031667
7 0.400000 1.328333 0.027500 0.036667
7 0.447500 1.366667 0.026250 0.036667
7 0.495000 1.408333 0.030000 0.038333
7 0.092500 1.308333 0.026250 0.036667
7 0.150000 1.346667 0.020000 0.030000
7 0.192500 1.396667 0.028750 0.041667
7 0.292500 1.463333 0.023750 0.031667
7 0.345000 1.515000 0.027500 0.038333
7 0.070000 1.706667 0.022500 0.030000
7 0.123750 1.746667 0.027500 0.036667
7 0.172500 1.786667 0.026250 0.036667
7 0.258750 1.876667 0.022500 0.031667
7 0.080000 1.925000 0.025000 0.035000
7 0.125000 1.963333 0.027500 0.035000
7 0.170000 2.011667 0.025000 0.036667
