4 0.820833 0.208125 0.035000 0.018750
4 0.775833 0.192500 0.038333 0.020000
5 0.644167 0.210000 0.045000 0.020000
6 0.598333 0.196250 0.033333 0.017500
4 0.560417 0.183750 0.035000 0.020000
6 0.510833 0.168437 0.038333 0.020000
6 0.649167 0.151250 0.035000 0.017500
4 0.570833 0.124688 0.035000 0.018750
5 0.525000 0.109375 0.043333 0.021250
9 0.386250 0.095625 0.163333 0.121250
4 0.162500 0.606563 0.038333 0.020000
4 0.194583 0.616250 0.031667 0.017500
4 0.298333 0.651563 0.036667 0.021250
4 0.404167 0.686875 0.038333 0.018750
4 0.440833 0.698750 0.038333 0.020000
6 0.433333 0.826250 0.030000 0.025000
5 0.370833 0.803125 0.025000 0.021250
4 0.327083 0.788125 0.028333 0.023750
6 0.306667 0.782188 0.030000 0.023750
6 0.289167 0.776563 0.025000 0.022500
6 0.169167 0.810312 0.031667 0.017500
4 0.053333 0.857187 0.036667 0.017500
6 0.047500 0.898750 0.031667 0.017500
4 0.200417 0.905625 0.033333 0.016250
4 0.206250 0.950000 0.038333 0.020000
4 0.303750 0.940000 0.040000 0.020000
4 0.365000 0.960625 0.036667 0.018750
6 0.400417 0.971250 0.031667 0.017500
4 0.650833 0.895000 0.031667 0.025000
6 0.535833 0.938750 0.031667 0.017500
4 0.511667 0.958438 0.036667 0.022500
