29 0.446000 0.131000 0.120000 0.120000
29 0.662750 0.175750 0.103000 0.106000
17 0.074000 0.512500 0.060000 0.059000
35 0.253500 0.667250 0.079000 0.083000
29 0.325000 0.729500 0.114000 0.115000
29 0.360000 0.809750 0.112000 0.110000
20 0.395000 0.904500 0.106000 0.107000
20 0.657500 0.959500 0.097000 0.099000
35 0.603250 0.770000 0.119000 0.118000
35 0.538500 0.661500 0.107000 0.107000
35 0.526500 0.556000 0.091000 0.080000
29 0.834750 0.693750 0.111000 0.113000
35 0.873000 0.776000 0.104000 0.104000
26 0.695000 0.313500 0.098000 0.111000
