19 0.666667 1.215000 0.060000 0.052500
19 0.966667 1.432500 0.083333 0.061250
19 1.401667 1.462500 0.083333 0.061250
19 2.143333 1.290000 0.088333 0.065000
19 2.568333 1.327500 0.085000 0.063750
19 2.531667 1.565000 0.083333 0.062500
17 2.566667 1.927500 0.083333 0.058750
19 3.550000 1.476250 0.065000 0.046250
19 3.830000 1.521250 0.065000 0.055000
19 1.743333 2.416250 0.065000 0.060000
17 2.445000 2.422500 0.076667 0.056250
17 2.790000 2.460000 0.078333 0.067500
27 3.218333 2.502500 0.063333 0.061250
17 1.811667 3.020000 0.078333 0.060000
17 2.148333 3.013750 0.076667 0.060000
19 2.476667 3.050000 0.065000 0.060000
19 3.140000 3.088750 0.066667 0.060000
17 2.945000 3.643750 0.090000 0.062500
