6 1.520000 3.936667 0.032500 0.028333
4 1.347500 3.726667 0.018750 0.033333
5 1.285000 3.363333 0.017500 0.038333
6 1.625000 3.033333 0.022500 0.016667
6 1.522500 3.041667 0.023750 0.015000
6 1.270000 3.053333 0.015000 0.033333
4 1.187500 2.886667 0.013750 0.026667
4 1.171250 2.770000 0.015000 0.028333
4 1.390000 1.723333 0.027500 0.015000
4 1.387500 1.085000 0.028750 0.016667
6 1.690000 2.191667 0.030000 0.015000
4 1.947500 1.626667 0.016250 0.033333
4 1.877500 1.620000 0.013750 0.030000
4 0.896250 2.271667 0.027500 0.015000
6 0.781250 2.286667 0.025000 0.013333
4 0.692500 1.880000 0.026250 0.016667
4 0.702500 1.456667 0.021250 0.015000
4 1.030000 1.691667 0.015000 0.028333
5 1.015000 1.565000 0.015000 0.033333
4 1.192500 1.293333 0.013750 0.026667
6 1.601250 2.270000 0.023750 0.011667
6 2.842500 0.601667 0.031250 0.015000
4 3.020000 0.973333 0.012500 0.026667
6 2.736250 1.438333 0.025000 0.015000
6 2.835000 1.223333 0.015000 0.031667
6 2.998750 1.656667 0.028750 0.018333
4 2.998750 1.596667 0.023750 0.011667
6 2.955000 2.075000 0.027500 0.013333
4 3.335000 0.343333 0.030000 0.021667
4 2.388750 0.033333 0.026250 0.010000
4 2.623750 0.026667 0.026250 0.013333
4 3.877500 0.410000 0.021250 0.035000
6 3.925000 0.440000 0.020000 0.033333
4 1.862500 0.255000 0.013750 0.031667
4 1.623750 0.295000 0.015000 0.025000
