4 0.471875 0.461667 0.013750 0.036667
9 0.290625 0.212917 0.061250 0.091667
4 0.873750 0.184583 0.020000 0.015000
4 0.878125 0.213333 0.021250 0.016667
6 0.943750 0.279167 0.025000 0.018333
4 0.941250 0.260833 0.020000 0.015000
4 0.939375 0.247500 0.023750 0.018333
4 0.936250 0.233333 0.020000 0.016667
4 0.932500 0.218750 0.022500 0.016667
4 0.931562 0.204167 0.023750 0.018333
6 0.575000 0.440000 0.017500 0.030000
6 0.708125 0.753333 0.023750 0.016667
6 0.611875 0.771667 0.023750 0.016667
4 0.578438 0.821250 0.023750 0.011667
6 0.514687 0.880000 0.012500 0.023333
6 0.910625 0.962083 0.011250 0.028333
4 0.914687 0.991250 0.011250 0.021667
4 0.400625 0.951667 0.013750 0.026667
3 0.194375 0.111250 0.033750 0.023333
3 0.190938 0.088333 0.033750 0.023333
3 0.189375 0.064167 0.041250 0.025000
6 0.189062 0.016250 0.015000 0.031667
4 0.068125 0.460417 0.013750 0.033333
4 0.051875 0.465000 0.013750 0.026667
4 0.540625 0.790833 0.021250 0.018333
