4 1.091250 2.590000 0.026250 0.021667
4 2.222500 3.078333 0.028750 0.020000
5 3.215000 3.516667 0.037500 0.028333
4 2.921250 3.396667 0.031250 0.025000
6 1.903750 0.483333 0.012500 0.035000
6 1.802500 0.450000 0.013750 0.035000
6 1.752500 0.640000 0.013750 0.033333
5 1.745000 0.478333 0.017500 0.035000
6 1.936250 0.696667 0.012500 0.031667
4 2.000000 0.691667 0.012500 0.026667
4 2.075000 0.676667 0.010000 0.025000
5 2.157500 0.710000 0.016250 0.035000
4 0.050000 1.066667 0.025000 0.010000
6 0.402500 3.715000 0.011250 0.030000
