28 2.772000 0.148000 0.019000 0.050000
28 2.810000 0.271000 0.010000 0.032000
28 2.483000 0.650000 0.015000 0.046000
28 2.520000 0.654000 0.018000 0.042000
28 2.563000 0.651000 0.015000 0.033000
28 2.676000 0.679000 0.020000 0.051000
28 2.783000 0.715000 0.020000 0.053000
28 2.856000 0.555000 0.015000 0.032000
28 2.609000 0.883000 0.015000 0.038000
28 2.712000 0.904000 0.013000 0.042000
28 2.757000 0.910000 0.017000 0.037000
28 2.823000 0.942000 0.032000 0.067000
28 3.006000 1.431000 0.022000 0.045000
0 2.788000 2.339000 0.115000 0.310000
2 2.422000 2.316000 0.103000 0.298000
2 1.098000 2.869000 0.365000 0.166000
9 1.894000 0.831000 0.031000 0.030000
9 0.877000 2.000000 0.026000 0.028000
9 1.540000 2.414000 0.024000 0.025000
9 1.100000 1.187000 0.013000 0.014000
