5 0.003500 0.449000 0.009280 0.016000
6 0.116500 0.383500 0.023000 0.013000
4 0.228250 0.330000 0.019000 0.008000
4 0.227000 0.320750 0.022000 0.010000
16 0.336250 0.324500 0.050000 0.013000
3 0.303000 0.318250 0.024000 0.010000
4 0.291750 0.308250 0.021000 0.011000
4 0.285750 0.282000 0.020000 0.010000
6 0.229000 0.291000 0.022000 0.010000
4 0.225750 0.274250 0.021000 0.024000
16 0.171000 0.290500 0.050000 0.021000
3 0.116000 0.409250 0.012000 0.022000
3 0.193750 0.157000 0.021000 0.026000
4 0.286500 0.106250 0.021000 0.011000
6 0.282250 0.088500 0.018000 0.011000
4 0.177500 0.056000 0.019000 0.012000
4 0.186000 0.072000 0.020000 0.010000
4 0.543750 0.008000 0.014000 0.016000
