4 2.255000 0.533333 0.012500 0.026667
4 2.007500 0.483333 0.013750 0.028333
6 1.941250 0.473333 0.011250 0.026667
6 1.881250 0.470000 0.015000 0.028333
6 1.820000 0.445000 0.015000 0.028333
6 1.763750 0.433333 0.016250 0.033333
6 1.696250 0.421667 0.013750 0.028333
4 2.078750 0.060000 0.015000 0.026667
4 2.145000 0.080000 0.015000 0.026667
4 2.207500 0.088333 0.016250 0.028333
4 2.187500 0.210000 0.016250 0.028333
4 2.117500 0.203333 0.013750 0.028333
4 2.055000 0.183333 0.015000 0.031667
4 2.000000 0.186667 0.015000 0.030000
4 1.935000 0.161667 0.015000 0.031667
4 1.875000 0.156667 0.015000 0.028333
4 1.808750 0.151667 0.013750 0.030000
4 1.750000 0.136667 0.015000 0.031667
6 1.495000 0.066667 0.015000 0.030000
6 1.427500 0.066667 0.013750 0.030000
6 1.120000 0.305000 0.017500 0.038333
6 0.151250 1.310000 0.026250 0.038333
5 3.480000 0.318333 0.032500 0.020000
6 3.450000 0.380000 0.027500 0.016667
4 3.450000 0.446667 0.027500 0.013333
4 3.421250 0.565000 0.018750 0.011667
3 3.513750 0.625000 0.035000 0.063333
4 3.690000 0.686667 0.025000 0.013333
6 3.817500 0.703333 0.023750 0.011667
6 3.808750 0.766667 0.031250 0.016667
4 3.685000 0.743333 0.025000 0.015000
5 3.670000 0.796667 0.032500 0.018333
4 3.615000 0.126667 0.025000 0.030000
5 3.708750 0.243333 0.027500 0.038333
4 3.802500 0.356667 0.023750 0.031667
6 2.050000 1.803333 0.025000 0.041667
4 2.136250 2.040000 0.020000 0.033333
3 2.597500 0.603333 0.026250 0.058333
4 1.688750 0.106667 0.015000 0.030000
5 3.717500 0.561667 0.046250 0.020000
5 3.781250 0.633333 0.041250 0.020000
