9 0.455000 0.715000 0.095000 0.146667
4 0.049375 0.862500 0.016250 0.028333
6 0.046875 0.906667 0.018750 0.036667
4 0.096875 0.898333 0.028750 0.013333
4 0.073750 0.974167 0.020000 0.028333
4 0.140625 0.947500 0.021250 0.035000
4 0.164687 0.927917 0.018750 0.035000
6 0.169375 0.957500 0.016250 0.028333
6 0.147500 0.852917 0.022500 0.036667
4 0.178437 0.860833 0.018750 0.031667
5 0.154688 0.815000 0.021250 0.040000
4 0.106250 0.604583 0.027500 0.013333
6 0.236563 0.791667 0.023750 0.040000
6 0.220625 0.707083 0.028750 0.018333
4 0.225625 0.692083 0.031250 0.023333
6 0.228125 0.676667 0.026250 0.016667
5 0.240000 0.662083 0.037500 0.023333
6 0.240937 0.646250 0.027500 0.020000
4 0.303750 0.678750 0.030000 0.021667
4 0.196563 0.206250 0.020000 0.036667
4 0.027813 0.409167 0.028750 0.025000
4 0.066562 0.402500 0.018750 0.035000
4 0.146250 0.303333 0.027500 0.013333
5 0.285000 0.364167 0.020000 0.035000
5 0.320625 0.373333 0.023750 0.040000
4 0.369063 0.382500 0.028750 0.021667
4 0.363438 0.396667 0.032500 0.023333
5 0.316250 0.340000 0.042500 0.050000
5 0.280313 0.327083 0.025000 0.043333
5 0.300000 0.300833 0.017500 0.035000
3 0.306875 0.259167 0.028750 0.048333
6 0.344062 0.229583 0.026250 0.018333
5 0.392813 0.315833 0.017500 0.025000
6 0.405625 0.328750 0.016250 0.025000
4 0.425000 0.317917 0.020000 0.033333
6 0.440312 0.028750 0.022500 0.043333
16 0.449688 0.055833 0.027500 0.048333
4 0.358438 0.413333 0.033750 0.020000
6 0.365312 0.473333 0.017500 0.033333
4 0.030625 0.136250 0.028750 0.018333
4 0.007812 0.128750 0.016250 0.020000
4 0.254063 0.067500 0.018750 0.031667
4 0.393750 0.015000 0.022500 0.020000
4 0.574063 0.129167 0.027500 0.021667
5 0.448750 0.107500 0.027500 0.045000
4 0.481875 0.166667 0.021250 0.033333
6 0.365625 0.915417 0.018750 0.031667
4 0.375937 0.882917 0.021250 0.033333
6 0.398125 0.824167 0.018750 0.031667
5 0.455625 0.915000 0.033750 0.023333
3 0.566875 0.796667 0.033750 0.023333
4 0.602187 0.885417 0.027500 0.036667
5 0.668438 0.912917 0.027500 0.043333
6 0.775000 0.980000 0.027500 0.020000
6 0.779062 0.965000 0.031250 0.020000
6 0.782500 0.952500 0.025000 0.021667
6 0.946562 0.628333 0.018750 0.026667
6 0.983437 0.589167 0.028750 0.045000
5 0.967812 0.584167 0.026250 0.045000
5 0.948750 0.577917 0.027500 0.041667
5 0.927188 0.572500 0.026250 0.038333
5 0.910000 0.564167 0.030000 0.045000
5 0.892500 0.559167 0.032500 0.048333
5 0.866875 0.565417 0.026250 0.038333
5 0.836562 0.552500 0.030000 0.048333
6 0.824375 0.528750 0.018750 0.023333
6 0.986875 0.482083 0.026250 0.041667
6 0.945625 0.504583 0.026250 0.038333
6 0.932187 0.498333 0.027500 0.040000
6 0.903750 0.483750 0.027500 0.041667
6 0.898438 0.447917 0.027500 0.043333
6 0.966562 0.374583 0.021250 0.035000
6 0.700000 0.444167 0.030000 0.021667
6 0.680000 0.421667 0.035000 0.023333
6 0.647188 0.405000 0.036250 0.026667
6 0.631875 0.417500 0.028750 0.021667
5 0.815000 0.352500 0.027500 0.045000
5 0.718437 0.317500 0.023750 0.038333
5 0.700000 0.306667 0.027500 0.043333
4 0.620313 0.261250 0.020000 0.036667
6 0.556875 0.594167 0.031250 0.021667
4 0.529375 0.719167 0.013750 0.028333
4 0.545312 0.720417 0.018750 0.031667
6 0.615625 0.666250 0.021250 0.035000
4 0.630000 0.670000 0.025000 0.036667
6 0.670625 0.656667 0.028750 0.023333
4 0.662813 0.680833 0.021250 0.031667
4 0.689375 0.724583 0.031250 0.021667
4 0.703125 0.705417 0.021250 0.031667
6 0.688438 0.698750 0.020000 0.033333
6 0.686250 0.740833 0.022500 0.028333
4 0.650000 0.831667 0.032500 0.023333
4 0.827500 0.736250 0.032500 0.018333
5 0.917500 0.769167 0.027500 0.045000
6 0.931875 0.778333 0.021250 0.033333
6 0.904062 0.797083 0.018750 0.030000
4 0.866875 0.801667 0.021250 0.033333
4 0.837187 0.867083 0.022500 0.033333
6 0.805000 0.898333 0.025000 0.023333
4 0.961250 0.816667 0.032500 0.023333
4 0.940000 0.824167 0.017500 0.018333
5 0.890938 0.934583 0.035000 0.026667
6 0.155000 0.955417 0.020000 0.031667
4 0.100312 0.402500 0.018750 0.031667
6 0.288750 0.257917 0.017500 0.030000
6 0.385937 0.291250 0.016250 0.028333
4 0.101562 0.623333 0.027500 0.013333
