5 0.946000 0.910250 0.018000 0.011000
6 0.885750 0.591500 0.015000 0.017000
3 0.897000 0.656000 0.018000 0.024000
3 0.882000 0.652250 0.016000 0.024000
3 0.859500 0.641000 0.023000 0.036000
6 0.818500 0.631750 0.019000 0.023000
3 0.809500 0.623000 0.029000 0.032000
6 0.790500 0.624000 0.019000 0.022000
6 0.765000 0.621000 0.020000 0.022000
6 0.751500 0.618750 0.017000 0.020000
16 0.727000 0.626500 0.050000 0.053000
16 0.714250 0.618000 0.050000 0.052000
6 0.691000 0.622500 0.014000 0.015000
6 0.759500 0.561250 0.025000 0.016000
16 0.686250 0.555750 0.042000 0.023000
6 0.731750 0.544500 0.027000 0.025000
4 0.620250 0.961750 0.016000 0.016000
4 0.422500 0.889500 0.017000 0.015000
4 0.291750 0.930000 0.022000 0.008000
4 0.115500 0.914500 0.023000 0.009000
5 0.399750 0.363000 0.022000 0.016000
6 0.403000 0.351500 0.024000 0.017000
4 0.297000 0.332000 0.020000 0.016000
4 0.256000 0.335500 0.012000 0.013000
6 0.225000 0.324500 0.012000 0.017000
6 0.207000 0.316750 0.018000 0.019000
4 0.172500 0.308250 0.017000 0.018000
6 0.079000 0.098500 0.024000 0.013000
6 0.050250 0.059000 0.026000 0.020000
16 0.486750 0.974500 0.018000 0.011000
5 0.137000 0.825250 0.028000 0.015000
4 0.922500 0.937750 0.033000 0.018000
4 0.919750 0.946250 0.033000 0.017000
6 0.916000 0.956000 0.028000 0.018000
4 0.958000 0.987500 0.032000 0.023000
4 0.962250 0.974250 0.030000 0.022000
6 0.977000 0.955500 0.030000 0.017000
5 0.980750 0.945500 0.027000 0.015000
4 0.990000 0.930000 0.024000 0.016000
4 0.996500 0.733500 0.011000 0.019000
6 0.940250 0.665000 0.026000 0.024000
6 0.914500 0.487250 0.019000 0.018000
6 0.925000 0.476000 0.020000 0.020000
6 0.937500 0.463750 0.023000 0.016000
5 0.949500 0.435500 0.027000 0.023000
3 0.951750 0.407500 0.029000 0.035000
6 0.650500 0.081500 0.023000 0.015000
6 0.417000 0.010750 0.022000 0.022000
6 0.426000 0.015000 0.016000 0.020000
6 0.447500 0.020750 0.019000 0.023000
6 0.516500 0.041500 0.017000 0.021000
6 0.525500 0.045000 0.017000 0.020000
4 0.535250 0.048500 0.019000 0.023000
6 0.543500 0.052000 0.017000 0.022000
4 0.266500 0.305000 0.021000 0.014000
6 0.186000 0.279000 0.022000 0.014000
4 0.218500 0.290750 0.023000 0.015000
5 0.162750 0.258250 0.012000 0.018000
6 0.285500 0.206250 0.025000 0.017000
5 0.242250 0.200250 0.019000 0.024000
6 0.027500 0.194750 0.017000 0.022000
4 0.038000 0.197500 0.016000 0.021000
6 0.071500 0.204000 0.017000 0.020000
6 0.070250 0.179750 0.025000 0.018000
6 0.095500 0.189000 0.019000 0.014000
4 0.156000 0.178500 0.014000 0.021000
4 0.149250 0.154250 0.014000 0.019000
31 0.136000 0.111000 0.022000 0.034000
6 0.120500 0.118500 0.013000 0.015000
6 0.119500 0.072750 0.017000 0.020000
5 0.108750 0.811000 0.025000 0.014000
4 0.467000 0.027000 0.016000 0.020000
4 0.478750 0.030000 0.014000 0.018000
4 0.487250 0.035000 0.019000 0.022000
4 0.498750 0.036500 0.014000 0.019000
4 0.627000 0.008750 0.016000 0.018000
6 0.562500 0.013000 0.015000 0.020000
4 0.590000 0.059500 0.024000 0.015000
4 0.405750 0.007500 0.016000 0.019000
4 0.682750 0.013000 0.019000 0.014000
6 0.553750 0.008750 0.011000 0.015000
