32 2.655000 0.500000 0.109000 0.103000
3 1.602000 1.366000 0.029000 0.039000
3 2.832000 1.156000 0.030000 0.032000
3 2.756000 1.150000 0.032000 0.033000
3 2.681000 1.160000 0.031000 0.032000
3 2.601000 1.160000 0.028000 0.030000
3 2.519000 1.155000 0.032000 0.033000
3 2.908000 1.143000 0.032000 0.034000
3 2.444000 1.164000 0.034000 0.034000
3 2.366000 1.171000 0.031000 0.033000
3 2.299000 1.178000 0.031000 0.033000
3 2.222000 1.181000 0.033000 0.034000
3 2.150000 1.187000 0.035000 0.037000
3 2.066000 1.187000 0.033000 0.031000
3 1.986000 1.192000 0.033000 0.032000
3 1.830000 1.198000 0.029000 0.031000
3 2.936000 0.898000 0.022000 0.041000
3 2.876000 0.893000 0.026000 0.034000
3 2.798000 0.906000 0.033000 0.037000
3 2.714000 0.918000 0.029000 0.033000
3 2.645000 0.906000 0.027000 0.037000
3 2.566000 0.920000 0.025000 0.034000
3 2.487000 0.926000 0.026000 0.035000
3 2.411000 0.928000 0.025000 0.034000
3 2.340000 0.921000 0.030000 0.033000
3 0.512000 3.582000 0.040000 0.023000
3 0.699000 2.585000 0.032000 0.035000
3 0.766000 2.596000 0.029000 0.034000
3 0.829000 2.606000 0.033000 0.039000
3 1.000000 2.554000 0.022000 0.027000
3 1.074000 2.555000 0.029000 0.036000
3 1.148000 2.546000 0.020000 0.033000
3 1.258000 2.512000 0.019000 0.030000
3 1.318000 2.490000 0.017000 0.027000
3 1.387000 2.492000 0.019000 0.040000
3 1.508000 2.478000 0.020000 0.035000
3 1.572000 2.476000 0.018000 0.036000
3 1.633000 2.478000 0.019000 0.037000
3 1.710000 2.468000 0.023000 0.038000
3 0.630000 2.542000 0.045000 0.033000
5 1.338000 2.159000 0.031000 0.012000
5 1.214000 2.179000 0.027000 0.016000
3 1.223000 2.122000 0.050000 0.019000
3 1.175000 2.051000 0.040000 0.017000
3 1.209000 1.987000 0.053000 0.018000
3 1.177000 1.931000 0.055000 0.020000
3 1.292000 1.337000 0.014000 0.042000
3 0.538000 2.387000 0.039000 0.021000
3 0.536000 2.328000 0.036000 0.024000
3 0.524000 2.279000 0.036000 0.022000
3 0.510000 2.222000 0.035000 0.025000
3 0.460000 2.052000 0.036000 0.026000
3 0.502000 2.172000 0.033000 0.024000
3 0.458000 2.002000 0.037000 0.023000
3 0.438000 1.941000 0.035000 0.025000
3 0.408000 1.878000 0.034000 0.025000
3 0.398000 1.778000 0.035000 0.023000
3 0.380000 1.716000 0.036000 0.024000
3 0.356000 1.659000 0.036000 0.023000
3 0.350000 1.603000 0.039000 0.024000
3 0.348000 1.553000 0.034000 0.023000
3 0.319000 1.490000 0.038000 0.025000
3 0.306000 1.436000 0.039000 0.020000
3 0.294000 1.386000 0.039000 0.019000
3 0.287000 1.333000 0.038000 0.019000
3 0.276000 1.278000 0.038000 0.019000
3 2.256000 0.938000 0.024000 0.033000
3 2.183000 0.938000 0.025000 0.033000
3 2.105000 0.945000 0.026000 0.033000
3 2.054000 0.922000 0.027000 0.033000
3 1.760000 0.965000 0.014000 0.032000
3 1.698000 0.972000 0.017000 0.036000
3 1.636000 0.984000 0.020000 0.036000
3 1.572000 0.998000 0.020000 0.035000
3 1.514000 1.018000 0.021000 0.037000
3 1.455000 1.026000 0.019000 0.037000
3 1.394000 1.043000 0.019000 0.034000
3 1.322000 1.043000 0.019000 0.035000
3 1.264000 1.053000 0.020000 0.035000
3 1.143000 1.088000 0.020000 0.036000
3 1.074000 1.080000 0.017000 0.034000
3 1.014000 1.078000 0.019000 0.037000
3 0.948000 1.080000 0.018000 0.034000
3 0.883000 1.084000 0.016000 0.036000
3 0.824000 1.094000 0.020000 0.037000
3 0.763000 1.112000 0.020000 0.036000
3 0.704000 1.117000 0.018000 0.035000
3 0.645000 1.130000 0.018000 0.035000
3 0.512000 1.149000 0.020000 0.034000
3 0.452000 1.150000 0.018000 0.033000
3 0.390000 1.166000 0.019000 0.031000
3 0.327000 1.168000 0.020000 0.036000
3 0.746000 2.316000 0.027000 0.014000
5 0.820000 2.380000 0.030000 0.008000
4 0.704000 2.146000 0.022000 0.007000
6 1.381000 2.078000 0.019000 0.021000
5 0.716000 2.211000 0.026000 0.022000
5 0.680000 2.084000 0.028000 0.020000
5 0.666000 2.026000 0.021000 0.019000
4 1.116000 1.786000 0.024000 0.011000
4 1.101000 1.752000 0.021000 0.010000
4 1.092000 1.718000 0.022000 0.009000
6 1.087000 1.678000 0.023000 0.009000
4 1.068000 1.642000 0.022000 0.011000
6 1.054000 1.604000 0.025000 0.010000
5 1.048000 1.530000 0.026000 0.009000
4 1.203000 1.392000 0.015000 0.018000
6 1.105000 1.316000 0.016000 0.022000
6 1.056000 1.312000 0.012000 0.018000
6 1.015000 1.333000 0.012000 0.017000
6 0.960000 1.326000 0.010000 0.017000
4 0.906000 1.339000 0.011000 0.017000
5 0.852000 1.330000 0.012000 0.021000
4 0.796000 1.248000 0.022000 0.010000
4 0.800000 1.339000 0.014000 0.019000
6 0.714000 1.368000 0.013000 0.018000
6 0.612000 1.406000 0.014000 0.017000
6 0.554000 1.430000 0.013000 0.017000
6 0.504000 1.443000 0.014000 0.019000
6 1.132000 0.883000 0.012000 0.019000
4 1.632000 0.122000 0.024000 0.009000
6 1.742000 0.819000 0.021000 0.007000
6 1.740000 0.783000 0.020000 0.008000
4 1.704000 0.560000 0.022000 0.010000
4 1.227000 0.703000 0.012000 0.019000
4 1.273000 0.692000 0.010000 0.016000
4 1.558000 0.662000 0.013000 0.019000
5 1.511000 0.664000 0.011000 0.018000
4 1.415000 0.678000 0.010000 0.017000
4 1.323000 0.683000 0.012000 0.019000
4 1.542000 0.595000 0.011000 0.018000
4 1.496000 0.594000 0.012000 0.019000
6 1.401000 0.604000 0.012000 0.018000
4 1.356000 0.612000 0.012000 0.018000
4 1.306000 0.608000 0.011000 0.018000
4 1.261000 0.620000 0.013000 0.020000
4 1.214000 0.632000 0.013000 0.018000
6 0.985000 0.800000 0.021000 0.008000
6 0.985000 0.767000 0.021000 0.009000
6 0.991000 0.728000 0.023000 0.010000
4 0.973000 0.690000 0.022000 0.011000
4 0.965000 0.655000 0.022000 0.009000
5 0.951000 0.614000 0.025000 0.009000
4 0.955000 0.584000 0.021000 0.010000
6 0.946000 0.550000 0.021000 0.009000
4 0.932000 0.514000 0.022000 0.009000
4 0.934000 0.474000 0.019000 0.009000
4 0.922000 0.442000 0.021000 0.009000
4 0.922000 0.403000 0.021000 0.008000
5 0.925000 0.362000 0.023000 0.009000
4 0.914000 0.327000 0.025000 0.012000
4 0.906000 0.293000 0.023000 0.010000
4 0.906000 0.254000 0.025000 0.011000
4 0.867000 0.087000 0.022000 0.008000
3 1.675000 1.366000 0.032000 0.041000
3 1.746000 1.362000 0.029000 0.041000
3 1.822000 1.356000 0.033000 0.042000
3 1.909000 1.356000 0.034000 0.038000
3 1.985000 1.355000 0.036000 0.039000
3 2.283000 1.347000 0.030000 0.034000
3 2.355000 1.342000 0.031000 0.037000
3 2.437000 1.337000 0.027000 0.034000
3 2.504000 1.330000 0.028000 0.035000
3 2.590000 1.324000 0.033000 0.038000
3 2.668000 1.312000 0.038000 0.042000
3 2.825000 1.310000 0.032000 0.041000
3 2.910000 1.313000 0.033000 0.038000
3 1.504000 1.628000 0.046000 0.042000
3 2.980000 1.316000 0.028000 0.034000
3 1.589000 1.622000 0.043000 0.041000
3 1.740000 1.610000 0.050000 0.043000
3 1.816000 1.606000 0.046000 0.041000
3 1.967000 1.602000 0.043000 0.039000
3 1.094000 1.850000 0.037000 0.017000
3 2.117000 1.598000 0.044000 0.039000
3 2.196000 1.587000 0.044000 0.040000
3 2.268000 1.584000 0.038000 0.040000
3 2.354000 1.580000 0.047000 0.044000
3 2.430000 1.579000 0.039000 0.041000
3 2.806000 1.554000 0.043000 0.041000
3 2.890000 1.550000 0.045000 0.043000
3 2.946000 1.531000 0.033000 0.033000
3 3.024000 1.530000 0.032000 0.033000
3 3.098000 1.528000 0.037000 0.036000
3 3.176000 1.518000 0.036000 0.037000
3 2.655000 1.566000 0.039000 0.041000
3 2.584000 1.578000 0.042000 0.039000
3 2.503000 1.577000 0.039000 0.039000
3 1.530000 1.810000 0.035000 0.045000
3 1.603000 1.813000 0.036000 0.047000
3 1.674000 1.806000 0.035000 0.043000
3 1.748000 1.801000 0.034000 0.043000
3 1.902000 1.792000 0.035000 0.044000
3 1.985000 1.788000 0.035000 0.044000
3 2.062000 1.786000 0.037000 0.043000
3 2.136000 1.775000 0.036000 0.045000
3 2.213000 1.772000 0.036000 0.046000
3 2.294000 1.768000 0.033000 0.044000
3 2.372000 1.760000 0.034000 0.044000
3 2.447000 1.760000 0.032000 0.042000
3 2.513000 1.760000 0.034000 0.044000
3 2.602000 1.750000 0.033000 0.045000
3 2.670000 1.752000 0.033000 0.046000
3 2.760000 1.734000 0.034000 0.045000
3 2.832000 1.746000 0.038000 0.045000
3 2.910000 1.736000 0.035000 0.044000
3 2.985000 1.731000 0.039000 0.046000
3 3.128000 1.728000 0.034000 0.046000
3 3.215000 1.711000 0.033000 0.046000
3 3.211000 1.182000 0.027000 0.033000
3 3.559000 1.749000 0.028000 0.033000
3 2.026000 2.488000 0.047000 0.032000
3 2.009000 2.410000 0.047000 0.035000
3 2.002000 2.341000 0.047000 0.034000
3 2.001000 2.274000 0.046000 0.033000
3 1.999000 2.204000 0.048000 0.036000
3 1.983000 2.132000 0.047000 0.034000
3 2.021000 2.088000 0.046000 0.038000
3 2.072000 2.061000 0.046000 0.039000
3 2.038000 1.946000 0.039000 0.023000
3 2.213000 2.052000 0.042000 0.040000
3 2.288000 2.044000 0.040000 0.040000
3 2.367000 2.042000 0.044000 0.041000
3 2.449000 2.042000 0.044000 0.043000
3 2.514000 2.031000 0.041000 0.041000
3 2.602000 2.026000 0.039000 0.039000
3 2.679000 2.021000 0.043000 0.040000
3 2.746000 2.012000 0.043000 0.042000
4 1.791000 2.736000 0.025000 0.010000
6 2.174000 2.780000 0.015000 0.020000
6 2.226000 2.774000 0.017000 0.023000
6 2.167000 2.564000 0.020000 0.008000
6 2.183000 2.374000 0.022000 0.009000
4 2.180000 2.266000 0.022000 0.007000
4 2.294000 2.176000 0.009000 0.018000
4 2.632000 2.152000 0.010000 0.016000
4 2.436000 2.416000 0.014000 0.018000
4 2.559000 2.470000 0.013000 0.019000
4 2.446000 2.710000 0.015000 0.021000
4 2.809000 2.605000 0.020000 0.026000
4 2.900000 2.583000 0.016000 0.023000
4 2.963000 2.352000 0.012000 0.018000
6 2.995000 2.274000 0.010000 0.017000
4 3.363000 2.264000 0.009000 0.016000
3 2.830000 2.018000 0.041000 0.039000
3 2.909000 2.018000 0.041000 0.041000
3 2.986000 2.013000 0.043000 0.039000
3 3.063000 2.010000 0.045000 0.041000
3 3.135000 1.997000 0.042000 0.040000
3 3.218000 1.996000 0.045000 0.044000
3 3.298000 1.998000 0.045000 0.041000
3 3.374000 1.994000 0.043000 0.041000
3 3.436000 1.978000 0.042000 0.039000
3 3.517000 1.975000 0.038000 0.039000
3 3.575000 1.958000 0.032000 0.033000
6 2.376000 3.932000 0.028000 0.016000
3 2.520000 3.886000 0.032000 0.019000
