9 0.640312 0.651250 0.118750 0.158333
4 0.970938 0.612083 0.023750 0.026667
6 0.866250 0.522500 0.020000 0.021667
6 0.838125 0.498750 0.018750 0.025000
32 0.653497 0.955485 0.319493 0.425697
5 0.467500 0.850833 0.022500 0.011667
5 0.076875 0.797083 0.026250 0.026667
6 0.124063 0.773333 0.026250 0.023333
6 0.139687 0.764583 0.020000 0.021667
6 0.185312 0.740417 0.026250 0.026667
6 0.199687 0.731667 0.028750 0.030000
6 0.586875 0.540000 0.021250 0.030000
5 0.225625 0.607500 0.026250 0.025000
4 0.420625 0.499583 0.033750 0.028333
6 0.700625 0.353750 0.026250 0.023333
4 0.917500 0.280417 0.027500 0.025000
4 0.988750 0.149167 0.017500 0.031667
4 0.971875 0.153333 0.018750 0.033333
6 0.955000 0.159583 0.015000 0.030000
4 0.935937 0.169167 0.017500 0.031667
4 0.918750 0.176667 0.015000 0.030000
4 0.897500 0.185000 0.017500 0.033333
4 0.389062 0.427917 0.017500 0.028333
6 0.402187 0.421250 0.017500 0.028333
4 0.417500 0.416667 0.022500 0.033333
4 0.384375 0.347917 0.016250 0.026667
6 0.330313 0.369167 0.018750 0.028333
6 0.570625 0.037500 0.008750 0.021667
4 0.571562 0.065000 0.008750 0.026667
5 0.423750 0.110833 0.010000 0.031667
6 0.402813 0.110417 0.010000 0.030000
6 0.382500 0.107917 0.010000 0.025000
6 0.126875 0.039167 0.021250 0.025000
6 0.018125 0.828333 0.026250 0.026667
9 0.530625 0.481250 0.141250 0.161667
4 0.935625 0.584167 0.016250 0.018333
6 0.305000 0.388333 0.020000 0.033333
