3 3.357000 0.246000 0.028000 0.011000
9 0.394000 0.505000 0.107000 0.080000
15 3.188000 1.639000 0.146000 0.079000
4 3.171000 3.960000 0.009000 0.016000
4 3.075000 3.957000 0.013000 0.017000
5 1.060000 0.026000 0.032000 0.011000
4 1.320000 0.170000 0.010000 0.021000
6 1.258000 0.174000 0.013000 0.021000
5 1.318000 0.828000 0.009000 0.018000
4 1.320000 0.960000 0.010000 0.018000
6 1.526000 0.971000 0.023000 0.009000
5 1.536000 1.044000 0.020000 0.006000
5 1.504000 1.239000 0.030000 0.010000
5 1.222000 1.207000 0.029000 0.010000
3 0.788000 0.514000 0.054000 0.017000
6 0.306000 3.360000 0.017000 0.022000
5 0.296000 3.082000 0.014000 0.023000
4 0.243000 1.822000 0.012000 0.017000
6 0.310000 0.742000 0.011000 0.017000
6 0.472000 0.632000 0.010000 0.014000
4 0.476000 0.317000 0.012000 0.018000
6 0.542000 0.361000 0.011000 0.017000
6 1.174000 0.623000 0.023000 0.010000
4 2.336000 3.835000 0.024000 0.008000
