4 0.240250 0.799250 0.018000 0.009000
6 0.692000 0.014250 0.010000 0.018000
4 0.671000 0.010500 0.010000 0.019000
6 0.756500 0.066500 0.011000 0.019000
5 0.896500 0.511000 0.013000 0.020000
4 0.725500 0.015500 0.009000 0.015000
6 0.659750 0.054750 0.011000 0.018000
4 0.646500 0.047500 0.009000 0.019000
4 0.848000 0.442000 0.010000 0.020000
4 0.868000 0.449500 0.010000 0.019000
6 0.713500 0.635750 0.011000 0.019000
6 0.679250 0.624500 0.011000 0.019000
6 0.652750 0.624000 0.013000 0.020000
6 0.632000 0.610250 0.010000 0.017000
6 0.619500 0.603000 0.011000 0.020000
4 0.607500 0.605500 0.013000 0.021000
6 0.593000 0.608000 0.010000 0.018000
4 0.497750 0.659250 0.011000 0.020000
6 0.487000 0.658500 0.012000 0.015000
6 0.465000 0.655000 0.010000 0.016000
6 0.454250 0.653500 0.009000 0.013000
6 0.445000 0.650500 0.010000 0.017000
5 0.433500 0.648500 0.011000 0.019000
5 0.317500 0.653500 0.013000 0.019000
5 0.277000 0.647250 0.012000 0.020000
5 0.261000 0.697500 0.024000 0.011000
4 0.254500 0.731250 0.021000 0.013000
5 0.439000 0.724000 0.024000 0.010000
4 0.271500 0.759000 0.019000 0.010000
5 0.244500 0.778250 0.023000 0.010000
5 0.241750 0.788500 0.025000 0.011000
4 0.244000 0.874750 0.010000 0.018000
4 0.224250 0.871000 0.010000 0.018000
4 0.662500 0.686500 0.021000 0.011000
4 0.657500 0.714750 0.021000 0.010000
4 0.655000 0.725500 0.020000 0.011000
4 0.717000 0.739250 0.024000 0.014000
4 0.713250 0.710750 0.020000 0.012000
4 0.655000 0.738750 0.020000 0.012000
4 0.430250 0.753500 0.019000 0.009000
16 0.428500 0.765250 0.021000 0.010000
4 0.464250 0.838500 0.011000 0.019000
4 0.889500 0.448000 0.011000 0.016000
