4 0.073333 2.181250 0.030000 0.022500
6 0.050000 1.890000 0.025000 0.020000
6 0.210000 1.972500 0.028333 0.021250
6 0.261667 2.001250 0.030000 0.023750
4 0.316667 2.030000 0.028333 0.022500
4 0.366667 2.060000 0.026667 0.022500
6 0.460000 2.221250 0.030000 0.016250
4 0.058333 2.371250 0.035000 0.013750
4 0.066667 2.325000 0.030000 0.010000
4 0.073333 2.285000 0.030000 0.012500
6 0.358333 2.355000 0.026667 0.010000
6 0.358333 2.405000 0.030000 0.010000
6 0.326667 2.531250 0.020000 0.007500
4 0.350000 2.490000 0.025000 0.007500
6 0.303333 2.582500 0.021667 0.008750
6 0.300000 2.630000 0.020000 0.007500
4 0.316667 2.680000 0.035000 0.010000
4 0.323333 2.727500 0.031667 0.008750
6 0.310000 2.776250 0.031667 0.011250
6 0.335000 2.817500 0.026667 0.011250
6 0.360000 2.860000 0.030000 0.010000
4 0.350000 2.901250 0.035000 0.012500
6 0.403333 2.945000 0.031667 0.015000
6 0.818333 3.948750 0.031667 0.013750
4 0.808333 3.905000 0.031667 0.015000
6 0.793333 3.862500 0.026667 0.011250
6 0.748333 3.782500 0.030000 0.013750
4 0.721667 3.745000 0.041667 0.015000
6 0.710000 3.703750 0.028333 0.013750
6 0.705000 3.658750 0.030000 0.012500
4 0.676667 3.613750 0.035000 0.015000
6 0.550000 3.327500 0.031667 0.013750
4 0.520000 3.293750 0.033333 0.012500
6 0.508333 3.252500 0.031667 0.013750
6 0.496667 3.198750 0.025000 0.010000
3 0.276667 3.497500 0.045000 0.018750
3 0.295000 3.545000 0.045000 0.020000
4 0.383333 3.657500 0.028333 0.013750
4 0.400000 3.705000 0.023333 0.012500
4 0.393333 3.800000 0.030000 0.012500
4 0.416667 3.833750 0.031667 0.013750
6 0.070000 3.587500 0.031667 0.013750
4 0.080000 3.630000 0.033333 0.015000
6 0.098333 3.675000 0.031667 0.012500
6 0.106667 3.717500 0.023333 0.013750
6 0.133333 3.762500 0.026667 0.013750
4 0.153333 3.801250 0.033333 0.015000
4 0.153333 3.846250 0.033333 0.015000
6 0.175000 3.890000 0.030000 0.012500
6 0.215000 3.927500 0.030000 0.013750
6 0.233333 3.966250 0.033333 0.013750
32 1.301667 0.766250 0.263333 0.188750
11 2.746667 1.170000 0.038333 0.020000
11 2.780000 1.122500 0.036667 0.021250
11 2.843333 1.087500 0.045000 0.021250
6 3.441667 0.936250 0.026667 0.023750
5 3.498333 1.073750 0.035000 0.025000
4 0.453333 1.875000 0.033333 0.020000
4 0.995000 1.911250 0.025000 0.017500
4 0.568333 2.893750 0.018333 0.021250
5 1.000000 3.437500 0.018333 0.018750
6 1.060000 3.525000 0.018333 0.020000
6 1.125000 3.637500 0.021667 0.021250
6 1.176667 3.732500 0.021667 0.021250
6 1.248333 3.845000 0.020000 0.020000
6 1.315000 3.937500 0.018333 0.018750
4 3.366667 0.035000 0.030000 0.017500
4 3.566667 0.162500 0.030000 0.016250
6 3.771667 0.183750 0.030000 0.018750
