6 0.015625 0.235000 0.018750 0.026667
4 0.048125 0.238333 0.018750 0.030000
4 0.185625 0.310417 0.011250 0.028333
4 0.199375 0.312500 0.008750 0.025000
4 0.214688 0.313333 0.008750 0.023333
4 0.228750 0.313333 0.010000 0.026667
6 0.256563 0.310833 0.011250 0.028333
6 0.322500 0.280417 0.022500 0.010000
6 0.322813 0.265000 0.022500 0.013333
4 0.320312 0.228750 0.023750 0.026667
6 0.278438 0.217917 0.011250 0.028333
4 0.275625 0.176667 0.016250 0.010000
6 0.276875 0.145417 0.016250 0.010000
6 0.276250 0.113333 0.015000 0.010000
5 0.321875 0.134167 0.026250 0.028333
6 0.323437 0.113750 0.021250 0.025000
6 0.321875 0.092917 0.026250 0.030000
4 0.278125 0.041667 0.018750 0.010000
6 0.277500 0.009167 0.017500 0.008333
6 0.028750 0.934167 0.027500 0.011667
4 0.052500 0.885833 0.027500 0.011667
6 0.123125 0.885833 0.023750 0.011667
4 0.168750 0.938333 0.025000 0.010000
4 0.235313 0.886667 0.023750 0.010000
4 0.238437 0.938750 0.020000 0.011667
6 0.258437 0.940833 0.018750 0.011667
4 0.297187 0.942083 0.020000 0.011667
4 0.325625 0.941667 0.026250 0.010000
6 0.376250 0.885000 0.030000 0.013333
4 0.410000 0.883333 0.020000 0.010000
4 0.445625 0.887500 0.026250 0.011667
4 0.627500 0.884167 0.027500 0.011667
4 0.670312 0.884583 0.028750 0.011667
6 0.706562 0.884167 0.027500 0.015000
4 0.861875 0.750833 0.023750 0.011667
6 0.858750 0.721667 0.022500 0.013333
6 0.860000 0.593333 0.022500 0.010000
