4 3.875000 3.546667 0.025000 0.033333
4 3.611250 2.926667 0.018750 0.023333
5 3.752500 3.411667 0.028750 0.035000
6 1.427500 3.843333 0.028750 0.031667
4 1.682500 3.843333 0.026250 0.031667
4 1.733750 3.450000 0.026250 0.031667
4 1.830000 3.361667 0.027500 0.031667
4 0.257500 1.430000 0.023750 0.031667
4 0.617500 1.116667 0.023750 0.028333
6 0.703750 1.043333 0.028750 0.035000
6 1.206250 0.596667 0.027500 0.031667
6 1.492500 0.708333 0.033750 0.040000
4 1.762500 0.093333 0.026250 0.030000
6 3.095000 0.250000 0.027500 0.035000
6 3.185000 0.346667 0.027500 0.033333
4 3.538750 0.415000 0.025000 0.031667
4 0.053750 0.130000 0.013750 0.031667
4 3.297500 2.046667 0.028750 0.033333
6 3.402500 1.963333 0.026250 0.028333
6 2.682500 2.063333 0.023750 0.028333
4 2.308750 1.598333 0.026250 0.033333
6 2.572500 0.916667 0.018750 0.025000
4 2.147500 1.196667 0.016250 0.021667
6 2.686250 2.598333 0.027500 0.033333
6 2.061250 2.090000 0.031250 0.038333
4 1.926250 1.943333 0.028750 0.031667
6 1.800000 0.303333 0.027500 0.035000
4 1.098750 1.741667 0.030000 0.031667
4 3.001250 0.743333 0.028750 0.035000
4 2.950000 0.696667 0.025000 0.028333
