4 0.147083 0.874375 0.021667 0.021250
4 0.156667 0.918750 0.020000 0.020000
6 0.128333 0.986875 0.026667 0.018750
6 0.377500 0.836250 0.031667 0.022500
4 0.396667 0.853125 0.043333 0.028750
6 0.466667 0.808438 0.033333 0.022500
6 0.491667 0.819688 0.033333 0.023750
6 0.444167 0.881250 0.035000 0.025000
4 0.035000 0.076250 0.016667 0.017500
6 0.058750 0.067812 0.015000 0.021250
6 0.065000 0.117500 0.023333 0.020000
4 0.100833 0.115312 0.021667 0.022500
4 0.467500 0.429375 0.021667 0.021250
4 0.442083 0.494375 0.038333 0.013750
