6 0.793500 0.006000 0.012000 0.012000
4 0.488250 0.026500 0.012000 0.011000
4 0.549500 0.034250 0.009000 0.008000
5 0.552250 0.062750 0.019000 0.017000
6 0.506750 0.221750 0.012000 0.018000
6 0.490750 0.243000 0.007000 0.018000
6 0.274250 0.293250 0.014000 0.009000
25 0.088500 0.586500 0.019000 0.031000
25 0.076500 0.580500 0.017000 0.027000
11 0.088250 0.960500 0.023000 0.027000
5 0.600000 0.923000 0.020000 0.028000
5 0.590750 0.957500 0.013000 0.021000
5 0.021000 0.576250 0.043000 0.017000
6 0.297250 0.265500 0.019000 0.011000
6 0.250500 0.238500 0.027000 0.015000
6 0.054500 0.341000 0.023000 0.014000
6 0.044000 0.437500 0.020000 0.011000
4 0.047500 0.428500 0.019000 0.013000
4 0.051250 0.419500 0.018000 0.009000
6 0.055500 0.402750 0.019000 0.011000
6 0.059000 0.395000 0.020000 0.010000
4 0.042750 0.372250 0.022000 0.011000
6 0.063750 0.386500 0.022000 0.011000
6 0.068250 0.369500 0.021000 0.011000
4 0.068500 0.360500 0.021000 0.009000
4 0.072750 0.352750 0.019000 0.011000
4 0.076500 0.345000 0.017000 0.010000
4 0.075500 0.336250 0.021000 0.012000
6 0.060000 0.323500 0.022000 0.009000
6 0.062750 0.315000 0.020000 0.012000
4 0.084000 0.319500 0.016000 0.009000
4 0.068250 0.306250 0.023000 0.013000
4 0.021500 0.287750 0.023000 0.014000
4 0.016750 0.296500 0.023000 0.015000
6 0.013250 0.304000 0.022000 0.014000
6 0.008750 0.311500 0.018000 0.011000
4 0.007500 0.320250 0.016000 0.011000
4 0.006500 0.329000 0.014000 0.012000
4 0.005250 0.337750 0.011000 0.011000
6 0.004000 0.249000 0.010000 0.016000
4 0.025500 0.231000 0.017000 0.016000
6 0.036500 0.226000 0.017000 0.016000
4 0.068750 0.195250 0.022000 0.020000
4 0.077500 0.188500 0.021000 0.019000
4 0.085750 0.183250 0.021000 0.019000
6 0.104250 0.174750 0.019000 0.019000
4 0.111000 0.167500 0.020000 0.019000
4 0.118000 0.161000 0.020000 0.020000
6 0.125250 0.155250 0.021000 0.020000
4 0.136500 0.149500 0.019000 0.019000
4 0.143250 0.143500 0.020000 0.019000
4 0.158750 0.132250 0.019000 0.016000
4 0.167250 0.126000 0.022000 0.020000
4 0.174500 0.119500 0.021000 0.019000
4 0.182000 0.113000 0.022000 0.020000
4 0.109500 0.226500 0.019000 0.019000
6 0.117000 0.221000 0.017000 0.018000
6 0.127000 0.216000 0.020000 0.020000
6 0.133000 0.208750 0.020000 0.020000
4 0.140000 0.202500 0.019000 0.021000
6 0.151500 0.198500 0.021000 0.019000
6 0.157500 0.191000 0.019000 0.018000
6 0.190500 0.168250 0.019000 0.020000
6 0.165500 0.185500 0.019000 0.019000
4 0.135000 0.236250 0.020000 0.020000
6 0.142750 0.229250 0.017000 0.016000
4 0.149500 0.223250 0.019000 0.018000
6 0.158000 0.217000 0.018000 0.018000
4 0.166500 0.211750 0.019000 0.018000
4 0.174250 0.206500 0.020000 0.019000
6 0.181750 0.198750 0.018000 0.019000
4 0.191250 0.194000 0.019000 0.020000
6 0.198500 0.188000 0.019000 0.018000
6 0.205000 0.181000 0.018000 0.018000
4 0.213500 0.175500 0.018000 0.017000
6 0.218250 0.189000 0.018000 0.016000
5 0.227250 0.193500 0.024000 0.021000
4 0.230000 0.167000 0.022000 0.020000
6 0.221500 0.161250 0.021000 0.019000
6 0.312750 0.156000 0.019000 0.018000
6 0.300500 0.142000 0.019000 0.018000
6 0.291500 0.135250 0.019000 0.017000
6 0.283500 0.130500 0.017000 0.017000
6 0.274750 0.124000 0.019000 0.018000
6 0.268500 0.117500 0.023000 0.021000
6 0.256250 0.103250 0.018000 0.017000
6 0.246750 0.099250 0.019000 0.016000
6 0.238500 0.094000 0.021000 0.020000
4 0.905500 0.125500 0.015000 0.015000
4 0.985000 0.004750 0.022000 0.009000
6 0.979500 0.011250 0.017000 0.010000
6 0.976500 0.022500 0.019000 0.011000
6 0.887000 0.112500 0.016000 0.021000
6 0.747500 0.015000 0.019000 0.012000
4 0.487250 0.201000 0.008000 0.018000
4 0.501750 0.190750 0.015000 0.020000
4 0.430250 0.163750 0.022000 0.015000
4 0.539500 0.014250 0.013000 0.011000
6 0.569250 0.007500 0.013000 0.013000
4 0.578500 0.026000 0.019000 0.020000
4 0.608500 0.014750 0.018000 0.023000
4 0.576500 0.014500 0.019000 0.021000
4 0.507750 0.093250 0.021000 0.020000
6 0.488250 0.109000 0.018000 0.018000
4 0.455250 0.087750 0.018000 0.019000
6 0.478500 0.070500 0.017000 0.015000
6 0.468500 0.075500 0.017000 0.017000
4 0.467500 0.047000 0.019000 0.020000
6 0.453500 0.060000 0.016000 0.016000
4 0.445000 0.066000 0.018000 0.018000
6 0.383000 0.065500 0.012000 0.013000
4 0.427500 0.078000 0.017000 0.018000
4 0.414000 0.124250 0.020000 0.009000
4 0.409500 0.114000 0.019000 0.008000
4 0.400750 0.105500 0.023000 0.009000
4 0.384500 0.095000 0.021000 0.010000
4 0.373750 0.087000 0.022000 0.008000
6 0.361750 0.077250 0.022000 0.007000
4 0.288000 0.092500 0.022000 0.021000
4 0.233000 0.045250 0.020000 0.019000
6 0.185500 0.009500 0.018000 0.019000
4 0.107500 0.034500 0.017000 0.015000
4 0.023500 0.096250 0.021000 0.019000
