6 0.063750 0.205000 0.020000 0.008000
5 0.091750 0.204500 0.029000 0.009000
4 0.173500 0.412000 0.013000 0.024000
4 0.039250 0.479500 0.012000 0.017000
4 0.050750 0.478500 0.010000 0.019000
4 0.061750 0.505250 0.015000 0.019000
6 0.075000 0.506500 0.016000 0.021000
4 0.163000 0.563750 0.022000 0.009000
6 0.410500 0.068500 0.009000 0.017000
5 0.369000 0.100500 0.012000 0.021000
5 0.368000 0.196000 0.012000 0.022000
5 0.368250 0.255500 0.012000 0.023000
4 0.268000 0.279500 0.026000 0.009000
4 0.366000 0.428500 0.012000 0.019000
4 0.365000 0.480000 0.012000 0.022000
4 0.408250 0.480500 0.010000 0.019000
6 0.302500 0.550500 0.017000 0.007000
6 0.380750 0.671500 0.011000 0.017000
4 0.387750 0.729500 0.017000 0.023000
5 0.081000 0.672000 0.020000 0.026000
5 0.051000 0.657500 0.028000 0.021000
6 0.086000 0.692500 0.028000 0.017000
5 0.043750 0.683500 0.024000 0.021000
6 0.044250 0.699750 0.028000 0.024000
5 0.044000 0.718250 0.026000 0.021000
6 0.043750 0.734000 0.027000 0.010000
6 0.103750 0.680750 0.019000 0.027000
5 0.106500 0.708500 0.025000 0.013000
6 0.205500 0.725500 0.011000 0.017000
6 0.227750 0.733750 0.020000 0.024000
5 0.193000 0.839250 0.020000 0.032000
5 0.219500 0.832500 0.031000 0.013000
4 0.286750 0.756000 0.025000 0.014000
5 0.274000 0.771000 0.026000 0.012000
6 0.326500 0.812000 0.015000 0.018000
6 0.287000 0.798750 0.024000 0.028000
4 0.291000 0.931750 0.024000 0.007000
3 0.256000 0.931500 0.036000 0.015000
6 0.046750 0.948000 0.023000 0.010000
6 0.327750 0.725000 0.025000 0.020000
6 0.397000 0.767000 0.012000 0.020000
4 0.364000 0.830750 0.012000 0.020000
6 0.365000 0.856000 0.012000 0.022000
6 0.393750 0.906250 0.012000 0.018000
9 0.383500 0.726500 0.063000 0.091000
