4 0.902813 0.047917 0.017500 0.030000
3 0.810625 0.045000 0.013750 0.026667
3 0.735000 0.011667 0.027500 0.016667
4 0.700313 0.221667 0.022500 0.013333
6 0.702500 0.204167 0.025000 0.018333
6 0.705313 0.188750 0.021250 0.013333
6 0.706250 0.172083 0.022500 0.015000
4 0.624375 0.213333 0.028750 0.016667
6 0.625625 0.196667 0.026250 0.016667
4 0.628125 0.180000 0.023750 0.016667
4 0.630625 0.164167 0.026250 0.015000
4 0.636250 0.150000 0.027500 0.016667
4 0.640312 0.134167 0.022500 0.015000
6 0.640938 0.119167 0.021250 0.011667
6 0.645625 0.101667 0.026250 0.016667
4 0.575000 0.201667 0.030000 0.020000
4 0.580625 0.184583 0.026250 0.018333
4 0.583750 0.169167 0.025000 0.015000
4 0.587500 0.154583 0.025000 0.015000
6 0.593437 0.138333 0.023750 0.016667
4 0.596875 0.124167 0.023750 0.015000
6 0.601250 0.108333 0.022500 0.013333
4 0.602812 0.090000 0.025000 0.016667
6 0.653750 0.053333 0.027500 0.016667
6 0.657500 0.037500 0.025000 0.015000
4 0.613750 0.044167 0.025000 0.018333
4 0.619062 0.027500 0.023750 0.015000
4 0.663750 0.022917 0.025000 0.015000
6 0.542500 0.010000 0.025000 0.013333
4 0.541875 0.027500 0.028750 0.018333
4 0.528125 0.074167 0.028750 0.015000
4 0.525312 0.089167 0.030000 0.018333
6 0.520625 0.104583 0.026250 0.015000
4 0.521875 0.122500 0.031250 0.018333
4 0.512188 0.137083 0.028750 0.018333
6 0.511875 0.152917 0.026250 0.018333
6 0.507500 0.168750 0.025000 0.015000
6 0.504375 0.184583 0.033750 0.020000
4 0.462500 0.173750 0.025000 0.018333
6 0.468438 0.142917 0.026250 0.018333
4 0.473750 0.127500 0.030000 0.015000
4 0.473750 0.094167 0.027500 0.018333
4 0.481250 0.081250 0.027500 0.016667
4 0.486875 0.063333 0.028750 0.020000
6 0.429375 0.020417 0.016250 0.033333
6 0.400000 0.110833 0.030000 0.018333
4 0.395625 0.141667 0.026250 0.016667
4 0.390000 0.158333 0.027500 0.013333
4 0.383125 0.172500 0.026250 0.015000
4 0.352500 0.162500 0.022500 0.015000
4 0.356875 0.148333 0.026250 0.016667
4 0.368750 0.085833 0.025000 0.015000
4 0.291875 0.116250 0.028750 0.018333
6 0.298438 0.067500 0.023750 0.018333
6 0.303750 0.052083 0.027500 0.016667
4 0.306250 0.037917 0.025000 0.015000
6 0.209687 0.130417 0.025000 0.015000
6 0.105000 0.089167 0.025000 0.015000
4 0.234375 0.021667 0.028750 0.016667
4 0.479375 0.602500 0.018750 0.035000
4 0.658750 0.696667 0.015000 0.030000
6 0.643125 0.690833 0.016250 0.031667
6 0.552500 0.808750 0.030000 0.023333
6 0.810625 0.626667 0.016250 0.030000
6 0.826875 0.632917 0.016250 0.030000
4 0.753437 0.790833 0.027500 0.018333
5 0.984062 0.245000 0.012500 0.030000
