6 0.297500 0.763500 0.009000 0.017000
4 0.285000 0.766000 0.010000 0.018000
6 0.275250 0.805000 0.009000 0.014000
4 0.287000 0.805250 0.010000 0.015000
4 0.310000 0.807750 0.010000 0.016000
6 0.321000 0.808500 0.008000 0.015000
4 0.344000 0.810500 0.008000 0.015000
5 0.347000 0.840000 0.024000 0.008000
6 0.406000 0.825000 0.016000 0.006000
5 0.511000 0.735500 0.024000 0.009000
6 0.447000 0.762500 0.018000 0.007000
6 0.447250 0.773000 0.022000 0.008000
6 0.446500 0.783000 0.017000 0.008000
6 0.445250 0.812000 0.023000 0.008000
6 0.444500 0.838500 0.023000 0.007000
6 0.441500 0.849500 0.023000 0.009000
4 0.660000 0.793000 0.014000 0.016000
6 0.684500 0.812000 0.013000 0.016000
6 0.659250 0.811750 0.012000 0.016000
4 0.645000 0.812000 0.012000 0.016000
6 0.609500 0.790250 0.015000 0.017000
6 0.584000 0.790000 0.016000 0.018000
6 0.538500 0.835500 0.021000 0.019000
4 0.561750 0.839250 0.016000 0.017000
6 0.587500 0.905000 0.013000 0.018000
6 0.610750 0.904500 0.014000 0.017000
6 0.624250 0.906000 0.015000 0.020000
5 0.650000 0.909250 0.016000 0.022000
4 0.856500 0.656500 0.007000 0.011000
6 0.810500 0.651250 0.007000 0.010000
4 0.830750 0.656500 0.008000 0.011000
4 0.874000 0.698000 0.008000 0.014000
6 0.850500 0.698000 0.009000 0.016000
5 0.827250 0.693500 0.010000 0.019000
4 0.974750 0.764500 0.009000 0.017000
4 0.938000 0.764500 0.008000 0.013000
6 0.913750 0.762750 0.009000 0.018000
6 0.875750 0.759000 0.009000 0.016000
6 0.851500 0.762000 0.009000 0.014000
4 0.844750 0.715500 0.009000 0.015000
6 0.868500 0.716500 0.007000 0.015000
5 0.879000 0.717750 0.010000 0.020000
6 0.891500 0.716500 0.007000 0.015000
4 0.916000 0.719000 0.008000 0.016000
6 0.951750 0.721750 0.009000 0.015000
6 0.963750 0.720500 0.009000 0.017000
4 0.974750 0.720500 0.008000 0.015000
4 0.986000 0.721500 0.008000 0.015000
4 0.997000 0.723000 0.006000 0.016000
6 0.908750 0.401500 0.017000 0.007000
4 0.908750 0.411000 0.019000 0.008000
4 0.908000 0.420750 0.018000 0.009000
6 0.919000 0.440000 0.020000 0.010000
4 0.965500 0.433500 0.017000 0.007000
6 0.994750 0.464250 0.011000 0.007000
5 0.995250 0.437750 0.010000 0.006000
4 0.966750 0.274500 0.008000 0.015000
4 0.979500 0.276250 0.009000 0.016000
6 0.922000 0.272000 0.010000 0.018000
4 0.855000 0.329250 0.020000 0.007000
4 0.858750 0.311000 0.021000 0.010000
6 0.861750 0.297000 0.021000 0.008000
4 0.860000 0.283500 0.020000 0.007000
6 0.592000 0.438000 0.018000 0.010000
5 0.631000 0.392500 0.010000 0.017000
6 0.707000 0.332500 0.018000 0.009000
6 0.648000 0.049000 0.018000 0.008000
0 0.679250 0.030500 0.011000 0.015000
5 0.663500 0.025500 0.009000 0.019000
5 0.565750 0.056500 0.021000 0.007000
6 0.567500 0.046750 0.019000 0.007000
6 0.552000 0.076250 0.012000 0.025000
5 0.456000 0.054000 0.026000 0.008000
6 0.382000 0.051000 0.018000 0.020000
4 0.363500 0.052750 0.011000 0.018000
6 0.397500 0.123250 0.023000 0.015000
5 0.330500 0.102250 0.011000 0.018000
5 0.331750 0.082000 0.009000 0.018000
5 0.221750 0.061750 0.020000 0.013000
5 0.169500 0.045250 0.025000 0.009000
6 0.172750 0.166000 0.020000 0.012000
4 0.888250 0.487500 0.019000 0.007000
5 0.332250 0.474500 0.022000 0.009000
6 0.305000 0.472000 0.020000 0.006000
4 0.024000 0.441000 0.020000 0.008000
4 0.809250 0.125500 0.008000 0.015000
6 0.781750 0.390250 0.009000 0.018000
4 0.779000 0.447750 0.010000 0.017000
4 0.775500 0.491500 0.011000 0.017000
6 0.817750 0.245000 0.008000 0.016000
4 0.818750 0.220500 0.008000 0.017000
6 0.827000 0.143500 0.008000 0.013000
4 0.827500 0.123000 0.009000 0.016000
9 0.780500 0.496000 0.051000 0.042000
6 0.753500 0.559000 0.009000 0.016000
6 0.751500 0.578250 0.009000 0.015000
4 0.750000 0.602500 0.010000 0.017000
6 0.746500 0.622000 0.009000 0.014000
30 0.767000 0.612250 0.018000 0.078000
4 0.742000 0.670250 0.008000 0.014000
4 0.738500 0.720500 0.009000 0.015000
4 0.735500 0.738000 0.007000 0.014000
4 0.771000 0.793500 0.010000 0.017000
5 0.769250 0.819000 0.009000 0.018000
6 0.767750 0.837500 0.011000 0.015000
4 0.764000 0.857500 0.008000 0.013000
4 0.719250 0.977750 0.009000 0.016000
6 0.737000 0.977000 0.008000 0.016000
6 0.309000 0.765000 0.010000 0.018000
4 0.320000 0.765250 0.010000 0.017000
6 0.332500 0.765750 0.009000 0.016000
4 0.344500 0.764250 0.007000 0.014000
4 0.356000 0.765500 0.008000 0.017000
6 0.312000 0.746250 0.008000 0.015000
4 0.287000 0.746250 0.010000 0.016000
4 0.336250 0.706000 0.009000 0.016000
6 0.265500 0.702500 0.009000 0.015000
4 0.189250 0.696500 0.009000 0.017000
4 0.154500 0.696000 0.009000 0.018000
5 0.119750 0.694000 0.011000 0.022000
5 0.107500 0.696000 0.011000 0.022000
4 0.140250 0.739250 0.009000 0.016000
4 0.152500 0.739750 0.009000 0.016000
6 0.164250 0.741750 0.009000 0.015000
4 0.176000 0.742500 0.010000 0.017000
4 0.187500 0.742000 0.011000 0.018000
4 0.172500 0.762250 0.009000 0.018000
4 0.127500 0.758500 0.009000 0.017000
4 0.174500 0.803250 0.009000 0.016000
6 0.188500 0.804500 0.009000 0.015000
4 0.147250 0.800750 0.009000 0.015000
6 0.127000 0.802500 0.010000 0.015000
4 0.054000 0.844500 0.010000 0.015000
4 0.005500 0.755250 0.013000 0.018000
4 0.521000 0.708750 0.018000 0.007000
4 0.382750 0.707750 0.011000 0.017000
4 0.448500 0.532000 0.009000 0.014000
4 0.014250 0.690750 0.021000 0.022000
5 0.949250 0.764000 0.010000 0.018000
