6 0.402000 0.218000 0.020000 0.006000
6 0.214000 0.513500 0.008000 0.013000
4 0.121000 0.800000 0.024000 0.010000
4 0.326250 0.821500 0.023000 0.009000
4 0.464000 0.835250 0.024000 0.009000
6 0.788000 0.803750 0.022000 0.009000
6 0.660000 0.704750 0.010000 0.018000
6 0.693750 0.683500 0.029000 0.009000
4 0.667000 0.659250 0.010000 0.018000
6 0.642250 0.658000 0.008000 0.016000
5 0.616000 0.657000 0.010000 0.020000
6 0.870250 0.692750 0.022000 0.008000
4 0.869000 0.683000 0.024000 0.008000
6 0.932000 0.691500 0.020000 0.007000
6 0.928250 0.674500 0.024000 0.009000
4 0.868500 0.638500 0.023000 0.009000
6 0.870500 0.627000 0.027000 0.010000
4 0.868000 0.609500 0.022000 0.007000
4 0.869500 0.600000 0.023000 0.008000
4 0.871000 0.581750 0.022000 0.008000
4 0.872500 0.572250 0.023000 0.007000
6 0.870250 0.562250 0.023000 0.009000
6 0.902000 0.371750 0.012000 0.018000
6 0.875500 0.368750 0.009000 0.014000
4 0.863000 0.368500 0.010000 0.015000
6 0.851000 0.367000 0.012000 0.018000
6 0.827250 0.363250 0.011000 0.018000
6 0.835500 0.406000 0.009000 0.016000
4 0.820000 0.404750 0.012000 0.019000
4 0.796250 0.398500 0.017000 0.021000
4 0.710000 0.364000 0.018000 0.022000
6 0.697250 0.360500 0.014000 0.019000
4 0.683500 0.357250 0.013000 0.019000
6 0.670500 0.356250 0.011000 0.018000
4 0.657500 0.355750 0.009000 0.017000
4 0.630750 0.354250 0.010000 0.017000
6 0.732500 0.325000 0.013000 0.018000
4 0.607000 0.354500 0.008000 0.015000
6 0.400000 0.556500 0.016000 0.007000
6 0.427250 0.607500 0.017000 0.009000
6 0.121000 0.299000 0.012000 0.006000
