4 0.043125 0.375833 0.021250 0.031667
6 0.039688 0.335833 0.023750 0.035000
4 0.043125 0.193750 0.026250 0.020000
4 0.318125 0.004583 0.028750 0.010000
4 0.280313 0.225833 0.033750 0.028333
4 0.300312 0.348750 0.023750 0.033333
4 0.298750 0.380000 0.025000 0.036667
6 0.282813 0.372083 0.023750 0.036667
4 0.265000 0.400833 0.025000 0.035000
6 0.091875 0.404583 0.028750 0.028333
4 0.286250 0.513333 0.022500 0.023333
6 0.162500 0.617917 0.022500 0.033333
4 0.147813 0.614167 0.028750 0.045000
6 0.105313 0.598333 0.022500 0.033333
6 0.011875 0.606250 0.026250 0.028333
6 0.086563 0.649583 0.031250 0.026667
4 0.128125 0.674167 0.031250 0.031667
6 0.156875 0.692917 0.026250 0.023333
5 0.189062 0.710833 0.035000 0.028333
6 0.217500 0.727500 0.027500 0.025000
4 0.272813 0.760000 0.028750 0.030000
4 0.333125 0.807500 0.028750 0.021667
4 0.390625 0.840000 0.033750 0.030000
6 0.418750 0.857500 0.030000 0.025000
6 0.583750 0.960417 0.035000 0.038333
9 0.137500 0.213333 0.140000 0.206667
6 0.038125 0.982083 0.028750 0.026667
6 0.095000 0.950833 0.025000 0.035000
6 0.057188 0.634167 0.027500 0.028333
