23 0.331562 0.781667 0.146250 0.080000
23 0.338750 0.800417 0.135000 0.075000
23 0.343125 0.825833 0.135000 0.081667
23 0.508437 0.712083 0.141250 0.078333
23 0.517500 0.731250 0.141250 0.081667
23 0.522813 0.755833 0.145000 0.083333
23 0.735000 0.627500 0.233750 0.135000
23 0.745000 0.663750 0.242500 0.130000
21 0.273438 0.346667 0.210000 0.180000
23 0.063119 0.959723 0.143908 0.129446
15 0.066562 0.487500 0.036250 0.065000
15 0.095000 0.475417 0.037500 0.061667
8 0.461875 0.157500 0.041250 0.041667
9 0.663125 0.316667 0.028750 0.033333
