4 3.672500 1.143333 0.028750 0.015000
4 3.908750 2.646667 0.032500 0.023333
4 3.768750 3.518333 0.027500 0.021667
4 3.722500 3.820000 0.028750 0.020000
4 3.682500 3.896667 0.026250 0.015000
4 0.421250 1.320000 0.025000 0.016667
4 0.660000 1.963333 0.015000 0.031667
4 0.470000 1.878333 0.025000 0.015000
6 1.992500 1.813333 0.016250 0.030000
6 1.892500 1.805000 0.013750 0.028333
4 1.838750 1.788333 0.012500 0.028333
6 1.785000 1.788333 0.015000 0.026667
6 1.772500 1.906667 0.011250 0.026667
4 1.931250 1.926667 0.013750 0.030000
6 1.565000 2.180000 0.015000 0.030000
4 1.632500 2.170000 0.013750 0.028333
4 1.681250 2.191667 0.012500 0.026667
4 1.806250 2.203333 0.015000 0.028333
14 3.867500 1.706667 0.068750 0.139058
14 3.246250 1.665000 0.070000 0.140000
14 2.927500 1.640000 0.068750 0.136667
14 2.606250 1.618333 0.067500 0.135000
15 1.296641 3.690891 0.090931 0.157443
14 3.325000 3.490000 0.067500 0.136667
14 3.010000 3.516667 0.070000 0.135000
14 2.690000 3.536667 0.070000 0.135000
14 2.371250 3.568333 0.070000 0.135000
14 2.050000 3.588333 0.068750 0.136667
14 1.731250 3.615000 0.068750 0.140000
14 2.131250 1.190000 0.075000 0.041667
