4 0.025000 0.368437 0.013333 0.018750
6 0.205833 0.481563 0.031667 0.011250
6 0.251250 0.481875 0.038333 0.011250
4 0.352500 0.019688 0.015000 0.021250
6 0.395000 0.014375 0.013333 0.021250
4 0.425000 0.014375 0.026667 0.026250
4 0.908750 0.134063 0.040000 0.008750
6 0.949167 0.133750 0.035000 0.010000
6 0.955000 0.346562 0.036667 0.008750
4 0.364583 0.248125 0.011667 0.018750
4 0.371667 0.392813 0.013333 0.020000
4 0.371667 0.419375 0.013333 0.018750
6 0.479167 0.141875 0.028333 0.008750
4 0.580000 0.141250 0.036667 0.007500
4 0.810833 0.212812 0.015000 0.023750
4 0.833750 0.212500 0.016667 0.020000
6 0.857083 0.214688 0.016667 0.022500
6 0.891250 0.220938 0.036667 0.013750
4 0.887500 0.235625 0.035000 0.011250
6 0.562500 0.482500 0.031667 0.007500
6 0.651667 0.495937 0.033333 0.011250
4 0.931667 0.644375 0.030000 0.008750
4 0.957500 0.759375 0.031667 0.008750
4 0.793750 0.586875 0.015000 0.016250
4 0.791667 0.655625 0.013333 0.016250
4 0.792500 0.760312 0.015000 0.020000
4 0.790000 0.862500 0.013333 0.020000
4 0.788750 0.917500 0.015000 0.020000
6 0.595833 0.838750 0.031667 0.010000
4 0.516667 0.917188 0.013333 0.023750
5 0.510000 0.765312 0.046667 0.026250
4 0.350833 0.878125 0.015000 0.018750
6 0.246667 0.717812 0.013333 0.021250
6 0.061667 0.824688 0.016667 0.020000
4 0.039167 0.828750 0.021667 0.022500
6 0.049583 0.705625 0.031667 0.008750
4 0.099583 0.553125 0.016667 0.018750
4 0.237917 0.557500 0.015000 0.022500
6 0.195833 0.880313 0.038333 0.008750
6 0.056667 0.550625 0.013333 0.021250
6 0.910000 0.758750 0.040000 0.010000
4 0.972500 0.645625 0.038333 0.008750
4 0.117917 0.024375 0.033333 0.016250
6 0.904167 0.984375 0.035000 0.008750
6 0.950417 0.984688 0.043333 0.011250
