19 0.014944 0.562944 0.039000 0.043667
19 0.051111 0.560556 0.035556 0.041111
19 0.095278 0.565833 0.045556 0.047778
19 0.053333 0.704444 0.042222 0.044444
19 0.068889 0.726667 0.026667 0.026667
19 0.025278 0.755556 0.027778 0.024444
19 0.143889 0.713889 0.041111 0.036667
19 0.203889 0.717778 0.030000 0.028889
19 0.300833 0.621111 0.045556 0.044444
19 0.309444 0.657222 0.034444 0.032222
19 0.305556 0.683333 0.033333 0.033333
19 0.501667 0.500278 0.030000 0.031111
19 0.526944 0.508611 0.022222 0.026667
19 0.549167 0.495556 0.041111 0.042222
27 0.668056 0.496667 0.076667 0.073333
19 0.651944 0.565000 0.034444 0.034444
19 0.720556 0.599722 0.041111 0.042222
19 0.629167 0.778889 0.026667 0.026667
19 0.657222 0.776944 0.038889 0.037778
19 0.676111 0.775556 0.032222 0.031111
19 0.685833 0.799722 0.055556 0.055556
19 0.715833 0.794167 0.036667 0.036667
19 0.249444 0.714722 0.032222 0.033333
