4 0.994625 0.987386 0.011498 0.009391
4 0.974000 0.990500 0.022000 0.011000
4 0.908500 0.962500 0.013000 0.017000
6 0.902500 0.542500 0.021000 0.009000
4 0.905250 0.550250 0.020000 0.012000
4 0.906500 0.570000 0.023000 0.010000
4 0.913000 0.587750 0.024000 0.009000
6 0.839500 0.575000 0.019000 0.012000
4 0.850000 0.591250 0.024000 0.011000
6 0.853750 0.599000 0.022000 0.012000
4 0.846250 0.650750 0.022000 0.011000
4 0.939000 0.626750 0.020000 0.010000
6 0.962500 0.624250 0.021000 0.009000
4 0.990000 0.620500 0.020000 0.007000
4 0.990500 0.657750 0.009000 0.017000
4 0.985000 0.767250 0.024000 0.008000
4 0.983000 0.757500 0.024000 0.009000
4 0.892500 0.744500 0.021000 0.011000
4 0.888500 0.737250 0.021000 0.011000
6 0.856000 0.807500 0.020000 0.013000
4 0.769250 0.797500 0.013000 0.017000
4 0.781500 0.792500 0.015000 0.017000
6 0.782000 0.666750 0.022000 0.013000
4 0.712500 0.686000 0.019000 0.010000
6 0.778000 0.615000 0.018000 0.014000
4 0.845750 0.508500 0.013000 0.019000
4 0.769000 0.421750 0.014000 0.019000
6 0.863000 0.444250 0.022000 0.013000
6 0.945250 0.390500 0.011000 0.017000
6 0.962500 0.358500 0.009000 0.015000
4 0.949500 0.362250 0.011000 0.017000
4 0.928750 0.217500 0.017000 0.013000
4 0.797000 0.223500 0.012000 0.019000
4 0.892250 0.209750 0.009000 0.018000
4 0.904750 0.209000 0.010000 0.018000
6 0.896500 0.124750 0.011000 0.017000
6 0.840500 0.299000 0.019000 0.012000
4 0.742500 0.512000 0.015000 0.018000
4 0.659250 0.521250 0.014000 0.018000
4 0.618750 0.347500 0.021000 0.013000
4 0.630750 0.403750 0.014000 0.016000
5 0.613000 0.373250 0.024000 0.010000
6 0.770250 0.150500 0.012000 0.017000
4 0.764000 0.135500 0.010000 0.015000
6 0.691500 0.222000 0.021000 0.014000
6 0.467750 0.083750 0.008000 0.017000
6 0.487750 0.059500 0.015000 0.007000
6 0.430000 0.067000 0.020000 0.010000
4 0.200500 0.046750 0.007000 0.016000
4 0.152500 0.047750 0.009000 0.018000
4 0.043250 0.062500 0.009000 0.017000
4 0.071750 0.105000 0.017000 0.008000
6 0.101500 0.103000 0.017000 0.008000
4 0.045500 0.133500 0.013000 0.017000
6 0.062000 0.132500 0.012000 0.019000
6 0.035000 0.168500 0.014000 0.017000
4 0.068500 0.231000 0.021000 0.012000
6 0.123250 0.222750 0.012000 0.017000
5 0.111500 0.226500 0.015000 0.021000
4 0.132750 0.220750 0.015000 0.018000
6 0.180000 0.210250 0.014000 0.015000
4 0.209500 0.215000 0.015000 0.018000
4 0.317000 0.156250 0.024000 0.009000
4 0.325750 0.171750 0.013000 0.008000
6 0.353750 0.220000 0.015000 0.012000
4 0.453250 0.312250 0.011000 0.014000
9 0.423500 0.281000 0.065000 0.060000
4 0.107000 0.261000 0.014000 0.018000
6 0.190500 0.247750 0.013000 0.017000
4 0.165000 0.252000 0.012000 0.018000
6 0.145500 0.268500 0.015000 0.019000
4 0.151250 0.286000 0.013000 0.018000
4 0.171500 0.285500 0.009000 0.013000
4 0.180000 0.304000 0.014000 0.020000
4 0.272500 0.307500 0.019000 0.011000
4 0.215500 0.321750 0.025000 0.013000
6 0.166250 0.355500 0.019000 0.011000
6 0.209000 0.392500 0.014000 0.017000
4 0.238750 0.419000 0.024000 0.014000
6 0.241000 0.406250 0.020000 0.011000
4 0.331250 0.396000 0.014000 0.008000
4 0.304000 0.492000 0.022000 0.012000
6 0.317750 0.505000 0.021000 0.008000
4 0.401000 0.504000 0.014000 0.018000
4 0.430500 0.497250 0.013000 0.018000
9 0.541000 0.519500 0.072000 0.063000
4 0.399000 0.564500 0.020000 0.011000
4 0.459000 0.574000 0.012000 0.016000
6 0.442000 0.596500 0.014000 0.017000
4 0.594750 0.602500 0.013000 0.017000
4 0.525250 0.712500 0.012000 0.017000
9 0.632750 0.721500 0.061000 0.061000
4 0.630500 0.676500 0.013000 0.017000
4 0.593500 0.869000 0.015000 0.018000
6 0.625250 0.859250 0.014000 0.019000
6 0.636250 0.857000 0.013000 0.018000
4 0.648000 0.854000 0.014000 0.016000
6 0.587500 0.936500 0.015000 0.019000
4 0.644250 0.925250 0.015000 0.018000
4 0.690500 0.869000 0.015000 0.018000
6 0.711000 0.907750 0.014000 0.016000
4 0.734000 0.958500 0.016000 0.021000
4 0.774750 0.960250 0.012000 0.014000
4 0.746000 0.984000 0.014000 0.020000
6 0.041500 0.273000 0.015000 0.018000
9 0.063000 0.363000 0.086000 0.088000
4 0.061000 0.312000 0.014000 0.018000
4 0.118000 0.425000 0.014000 0.018000
4 0.008500 0.485500 0.009000 0.015000
5 0.196500 0.508500 0.021000 0.013000
9 0.186000 0.594250 0.092000 0.108000
4 0.187000 0.558500 0.014000 0.019000
4 0.107250 0.656000 0.008000 0.008000
4 0.268500 0.651250 0.017000 0.009000
4 0.273750 0.661000 0.022000 0.014000
4 0.229250 0.700500 0.016000 0.021000
9 0.302500 0.798500 0.079000 0.073000
11 0.428000 0.801500 0.008000 0.011000
4 0.358750 0.669750 0.021000 0.012000
6 0.397000 0.672750 0.016000 0.019000
6 0.406000 0.689000 0.014000 0.018000
6 0.384750 0.716750 0.020000 0.011000
4 0.390500 0.724250 0.021000 0.013000
6 0.398250 0.741500 0.019000 0.011000
6 0.440750 0.753750 0.021000 0.011000
4 0.410250 0.760500 0.022000 0.011000
4 0.384500 0.767500 0.021000 0.013000
6 0.382750 0.778500 0.025000 0.013000
4 0.362500 0.773500 0.021000 0.013000
4 0.275500 0.810250 0.019000 0.007000
6 0.155250 0.748500 0.019000 0.011000
6 0.137000 0.728250 0.010000 0.018000
4 0.096500 0.728750 0.019000 0.017000
4 0.066000 0.815500 0.020000 0.007000
4 0.040000 0.817500 0.018000 0.007000
4 0.056250 0.888000 0.007000 0.012000
4 0.306500 0.902500 0.019000 0.011000
4 0.338500 0.841250 0.017000 0.018000
4 0.353500 0.868500 0.015000 0.019000
6 0.403000 0.878500 0.012000 0.017000
4 0.437000 0.876500 0.012000 0.013000
6 0.461250 0.920500 0.018000 0.011000
4 0.452000 0.973250 0.022000 0.012000
6 0.471000 0.967250 0.020000 0.013000
4 0.384000 0.921500 0.014000 0.017000
4 0.408500 0.966250 0.015000 0.018000
4 0.343250 0.988750 0.020000 0.006000
4 0.266500 0.995250 0.015000 0.008000
4 0.825750 0.140250 0.013000 0.016000
6 0.151250 0.739000 0.017000 0.012000
