6 1.484000 0.183000 0.012000 0.013000
6 3.161000 1.980000 0.015000 0.020000
6 1.044000 1.631000 0.014000 0.017000
21 3.431439 3.548257 0.401719 0.422515
6 3.243000 0.592000 0.015000 0.018000
6 3.287000 0.576000 0.015000 0.018000
6 3.330000 0.568000 0.015000 0.018000
4 3.082000 0.642000 0.015000 0.019000
6 3.162000 0.616000 0.017000 0.022000
6 3.037000 0.654000 0.012000 0.015000
6 2.756000 0.736000 0.018000 0.020000
6 1.638000 1.067000 0.009000 0.012000
4 1.846000 1.006000 0.013000 0.015000
4 1.806000 1.018000 0.013000 0.017000
4 1.764000 1.033000 0.014000 0.017000
6 1.721000 1.044000 0.012000 0.016000
6 1.967000 0.968000 0.013000 0.018000
6 2.009000 0.948000 0.013000 0.018000
6 2.095000 0.922000 0.015000 0.019000
4 2.263000 0.877000 0.017000 0.021000
4 2.313000 0.860000 0.018000 0.022000
6 3.619000 0.935000 0.016000 0.019000
4 3.716000 0.914000 0.016000 0.019000
6 3.660000 0.918000 0.016000 0.019000
4 3.784000 1.155000 0.016000 0.019000
6 3.741000 1.169000 0.015000 0.019000
30 3.174000 1.314000 0.063000 0.023000
6 2.887000 1.421000 0.016000 0.020000
6 3.113000 1.077000 0.016000 0.019000
4 3.304000 1.029000 0.016000 0.020000
6 2.906000 0.965000 0.015000 0.018000
6 2.597000 1.058000 0.015000 0.017000
6 2.637000 1.042000 0.015000 0.019000
6 2.500000 1.088000 0.014000 0.020000
6 1.884000 1.188000 0.014000 0.018000
4 2.176000 0.722000 0.016000 0.019000
6 2.653900 0.021800 0.014000 0.012800
6 2.596552 0.027379 0.014276 0.018310
6 2.554000 0.044000 0.017000 0.020000
6 2.170000 0.184000 0.021000 0.030000
5 2.110000 0.193000 0.023000 0.031000
6 1.328000 0.726000 0.024000 0.015000
4 1.556000 0.622000 0.016000 0.021000
4 1.468000 0.452000 0.016000 0.020000
6 1.605000 0.530000 0.021000 0.013000
6 1.747000 0.289000 0.012000 0.018000
4 1.605000 0.418000 0.013000 0.017000
4 1.514000 0.444000 0.017000 0.020000
6 1.478000 0.374000 0.017000 0.021000
4 1.435000 0.385000 0.016000 0.019000
4 1.186000 0.418000 0.025000 0.011000
4 1.173000 0.386000 0.022000 0.011000
6 1.161000 0.350000 0.024000 0.013000
6 1.200000 0.446000 0.026000 0.015000
4 1.229000 0.483000 0.024000 0.014000
6 1.662000 0.111000 0.015000 0.020000
6 1.800000 0.072000 0.014000 0.018000
4 1.709000 0.099000 0.016000 0.020000
6 2.784000 0.922000 0.016000 0.019000
4 2.824000 0.912000 0.016000 0.018000
6 2.426000 1.030000 0.015000 0.019000
6 2.476000 1.018000 0.012000 0.017000
4 2.321000 1.142000 0.016000 0.021000
4 2.336000 1.056000 0.016000 0.020000
4 2.238000 1.087000 0.013000 0.017000
6 2.191000 1.182000 0.015000 0.019000
6 2.142000 1.192000 0.015000 0.020000
6 2.067000 1.135000 0.014000 0.018000
6 2.017000 1.147000 0.017000 0.020000
6 1.968000 1.153000 0.016000 0.020000
4 1.930000 1.174000 0.013000 0.017000
6 1.888000 0.988000 0.016000 0.020000
6 1.549000 1.094000 0.015000 0.019000
6 1.842000 1.203000 0.017000 0.020000
6 1.798000 1.217000 0.015000 0.020000
6 1.872000 1.273000 0.014000 0.019000
6 2.104000 1.201000 0.014000 0.018000
4 1.971000 1.240000 0.016000 0.020000
4 1.920000 1.252000 0.016000 0.020000
6 1.828000 1.281000 0.014000 0.020000
4 2.034000 1.492000 0.015000 0.020000
6 1.991000 1.498000 0.015000 0.019000
6 1.942000 1.509000 0.013000 0.018000
6 2.500000 1.269000 0.014000 0.018000
6 2.682000 1.224000 0.015000 0.018000
6 2.670000 1.306000 0.015000 0.017000
4 2.347000 1.388000 0.017000 0.022000
6 2.225000 1.349000 0.014000 0.018000
6 2.180000 1.365000 0.014000 0.018000
4 1.954000 1.429000 0.017000 0.020000
6 1.737000 2.030000 0.018000 0.025000
6 0.629000 3.734000 0.025000 0.015000
6 0.644000 1.762000 0.014000 0.017000
4 0.690000 1.741000 0.015000 0.018000
4 0.111000 1.720000 0.016000 0.020000
6 0.065000 1.733000 0.017000 0.021000
6 0.018400 1.740800 0.016800 0.020400
6 0.326000 1.542000 0.013000 0.017000
4 0.686000 1.542000 0.015000 0.019000
6 0.828000 1.510000 0.014000 0.019000
6 0.594000 1.572000 0.015000 0.020000
4 1.096000 1.622000 0.014000 0.019000
6 0.915000 1.668000 0.012000 0.014000
6 0.081000 1.166000 0.015000 0.019000
6 0.333000 1.260000 0.016000 0.020000
6 0.384000 1.248000 0.014000 0.018000
6 0.418000 1.320000 0.015000 0.020000
4 0.509000 1.298000 0.015000 0.019000
6 0.566000 1.202000 0.013000 0.015000
4 0.500000 1.033000 0.016000 0.020000
6 0.585000 1.005000 0.015000 0.019000
6 0.632000 0.992000 0.014000 0.018000
6 0.747000 1.146000 0.016000 0.021000
6 0.582000 0.643000 0.017000 0.010000
6 0.664000 0.556000 0.016000 0.010000
6 0.562000 0.584000 0.017000 0.010000
6 0.610000 0.390000 0.017000 0.011000
6 0.471000 0.418000 0.017000 0.011000
6 1.004000 0.050000 0.022000 0.013000
6 3.960386 2.484804 0.021000 0.014304
6 3.930000 2.384000 0.023000 0.014000
6 3.888000 2.326000 0.020000 0.013000
6 3.971722 2.055744 0.015278 0.012444
4 3.916000 1.924000 0.022000 0.014000
4 3.772000 1.630000 0.024000 0.015000
4 2.559000 2.897000 0.015000 0.019000
4 2.524000 2.920000 0.016000 0.022000
4 2.602000 2.892000 0.015000 0.020000
6 2.644000 2.868000 0.012000 0.014000
6 2.685000 2.860000 0.013000 0.016000
6 2.732000 2.843000 0.012000 0.013000
6 2.824000 2.824000 0.014000 0.016000
6 2.912000 2.794000 0.018000 0.023000
6 2.952000 2.778000 0.014000 0.015000
6 3.038000 2.748000 0.013000 0.016000
6 3.080000 2.736000 0.014000 0.016000
6 3.174000 2.712000 0.013000 0.014000
6 2.960000 2.586000 0.016000 0.019000
6 3.093000 2.548000 0.016000 0.018000
6 3.059000 2.568000 0.016000 0.018000
6 2.860000 2.616000 0.016000 0.018000
4 2.733000 2.656000 0.015000 0.018000
6 2.644000 2.683000 0.014000 0.018000
6 2.602000 2.698000 0.015000 0.019000
6 2.467000 2.377000 0.016000 0.019000
4 2.350000 2.211000 0.015000 0.020000
6 2.450000 2.192000 0.015000 0.018000
4 2.486000 2.174000 0.017000 0.021000
6 2.580000 2.147000 0.014000 0.018000
4 2.399000 2.209000 0.016000 0.021000
4 2.612000 2.333000 0.016000 0.020000
6 2.533000 2.352000 0.013000 0.016000
6 2.704000 2.319000 0.014000 0.018000
6 2.742000 2.306000 0.015000 0.019000
6 2.787000 2.286000 0.015000 0.017000
6 2.850000 2.268000 0.017000 0.020000
6 3.430000 1.946000 0.019000 0.013000
4 3.446000 1.984000 0.021000 0.012000
6 3.321000 1.701000 0.018000 0.012000
4 3.086000 1.655000 0.017000 0.021000
4 2.668000 1.766000 0.016000 0.019000
4 2.632000 1.781000 0.016000 0.020000
6 2.496000 1.820000 0.014000 0.018000
6 2.447000 1.832000 0.014000 0.018000
4 2.358000 1.865000 0.015000 0.019000
6 2.184000 1.918000 0.016000 0.021000
4 2.677000 2.126000 0.016000 0.021000
6 2.762000 2.094000 0.013000 0.017000
6 2.850000 2.060000 0.015000 0.018000
4 2.984000 2.025000 0.016000 0.019000
4 2.893000 2.050000 0.016000 0.019000
6 2.803000 2.074000 0.014000 0.017000
4 2.624000 2.132000 0.014000 0.018000
6 1.900000 1.716000 0.016000 0.020000
6 2.038000 1.681000 0.013000 0.017000
6 2.134000 1.649000 0.015000 0.017000
4 2.081000 1.666000 0.019000 0.023000
6 1.913000 1.449000 0.014000 0.017000
6 2.777000 0.067000 0.015000 0.020000
6 2.819000 0.052000 0.014000 0.018000
6 2.909200 0.026400 0.015400 0.018800
6 2.900000 0.220000 0.016000 0.020000
6 2.998000 0.197000 0.015000 0.018000
6 3.045000 0.187000 0.015000 0.020000
6 3.092000 0.176000 0.016000 0.020000
6 3.124000 0.240000 0.016000 0.020000
6 3.081000 0.260000 0.016000 0.020000
4 2.715000 0.578000 0.017000 0.023000
6 3.158000 0.426000 0.013000 0.013000
6 3.259000 0.408000 0.015000 0.018000
4 3.301000 0.396000 0.016000 0.020000
4 3.390000 0.378000 0.017000 0.021000
4 3.294000 0.031000 0.021000 0.015000
4 3.333000 0.100000 0.022000 0.012000
4 3.338000 0.136000 0.021000 0.012000
6 3.417000 0.276000 0.025000 0.014000
4 3.402000 0.237000 0.027000 0.016000
4 3.364000 0.168000 0.024000 0.014000
4 3.380000 0.205000 0.024000 0.015000
6 3.075000 0.457000 0.013000 0.013000
6 3.122000 0.444000 0.013000 0.016000
4 3.880000 0.598000 0.014000 0.019000
4 3.921000 0.580000 0.016000 0.020000
6 3.890000 0.670000 0.017000 0.021000
6 3.932000 0.656000 0.018000 0.022000
4 3.846000 0.683000 0.015000 0.020000
4 3.800000 0.691000 0.014000 0.019000
4 3.748000 0.706000 0.016000 0.019000
4 3.713000 0.723000 0.016000 0.020000
6 3.628000 0.755000 0.016000 0.021000
6 3.582000 0.768000 0.015000 0.020000
6 3.492000 0.792000 0.014000 0.018000
6 3.444000 0.807000 0.014000 0.019000
6 3.361000 0.746000 0.015000 0.019000
6 3.454000 0.721000 0.015000 0.017000
4 3.596000 0.692000 0.016000 0.020000
4 3.553000 0.703000 0.016000 0.019000
6 3.636000 0.678000 0.016000 0.019000
4 3.761000 0.626000 0.015000 0.019000
4 3.810000 0.614000 0.015000 0.019000
4 3.678000 0.658000 0.015000 0.017000
4 3.721000 0.640000 0.016000 0.018000
4 2.333000 2.068000 0.016000 0.020000
4 2.432000 2.045000 0.016000 0.019000
