4 0.605313 0.977500 0.027500 0.025000
4 0.701250 0.978750 0.027500 0.026667
6 0.494375 0.917917 0.031250 0.028333
4 0.466250 0.900000 0.030000 0.030000
4 0.435312 0.881250 0.025000 0.021667
6 0.405000 0.866250 0.027500 0.026667
4 0.373125 0.847500 0.026250 0.025000
6 0.348750 0.833333 0.025000 0.023333
4 0.315625 0.815000 0.026250 0.023333
6 0.278125 0.793333 0.028750 0.026667
4 0.246250 0.776667 0.025000 0.023333
4 0.220938 0.761667 0.025000 0.023333
6 0.313750 0.761250 0.035000 0.031667
5 0.281250 0.745833 0.032500 0.028333
6 0.253125 0.746667 0.028750 0.023333
4 0.192500 0.747500 0.027500 0.025000
6 0.161250 0.728333 0.027500 0.023333
6 0.130000 0.707917 0.030000 0.030000
4 0.098125 0.693333 0.021250 0.020000
4 0.070625 0.677500 0.023750 0.018333
4 0.045312 0.663333 0.026250 0.023333
4 0.018125 0.649167 0.026250 0.025000
3 0.067187 0.626667 0.052500 0.043333
6 0.012188 0.592083 0.026250 0.030000
4 0.960625 0.611250 0.018750 0.018333
6 0.903125 0.622500 0.023750 0.021667
4 0.938125 0.598750 0.026250 0.025000
5 0.840000 0.585417 0.032500 0.028333
4 0.912500 0.583333 0.027500 0.023333
4 0.886563 0.568333 0.025000 0.023333
4 0.692187 0.458750 0.023750 0.023333
4 0.667500 0.444167 0.022500 0.021667
4 0.646563 0.477500 0.025000 0.025000
4 0.597187 0.432500 0.026250 0.028333
4 0.560000 0.416667 0.022500 0.016667
4 0.533438 0.414167 0.028750 0.025000
6 0.505313 0.400000 0.023750 0.023333
4 0.520312 0.361667 0.022500 0.023333
4 0.422812 0.306250 0.020000 0.020000
4 0.435312 0.359167 0.015000 0.018333
4 0.416250 0.348333 0.025000 0.023333
4 0.392500 0.335000 0.025000 0.023333
4 0.365938 0.320000 0.026250 0.023333
6 0.308750 0.288333 0.027500 0.023333
4 0.280625 0.274167 0.026250 0.025000
4 0.251250 0.256250 0.020000 0.020000
4 0.245938 0.208333 0.025000 0.023333
4 0.189688 0.175417 0.025000 0.025000
4 0.163125 0.161667 0.026250 0.023333
6 0.106563 0.175000 0.035000 0.030000
4 0.098750 0.125000 0.022500 0.023333
4 0.882500 0.137500 0.025000 0.025000
6 0.856563 0.074167 0.028750 0.028333
6 0.803750 0.042917 0.032500 0.031667
6 0.024375 0.053333 0.021250 0.033333
4 0.030312 0.007917 0.021250 0.020000
