4 0.040625 0.285000 0.016250 0.030000
5 0.302187 0.041667 0.026250 0.023333
4 0.278438 0.100000 0.018750 0.030000
6 0.483750 0.132917 0.017500 0.026667
5 0.633750 0.025000 0.020000 0.036667
4 0.733437 0.048333 0.027500 0.030000
4 0.659375 0.100417 0.021250 0.035000
6 0.367500 0.367917 0.017500 0.028333
4 0.189062 0.676250 0.026250 0.021667
4 0.225312 0.661667 0.026250 0.023333
4 0.145625 0.693750 0.026250 0.021667
6 0.066562 0.887083 0.018750 0.031667
6 0.173125 0.770833 0.018750 0.018333
7 0.339062 0.956250 0.033750 0.028333
4 0.875313 0.736667 0.016250 0.030000
