4 0.016250 0.059167 0.027500 0.021667
4 0.111875 0.026667 0.026250 0.020000
4 0.105000 0.039583 0.025000 0.020000
6 0.094062 0.060417 0.028750 0.021667
4 0.089375 0.076250 0.026250 0.023333
4 0.083750 0.090000 0.027500 0.023333
5 0.076250 0.102500 0.027500 0.021667
4 0.070938 0.117083 0.026250 0.021667
4 0.063437 0.130833 0.028750 0.025000
6 0.055000 0.143750 0.027500 0.023333
4 0.047813 0.173333 0.027500 0.020000
4 0.145000 0.023333 0.027500 0.020000
4 0.140000 0.037500 0.027500 0.021667
6 0.130625 0.049583 0.023750 0.021667
5 0.122813 0.071667 0.033750 0.030000
5 0.117188 0.086667 0.028750 0.023333
4 0.111250 0.101667 0.030000 0.023333
6 0.105625 0.115833 0.028750 0.021667
4 0.100000 0.130000 0.027500 0.020000
6 0.091250 0.142500 0.027500 0.021667
4 0.075625 0.183333 0.026250 0.023333
6 0.068750 0.197917 0.027500 0.021667
4 0.061562 0.212083 0.026250 0.020000
4 0.052187 0.238333 0.026250 0.020000
4 0.045937 0.253333 0.027500 0.023333
6 0.076875 0.379167 0.026250 0.021667
4 0.069375 0.392500 0.026250 0.018333
3 0.126562 0.191667 0.032500 0.050000
4 0.365000 0.044167 0.020000 0.028333
4 0.391875 0.067083 0.021250 0.031667
6 0.406562 0.073333 0.022500 0.030000
4 0.486250 0.141667 0.020000 0.026667
4 0.330000 0.111667 0.020000 0.026667
4 0.343125 0.119583 0.026250 0.033333
4 0.355000 0.130417 0.020000 0.028333
4 0.366563 0.140000 0.022500 0.030000
4 0.390000 0.159167 0.022500 0.031667
4 0.403125 0.168333 0.021250 0.030000
6 0.416563 0.180417 0.022500 0.031667
4 0.428125 0.187500 0.021250 0.028333
4 0.441250 0.198333 0.022500 0.030000
4 0.408750 0.213333 0.022500 0.030000
4 0.396875 0.202500 0.021250 0.028333
4 0.421250 0.221667 0.022500 0.030000
4 0.324062 0.143750 0.020000 0.026667
6 0.335000 0.155833 0.022500 0.028333
6 0.015938 0.687500 0.012500 0.028333
6 0.106250 0.698333 0.022500 0.033333
8 0.883090 0.306907 0.238890 0.221388
