15 0.818333 0.091875 0.108333 0.107500
4 0.892500 0.051250 0.035000 0.010000
4 0.896667 0.075000 0.036667 0.010000
4 0.900000 0.096875 0.033333 0.008750
4 0.901250 0.109375 0.036667 0.008750
6 0.908750 0.131250 0.031667 0.010000
4 0.909583 0.154688 0.036667 0.011250
6 0.913333 0.165937 0.043333 0.011250
4 0.920833 0.189375 0.028333 0.008750
4 0.924167 0.201250 0.028333 0.010000
4 0.986667 0.234375 0.016667 0.021250
4 0.975417 0.583438 0.041667 0.010000
4 0.981667 0.628437 0.036667 0.008750
4 0.980833 0.641250 0.038333 0.010000
4 0.984167 0.654062 0.038333 0.011250
4 0.983750 0.688125 0.033333 0.008750
5 0.984583 0.697187 0.031667 0.012500
4 0.987083 0.710000 0.026667 0.010000
4 0.989583 0.432812 0.021667 0.012500
6 0.987500 0.405000 0.026667 0.012500
4 0.975000 0.318437 0.033333 0.011250
4 0.967500 0.334062 0.038333 0.011250
4 0.984167 0.350000 0.033333 0.015000
4 0.897083 0.327188 0.038333 0.012500
4 0.990000 0.367188 0.020000 0.011250
6 0.914167 0.374375 0.038333 0.011250
6 0.839583 0.384062 0.040000 0.012500
4 0.876250 0.362812 0.035000 0.011250
6 0.794167 0.356875 0.038333 0.011250
4 0.769167 0.392813 0.038333 0.011250
4 0.831667 0.438750 0.033333 0.010000
4 0.686250 0.483750 0.036667 0.015000
4 0.664583 0.474375 0.035000 0.011250
4 0.677917 0.443125 0.033333 0.011250
6 0.714583 0.399062 0.036667 0.011250
6 0.697500 0.383437 0.035000 0.012500
4 0.702917 0.368750 0.036667 0.010000
6 0.622500 0.361250 0.038333 0.012500
4 0.644583 0.407500 0.036667 0.012500
4 0.570417 0.415625 0.036667 0.013750
5 0.561667 0.399687 0.046667 0.013750
6 0.554167 0.385625 0.041667 0.013750
5 0.498333 0.375312 0.050000 0.016250
4 0.471667 0.395625 0.036667 0.011250
4 0.481667 0.411875 0.036667 0.011250
6 0.441667 0.432188 0.036667 0.012500
5 0.377917 0.422500 0.053333 0.017500
4 0.310417 0.445625 0.040000 0.013750
6 0.243333 0.455000 0.033333 0.010000
6 0.255417 0.439063 0.038333 0.013750
4 0.248333 0.421563 0.036667 0.011250
6 0.165000 0.402187 0.036667 0.012500
6 0.182500 0.446562 0.038333 0.012500
5 0.181667 0.462187 0.043333 0.011250
6 0.083750 0.437500 0.035000 0.012500
5 0.102500 0.454375 0.048333 0.013750
6 0.119167 0.470313 0.035000 0.010000
6 0.503333 0.477812 0.043333 0.013750
6 0.505833 0.508437 0.038333 0.012500
4 0.393750 0.524375 0.043333 0.013750
6 0.351667 0.510312 0.033333 0.012500
6 0.076667 0.529687 0.036667 0.011250
5 0.153333 0.548750 0.043333 0.012500
4 0.043333 0.577187 0.033333 0.011250
4 0.052500 0.478438 0.038333 0.013750
4 0.420000 0.778125 0.036667 0.013750
6 0.603333 0.808125 0.036667 0.013750
4 0.751250 0.709063 0.030000 0.021250
6 0.813750 0.766875 0.023333 0.021250
4 0.843750 0.823438 0.021667 0.023750
4 0.888333 0.856875 0.033333 0.021250
4 0.977500 0.879062 0.038333 0.013750
32 0.472500 0.201875 0.171667 0.106250
