6 3.498000 0.894000 0.021000 0.009000
6 1.598000 3.776000 0.017000 0.016000
6 1.699000 3.852000 0.022000 0.018000
6 1.910000 3.780000 0.019000 0.018000
6 1.826000 3.700000 0.017000 0.016000
3 1.070000 3.736000 0.031000 0.024000
6 0.922000 3.812000 0.027000 0.022000
6 0.816000 3.871000 0.026000 0.020000
4 0.704000 3.927000 0.024000 0.019000
5 0.352000 3.918000 0.020000 0.021000
6 0.264000 3.958000 0.022000 0.021000
4 0.277000 3.732000 0.019000 0.020000
4 0.241000 3.753000 0.020000 0.018000
4 0.207000 3.777000 0.019000 0.020000
6 0.153000 3.795000 0.022000 0.022000
4 1.155000 3.549000 0.023000 0.019000
5 1.114000 3.525000 0.023000 0.019000
6 1.079000 3.500000 0.019000 0.016000
6 1.052000 3.470000 0.020000 0.017000
6 1.000000 3.420000 0.018000 0.014000
4 0.965000 3.395000 0.022000 0.019000
4 0.907000 3.347000 0.020000 0.019000
6 0.510000 3.256000 0.021000 0.020000
6 0.558000 3.236000 0.017000 0.018000
6 0.788000 2.789000 0.024000 0.017000
6 0.652000 2.727000 0.024000 0.016000
4 0.844000 2.672000 0.024000 0.016000
6 0.627000 2.565000 0.022000 0.016000
5 0.546000 2.523000 0.022000 0.017000
6 0.277000 2.368000 0.025000 0.020000
6 0.157000 2.301000 0.016000 0.016000
6 0.079000 2.168000 0.019000 0.018000
4 0.047000 2.134000 0.015000 0.015000
6 2.208000 0.818000 0.024000 0.009000
6 2.510000 1.631000 0.011000 0.017000
6 2.508000 1.270000 0.010000 0.015000
4 2.508000 1.178000 0.010000 0.019000
4 2.508000 0.978000 0.010000 0.013000
5 2.503000 0.887000 0.012000 0.020000
6 2.386000 0.728000 0.009000 0.016000
6 2.386000 0.651000 0.009000 0.016000
6 2.386000 0.496000 0.009000 0.016000
6 2.500000 0.660000 0.012000 0.018000
6 2.498000 0.498000 0.009000 0.017000
4 2.498000 0.181000 0.009000 0.018000
4 2.496000 0.269000 0.012000 0.013000
4 2.494000 0.067000 0.011000 0.018000
6 2.770000 2.445000 0.027000 0.023000
4 2.673000 2.269000 0.027000 0.027000
4 2.104000 2.068000 0.022000 0.018000
6 1.385000 1.798000 0.017000 0.017000
5 1.346000 1.542000 0.017000 0.015000
6 1.118000 1.669000 0.021000 0.021000
4 1.592000 1.680000 0.020000 0.018000
4 1.389000 1.665000 0.024000 0.019000
6 0.172000 1.795000 0.020000 0.018000
6 0.134000 1.774000 0.019000 0.017000
4 0.057000 1.728000 0.020000 0.018000
6 0.755000 1.210000 0.022000 0.017000
6 0.849000 0.079000 0.011000 0.015000
4 0.850000 0.498000 0.011000 0.015000
3 0.696000 0.640000 0.032000 0.026000
9 0.187000 0.897000 0.087000 0.087000
6 0.020000 1.042000 0.012000 0.014000
6 3.896000 3.282000 0.024000 0.011000
6 3.882000 3.358000 0.027000 0.015000
4 3.972000 2.950000 0.006000 0.007000
6 3.247000 3.521000 0.014000 0.017000
6 3.458000 3.706000 0.021000 0.013000
4 2.590000 3.454000 0.031000 0.019000
6 2.835000 3.420000 0.017000 0.022000
9 2.038000 3.322000 0.139000 0.131000
6 1.472000 2.506000 0.022000 0.021000
6 1.492000 2.232000 0.020000 0.022000
3 0.368000 3.114000 0.024000 0.023000
5 0.943000 3.362000 0.017000 0.013000
9 2.480000 1.930000 0.080000 0.057000
4 3.743000 2.277000 0.021000 0.018000
6 1.208000 2.865000 0.026000 0.019000
6 2.183000 0.399000 0.027000 0.011000
4 2.212000 0.677000 0.022000 0.011000
4 3.568000 1.832000 0.024000 0.006000
4 3.330000 1.562000 0.009000 0.017000
6 3.481000 1.293000 0.015000 0.008000
6 3.415000 0.157000 0.022000 0.012000
