6 2.040000 3.450000 0.036667 0.010000
11 3.666667 0.882500 0.026667 0.021250
11 3.586667 0.858750 0.023333 0.020000
6 3.283333 1.002500 0.031667 0.026250
4 2.910000 0.865000 0.035000 0.025000
4 3.303333 0.773750 0.028333 0.022500
6 3.166667 0.720000 0.033333 0.022500
6 2.953333 0.630000 0.030000 0.022500
6 1.200000 0.540000 0.030000 0.022500
5 2.600000 2.695000 0.020000 0.025000
5 2.526667 2.697500 0.016667 0.023750
5 2.366667 2.700000 0.016667 0.022500
5 2.441667 2.697500 0.016667 0.026250
6 2.276667 2.705000 0.018333 0.020000
6 2.201667 2.703750 0.018333 0.020000
6 2.041667 2.702500 0.021667 0.021250
6 1.820000 2.387500 0.020000 0.023750
4 1.486667 2.392500 0.016667 0.021250
6 1.345000 2.392500 0.018333 0.018750
4 1.255000 2.395000 0.018333 0.022500
6 1.115000 2.373750 0.020000 0.021250
4 1.016667 2.377500 0.015000 0.021250
4 1.496667 2.081250 0.015000 0.021250
6 1.026667 2.200000 0.030000 0.022500
4 1.415000 2.082500 0.015000 0.021250
4 1.340000 2.185000 0.016667 0.022500
6 1.271667 2.087500 0.015000 0.018750
6 1.195000 2.086250 0.016667 0.018750
4 1.105000 2.077500 0.018333 0.018750
6 1.033333 2.088750 0.016667 0.021250
6 0.958333 1.913750 0.018333 0.017500
6 1.433333 1.895000 0.016667 0.020000
6 0.176667 1.443750 0.035000 0.017500
