4 0.910833 0.027187 0.038333 0.010000
4 0.950000 0.028125 0.036667 0.011250
4 0.993750 0.060625 0.013333 0.021250
4 0.846667 0.268750 0.040000 0.012500
4 0.995000 0.279375 0.013333 0.026250
4 0.909583 0.353750 0.023333 0.022500
6 0.794167 0.364375 0.038333 0.013750
6 0.800000 0.513125 0.026667 0.023750
6 0.853333 0.520000 0.026667 0.025000
4 0.880000 0.562500 0.036667 0.017500
4 0.872917 0.603125 0.040000 0.018750
6 0.634583 0.604375 0.036667 0.018750
6 0.496250 0.697500 0.028333 0.022500
4 0.474583 0.691875 0.030000 0.023750
6 0.178750 0.911875 0.040000 0.018750
6 0.177917 0.895000 0.036667 0.017500
6 0.317083 0.818750 0.033333 0.020000
4 0.234167 0.715000 0.025000 0.022500
4 0.095417 0.692813 0.025000 0.022500
4 0.076667 0.684063 0.030000 0.025000
6 0.069583 0.635625 0.036667 0.018750
5 0.083750 0.567500 0.030000 0.027500
6 0.165000 0.589375 0.023333 0.021250
4 0.229583 0.588125 0.031667 0.023750
6 0.282500 0.446562 0.035000 0.015000
6 0.189583 0.374688 0.035000 0.013750
6 0.191667 0.363125 0.036667 0.013750
5 0.180000 0.347187 0.043333 0.016250
6 0.295833 0.379375 0.021667 0.021250
4 0.266667 0.342813 0.023333 0.022500
5 0.262500 0.275938 0.045000 0.021250
4 0.445833 0.259375 0.038333 0.016250
4 0.395833 0.224062 0.021667 0.016250
4 0.366667 0.095625 0.036667 0.013750
4 0.370000 0.108438 0.046667 0.020000
4 0.513333 0.186875 0.036667 0.011250
6 0.505000 0.817813 0.033333 0.022500
4 0.582917 0.811250 0.036667 0.022500
4 0.591667 0.800625 0.033333 0.021250
4 0.624167 0.814375 0.038333 0.021250
4 0.619583 0.826250 0.031667 0.020000
6 0.970833 0.897500 0.021667 0.030000
