4 1.830000 3.084000 0.007000 0.012000
6 1.713000 3.094000 0.012000 0.019000
4 2.616000 3.809000 0.020000 0.009000
6 2.444000 3.884000 0.010000 0.018000
4 0.609000 1.420000 0.008000 0.012000
9 0.558000 2.858000 0.079000 0.055000
4 2.333000 2.665000 0.024000 0.010000
5 3.934000 3.404000 0.023000 0.028000
6 3.550000 2.825000 0.017000 0.021000
21 3.030000 1.696000 0.017000 0.020000
4 2.389000 2.499000 0.020000 0.008000
4 0.741000 3.664000 0.021000 0.010000
5 1.360000 2.956000 0.026000 0.010000
6 2.409000 2.596000 0.010000 0.018000
4 0.690000 0.426000 0.009000 0.021000
4 0.159000 0.280000 0.017000 0.008000
5 1.396000 1.595000 0.012000 0.019000
6 2.553000 2.742000 0.013000 0.021000
6 2.704000 2.999000 0.022000 0.008000
5 1.769000 3.117000 0.010000 0.020000
5 0.183000 2.907000 0.029000 0.010000
6 0.296000 0.290000 0.018000 0.007000
6 2.555000 0.917000 0.016000 0.018000
4 2.762000 1.278000 0.017000 0.021000
4 3.234000 2.182000 0.017000 0.021000
6 3.430000 2.423000 0.015000 0.019000
4 3.747000 3.043000 0.017000 0.021000
6 3.724000 3.138000 0.018000 0.023000
5 1.044000 3.691000 0.020000 0.009000
