6 2.802000 0.714000 0.023000 0.011000
4 2.082000 1.016000 0.017000 0.006000
6 2.106000 0.970000 0.015000 0.009000
4 2.013000 0.972000 0.022000 0.008000
6 0.085000 1.122000 0.021000 0.015000
6 0.094000 1.188000 0.023000 0.016000
4 0.080000 2.792000 0.014000 0.018000
6 0.880000 3.263000 0.018000 0.011000
5 0.990000 3.475000 0.017000 0.014000
6 1.162000 3.754000 0.009000 0.017000
6 1.082000 3.572000 0.019000 0.016000
6 1.284000 3.499000 0.020000 0.014000
6 1.147000 3.327000 0.019000 0.015000
4 1.166000 3.358000 0.019000 0.013000
16 2.459000 3.539000 0.011000 0.041000
16 2.455000 3.742000 0.011000 0.047000
16 2.451000 3.925000 0.011000 0.037000
6 2.666000 3.884000 0.009000 0.012000
6 2.658000 3.967000 0.009000 0.016000
6 2.661000 3.820000 0.009000 0.016000
6 2.670000 3.672000 0.011000 0.018000
4 2.664000 3.602000 0.010000 0.015000
6 2.656000 3.530000 0.010000 0.017000
6 2.666000 3.302000 0.009000 0.011000
6 2.665000 3.244000 0.008000 0.014000
6 2.669000 3.159000 0.008000 0.017000
6 2.678000 3.078000 0.011000 0.015000
6 3.009000 2.694000 0.006000 0.019000
4 3.050000 2.698000 0.009000 0.019000
4 2.973000 2.801000 0.009000 0.018000
4 3.013000 2.801000 0.008000 0.017000
4 2.970000 2.712000 0.009000 0.018000
6 2.679000 2.804000 0.012000 0.018000
6 2.679000 2.712000 0.010000 0.016000
6 2.688000 2.481000 0.010000 0.017000
4 2.162000 1.292000 0.009000 0.010000
5 2.109000 1.284000 0.011000 0.022000
6 1.670000 1.284000 0.021000 0.006000
4 1.680000 1.250000 0.020000 0.007000
5 1.357000 1.279000 0.009000 0.021000
5 1.497000 1.220000 0.023000 0.008000
6 1.492000 1.259000 0.016000 0.007000
4 1.495000 1.298000 0.020000 0.009000
5 1.488000 1.332000 0.020000 0.008000
6 1.484000 1.373000 0.020000 0.010000
4 1.482000 1.411000 0.021000 0.010000
6 1.486000 1.450000 0.017000 0.009000
5 1.491000 1.497000 0.025000 0.011000
5 1.491000 1.545000 0.023000 0.009000
5 1.473000 1.577000 0.022000 0.007000
6 1.485000 1.615000 0.018000 0.008000
4 1.475000 1.709000 0.020000 0.009000
5 2.300000 1.806000 0.022000 0.007000
6 2.286000 1.846000 0.017000 0.007000
5 2.294000 1.883000 0.023000 0.009000
4 2.222000 2.304000 0.007000 0.018000
4 2.219000 2.206000 0.009000 0.017000
4 2.174000 2.208000 0.009000 0.018000
4 2.118000 2.208000 0.009000 0.016000
4 1.814000 2.306000 0.009000 0.019000
11 1.857000 2.321000 0.008000 0.010000
6 1.908000 2.308000 0.010000 0.018000
5 1.955000 2.300000 0.015000 0.020000
4 1.994000 2.304000 0.011000 0.020000
5 2.048000 2.306000 0.014000 0.021000
4 2.097000 2.305000 0.013000 0.020000
6 2.141000 2.307000 0.011000 0.019000
6 2.187000 2.308000 0.009000 0.016000
6 3.545000 0.620000 0.019000 0.008000
4 3.274000 0.856000 0.019000 0.008000
6 3.390000 0.866000 0.019000 0.007000
4 3.532000 0.810000 0.018000 0.007000
6 3.517000 0.857000 0.023000 0.008000
4 3.650000 0.816000 0.021000 0.006000
3 3.675000 0.863000 0.027000 0.009000
5 3.793000 0.816000 0.023000 0.008000
4 3.817000 0.853000 0.020000 0.007000
6 3.976000 0.814000 0.012000 0.007000
5 3.947000 0.858000 0.019000 0.007000
9 2.700000 0.930000 0.110000 0.075000
