5 0.966500 0.458250 0.021000 0.019000
6 0.911000 0.465500 0.018000 0.017000
6 0.880500 0.440250 0.021000 0.019000
6 0.874250 0.432500 0.018000 0.015000
6 0.689000 0.325750 0.022000 0.022000
6 0.705750 0.314000 0.018000 0.018000
6 0.843000 0.214000 0.018000 0.018000
6 0.917500 0.160500 0.011000 0.011000
5 0.953750 0.184750 0.022000 0.023000
6 0.239000 0.990500 0.014000 0.019000
6 0.882000 0.881250 0.016000 0.010000
6 0.840000 0.864000 0.016000 0.010000
5 0.875000 0.834750 0.024000 0.015000
4 0.932000 0.782750 0.024000 0.013000
6 0.948000 0.437000 0.016000 0.014000
6 0.942000 0.429500 0.018000 0.015000
6 0.934250 0.424000 0.020000 0.018000
6 0.925000 0.414500 0.020000 0.017000
21 0.275250 0.503500 0.424000 0.392000
21 0.456500 0.369500 0.425000 0.393000
21 0.586250 0.157250 0.246000 0.210000
