6 0.089167 0.011875 0.035000 0.011250
6 0.017917 0.800000 0.018333 0.015000
4 0.192500 0.724375 0.018333 0.023750
6 0.275000 0.672813 0.013333 0.021250
6 0.399167 0.671250 0.015000 0.022500
6 0.342083 0.641875 0.038333 0.013750
6 0.262500 0.596875 0.035000 0.008750
6 0.307917 0.598125 0.040000 0.011250
6 0.635833 0.675000 0.015000 0.022500
6 0.674167 0.647188 0.035000 0.010000
6 0.760417 0.640000 0.031667 0.010000
6 0.793750 0.671562 0.016667 0.023750
4 0.765833 0.591875 0.018333 0.023750
6 0.712083 0.585313 0.018333 0.022500
6 0.681250 0.589688 0.018333 0.025000
3 0.868333 0.587187 0.020000 0.036250
4 0.795000 0.228750 0.030000 0.012500
