6 0.940000 0.455417 0.027500 0.031667
4 0.868750 0.401667 0.022500 0.026667
4 0.735000 0.405833 0.025000 0.025000
6 0.678750 0.377917 0.020000 0.028333
4 0.146250 0.026667 0.022500 0.013333
4 0.144687 0.055417 0.023750 0.013333
4 0.092188 0.105833 0.025000 0.015000
4 0.059687 0.107917 0.028750 0.015000
6 0.100000 0.581667 0.012500 0.026667
4 0.087500 0.614167 0.017500 0.025000
4 0.646250 0.353750 0.022500 0.025000
4 0.633750 0.362500 0.025000 0.028333
4 0.628125 0.373750 0.026250 0.030000
4 0.463750 0.522083 0.025000 0.018333
4 0.436250 0.547500 0.017500 0.031667
6 0.737500 0.634167 0.025000 0.025000
4 0.709688 0.675000 0.023750 0.026667
4 0.804688 0.805417 0.021250 0.021667
4 0.795312 0.818750 0.026250 0.026667
6 0.740000 0.897500 0.020000 0.021667
4 0.730938 0.907500 0.022500 0.025000
6 0.860313 0.843750 0.022500 0.033333
6 0.400000 0.049583 0.025000 0.030000
