2 3.126667 2.898750 0.115000 0.100000
2 1.788333 2.610000 0.165000 0.136250
2 1.886667 2.557500 0.125000 0.103750
2 2.001667 2.518750 0.153333 0.125000
2 2.103333 2.461250 0.148333 0.123750
2 2.208333 2.428750 0.096667 0.080000
2 1.965000 2.207500 0.130000 0.023750
2 3.940000 2.000000 0.054000 0.067500
22 3.411667 2.243750 0.053333 0.066250
2 3.841667 1.190000 0.080000 0.106250
2 2.271667 1.096250 0.131667 0.127500
2 2.335000 1.006250 0.118333 0.117500
2 2.456667 0.996250 0.116667 0.113750
2 2.535000 0.925000 0.115000 0.112500
2 2.616667 0.866250 0.110000 0.111250
2 2.731667 0.836250 0.116667 0.115000
22 1.848333 1.396250 0.151667 0.125000
24 1.886667 1.263750 0.060000 0.055000
22 3.143333 0.635000 0.121667 0.165000
24 3.088333 0.786250 0.050000 0.062500
22 3.903333 0.517500 0.091667 0.129024
24 3.816667 0.582500 0.040000 0.048750
24 3.735000 0.388750 0.035000 0.042500
2 0.578333 0.873750 0.100000 0.075000
