21 0.906681 0.751945 0.500862 0.694103
4 0.515000 0.576667 0.020000 0.033333
4 0.420938 0.936250 0.027500 0.016667
6 0.411250 0.891250 0.025000 0.016667
4 0.453750 0.810833 0.020000 0.031667
4 0.405625 0.859583 0.026250 0.018333
4 0.404375 0.843333 0.026250 0.016667
4 0.401250 0.823333 0.035000 0.023333
6 0.399062 0.702500 0.022500 0.031667
4 0.383437 0.676667 0.022500 0.033333
4 0.363125 0.640417 0.023750 0.033333
4 0.343438 0.609167 0.027500 0.035000
6 0.282813 0.519167 0.013750 0.025000
6 0.299375 0.527500 0.013750 0.025000
6 0.311563 0.536667 0.013750 0.023333
6 0.325625 0.545417 0.016250 0.026667
6 0.355625 0.579167 0.021250 0.028333
5 0.382188 0.609167 0.027500 0.038333
5 0.407500 0.646250 0.025000 0.036667
6 0.425000 0.677500 0.022500 0.035000
4 0.529687 0.688750 0.027500 0.028333
4 0.501250 0.703333 0.027500 0.026667
4 0.471875 0.719167 0.028750 0.028333
6 0.547813 0.642917 0.020000 0.035000
6 0.530000 0.606667 0.020000 0.036667
4 0.497500 0.535000 0.022500 0.033333
6 0.482500 0.507917 0.022500 0.031667
6 0.438750 0.451250 0.020000 0.033333
6 0.422500 0.453750 0.017500 0.030000
6 0.410000 0.457917 0.022500 0.035000
6 0.396250 0.465000 0.020000 0.033333
6 0.381875 0.470833 0.021250 0.035000
6 0.366250 0.475833 0.022500 0.035000
6 0.463438 0.586667 0.025000 0.023333
4 0.468125 0.600833 0.026250 0.025000
4 0.499688 0.662500 0.026250 0.025000
6 0.491875 0.645833 0.026250 0.021667
6 0.485625 0.628333 0.023750 0.023333
6 0.476875 0.615000 0.021250 0.023333
6 0.453750 0.565833 0.027500 0.028333
4 0.439375 0.538333 0.028750 0.030000
4 0.432188 0.521250 0.031250 0.031667
4 0.395313 0.518750 0.030000 0.028333
4 0.404062 0.535417 0.030000 0.031667
4 0.412500 0.554583 0.027500 0.025000
4 0.420312 0.567917 0.026250 0.023333
6 0.426875 0.583333 0.023750 0.023333
6 0.438437 0.600000 0.026250 0.023333
4 0.438125 0.617500 0.026250 0.021667
4 0.447500 0.630000 0.025000 0.020000
4 0.458437 0.640833 0.027500 0.025000
4 0.466250 0.657500 0.027500 0.028333
4 0.473125 0.673333 0.028750 0.026667
6 0.334688 0.493750 0.021250 0.035000
