6 0.025000 0.752000 0.008000 0.018000
4 0.083000 0.672250 0.018000 0.007000
4 0.157250 0.642500 0.010000 0.017000
5 0.155000 0.693250 0.026000 0.008000
6 0.205500 0.659250 0.011000 0.017000
4 0.238500 0.727250 0.011000 0.020000
6 0.238500 0.746750 0.009000 0.016000
4 0.240000 0.775250 0.010000 0.019000
4 0.240750 0.812000 0.010000 0.016000
6 0.151500 0.822000 0.019000 0.006000
4 0.128000 0.821750 0.024000 0.007000
4 0.152500 0.828250 0.023000 0.007000
4 0.128000 0.828750 0.024000 0.007000
6 0.054500 0.822000 0.021000 0.006000
4 0.153500 0.880000 0.023000 0.008000
4 0.150500 0.889000 0.023000 0.008000
4 0.126000 0.888250 0.022000 0.007000
4 0.155500 0.895750 0.021000 0.007000
4 0.140000 0.904000 0.018000 0.008000
6 0.066000 0.904500 0.022000 0.007000
6 0.088250 0.905000 0.021000 0.006000
6 0.075500 0.911500 0.023000 0.007000
4 0.101500 0.911750 0.023000 0.006000
4 0.110000 0.932000 0.016000 0.006000
4 0.140000 0.953500 0.020000 0.007000
4 0.293250 0.952000 0.021000 0.008000
6 0.552500 0.933000 0.029000 0.008000
3 0.503500 0.926750 0.029000 0.007000
6 0.685500 0.874000 0.009000 0.016000
4 0.791250 0.855000 0.010000 0.018000
6 0.887750 0.387000 0.008000 0.018000
4 0.473500 0.229000 0.023000 0.010000
5 0.408000 0.228750 0.026000 0.008000
6 0.228500 0.053000 0.009000 0.018000
6 0.839500 0.954250 0.021000 0.008000
6 0.289250 0.693750 0.023000 0.009000
6 0.321500 0.694500 0.021000 0.007000
6 0.296000 0.638000 0.008000 0.014000
4 0.337000 0.436500 0.020000 0.007000
4 0.451000 0.456750 0.024000 0.009000
4 0.470750 0.377750 0.010000 0.018000
4 0.560000 0.484000 0.024000 0.010000
6 0.584500 0.480000 0.011000 0.014000
4 0.612500 0.409500 0.007000 0.015000
6 0.629000 0.408000 0.010000 0.014000
6 0.754500 0.460500 0.021000 0.009000
4 0.705000 0.478750 0.010000 0.012000
4 0.856500 0.178250 0.025000 0.008000
4 0.893500 0.155250 0.021000 0.008000
6 0.952500 0.157000 0.023000 0.008000
9 0.204500 0.220750 0.061000 0.048000
14 0.019000 0.121500 0.038000 0.081000
14 0.080750 0.122250 0.050000 0.081000
4 0.378250 0.772250 0.016000 0.009000
9 0.223000 0.685750 0.074000 0.045000
9 0.222000 0.943250 0.058000 0.036000
9 0.211750 0.446750 0.058000 0.041000
4 0.070500 0.400250 0.011000 0.018000
4 0.089000 0.418000 0.012000 0.020000
9 0.792500 0.441750 0.051000 0.056000
9 0.788500 0.682250 0.053000 0.037000
4 0.869000 0.673500 0.024000 0.009000
4 0.918750 0.456750 0.011000 0.015000
4 0.975500 0.910750 0.011000 0.018000
6 0.115000 0.904500 0.020000 0.007000
6 0.128750 0.896500 0.016000 0.007000
