6 1.782000 0.410000 0.017000 0.009000
6 0.435000 3.417000 0.010000 0.015000
9 1.704000 3.576000 0.140000 0.056000
6 0.218000 3.540000 0.023000 0.008000
6 1.150000 3.537000 0.019000 0.006000
6 1.236000 3.539000 0.020000 0.006000
4 0.632000 2.806000 0.020000 0.019000
6 0.708000 2.678000 0.018000 0.017000
6 0.635000 2.626000 0.020000 0.017000
6 0.494000 2.510000 0.017000 0.015000
6 0.114000 3.170000 0.019000 0.005000
6 0.918000 0.205000 0.021000 0.011000
6 0.846000 0.176000 0.011000 0.008000
4 0.297000 0.063000 0.021000 0.011000
4 0.204000 0.035000 0.022000 0.011000
6 3.072000 0.796000 0.018000 0.012000
6 3.236000 0.860000 0.020000 0.012000
4 3.879000 1.670000 0.019000 0.005000
5 3.669000 1.674000 0.025000 0.009000
6 3.288000 1.676000 0.022000 0.006000
6 3.482000 1.766000 0.019000 0.007000
6 2.902000 1.767000 0.021000 0.006000
4 2.562000 1.769000 0.021000 0.007000
11 2.095000 1.764000 0.023000 0.008000
4 1.778000 1.766000 0.017000 0.007000
6 1.602000 1.770000 0.015000 0.007000
4 0.554000 1.767000 0.021000 0.009000
4 2.094000 3.026000 0.009000 0.015000
6 2.472000 3.912000 0.016000 0.014000
6 2.116000 3.958000 0.016000 0.015000
4 2.046000 3.901000 0.019000 0.016000
6 1.952000 3.825000 0.020000 0.018000
6 3.008000 1.767000 0.020000 0.006000
