6 0.990833 0.595625 0.018333 0.008750
6 0.798333 0.547500 0.026667 0.007500
6 0.785833 0.595938 0.031667 0.008750
6 0.783333 0.583750 0.030000 0.010000
4 0.585833 0.503750 0.015000 0.020000
4 0.388750 0.581250 0.016667 0.020000
6 0.410000 0.582500 0.016667 0.020000
6 0.433333 0.582812 0.016667 0.020000
6 0.452917 0.585625 0.015000 0.023750
5 0.493750 0.588437 0.018333 0.026250
6 0.498750 0.655625 0.015000 0.021250
6 0.475417 0.653750 0.013333 0.020000
4 0.455000 0.653750 0.013333 0.020000
6 0.433333 0.653438 0.013333 0.018750
6 0.415000 0.651875 0.013333 0.018750
4 0.392500 0.650000 0.015000 0.020000
6 0.349583 0.649687 0.013333 0.018750
4 0.307500 0.647500 0.015000 0.020000
4 0.294583 0.670625 0.013333 0.016250
4 0.317083 0.670000 0.013333 0.017500
6 0.362083 0.671875 0.015000 0.018750
6 0.388333 0.673750 0.013333 0.017500
4 0.408333 0.672188 0.013333 0.017500
6 0.427083 0.677500 0.013333 0.017500
4 0.443750 0.676875 0.015000 0.018750
6 0.466250 0.677500 0.013333 0.017500
6 0.553333 0.681250 0.013333 0.022500
6 0.357917 0.730000 0.013333 0.017500
4 0.417500 0.751250 0.011667 0.017500
4 0.482500 0.755625 0.015000 0.018750
6 0.504167 0.757188 0.015000 0.017500
4 0.545833 0.759375 0.011667 0.018750
3 0.567083 0.750313 0.020000 0.031250
5 0.576250 0.812813 0.013333 0.023750
6 0.552500 0.811250 0.015000 0.020000
6 0.528333 0.811250 0.013333 0.020000
4 0.508333 0.809688 0.013333 0.017500
4 0.486667 0.808750 0.013333 0.017500
4 0.464583 0.809375 0.015000 0.018750
4 0.442083 0.801562 0.015000 0.017500
4 0.423333 0.801875 0.013333 0.018750
4 0.378333 0.801875 0.013333 0.016250
6 0.399583 0.883750 0.038333 0.010000
4 0.602917 0.869375 0.013333 0.018750
6 0.709583 0.888125 0.035000 0.008750
6 0.705417 0.913125 0.033333 0.008750
4 0.702500 0.925000 0.028333 0.010000
6 0.794167 0.945000 0.035000 0.010000
6 0.793333 0.918125 0.030000 0.008750
4 0.793333 0.884687 0.026667 0.008750
4 0.758333 0.818438 0.013333 0.018750
5 0.740417 0.816562 0.016667 0.023750
6 0.696250 0.814063 0.013333 0.018750
4 0.675833 0.818750 0.015000 0.020000
6 0.677500 0.790937 0.011667 0.015000
4 0.694167 0.792500 0.011667 0.017500
4 0.714167 0.791875 0.011667 0.018750
4 0.735000 0.791875 0.013333 0.021250
4 0.720417 0.746875 0.013333 0.018750
6 0.820417 0.752188 0.015000 0.022500
6 0.978333 0.824375 0.026667 0.018750
6 0.949167 0.822500 0.028333 0.020000
6 0.927083 0.825313 0.031667 0.023750
6 0.892500 0.820000 0.028333 0.020000
6 0.866250 0.820937 0.033333 0.023750
4 0.889583 0.800625 0.013333 0.018750
4 0.910000 0.801250 0.013333 0.020000
6 0.943333 0.801562 0.013333 0.018750
6 0.964167 0.800937 0.015000 0.017500
6 0.992500 0.805000 0.011667 0.020000
4 0.990833 0.756250 0.015000 0.017500
6 0.972500 0.755938 0.015000 0.018750
6 0.951667 0.756250 0.013333 0.017500
6 0.933333 0.754375 0.013333 0.021250
4 0.913750 0.753750 0.013333 0.017500
6 0.892500 0.753125 0.015000 0.018750
6 0.894167 0.731250 0.028333 0.010000
4 0.979167 0.684688 0.015000 0.021250
4 0.795000 0.134063 0.030000 0.008750
6 0.767083 0.206875 0.033333 0.008750
6 0.732500 0.303125 0.028333 0.013750
4 0.642917 0.262500 0.026667 0.007500
6 0.645833 0.250000 0.028333 0.007500
4 0.571667 0.427187 0.030000 0.011250
6 0.653333 0.393750 0.010000 0.015000
4 0.492083 0.255312 0.030000 0.011250
4 0.472917 0.158750 0.036667 0.010000
6 0.408333 0.045312 0.033333 0.010000
6 0.658333 0.023750 0.030000 0.010000
6 0.042500 0.180000 0.015000 0.020000
6 0.022500 0.179375 0.011667 0.016250
4 0.990417 0.485938 0.020000 0.007500
6 0.974583 0.451875 0.028333 0.008750
5 0.822083 0.477187 0.035000 0.008750
4 0.820833 0.441875 0.035000 0.008750
6 0.736250 0.436250 0.030000 0.010000
4 0.539583 0.461250 0.030000 0.007500
4 0.475417 0.420000 0.030000 0.010000
6 0.423333 0.456875 0.030000 0.006250
4 0.330833 0.451250 0.031667 0.010000
4 0.036250 0.912500 0.013333 0.020000
4 0.047500 0.798750 0.011667 0.015000
6 0.066667 0.650000 0.013333 0.020000
4 0.072917 0.576875 0.015000 0.018750
5 0.077500 0.550000 0.018333 0.025000
4 0.086667 0.478125 0.013333 0.018750
6 0.149583 0.493125 0.013333 0.016250
9 0.129167 0.420938 0.101667 0.057500
4 0.111667 0.302187 0.016667 0.022500
4 0.114167 0.274375 0.011667 0.018750
4 0.172500 0.292812 0.015000 0.016250
4 0.180833 0.229687 0.015000 0.020000
6 0.154167 0.086563 0.018333 0.027500
4 0.040833 0.864688 0.015000 0.017500
