6 0.028000 0.398000 0.008000 0.017000
4 0.084000 0.388000 0.012000 0.018000
5 0.208000 0.207000 0.026000 0.007000
6 0.205000 0.170000 0.026000 0.009000
6 0.207000 0.126000 0.021000 0.005000
4 0.213000 0.026000 0.019000 0.009000
6 0.336000 0.036000 0.008000 0.016000
6 0.337000 0.126000 0.011000 0.017000
4 0.402000 0.669000 0.023000 0.009000
4 0.308000 0.622000 0.022000 0.011000
4 0.908000 0.540000 0.022000 0.010000
5 1.200000 0.055000 0.014000 0.021000
4 1.525000 0.057000 0.021000 0.006000
4 2.676000 0.029000 0.012000 0.015000
4 3.046000 0.271000 0.021000 0.009000
