6 1.212000 0.013000 0.022000 0.009000
4 0.700000 2.966000 0.018000 0.015000
6 0.720000 2.998000 0.018000 0.015000
6 0.740000 3.028000 0.020000 0.014000
6 0.760000 3.058000 0.020000 0.015000
6 0.779000 3.090000 0.019000 0.015000
6 0.798000 3.120000 0.019000 0.014000
4 0.814000 3.148000 0.019000 0.014000
4 0.838000 3.178000 0.019000 0.015000
4 0.857000 3.206000 0.020000 0.013000
4 0.873000 3.238000 0.018000 0.013000
4 0.888000 3.268000 0.018000 0.014000
4 0.903000 3.306000 0.020000 0.015000
6 0.998000 3.264000 0.025000 0.016000
6 1.012000 3.309000 0.022000 0.015000
4 1.106000 3.350000 0.015000 0.017000
4 1.174000 3.312000 0.015000 0.018000
6 1.113000 3.264000 0.019000 0.016000
6 1.092000 3.222000 0.018000 0.015000
4 1.257000 3.278000 0.017000 0.019000
4 1.296000 3.260000 0.018000 0.022000
4 1.136000 3.543000 0.020000 0.015000
6 1.718000 3.448000 0.019000 0.014000
5 2.889000 2.692000 0.024000 0.018000
6 3.058000 2.679000 0.025000 0.019000
4 3.665000 2.414000 0.023000 0.015000
6 0.674000 2.792000 0.015000 0.018000
6 0.722000 2.863000 0.017000 0.020000
4 0.720000 2.754000 0.016000 0.019000
6 0.777000 2.703000 0.018000 0.015000
4 0.801000 2.731000 0.019000 0.016000
6 0.822000 2.762000 0.019000 0.017000
6 0.853000 2.794000 0.019000 0.015000
6 0.878000 2.826000 0.017000 0.015000
6 0.920000 2.876000 0.020000 0.016000
4 0.950000 2.906000 0.019000 0.015000
6 0.970000 2.936000 0.021000 0.016000
6 0.989000 2.969000 0.019000 0.015000
6 0.819000 2.944000 0.016000 0.018000
6 0.862000 3.009000 0.015000 0.019000
6 0.910000 3.076000 0.015000 0.018000
6 1.011000 2.996000 0.019000 0.016000
6 1.034000 3.028000 0.019000 0.014000
6 1.054000 3.056000 0.019000 0.016000
4 1.081000 3.082000 0.019000 0.015000
4 1.098000 3.114000 0.019000 0.015000
6 1.168000 3.086000 0.018000 0.013000
4 1.148000 3.054000 0.018000 0.015000
6 1.128000 3.024000 0.018000 0.014000
6 1.104000 2.992000 0.018000 0.014000
6 1.078000 2.964000 0.017000 0.014000
6 1.062000 2.935000 0.017000 0.013000
6 1.039000 2.908000 0.017000 0.014000
4 1.018000 2.874000 0.019000 0.015000
6 0.994000 2.848000 0.019000 0.016000
6 0.970000 2.818000 0.019000 0.015000
4 0.944000 2.787000 0.018000 0.014000
6 0.922000 2.758000 0.017000 0.013000
6 0.890000 2.730000 0.019000 0.015000
6 0.874000 2.700000 0.019000 0.016000
6 0.848000 2.668000 0.020000 0.016000
4 1.018000 2.578000 0.019000 0.017000
4 1.103000 2.536000 0.022000 0.018000
4 1.188000 2.492000 0.020000 0.016000
5 1.393000 2.521000 0.024000 0.020000
6 1.220000 2.641000 0.018000 0.014000
6 1.175000 2.699000 0.020000 0.016000
6 1.225000 2.765000 0.018000 0.014000
4 1.245000 2.799000 0.019000 0.014000
4 1.267000 2.827000 0.019000 0.014000
4 1.330000 2.760000 0.021000 0.016000
9 1.355000 2.791000 0.023000 0.018000
6 1.282000 2.864000 0.017000 0.014000
6 1.312000 2.893000 0.022000 0.018000
4 1.332000 2.927000 0.020000 0.016000
6 1.357000 2.952000 0.017000 0.014000
5 1.367000 2.990000 0.024000 0.019000
4 1.435000 2.921000 0.020000 0.016000
4 1.394000 2.856000 0.021000 0.014000
6 1.450000 2.341000 0.023000 0.019000
4 1.414000 2.551000 0.019000 0.016000
4 1.438000 2.586000 0.021000 0.015000
4 1.462000 2.615000 0.019000 0.015000
4 1.497000 2.640000 0.018000 0.014000
5 1.503000 2.676000 0.024000 0.018000
4 1.536000 2.710000 0.022000 0.017000
4 1.558000 2.736000 0.019000 0.014000
4 1.573000 2.770000 0.022000 0.017000
4 1.602000 2.802000 0.021000 0.015000
6 1.630000 2.834000 0.017000 0.013000
5 1.690000 2.935000 0.023000 0.017000
6 1.729000 2.832000 0.020000 0.016000
4 1.712000 2.798000 0.018000 0.013000
4 1.690000 2.765000 0.021000 0.015000
4 1.660000 2.735000 0.020000 0.015000
4 1.633000 2.706000 0.019000 0.015000
6 1.615000 2.673000 0.019000 0.015000
4 1.586000 2.646000 0.017000 0.015000
4 1.568000 2.605000 0.018000 0.014000
6 1.541000 2.583000 0.017000 0.014000
4 1.524000 2.547000 0.020000 0.016000
5 1.510000 2.510000 0.021000 0.015000
4 1.474000 2.478000 0.019000 0.015000
4 1.706000 2.370000 0.021000 0.015000
4 1.754000 2.441000 0.021000 0.015000
4 1.810000 2.569000 0.021000 0.017000
4 1.839000 2.601000 0.021000 0.017000
4 1.914000 2.706000 0.021000 0.017000
4 2.042000 2.642000 0.015000 0.019000
4 1.533000 3.154000 0.014000 0.017000
4 1.568000 3.135000 0.016000 0.020000
4 1.606000 3.114000 0.017000 0.021000
6 1.654000 3.090000 0.015000 0.017000
6 1.694000 3.073000 0.015000 0.019000
4 1.736000 3.050000 0.016000 0.017000
4 1.841000 3.016000 0.017000 0.020000
4 1.916000 2.976000 0.014000 0.016000
6 1.962000 2.962000 0.015000 0.017000
4 2.004000 2.944000 0.014000 0.016000
4 2.047000 2.926000 0.016000 0.019000
4 2.086000 2.906000 0.015000 0.017000
6 2.128000 2.890000 0.016000 0.017000
4 2.164000 2.866000 0.016000 0.019000
6 2.206000 2.854000 0.015000 0.019000
6 2.238000 2.832000 0.015000 0.016000
6 2.284000 2.822000 0.018000 0.021000
4 2.328000 2.804000 0.016000 0.020000
4 2.364000 2.783000 0.014000 0.017000
4 2.406000 2.772000 0.015000 0.018000
4 2.446000 2.751000 0.015000 0.019000
4 2.482000 2.731000 0.015000 0.019000
4 2.519000 2.712000 0.015000 0.018000
6 2.558000 2.694000 0.015000 0.017000
6 2.604000 2.686000 0.016000 0.019000
6 2.641000 2.667000 0.014000 0.017000
6 2.678000 2.648000 0.015000 0.018000
6 2.721000 2.633000 0.015000 0.018000
4 2.760000 2.616000 0.014000 0.018000
4 2.799000 2.601000 0.016000 0.019000
4 2.881000 2.567000 0.016000 0.019000
4 2.918000 2.547000 0.015000 0.019000
6 2.957000 2.527000 0.015000 0.019000
4 2.997000 2.512000 0.015000 0.018000
4 3.036000 2.496000 0.014000 0.016000
4 3.075000 2.477000 0.016000 0.019000
6 3.118000 2.460000 0.015000 0.018000
4 3.156000 2.448000 0.014000 0.018000
4 3.198000 2.430000 0.015000 0.017000
4 2.158000 2.689000 0.015000 0.018000
4 2.234000 2.656000 0.015000 0.018000
4 2.274000 2.639000 0.013000 0.017000
4 2.395000 2.584000 0.014000 0.018000
4 2.472000 2.547000 0.016000 0.019000
6 2.516000 2.534000 0.014000 0.017000
6 2.552000 2.514000 0.016000 0.019000
5 2.556000 2.434000 0.016000 0.019000
6 2.593000 2.396000 0.017000 0.018000
6 2.668000 2.354000 0.014000 0.017000
6 2.708000 2.344000 0.016000 0.018000
4 2.770000 2.472000 0.017000 0.008000
6 2.752000 2.326000 0.012000 0.015000
4 2.789000 2.314000 0.015000 0.017000
4 2.828000 2.298000 0.016000 0.017000
6 2.993000 2.230000 0.016000 0.019000
4 3.049000 2.200000 0.015000 0.018000
6 3.413000 2.333000 0.013000 0.016000
6 3.491000 2.296000 0.015000 0.018000
4 3.533000 2.279000 0.014000 0.017000
6 3.572000 2.260000 0.016000 0.020000
6 3.611000 2.246000 0.016000 0.019000
4 3.650000 2.223000 0.015000 0.018000
4 3.687000 2.208000 0.014000 0.016000
4 3.728000 2.190000 0.016000 0.019000
4 3.768000 2.174000 0.016000 0.019000
6 3.810000 2.155000 0.015000 0.018000
4 3.887000 2.124000 0.015000 0.020000
6 3.930000 2.110000 0.015000 0.019000
6 3.967000 2.094000 0.016000 0.019000
6 1.744000 2.189000 0.016000 0.018000
6 1.786000 2.174000 0.015000 0.017000
6 1.822000 2.152000 0.017000 0.018000
4 1.852000 2.125000 0.016000 0.018000
6 1.887000 2.108000 0.016000 0.018000
4 1.925000 2.086000 0.016000 0.017000
4 1.964000 2.068000 0.018000 0.020000
4 2.006000 2.053000 0.017000 0.019000
4 2.043000 2.033000 0.016000 0.019000
6 2.080000 2.008000 0.018000 0.020000
4 2.117000 1.986000 0.016000 0.019000
6 2.151000 1.965000 0.015000 0.018000
4 2.196000 1.948000 0.016000 0.018000
6 2.233000 1.934000 0.017000 0.019000
4 2.264000 1.902000 0.018000 0.019000
4 2.302000 1.887000 0.017000 0.019000
4 2.340000 1.866000 0.016000 0.019000
4 2.379000 1.854000 0.016000 0.019000
6 2.414000 1.831000 0.017000 0.019000
6 2.448000 1.805000 0.016000 0.018000
6 2.494000 1.791000 0.017000 0.019000
4 2.526000 1.770000 0.015000 0.017000
6 2.612000 1.734000 0.020000 0.021000
6 2.650000 1.712000 0.017000 0.018000
4 2.682000 1.691000 0.017000 0.018000
4 2.477000 1.954000 0.019000 0.013000
6 2.558000 1.907000 0.015000 0.016000
6 2.668000 1.860000 0.010000 0.016000
6 2.716000 1.854000 0.010000 0.017000
4 2.760000 1.842000 0.008000 0.015000
6 2.807000 1.824000 0.010000 0.022000
6 2.852000 1.806000 0.010000 0.015000
6 2.894000 1.590000 0.015000 0.017000
6 2.934000 1.566000 0.017000 0.019000
4 2.970000 1.544000 0.015000 0.018000
4 3.011000 1.527000 0.018000 0.020000
6 3.054000 1.514000 0.017000 0.019000
5 3.084000 1.490000 0.018000 0.019000
4 3.124000 1.472000 0.016000 0.018000
6 3.171000 1.453000 0.018000 0.019000
6 3.245000 1.414000 0.017000 0.019000
4 3.284000 1.394000 0.018000 0.019000
6 3.321000 1.376000 0.017000 0.018000
6 3.363000 1.354000 0.018000 0.019000
4 3.411000 1.324000 0.017000 0.018000
6 3.452000 1.308000 0.016000 0.018000
4 3.488000 1.282000 0.016000 0.017000
6 3.526000 1.266000 0.017000 0.019000
6 3.563000 1.247000 0.017000 0.017000
4 3.602000 1.234000 0.017000 0.019000
4 3.643000 1.210000 0.017000 0.019000
6 3.687000 1.171000 0.018000 0.019000
4 3.722000 1.153000 0.013000 0.014000
6 3.758000 1.132000 0.017000 0.020000
4 3.796000 1.118000 0.018000 0.021000
4 3.834000 1.096000 0.017000 0.020000
4 3.874000 1.078000 0.017000 0.019000
6 3.911000 1.059000 0.016000 0.018000
4 3.954000 1.040000 0.015000 0.018000
6 3.138000 1.671000 0.015000 0.017000
6 3.182000 1.652000 0.015000 0.018000
6 3.214000 1.630000 0.015000 0.017000
6 3.287000 1.594000 0.017000 0.019000
6 3.332000 1.575000 0.014000 0.018000
6 3.462000 1.537000 0.013000 0.016000
6 3.538000 1.494000 0.015000 0.017000
6 3.620000 1.450000 0.016000 0.019000
4 3.714000 1.420000 0.015000 0.018000
4 3.750000 1.384000 0.015000 0.018000
6 3.954000 1.491000 0.019000 0.016000
4 3.971000 1.528000 0.017000 0.014000
4 0.877000 3.443000 0.009000 0.012000
4 3.408000 0.614000 0.022000 0.015000
4 2.891000 0.821000 0.020000 0.010000
