13 0.209583 0.116250 0.125000 0.102500
35 0.082917 0.294687 0.163333 0.120000
13 0.493333 0.278125 0.106667 0.086250
17 0.437500 0.327500 0.108333 0.077500
19 0.691250 0.262813 0.048333 0.045000
19 0.741667 0.211875 0.056667 0.051250
19 0.793333 0.231875 0.070000 0.051250
34 0.867500 0.326250 0.188333 0.147500
17 0.455833 0.400625 0.098333 0.068750
29 0.401667 0.536875 0.186667 0.136250
35 0.122500 0.708125 0.165000 0.118750
29 0.330833 0.641250 0.195000 0.140000
17 0.878750 0.701875 0.093333 0.058750
13 0.863750 0.870000 0.106667 0.080000
33 0.657500 0.904375 0.145000 0.116250
17 0.528333 0.846562 0.103333 0.082500
35 0.120833 0.923125 0.161667 0.123750
