6 0.715417 0.839375 0.031667 0.008750
6 0.805833 0.787500 0.018333 0.020000
6 0.912917 0.833125 0.033333 0.011250
4 0.603333 0.694063 0.020000 0.025000
6 0.854167 0.426875 0.035000 0.011250
4 0.932083 0.567813 0.016667 0.020000
6 0.666667 0.400000 0.036667 0.012500
6 0.620417 0.392813 0.031667 0.011250
4 0.780833 0.201250 0.038333 0.010000
5 0.605000 0.171563 0.040000 0.010000
6 0.600833 0.161250 0.035000 0.010000
4 0.721667 0.145000 0.016667 0.022500
4 0.058750 0.024375 0.040000 0.011250
4 0.195000 0.008438 0.033333 0.008750
6 0.032500 0.154688 0.031667 0.010000
6 0.173750 0.180625 0.018333 0.023750
5 0.240000 0.198750 0.046667 0.012500
4 0.103333 0.350625 0.030000 0.018750
6 0.134167 0.337813 0.041667 0.022500
6 0.352500 0.590625 0.021667 0.026250
6 0.378750 0.603125 0.015000 0.018750
5 0.390833 0.890000 0.041667 0.010000
5 0.281667 0.953438 0.020000 0.028750
9 0.795417 0.630625 0.073333 0.053750
5 0.665417 0.555000 0.036667 0.012500
5 0.963333 0.868750 0.033333 0.007500
