6 0.913125 0.410417 0.028750 0.023333
6 0.939688 0.137083 0.032500 0.013333
6 0.899062 0.137500 0.030000 0.015000
6 0.446250 0.302083 0.012500 0.028333
6 0.445625 0.270833 0.011250 0.031667
4 0.361250 0.181667 0.010000 0.026667
6 0.361875 0.144167 0.011250 0.035000
4 0.360000 0.104167 0.012500 0.028333
5 0.014375 0.925000 0.028750 0.013333
6 0.035000 0.977917 0.035000 0.016667
6 0.076250 0.956667 0.032500 0.013333
4 0.105000 0.974583 0.027500 0.013333
6 0.203125 0.976667 0.028750 0.013333
6 0.236875 0.975833 0.026250 0.008333
6 0.236250 0.956250 0.027500 0.010000
4 0.287813 0.965000 0.030000 0.013333
6 0.278750 0.937500 0.025000 0.011667
6 0.240625 0.938750 0.026250 0.011667
4 0.445000 0.858750 0.010000 0.025000
4 0.444063 0.792917 0.010000 0.023333
4 0.445312 0.760000 0.008750 0.023333
6 0.445625 0.728750 0.011250 0.030000
4 0.445937 0.684167 0.011250 0.028333
4 0.447500 0.464167 0.012500 0.025000
4 0.443750 0.436667 0.010000 0.026667
5 0.445000 0.404583 0.010000 0.033333
4 0.361875 0.376667 0.011250 0.026667
6 0.360312 0.406667 0.010000 0.026667
6 0.359063 0.507917 0.010000 0.026667
4 0.361250 0.675833 0.010000 0.028333
4 0.360312 0.758333 0.010000 0.030000
4 0.360000 0.707500 0.010000 0.028333
6 0.361250 0.791667 0.010000 0.026667
4 0.506875 0.975833 0.028750 0.011667
6 0.579688 0.976667 0.031250 0.013333
6 0.613125 0.976250 0.023750 0.010000
6 0.646250 0.976667 0.030000 0.010000
6 0.773125 0.975833 0.026250 0.011667
6 0.851250 0.974167 0.032500 0.011667
4 0.888750 0.972083 0.027500 0.013333
4 0.921562 0.972500 0.025000 0.011667
6 0.959063 0.974583 0.021250 0.011667
6 0.905625 0.441250 0.023750 0.020000
4 0.823125 0.255833 0.008750 0.028333
4 0.788125 0.120000 0.026250 0.013333
6 0.663125 0.610417 0.031250 0.013333
6 0.792500 0.623333 0.030000 0.013333
6 0.540312 0.975833 0.032500 0.011667
