6 2.841667 0.455000 0.021667 0.012500
6 2.846667 0.677500 0.023333 0.013750
6 2.855000 0.738750 0.025000 0.010000
6 2.846667 0.785000 0.023333 0.012500
6 2.853333 0.880000 0.023333 0.012500
21 0.936667 0.515000 0.341667 0.257500
4 2.855000 0.507500 0.026667 0.013750
4 2.863333 0.553750 0.025000 0.013750
4 2.856667 0.832500 0.025000 0.013750
6 2.865000 0.927500 0.026667 0.013750
4 2.873333 1.171250 0.040000 0.016250
4 3.673333 1.357500 0.036667 0.016250
4 3.695000 1.307500 0.040000 0.013750
6 3.685000 1.260000 0.036667 0.012500
6 3.710000 1.213750 0.038333 0.016250
4 3.705000 1.167500 0.035000 0.013750
6 3.713333 1.117500 0.030000 0.013750
6 3.686667 1.081250 0.036667 0.012500
4 3.686667 1.035000 0.043333 0.015000
6 3.701667 0.975000 0.036667 0.015000
4 3.690000 0.927500 0.035000 0.013750
4 3.701667 0.881250 0.038333 0.015000
4 3.686667 0.836250 0.040000 0.012500
4 3.690000 0.795000 0.031667 0.012500
6 3.701667 0.745000 0.031667 0.012500
4 3.716667 0.650000 0.035000 0.015000
4 3.690000 0.603750 0.035000 0.015000
4 3.666667 0.557500 0.036667 0.011250
4 3.703333 0.467500 0.035000 0.013750
4 3.703333 0.420000 0.035000 0.015000
4 3.170000 0.198750 0.035000 0.015000
4 3.163333 0.246250 0.035000 0.012500
4 3.346667 0.282500 0.036667 0.016250
6 3.173333 0.296250 0.036667 0.013750
6 3.333333 0.327500 0.030000 0.016250
4 3.171667 0.342500 0.036667 0.013750
6 3.173333 0.391250 0.036667 0.016250
4 3.156667 0.438750 0.038333 0.015000
6 3.333333 0.605000 0.033333 0.015000
4 3.191667 0.581250 0.035000 0.013750
4 3.335000 0.655000 0.035000 0.015000
4 3.196667 0.635000 0.035000 0.015000
6 3.193333 0.678750 0.036667 0.015000
6 3.341667 0.705000 0.036667 0.017500
4 3.336667 0.748750 0.035000 0.015000
4 3.193333 0.723750 0.033333 0.016250
6 3.325000 0.795000 0.033333 0.012500
4 3.175000 0.767500 0.033333 0.013750
6 3.321667 0.846250 0.038333 0.017500
6 3.160000 0.813750 0.036667 0.015000
4 3.330000 0.893750 0.035000 0.015000
4 3.180000 0.867500 0.036667 0.016250
4 3.170000 0.913750 0.041667 0.017500
4 3.336667 0.947500 0.038333 0.013750
4 3.325000 0.988750 0.036667 0.016250
4 3.166667 0.962500 0.036667 0.016250
4 3.165000 1.140000 0.030000 0.012500
4 3.168333 1.242500 0.035000 0.016250
6 3.186667 1.200000 0.036667 0.015000
4 3.321667 1.221250 0.035000 0.016250
4 3.310000 1.268750 0.038333 0.015000
4 3.315000 1.316250 0.035000 0.015000
4 3.173333 1.285000 0.040000 0.017500
6 3.306667 1.362500 0.033333 0.016250
4 3.150000 1.330000 0.045000 0.020000
4 3.470000 1.380000 0.018333 0.022500
4 3.135000 1.376250 0.041667 0.016250
5 1.698333 3.161250 0.036667 0.015000
6 1.553333 3.177500 0.033333 0.008750
4 1.363333 3.193750 0.035000 0.011250
6 0.683333 3.003750 0.048333 0.017500
