4 1.998750 0.083333 0.025000 0.025000
4 1.020000 1.066667 0.030000 0.023333
4 0.475000 3.148333 0.017500 0.031667
4 0.338750 3.116667 0.028750 0.025000
4 0.420000 3.346667 0.025000 0.043333
6 1.227500 3.465000 0.018750 0.033333
4 0.358750 3.973333 0.023750 0.013333
4 2.095000 1.151667 0.017500 0.030000
4 1.963750 1.390000 0.032500 0.025000
6 2.177500 1.455000 0.023750 0.018333
4 2.345000 1.346667 0.022500 0.020000
4 2.220000 1.313333 0.022500 0.020000
6 2.500000 1.396667 0.027500 0.025000
4 2.615000 1.430000 0.022500 0.015000
4 2.740000 1.463333 0.027500 0.021667
4 2.397500 1.523333 0.026250 0.018333
4 2.521250 1.558333 0.023750 0.016667
4 2.945000 1.533333 0.027500 0.020000
6 1.951250 1.700000 0.020000 0.033333
6 2.066250 1.733333 0.015000 0.033333
6 2.120000 1.746667 0.017500 0.030000
6 2.180000 1.753333 0.017500 0.030000
6 2.240000 1.765000 0.017500 0.031667
4 2.297500 1.783333 0.021250 0.035000
4 2.343750 1.820000 0.017500 0.030000
4 2.405000 1.823333 0.020000 0.035000
4 2.482500 1.886667 0.026250 0.020000
6 2.651250 2.196667 0.021250 0.035000
4 2.315000 2.138333 0.015000 0.030000
4 2.262500 2.110000 0.016250 0.031667
6 2.147500 2.080000 0.016250 0.030000
6 2.091250 2.065000 0.017500 0.031667
6 2.038750 2.040000 0.017500 0.030000
4 2.285000 2.263333 0.020000 0.035000
4 2.233750 2.236667 0.018750 0.031667
6 2.171250 2.231667 0.017500 0.030000
4 2.110000 2.216667 0.017500 0.031667
4 2.052500 2.196667 0.021250 0.038333
4 1.780000 2.100000 0.017500 0.026667
4 2.125000 2.533333 0.017500 0.033333
4 2.068750 2.523333 0.018750 0.031667
4 1.841250 3.131667 0.022500 0.018333
4 1.750000 3.416667 0.030000 0.021667
6 1.812500 3.191667 0.026250 0.016667
6 2.641250 3.800000 0.020000 0.020000
6 3.678750 2.971667 0.023750 0.018333
4 3.698750 2.860000 0.026250 0.020000
4 3.753750 2.675000 0.025000 0.016667
6 3.937500 3.056667 0.026250 0.021667
