4 1.498333 3.402500 0.018333 0.023750
4 2.506667 2.772500 0.056667 0.011250
4 0.260000 2.233750 0.033333 0.010000
6 0.265000 1.993750 0.040000 0.011250
6 0.580000 1.865000 0.013333 0.020000
9 0.666667 1.260000 0.096667 0.055000
4 1.538333 1.361250 0.033333 0.008750
5 1.930000 1.647500 0.011667 0.021250
6 2.298333 1.517500 0.013333 0.023750
4 3.958333 2.661250 0.023333 0.015000
6 3.796667 2.300000 0.011667 0.020000
4 3.750000 1.385000 0.038333 0.010000
4 3.883333 1.570000 0.015000 0.022500
4 3.228333 0.370000 0.015000 0.017500
6 3.321667 0.375000 0.015000 0.020000
4 3.415000 0.395000 0.016667 0.022500
6 3.496667 0.397500 0.015000 0.018750
4 3.580000 0.392500 0.013333 0.021250
4 3.656667 0.393750 0.015000 0.021250
6 3.896667 0.401250 0.035000 0.017500
