4 3.878750 2.243333 0.017500 0.031667
3 3.470000 2.288333 0.030000 0.051667
6 3.351250 2.046667 0.026250 0.020000
4 3.287500 1.946667 0.026250 0.023333
4 3.173750 1.990000 0.026250 0.021667
6 2.162500 2.716667 0.023750 0.035000
4 1.906250 2.853333 0.017500 0.030000
6 2.387500 2.653333 0.018750 0.033333
3 3.593750 1.353333 0.027500 0.056667
6 3.400000 1.191667 0.020000 0.033333
5 3.412500 0.825000 0.023750 0.040000
5 3.690000 0.605000 0.015000 0.028333
6 3.225000 0.246667 0.022500 0.036667
4 0.517500 2.953333 0.016250 0.033333
4 0.261250 3.078333 0.020000 0.036667
4 0.212500 3.090000 0.018750 0.031667
4 0.132500 3.055000 0.016250 0.025000
6 0.110000 3.143333 0.017500 0.031667
4 0.057500 2.810000 0.021250 0.038333
4 0.117500 2.776667 0.018750 0.031667
5 0.447500 2.653333 0.021250 0.040000
6 0.158750 2.473333 0.023750 0.033333
6 0.952500 2.590000 0.026250 0.018333
4 0.973750 2.533333 0.025000 0.016667
4 0.967500 2.466667 0.026250 0.020000
6 0.998750 2.350000 0.027500 0.021667
4 1.023750 2.230000 0.026250 0.021667
4 0.716250 2.266667 0.027500 0.020000
4 0.702500 2.330000 0.026250 0.018333
4 0.541250 2.126667 0.026250 0.036667
6 0.617500 2.041667 0.023750 0.033333
6 0.465000 2.220000 0.022500 0.033333
6 0.420000 2.250000 0.022500 0.031667
6 0.120000 2.065000 0.025000 0.033333
4 1.043750 2.048333 0.031250 0.025000
4 1.067500 1.928333 0.028750 0.018333
4 1.117500 1.680000 0.028750 0.020000
4 0.668750 1.635000 0.017500 0.035000
4 0.470000 1.763333 0.025000 0.035000
6 0.341250 1.870000 0.023750 0.031667
6 0.295000 1.908333 0.022500 0.031667
6 1.143750 1.543333 0.030000 0.021667
6 0.827500 1.546667 0.028750 0.023333
4 0.875000 1.366667 0.027500 0.016667
6 1.168750 1.276667 0.026250 0.018333
6 0.867500 1.296667 0.023750 0.015000
6 1.106250 1.088333 0.015000 0.015000
4 0.826250 1.180000 0.026250 0.023333
4 0.768750 1.003333 0.026250 0.025000
5 0.810000 1.123333 0.022500 0.021667
4 1.072500 0.906667 0.026250 0.023333
6 0.743750 0.953333 0.023750 0.023333
4 1.147500 0.773333 0.018750 0.033333
4 1.255000 0.681667 0.020000 0.026667
6 1.456250 0.443333 0.017500 0.021667
4 1.362500 0.300000 0.023750 0.033333
4 1.620000 0.201667 0.027500 0.026667
6 1.647500 0.126667 0.018750 0.020000
6 1.688750 0.078333 0.021250 0.021667
6 1.106250 0.373333 0.021250 0.026667
4 1.341250 0.071667 0.017500 0.018333
6 0.120000 1.113333 0.020000 0.030000
6 0.182500 1.088333 0.021250 0.033333
6 0.065000 0.623333 0.025000 0.021667
4 0.040000 0.570000 0.021250 0.020000
4 0.607500 0.620000 0.018750 0.033333
4 0.550000 0.630000 0.020000 0.035000
4 0.496250 0.660000 0.021250 0.036667
4 0.446250 0.681667 0.018750 0.031667
6 0.395000 0.700000 0.020000 0.033333
6 0.343750 0.606667 0.025000 0.023333
6 0.333750 0.546667 0.025000 0.023333
6 0.310000 0.483333 0.022500 0.021667
6 0.293750 0.423333 0.025000 0.021667
6 0.262500 0.365000 0.023750 0.023333
