4 3.792000 1.820000 0.010000 0.016000
4 3.784000 1.506000 0.012000 0.013000
4 3.785000 1.431000 0.010000 0.017000
4 1.676000 2.314000 0.016000 0.015000
3 1.692000 0.226000 0.014000 0.023000
6 1.242000 0.512000 0.021000 0.006000
6 2.168000 0.612000 0.022000 0.006000
30 2.430000 0.562000 0.055000 0.011000
6 3.498000 0.564000 0.019000 0.006000
11 2.879000 0.678000 0.022000 0.007000
4 2.978000 0.677000 0.023000 0.006000
5 3.092000 0.676000 0.022000 0.006000
4 3.408000 0.672000 0.022000 0.008000
4 2.712000 0.674000 0.018000 0.007000
9 3.676000 0.576000 0.082000 0.078000
5 1.137000 1.483000 0.030000 0.025000
5 1.304000 1.450000 0.036000 0.029000
5 1.346000 1.601000 0.013000 0.013000
6 1.898000 1.458000 0.011000 0.011000
4 2.350000 1.448000 0.017000 0.016000
6 2.311000 1.428000 0.016000 0.014000
6 2.241000 1.386000 0.011000 0.011000
5 1.848000 1.902000 0.026000 0.007000
11 0.059000 1.244000 0.025000 0.024000
6 0.576000 1.678000 0.022000 0.019000
9 0.391000 1.456000 0.120000 0.104000
9 0.382000 2.597000 0.043000 0.031000
4 0.334000 2.238000 0.011000 0.017000
4 0.444000 2.080000 0.006000 0.008000
4 0.936000 2.634000 0.016000 0.007000
4 0.334000 3.472000 0.009000 0.014000
4 0.332000 3.390000 0.008000 0.011000
4 0.437000 2.842000 0.009000 0.013000
6 1.859000 3.874000 0.008000 0.013000
4 1.852000 3.376000 0.010000 0.014000
6 1.863000 2.973000 0.011000 0.017000
6 1.916000 2.598000 0.026000 0.023000
4 3.440000 3.656000 0.020000 0.018000
3 3.746000 3.874000 0.033000 0.027000
5 3.002000 2.556000 0.027000 0.008000
6 3.132000 2.554000 0.022000 0.007000
