6 0.041875 0.870000 0.023750 0.023333
6 0.518125 0.643333 0.021250 0.023333
6 0.471250 0.609167 0.025000 0.025000
6 0.441250 0.588333 0.025000 0.026667
6 0.414062 0.569167 0.031250 0.031667
6 0.387188 0.550000 0.023750 0.023333
9 0.353438 0.225833 0.052500 0.068333
9 0.773125 0.418333 0.188750 0.200000
11 0.910625 0.481667 0.018750 0.020000
4 0.863750 0.455833 0.025000 0.025000
5 0.665000 0.324167 0.030000 0.038333
4 0.641250 0.376250 0.025000 0.025000
4 0.596562 0.370000 0.028750 0.026667
4 0.698125 0.321250 0.021250 0.031667
6 0.676875 0.285000 0.018750 0.030000
4 0.686875 0.263333 0.018750 0.030000
4 0.476250 0.306250 0.027500 0.023333
6 0.445937 0.290833 0.023750 0.021667
4 0.417187 0.275833 0.021250 0.021667
4 0.389688 0.262500 0.026250 0.025000
4 0.278125 0.202917 0.026250 0.023333
4 0.251250 0.189167 0.025000 0.021667
6 0.197500 0.160417 0.022500 0.020000
4 0.114375 0.094167 0.023750 0.028333
4 0.047188 0.029167 0.022500 0.028333
4 0.592187 0.151667 0.020000 0.030000
4 0.574375 0.121250 0.018750 0.028333
4 0.559063 0.094583 0.020000 0.028333
6 0.544063 0.068333 0.018750 0.026667
6 0.458437 0.835417 0.018750 0.026667
3 0.606250 0.667083 0.087500 0.108333
6 0.887500 0.903750 0.022500 0.021667
6 0.087500 0.968333 0.020000 0.030000
6 0.135625 0.924583 0.018750 0.020000
6 0.190625 0.960833 0.023750 0.021667
6 0.118750 0.644583 0.017500 0.026667
3 0.155625 0.574583 0.046250 0.070000
4 0.185000 0.533750 0.017500 0.028333
6 0.200313 0.507917 0.018750 0.030000
4 0.024063 0.505833 0.013750 0.021667
4 0.118438 0.453750 0.026250 0.023333
4 0.228750 0.415000 0.020000 0.030000
5 0.305000 0.494583 0.025000 0.025000
4 0.019375 0.340000 0.018750 0.030000
6 0.322188 0.330000 0.016250 0.016667
6 0.295938 0.304167 0.020000 0.028333
5 0.289062 0.382917 0.016250 0.020000
4 0.020313 0.130417 0.016250 0.025000
4 0.223125 0.065833 0.018750 0.021667
6 0.388750 0.141667 0.015000 0.016667
6 0.432812 0.101667 0.021250 0.026667
4 0.474062 0.046667 0.016250 0.023333
6 0.502188 0.085000 0.021250 0.026667
4 0.422500 0.209167 0.025000 0.025000
6 0.663125 0.082500 0.018750 0.028333
4 0.678125 0.157500 0.023750 0.025000
4 0.784375 0.138333 0.018750 0.023333
4 0.827812 0.120417 0.022500 0.028333
4 0.824063 0.161250 0.018750 0.026667
4 0.855625 0.189167 0.023750 0.028333
4 0.895000 0.226667 0.017500 0.023333
6 0.912813 0.315417 0.018750 0.023333
