14 3.894000 0.090000 0.053000 0.045000
14 3.652000 0.093000 0.052000 0.047000
14 3.400000 0.090000 0.052000 0.045000
6 3.574000 0.546000 0.023000 0.007000
4 3.480000 0.580000 0.022000 0.008000
4 3.240000 0.427000 0.020000 0.007000
6 3.226000 0.804000 0.009000 0.014000
6 2.798000 1.001000 0.023000 0.016000
4 2.822000 1.430000 0.021000 0.007000
6 2.931000 1.989000 0.024000 0.007000
6 2.822000 1.998000 0.023000 0.005000
11 2.806000 2.111000 0.019000 0.008000
6 2.022000 1.260000 0.019000 0.008000
4 2.012000 1.128000 0.022000 0.008000
6 1.913000 0.671000 0.010000 0.019000
4 1.362000 0.940000 0.021000 0.010000
4 1.481000 0.656000 0.022000 0.010000
4 0.276000 0.701000 0.026000 0.006000
