15 0.927000 0.417500 0.105000 0.068000
6 0.783250 0.414000 0.015000 0.020000
6 0.800250 0.420250 0.016000 0.019000
6 0.845500 0.433500 0.013000 0.019000
6 0.813250 0.494000 0.012000 0.016000
4 0.653000 0.596500 0.014000 0.019000
4 0.670000 0.586000 0.012000 0.016000
4 0.662500 0.579250 0.015000 0.021000
6 0.651750 0.576750 0.015000 0.021000
4 0.610250 0.565000 0.016000 0.020000
6 0.611750 0.585500 0.015000 0.021000
4 0.581750 0.575500 0.017000 0.023000
4 0.561500 0.568000 0.015000 0.018000
4 0.580250 0.553250 0.016000 0.022000
4 0.536000 0.561250 0.018000 0.021000
4 0.527000 0.557000 0.016000 0.020000
6 0.485500 0.543000 0.015000 0.018000
6 0.499000 0.580000 0.026000 0.014000
4 0.631500 0.591750 0.015000 0.020000
6 0.578000 0.620000 0.014000 0.018000
4 0.590500 0.622500 0.011000 0.017000
6 0.631250 0.637750 0.012000 0.018000
4 0.621500 0.633000 0.015000 0.020000
4 0.578000 0.644500 0.014000 0.019000
6 0.494000 0.657250 0.014000 0.011000
4 0.531000 0.624000 0.016000 0.018000
4 0.341000 0.607500 0.020000 0.013000
6 0.896500 0.767750 0.021000 0.015000
15 0.845000 0.886000 0.082000 0.083000
4 0.651750 0.761000 0.011000 0.020000
6 0.638500 0.767500 0.021000 0.019000
6 0.474795 0.994746 0.018574 0.017492
4 0.219500 0.744250 0.017000 0.019000
4 0.194750 0.765500 0.020000 0.021000
6 0.004750 0.450750 0.010000 0.010000
4 0.033750 0.488500 0.018000 0.021000
4 0.432250 0.360000 0.014000 0.022000
4 0.385250 0.314000 0.011000 0.016000
4 0.365000 0.306500 0.014000 0.019000
5 0.367000 0.378250 0.018000 0.024000
6 0.366000 0.355750 0.016000 0.021000
4 0.325750 0.362000 0.016000 0.020000
4 0.335000 0.366000 0.016000 0.020000
4 0.355500 0.373750 0.015000 0.021000
6 0.236250 0.411500 0.015000 0.017000
4 0.344500 0.419750 0.015000 0.020000
6 0.333500 0.416250 0.015000 0.019000
4 0.304000 0.406750 0.016000 0.020000
4 0.315750 0.410500 0.015000 0.019000
4 0.273000 0.389250 0.018000 0.016000
4 0.266500 0.382250 0.019000 0.016000
4 0.261250 0.373500 0.020000 0.015000
4 0.256000 0.366250 0.020000 0.015000
4 0.251750 0.358250 0.022000 0.017000
6 0.245250 0.352000 0.017000 0.014000
4 0.226500 0.319500 0.015000 0.011000
4 0.247500 0.268000 0.017000 0.022000
3 0.205750 0.274500 0.025000 0.017000
4 0.186750 0.278250 0.018000 0.012000
4 0.042750 0.070750 0.017000 0.020000
6 0.075500 0.094500 0.021000 0.011000
3 0.290500 0.152250 0.029000 0.018000
6 0.405000 0.189000 0.024000 0.014000
4 0.528000 0.230000 0.018000 0.012000
5 0.656000 0.308750 0.022000 0.012000
3 0.702500 0.273500 0.029000 0.017000
6 0.823750 0.287500 0.021000 0.009000
6 0.876000 0.338500 0.022000 0.007000
6 0.811750 0.227500 0.007000 0.015000
4 0.832750 0.225750 0.011000 0.018000
6 0.844000 0.229500 0.010000 0.017000
4 0.876750 0.229250 0.010000 0.016000
6 0.888000 0.233000 0.012000 0.018000
6 0.898000 0.234250 0.010000 0.016000
6 0.787750 0.206250 0.021000 0.011000
4 0.790500 0.197750 0.021000 0.011000
6 0.794500 0.189500 0.019000 0.011000
6 0.795500 0.180500 0.021000 0.011000
4 0.800500 0.170750 0.021000 0.011000
4 0.807000 0.155750 0.026000 0.011000
4 0.806750 0.147500 0.021000 0.011000
4 0.811000 0.139250 0.022000 0.012000
4 0.812500 0.130000 0.023000 0.012000
6 0.849500 0.185750 0.021000 0.012000
6 0.856000 0.168500 0.022000 0.013000
4 0.860250 0.160250 0.020000 0.013000
4 0.861000 0.150750 0.022000 0.013000
6 0.861250 0.142000 0.016000 0.010000
6 0.866000 0.133750 0.016000 0.009000
6 0.866500 0.125500 0.013000 0.009000
4 0.873500 0.108500 0.019000 0.009000
6 0.899000 0.115000 0.020000 0.010000
4 0.889500 0.140000 0.019000 0.010000
6 0.888000 0.157000 0.018000 0.012000
6 0.879000 0.183000 0.018000 0.008000
4 0.881750 0.173250 0.015000 0.008000
4 0.932000 0.179500 0.020000 0.011000
4 0.935500 0.171500 0.023000 0.011000
6 0.938500 0.163500 0.021000 0.011000
6 0.941000 0.154750 0.022000 0.012000
4 0.943250 0.146000 0.021000 0.012000
4 0.947000 0.137000 0.018000 0.010000
5 0.947500 0.129000 0.021000 0.012000
6 0.954750 0.121500 0.021000 0.011000
4 0.954250 0.112250 0.018000 0.012000
4 0.954250 0.103500 0.012000 0.007000
6 0.959250 0.095750 0.022000 0.011000
6 0.963500 0.169750 0.021000 0.010000
4 0.965500 0.162000 0.019000 0.010000
6 0.976250 0.136000 0.015000 0.008000
4 0.984500 0.101750 0.021000 0.011000
4 0.979000 0.120250 0.020000 0.010000
4 0.989500 0.084500 0.021769 0.011000
4 0.996500 0.237000 0.007000 0.016000
6 0.988500 0.234750 0.009000 0.015000
4 0.976750 0.235500 0.009000 0.017000
6 0.965250 0.237250 0.007000 0.015000
4 0.954500 0.235250 0.011000 0.018000
6 0.816500 0.122000 0.019000 0.010000
4 0.819500 0.104000 0.019000 0.010000
6 0.825500 0.096000 0.023000 0.014000
4 0.832250 0.080500 0.022000 0.011000
6 0.835000 0.071750 0.022000 0.012000
6 0.867500 0.061000 0.011000 0.016000
4 0.877000 0.065000 0.012000 0.018000
4 0.888000 0.067500 0.014000 0.019000
4 0.899000 0.069500 0.012000 0.019000
4 0.908500 0.072000 0.013000 0.018000
6 0.920250 0.074000 0.015000 0.020000
6 0.931250 0.076250 0.014000 0.018000
6 0.941000 0.078000 0.012000 0.016000
4 0.798500 0.058000 0.011000 0.016000
6 0.237000 0.333250 0.020000 0.015000
5 0.327250 0.469000 0.020000 0.014000
6 0.308000 0.844000 0.014000 0.016000
