2 0.240000 3.170000 0.029000 0.067000
2 0.302000 3.126000 0.036000 0.075000
2 0.360000 3.055000 0.033000 0.082000
2 0.446000 3.113000 0.026000 0.049000
2 0.507000 3.083000 0.030000 0.049000
2 0.553000 3.023000 0.035000 0.067000
2 0.619000 2.998000 0.035000 0.063000
24 0.207000 3.256000 0.009000 0.017000
22 1.239000 2.739000 0.069000 0.098000
24 1.307000 2.697000 0.021000 0.025000
24 1.369000 2.778000 0.016000 0.019000
22 1.496000 2.583000 0.058000 0.070000
22 1.484000 2.817000 0.058000 0.081000
28 2.306000 0.911000 0.041000 0.037000
22 3.074000 2.078000 0.083000 0.082000
