6 0.618500 0.431500 0.015000 0.007000
16 0.447500 0.578500 0.053000 0.011000
4 0.988000 0.046750 0.010000 0.018000
4 0.988750 0.110250 0.012000 0.024000
5 0.987250 0.220000 0.013000 0.022000
4 0.949000 0.404750 0.022000 0.009000
6 0.986250 0.435500 0.011000 0.017000
6 0.954000 0.481000 0.028000 0.008000
4 0.950500 0.489500 0.025000 0.007000
6 0.985500 0.523000 0.013000 0.018000
4 0.986000 0.546000 0.010000 0.018000
6 0.956000 0.545750 0.016000 0.008000
7 0.946750 0.552250 0.026000 0.009000
6 0.950750 0.615500 0.026000 0.011000
5 0.954500 0.625750 0.027000 0.010000
4 0.986000 0.665000 0.010000 0.018000
4 0.947500 0.700000 0.023000 0.010000
4 0.935000 0.723250 0.024000 0.009000
6 0.929500 0.951250 0.023000 0.015000
4 0.533250 0.942500 0.009000 0.017000
6 0.493000 0.906750 0.018000 0.028000
4 0.619750 0.422000 0.016000 0.008000
4 0.603750 0.420000 0.015000 0.016000
4 0.610000 0.356500 0.018000 0.019000
6 0.597500 0.114000 0.021000 0.018000
4 0.498000 0.056500 0.008000 0.017000
6 0.459000 0.091000 0.020000 0.008000
6 0.463750 0.199000 0.023000 0.008000
6 0.464000 0.209250 0.026000 0.009000
6 0.465500 0.270250 0.019000 0.008000
4 0.497000 0.445000 0.008000 0.018000
4 0.498000 0.464500 0.008000 0.019000
4 0.496250 0.598750 0.011000 0.018000
4 0.459250 0.642000 0.023000 0.008000
4 0.462000 0.655000 0.020000 0.008000
4 0.185000 0.748750 0.010000 0.017000
4 0.203250 0.763000 0.017000 0.020000
4 0.461500 0.408500 0.021000 0.007000
