6 0.326667 1.343750 0.033333 0.015000
6 0.440000 1.540000 0.036667 0.020000
6 0.503333 1.576250 0.038333 0.022500
4 0.620000 2.122500 0.026667 0.021250
4 0.653333 1.020000 0.026667 0.025000
4 0.570000 2.365000 0.031667 0.017500
6 2.598333 1.400000 0.036667 0.022500
6 3.120000 1.156250 0.033333 0.020000
4 3.300000 0.958750 0.030000 0.023750
4 3.755000 0.860000 0.035000 0.020000
6 2.026667 2.515000 0.033333 0.020000
4 1.573333 2.511250 0.036667 0.021250
4 1.510000 2.468750 0.031667 0.018750
4 1.676667 2.766250 0.028333 0.022500
4 1.533333 2.811250 0.023333 0.020000
6 1.240000 2.936250 0.026667 0.020000
4 1.168333 2.970000 0.023333 0.020000
4 1.191667 3.060000 0.033333 0.017500
4 1.248333 3.102500 0.035000 0.018750
6 2.771667 3.815000 0.030000 0.020000
4 2.718333 3.847500 0.030000 0.021250
6 2.658333 3.895000 0.030000 0.020000
4 3.835000 3.945000 0.030000 0.022500
6 2.293333 1.372500 0.030000 0.018750
6 2.746667 1.208750 0.026667 0.025000
6 3.023333 0.721250 0.035000 0.026250
