4 0.161667 0.685625 0.040000 0.026250
14 0.487917 0.866563 0.083333 0.101250
14 0.382083 0.867188 0.081667 0.102500
14 0.274583 0.868125 0.083333 0.101250
14 0.105833 0.868750 0.085000 0.102500
9 0.679583 0.135313 0.096667 0.055000
9 0.688333 0.741563 0.100000 0.071250
5 0.875833 0.792500 0.058333 0.015000
4 0.653333 0.715313 0.033333 0.030000
6 0.695000 0.643125 0.020000 0.026250
6 0.892917 0.623125 0.035000 0.031250
6 0.827917 0.622188 0.038333 0.031250
6 0.798750 0.625625 0.025000 0.018750
4 0.811667 0.587500 0.033333 0.027500
4 0.813333 0.443750 0.040000 0.010000
4 0.990833 0.392188 0.021667 0.018750
4 0.954167 0.387500 0.018333 0.022500
4 0.920000 0.375312 0.036667 0.011250
4 0.880833 0.305000 0.038333 0.012500
4 0.876667 0.261875 0.020000 0.023750
6 0.874167 0.235625 0.021667 0.023750
6 0.471667 0.151250 0.040000 0.010000
6 0.030000 0.703438 0.016667 0.023750
4 0.048333 0.700625 0.016667 0.021250
5 0.070000 0.703750 0.020000 0.025000
5 0.090833 0.704063 0.021667 0.030000
4 0.165833 0.672813 0.041667 0.021250
5 0.165833 0.660625 0.045000 0.021250
5 0.167500 0.606875 0.045000 0.023750
5 0.215417 0.518125 0.016667 0.021250
4 0.240000 0.518750 0.016667 0.020000
11 0.948333 0.798750 0.073333 0.042500
