17 0.983500 0.202000 0.061000 0.060000
19 0.990250 0.359000 0.051000 0.060000
17 0.931000 0.356750 0.062000 0.063000
17 0.742000 0.514000 0.062000 0.060000
19 0.841000 0.565000 0.058000 0.060000
19 0.430000 0.519250 0.048000 0.052000
12 0.500500 0.322000 0.063000 0.060000
19 0.549500 0.107500 0.043000 0.047000
19 0.549500 0.154500 0.063000 0.063000
19 0.331250 0.145250 0.066000 0.064000
35 0.297000 0.217750 0.108000 0.107000
33 0.258750 0.300000 0.108000 0.108000
29 0.214500 0.377750 0.115000 0.112000
19 0.039000 0.270250 0.072000 0.081000
19 0.194500 0.461000 0.063000 0.060000
19 0.246500 0.501000 0.071000 0.072000
19 0.309500 0.533750 0.085000 0.083000
19 0.970750 0.882250 0.064000 0.063000
