2 1.135000 3.498750 0.185000 0.073750
2 0.191287 2.385896 0.099620 0.046784
2 0.200521 2.453155 0.105521 0.053375
2 0.260000 2.523571 0.135000 0.060893
2 0.303333 2.588750 0.148333 0.062500
2 0.332983 2.651768 0.171667 0.074882
2 0.353333 2.725000 0.180869 0.075000
2 0.406667 2.850000 0.180000 0.075000
2 0.451667 2.915000 0.156667 0.068750
2 0.493333 2.982500 0.218333 0.093750
2 0.716667 2.997500 0.170000 0.073750
2 0.753333 3.067500 0.180000 0.075000
2 0.770000 3.142500 0.173333 0.070000
2 0.801667 3.205000 0.163333 0.071250
2 0.920000 3.247500 0.186667 0.073750
2 0.945000 3.330000 0.153333 0.063750
2 0.981667 3.392500 0.185000 0.075000
2 1.105000 3.430000 0.143333 0.062500
2 1.243333 3.552500 0.180000 0.077500
2 1.301667 3.617500 0.185000 0.076250
2 1.371667 3.672500 0.156667 0.066250
2 1.416667 3.743750 0.216667 0.085000
2 1.430000 3.816250 0.216667 0.085000
2 1.503385 3.872481 0.221911 0.072915
7 3.856667 1.483750 0.038333 0.031250
7 3.853333 1.646250 0.035000 0.028750
