0 0.075500 0.239750 0.084000 0.093500
2 0.517125 0.368000 0.100500 0.067000
1 0.804500 0.226000 0.112000 0.070000
2 0.890125 0.400125 0.059500 0.040000
2 0.490625 0.190500 0.059500 0.039000
2 0.431250 0.223500 0.040500 0.062000
2 0.833125 0.530375 0.059500 0.039000
2 0.701250 0.614125 0.041500 0.065000
2 0.927500 0.801125 0.073500 0.046500
2 0.529875 0.701500 0.118000 0.078000
2 0.401875 0.638625 0.125000 0.073000
2 0.215750 0.591500 0.114000 0.047000
28 0.370250 0.608250 0.040000 0.023500
1 0.956625 0.868125 0.019000 0.032000
7 0.970375 0.842000 0.011500 0.017500
28 0.875125 0.338625 0.020000 0.020500
28 0.952625 0.862500 0.014500 0.024500
7 0.966375 0.838750 0.010500 0.016000
9 0.937250 0.064500 0.025500 0.026000
9 0.889125 0.118625 0.026000 0.026000
9 0.854250 0.168875 0.014500 0.015000
