2 0.507500 0.857000 0.055500 0.033000
28 0.955000 0.926000 0.018500 0.009000
28 0.974000 0.915000 0.020000 0.008500
28 2.168500 1.331000 0.036500 0.018500
28 0.979000 1.288500 0.026000 0.019000
28 0.988000 1.273000 0.025000 0.018000
28 1.003500 1.254500 0.032500 0.025000
28 1.354000 1.470000 0.027500 0.017000
28 1.338000 1.483000 0.023000 0.014500
28 1.333000 1.504000 0.029000 0.018000
28 1.324000 1.526000 0.026000 0.016000
28 1.228000 1.434500 0.030000 0.017000
28 1.212000 1.452000 0.030000 0.017000
28 1.051000 1.881500 0.060500 0.038500
28 1.070000 1.619500 0.028000 0.017000
28 0.999000 1.614000 0.028500 0.018500
2 1.696000 0.617500 0.052000 0.029000
28 2.533500 1.349000 0.015500 0.027500
28 2.597000 2.754000 0.031500 0.043000
28 2.509000 2.712500 0.031500 0.045500
28 2.468500 2.687000 0.033000 0.046500
28 2.427000 2.677000 0.026000 0.036500
28 2.395000 2.649000 0.032500 0.045500
28 2.330500 2.627000 0.031000 0.044000
28 2.289000 2.612500 0.031500 0.045500
28 2.239500 2.611000 0.024000 0.032000
28 2.216500 2.576000 0.032000 0.043000
22 2.973000 3.085000 0.042000 0.068500
28 3.435500 3.317000 0.016500 0.024500
28 3.701000 3.486000 0.022500 0.036500
28 3.670000 3.470500 0.024000 0.038500
28 3.805000 3.241000 0.027500 0.045000
28 3.804000 3.584000 0.019500 0.031500
28 3.906000 3.433000 0.029500 0.053500
28 2.969500 1.151500 0.032000 0.051500
28 3.010500 1.175000 0.029000 0.047000
28 3.178000 1.574000 0.030000 0.047000
28 3.236500 1.602000 0.030000 0.047500
28 2.842000 0.921500 0.036500 0.020500
28 2.829500 0.944500 0.036500 0.022500
28 2.809500 0.963000 0.021000 0.013500
28 2.860500 0.899500 0.046000 0.025000
28 3.057000 1.331500 0.044500 0.029500
28 3.222000 1.406000 0.044000 0.028000
28 3.419000 1.550500 0.034000 0.020500
28 3.941000 3.176000 0.042500 0.027000
0 3.825000 2.648000 0.036000 0.013500
28 0.457500 3.163000 0.007500 0.022500
28 0.431500 3.149000 0.010500 0.029500
28 0.523000 3.713000 0.011000 0.034000
28 0.496500 3.716500 0.010500 0.034500
28 0.469500 3.709000 0.011500 0.035000
28 0.445500 3.711500 0.009500 0.035500
28 0.483500 3.503000 0.009500 0.035000
28 0.458500 3.514000 0.008500 0.037500
28 0.430000 3.514500 0.010000 0.042500
28 0.511000 3.507000 0.009500 0.041000
28 0.541000 3.504000 0.007500 0.034000
8 0.431500 2.433000 0.045000 0.026500
22 1.939500 0.759000 0.031500 0.051500
2 3.057500 1.174000 0.021000 0.037000
22 3.860000 1.646000 0.040000 0.028000
28 3.826000 1.690000 0.032000 0.020000
28 3.142000 3.334000 0.043000 0.025000
9 3.159500 3.852000 0.017000 0.018000
9 2.586000 3.601000 0.019000 0.015500
9 2.066000 3.381500 0.015000 0.014500
9 1.738000 3.224500 0.015000 0.014500
