11 1.122500 0.225000 0.011250 0.010000
4 1.080000 0.398333 0.025000 0.015000
4 3.692500 0.430000 0.028750 0.011667
6 3.042500 0.591667 0.013750 0.028333
4 2.547500 0.058333 0.013750 0.030000
6 1.787500 0.243333 0.028750 0.011667
4 1.745000 0.410000 0.025000 0.011667
5 0.315000 1.140000 0.015000 0.043333
6 0.238750 1.988333 0.012500 0.033333
6 1.631250 2.511667 0.016250 0.030000
6 3.563750 2.378333 0.017500 0.035000
4 3.726250 2.075000 0.026250 0.028333
6 3.890000 1.930000 0.012500 0.031667
6 3.812500 1.925000 0.013750 0.028333
6 3.512500 1.990000 0.023750 0.035000
4 3.665000 3.691667 0.012500 0.028333
6 3.726250 3.680000 0.012500 0.026667
