6 3.511667 3.801250 0.035000 0.016250
6 3.143333 3.807500 0.028333 0.013750
4 3.470000 3.706250 0.035000 0.015000
4 3.435000 3.620000 0.035000 0.017500
6 3.060000 3.676250 0.030000 0.015000
4 3.056667 3.630000 0.028333 0.015000
4 3.033333 3.587500 0.030000 0.016250
4 3.003333 3.538750 0.031667 0.016250
4 2.966667 3.455000 0.026667 0.015000
6 3.345000 3.202500 0.040000 0.018750
4 3.383333 3.115000 0.035000 0.017500
4 3.466667 2.940000 0.033333 0.012500
4 3.656667 2.662500 0.021667 0.021250
4 3.735000 2.650000 0.025000 0.025000
5 3.808333 2.630000 0.026667 0.027500
3 3.516667 2.472500 0.061667 0.023750
6 2.121667 3.722500 0.035000 0.016250
4 1.940000 3.323750 0.036667 0.015000
6 1.021667 3.280000 0.033333 0.017500
5 1.371667 2.848750 0.035000 0.015000
4 3.383333 1.996250 0.025000 0.026250
5 3.286667 1.990000 0.026667 0.027500
4 2.913333 2.072500 0.030000 0.028750
4 2.836667 2.080000 0.025000 0.025000
6 2.680000 2.100000 0.023333 0.025000
4 0.715000 2.331250 0.023333 0.025000
6 0.133333 3.042500 0.023333 0.021250
4 1.523333 1.282500 0.021667 0.023750
4 0.915000 1.345000 0.035000 0.020000
5 1.273333 1.066250 0.023333 0.026250
4 1.896667 1.240000 0.018333 0.017500
6 0.793333 1.123750 0.033333 0.020000
9 0.975000 2.646250 0.080000 0.056250
