4 0.647500 0.981250 0.035000 0.017500
4 0.649583 0.970313 0.038333 0.018750
4 0.650000 0.958750 0.036667 0.017500
4 0.646250 0.946875 0.036667 0.018750
4 0.687917 0.982812 0.040000 0.021250
5 0.689167 0.971250 0.045000 0.022500
6 0.682083 0.956875 0.033333 0.016250
6 0.681667 0.945000 0.033333 0.017500
6 0.651667 0.935937 0.030000 0.017500
6 0.681667 0.934375 0.026667 0.016250
6 0.684167 0.923125 0.035000 0.018750
4 0.648333 0.923438 0.036667 0.018750
6 0.647500 0.912500 0.035000 0.015000
6 0.651667 0.901250 0.036667 0.020000
6 0.647500 0.889062 0.038333 0.018750
6 0.685000 0.912188 0.033333 0.017500
6 0.685000 0.899687 0.033333 0.017500
4 0.687083 0.890000 0.036667 0.017500
6 0.652500 0.880313 0.035000 0.018750
6 0.647500 0.865938 0.038333 0.018750
6 0.688333 0.877500 0.033333 0.017500
4 0.645833 0.855000 0.038333 0.020000
6 0.681667 0.864375 0.036667 0.018750
6 0.687500 0.854375 0.038333 0.018750
4 0.648750 0.843750 0.040000 0.020000
4 0.649167 0.832812 0.038333 0.021250
6 0.684167 0.843750 0.038333 0.020000
6 0.650000 0.821250 0.036667 0.020000
6 0.683333 0.832500 0.036667 0.020000
4 0.685000 0.820625 0.036667 0.018750
6 0.650833 0.808438 0.038333 0.020000
4 0.686667 0.808438 0.036667 0.020000
6 0.651667 0.796875 0.033333 0.016250
4 0.647500 0.784687 0.035000 0.018750
6 0.684583 0.796562 0.033333 0.016250
6 0.686667 0.786250 0.036667 0.020000
4 0.650417 0.774375 0.036667 0.018750
6 0.654167 0.762188 0.035000 0.017500
6 0.689167 0.773750 0.035000 0.020000
4 0.688333 0.761875 0.040000 0.023750
6 0.575833 0.734688 0.035000 0.011250
4 0.575000 0.753437 0.036667 0.020000
4 0.572917 0.766875 0.033333 0.018750
6 0.571667 0.779062 0.030000 0.017500
6 0.570417 0.792188 0.030000 0.018750
6 0.571250 0.805000 0.033333 0.020000
6 0.570833 0.817187 0.035000 0.021250
4 0.571667 0.830625 0.036667 0.018750
4 0.571667 0.843125 0.033333 0.018750
4 0.571250 0.855625 0.035000 0.021250
4 0.572500 0.868437 0.031667 0.020000
4 0.572917 0.881563 0.035000 0.018750
6 0.572500 0.894687 0.031667 0.018750
4 0.575000 0.906875 0.036667 0.021250
6 0.571667 0.920937 0.036667 0.021250
4 0.572500 0.931875 0.035000 0.021250
6 0.571250 0.943750 0.035000 0.020000
6 0.570833 0.957500 0.035000 0.020000
6 0.573333 0.970000 0.036667 0.020000
6 0.568750 0.984375 0.030000 0.018750
6 0.747500 0.973750 0.015000 0.020000
6 0.747500 0.950000 0.015000 0.017500
6 0.746667 0.926875 0.013333 0.021250
5 0.745833 0.897813 0.018333 0.026250
4 0.747083 0.871875 0.015000 0.018750
4 0.746250 0.849375 0.016667 0.021250
4 0.745833 0.820937 0.015000 0.022500
6 0.745833 0.798750 0.015000 0.017500
6 0.741667 0.775000 0.016667 0.020000
5 0.740833 0.749375 0.045000 0.011250
4 0.742500 0.738437 0.031667 0.010000
4 0.740833 0.721250 0.035000 0.010000
4 0.901667 0.780625 0.030000 0.028750
4 0.850000 0.873125 0.016667 0.021250
4 0.956250 0.949375 0.016667 0.023750
6 0.986250 0.948125 0.016667 0.021250
4 0.388333 0.789375 0.013333 0.018750
4 0.389167 0.764375 0.015000 0.021250
4 0.392083 0.732500 0.018333 0.020000
4 0.446667 0.871250 0.016667 0.022500
4 0.392083 0.851250 0.015000 0.020000
6 0.390000 0.911250 0.016667 0.022500
5 0.075417 0.010313 0.046667 0.013750
6 0.126250 0.025000 0.036667 0.010000
6 0.223750 0.016875 0.048333 0.018750
6 0.397917 0.051250 0.018333 0.022500
6 0.453333 0.111875 0.013333 0.023750
4 0.425833 0.107500 0.015000 0.020000
6 0.396250 0.132812 0.018333 0.026250
6 0.368333 0.120625 0.016667 0.021250
6 0.332083 0.067500 0.030000 0.025000
6 0.363333 0.169375 0.016667 0.023750
4 0.429167 0.191250 0.015000 0.022500
6 0.397500 0.201875 0.015000 0.021250
4 0.362500 0.232500 0.018333 0.022500
6 0.398750 0.254688 0.015000 0.020000
6 0.425000 0.258125 0.013333 0.018750
6 0.366667 0.300625 0.016667 0.023750
4 0.422917 0.320312 0.015000 0.022500
6 0.395000 0.337500 0.016667 0.022500
4 0.365000 0.353750 0.013333 0.022500
4 0.364167 0.428125 0.015000 0.018750
6 0.603750 0.103125 0.018333 0.023750
4 0.627083 0.103750 0.020000 0.025000
4 0.662917 0.105000 0.016667 0.022500
4 0.740000 0.095937 0.036667 0.008750
6 0.749167 0.118125 0.035000 0.008750
4 0.745833 0.128125 0.038333 0.008750
4 0.785833 0.114375 0.015000 0.021250
6 0.789167 0.180625 0.015000 0.018750
5 0.894167 0.081250 0.048333 0.010000
6 0.020000 0.287813 0.030000 0.022500
4 0.046667 0.304063 0.030000 0.022500
4 0.082500 0.354375 0.035000 0.011250
6 0.088750 0.376250 0.035000 0.010000
6 0.084583 0.388750 0.036667 0.010000
6 0.083333 0.399375 0.033333 0.008750
6 0.082917 0.411250 0.031667 0.010000
6 0.085833 0.423750 0.041667 0.010000
4 0.030000 0.590625 0.030000 0.011250
6 0.363750 0.491250 0.016667 0.022500
5 0.400833 0.529062 0.018333 0.030000
6 0.371250 0.549375 0.016667 0.023750
6 0.649167 0.217500 0.018333 0.022500
4 0.673333 0.216250 0.016667 0.022500
4 0.695000 0.218125 0.016667 0.021250
4 0.716250 0.216250 0.015000 0.022500
4 0.792500 0.237500 0.015000 0.027500
4 0.755833 0.327500 0.038333 0.012500
6 0.981250 0.360000 0.038333 0.010000
6 0.980833 0.372188 0.035000 0.010000
6 0.981667 0.395625 0.033333 0.008750
4 0.980833 0.407500 0.031667 0.010000
4 0.984167 0.416875 0.031667 0.008750
5 0.984167 0.430000 0.031667 0.010000
4 0.984167 0.453125 0.031667 0.011250
4 0.984167 0.464375 0.031667 0.008750
4 0.984167 0.477500 0.031667 0.010000
4 0.982500 0.488125 0.035000 0.008750
4 0.982500 0.500313 0.038333 0.010000
4 0.982500 0.512500 0.035000 0.010000
6 0.937500 0.437188 0.015000 0.020000
6 0.888333 0.350000 0.036667 0.010000
6 0.893333 0.360938 0.036667 0.010000
6 0.891250 0.371875 0.035000 0.008750
6 0.888333 0.385000 0.033333 0.007500
6 0.887500 0.395313 0.031667 0.010000
6 0.891667 0.407813 0.026667 0.008750
6 0.890000 0.417500 0.030000 0.010000
6 0.884167 0.442188 0.031667 0.008750
6 0.883333 0.453750 0.030000 0.007500
4 0.887917 0.465000 0.035000 0.010000
6 0.882500 0.489375 0.035000 0.008750
4 0.880000 0.500000 0.030000 0.007500
4 0.881667 0.511250 0.036667 0.010000
6 0.882500 0.522813 0.028333 0.008750
6 0.847917 0.503750 0.030000 0.020000
6 0.842500 0.491250 0.038333 0.022500
4 0.849167 0.475625 0.035000 0.021250
4 0.846667 0.463125 0.033333 0.018750
4 0.849167 0.449375 0.035000 0.016250
6 0.847917 0.436250 0.036667 0.020000
6 0.851667 0.421875 0.033333 0.016250
6 0.850833 0.408438 0.038333 0.020000
4 0.849583 0.396562 0.036667 0.020000
6 0.853333 0.380625 0.036667 0.018750
6 0.850000 0.367500 0.036667 0.020000
5 0.952083 0.563125 0.016667 0.023750
6 0.619583 0.638125 0.041667 0.011250
6 0.082500 0.938750 0.035000 0.010000
4 0.078333 0.950937 0.040000 0.010000
6 0.079167 0.973437 0.031667 0.010000
4 0.081667 0.986875 0.040000 0.008750
