9 2.830000 3.784000 0.117000 0.102000
6 1.941000 0.564000 0.015000 0.016000
6 2.172000 0.640000 0.018000 0.020000
4 2.500000 0.492000 0.014000 0.020000
4 2.771000 0.574000 0.014000 0.019000
6 2.826000 0.660000 0.011000 0.016000
5 2.864000 0.671000 0.014000 0.019000
6 3.214000 0.552000 0.019000 0.012000
6 3.810000 0.628000 0.013000 0.014000
6 3.790000 0.662000 0.015000 0.015000
4 3.764000 0.702000 0.014000 0.017000
6 3.741000 0.738000 0.016000 0.017000
6 3.630000 0.288000 0.015000 0.018000
4 3.459000 0.064000 0.023000 0.012000
6 3.622000 0.095000 0.021000 0.011000
4 3.715000 0.016000 0.011000 0.009000
6 3.767000 0.015000 0.010000 0.009000
4 3.818000 0.055000 0.013000 0.021000
6 3.120000 2.249000 0.020000 0.010000
5 3.110000 2.398000 0.023000 0.009000
5 3.977000 2.940000 0.014000 0.018000
4 3.816000 3.020000 0.008000 0.018000
6 2.815000 3.206000 0.022000 0.021000
6 3.050000 3.387000 0.021000 0.019000
6 3.180000 3.415000 0.020000 0.018000
6 2.857000 3.455000 0.016000 0.022000
4 1.730000 2.682000 0.019000 0.015000
6 1.834000 2.748000 0.017000 0.014000
4 1.977000 2.836000 0.023000 0.018000
4 2.089000 2.894000 0.019000 0.015000
6 2.202000 2.956000 0.021000 0.016000
6 2.071000 3.028000 0.020000 0.022000
6 2.293000 3.024000 0.019000 0.016000
6 2.384000 3.100000 0.018000 0.016000
6 2.444000 3.058000 0.022000 0.019000
5 2.523000 3.129000 0.024000 0.026000
6 2.564000 3.283000 0.016000 0.020000
4 2.592000 3.225000 0.016000 0.018000
6 2.646000 3.286000 0.017000 0.019000
5 2.629000 3.401000 0.016000 0.024000
4 2.698000 3.382000 0.017000 0.021000
6 2.743000 3.526000 0.011000 0.019000
6 2.682000 3.558000 0.013000 0.021000
6 2.776000 3.712000 0.010000 0.018000
4 2.934000 3.793000 0.009000 0.018000
6 2.982000 3.940000 0.011000 0.018000
6 2.866000 3.874000 0.011000 0.019000
6 2.690000 3.868000 0.007000 0.016000
6 1.598000 3.787000 0.017000 0.007000
11 1.659000 3.975000 0.015000 0.015000
11 1.602000 3.982000 0.011000 0.011000
11 1.558000 3.974000 0.015000 0.015000
11 1.496000 3.971000 0.014000 0.014000
11 1.437000 3.971000 0.016000 0.016000
6 1.371000 3.979000 0.015000 0.014000
4 1.309000 3.971000 0.015000 0.017000
6 1.253000 3.963000 0.016000 0.018000
6 1.193000 3.970000 0.016000 0.015000
6 1.133000 3.972000 0.012000 0.014000
6 1.074000 3.966000 0.017000 0.019000
4 0.967000 3.967000 0.008000 0.012000
4 0.929000 3.964000 0.007000 0.014000
4 0.802000 3.968000 0.007000 0.014000
4 0.709000 3.966000 0.009000 0.015000
6 0.639000 3.866000 0.020000 0.009000
5 0.584000 3.758000 0.026000 0.021000
5 0.616000 3.506000 0.018000 0.025000
5 2.226000 3.644000 0.023000 0.018000
6 2.374000 3.480000 0.019000 0.016000
4 2.405000 3.450000 0.019000 0.017000
5 2.425000 3.318000 0.024000 0.013000
5 2.336000 3.198000 0.022000 0.021000
5 2.154000 3.434000 0.023000 0.019000
6 2.162000 3.393000 0.019000 0.015000
6 2.140000 3.295000 0.018000 0.016000
6 2.118000 3.324000 0.019000 0.016000
5 2.072000 3.384000 0.020000 0.016000
5 2.045000 3.412000 0.022000 0.018000
6 2.017000 3.434000 0.019000 0.017000
5 2.002000 3.466000 0.023000 0.019000
6 1.979000 3.499000 0.018000 0.015000
6 1.961000 3.533000 0.023000 0.018000
4 1.760000 3.446000 0.020000 0.017000
6 1.880000 3.300000 0.018000 0.014000
5 1.662000 3.398000 0.023000 0.019000
6 1.764000 3.279000 0.020000 0.015000
6 1.837000 3.188000 0.018000 0.016000
4 1.988000 2.987000 0.018000 0.018000
6 1.740000 3.003000 0.022000 0.017000
4 1.316000 2.824000 0.018000 0.016000
4 1.298000 2.858000 0.019000 0.017000
5 1.247000 2.906000 0.024000 0.021000
3 1.241000 2.953000 0.035000 0.025000
3 1.174000 3.013000 0.027000 0.022000
3 1.143000 3.050000 0.034000 0.027000
3 0.985000 3.110000 0.027000 0.029000
6 0.784000 3.006000 0.028000 0.023000
3 0.774000 2.884000 0.031000 0.024000
3 0.766000 2.824000 0.029000 0.022000
3 0.766000 2.770000 0.029000 0.021000
3 0.778000 2.718000 0.029000 0.023000
3 0.780000 2.602000 0.030000 0.023000
3 0.756000 2.524000 0.028000 0.022000
3 1.196000 2.560000 0.028000 0.022000
4 1.048000 2.518000 0.024000 0.017000
6 0.568000 2.209000 0.012000 0.010000
5 0.665000 2.368000 0.036000 0.024000
4 0.689000 2.048000 0.021000 0.016000
4 0.306000 1.840000 0.019000 0.016000
4 0.629000 1.798000 0.021000 0.019000
4 1.292000 1.535000 0.018000 0.016000
6 1.356000 1.470000 0.018000 0.015000
11 1.240000 1.603000 0.024000 0.017000
6 1.220000 1.650000 0.022000 0.013000
6 1.201000 0.016000 0.013000 0.010000
