6 2.491000 0.141000 0.014000 0.018000
4 0.774000 0.089000 0.015000 0.021000
4 1.112000 0.142000 0.016000 0.021000
4 1.152000 0.231000 0.016000 0.021000
4 0.809000 0.170000 0.017000 0.021000
6 0.855000 0.264000 0.015000 0.018000
5 0.882000 0.328000 0.015000 0.020000
6 1.191000 0.320000 0.014000 0.018000
4 0.924000 0.421000 0.016000 0.020000
5 1.054000 0.470000 0.017000 0.025000
4 1.229000 0.404000 0.015000 0.020000
4 1.260000 0.480000 0.014000 0.020000
5 2.020000 0.284000 0.022000 0.018000
4 2.083000 0.178000 0.016000 0.021000
6 2.122000 0.157000 0.017000 0.021000
4 2.163000 0.145000 0.015000 0.020000
6 2.205000 0.130000 0.017000 0.021000
5 2.244000 0.120000 0.016000 0.020000
5 2.444000 0.143000 0.016000 0.020000
6 2.584000 0.088000 0.014000 0.018000
5 2.674000 0.064000 0.015000 0.020000
4 2.747000 0.046000 0.017000 0.021000
4 2.722000 0.216000 0.015000 0.020000
5 2.768000 0.203000 0.014000 0.020000
4 2.808000 0.195000 0.014000 0.020000
5 2.849000 0.179000 0.013000 0.019000
5 2.892000 0.168000 0.014000 0.020000
4 2.968000 0.142000 0.014000 0.019000
5 2.929000 0.156000 0.017000 0.022000
4 3.007000 0.126000 0.014000 0.019000
4 3.052000 0.113000 0.014000 0.019000
4 3.092000 0.104000 0.016000 0.022000
4 3.130000 0.086000 0.017000 0.021000
4 3.176000 0.076000 0.016000 0.020000
4 2.759000 0.297000 0.012000 0.018000
4 2.798000 0.287000 0.013000 0.018000
4 2.840000 0.268000 0.016000 0.022000
4 2.878000 0.260000 0.015000 0.020000
4 2.963000 0.242000 0.016000 0.021000
4 3.002000 0.222000 0.015000 0.021000
6 3.045000 0.208000 0.016000 0.020000
4 3.088000 0.196000 0.016000 0.022000
6 3.122000 0.177000 0.015000 0.019000
4 3.164000 0.166000 0.016000 0.019000
4 3.210000 0.162000 0.015000 0.019000
4 2.992000 0.402000 0.016000 0.021000
5 2.820000 0.443000 0.018000 0.025000
4 2.868000 0.429000 0.016000 0.020000
5 2.912000 0.423000 0.016000 0.021000
6 2.950000 0.412000 0.015000 0.020000
4 3.030000 0.384000 0.017000 0.022000
4 3.067000 0.366000 0.017000 0.021000
4 3.113000 0.360000 0.015000 0.020000
6 3.148000 0.343000 0.014000 0.019000
4 3.194000 0.334000 0.017000 0.021000
4 3.238000 0.322000 0.017000 0.021000
5 3.278000 0.302000 0.019000 0.025000
6 2.984000 0.484000 0.016000 0.020000
6 3.028000 0.478000 0.016000 0.021000
6 3.066000 0.458000 0.015000 0.019000
4 3.110000 0.452000 0.015000 0.020000
6 3.150000 0.437000 0.017000 0.021000
6 3.192000 0.426000 0.016000 0.021000
6 3.234000 0.414000 0.017000 0.021000
6 3.272000 0.394000 0.016000 0.019000
6 3.320000 0.388000 0.016000 0.022000
4 2.942000 0.504000 0.017000 0.022000
6 2.861000 0.530000 0.018000 0.025000
5 2.856000 0.695000 0.018000 0.023000
6 2.942000 0.670000 0.019000 0.023000
5 3.019000 0.644000 0.018000 0.022000
6 3.148000 0.609000 0.016000 0.019000
6 3.107000 0.621000 0.017000 0.022000
6 3.188000 0.596000 0.016000 0.020000
6 3.226000 0.578000 0.017000 0.023000
6 3.387000 0.537000 0.016000 0.020000
6 3.432000 0.517000 0.016000 0.020000
6 3.512000 0.049000 0.016000 0.021000
6 3.543000 0.124000 0.016000 0.020000
5 3.822000 0.241000 0.015000 0.021000
6 3.786000 0.159000 0.015000 0.021000
4 0.716000 0.630000 0.016000 0.021000
6 0.673000 0.650000 0.017000 0.021000
3 0.512000 0.752000 0.044000 0.034000
4 0.378000 0.718000 0.017000 0.021000
6 1.128000 0.872000 0.014000 0.018000
4 1.166000 0.963000 0.015000 0.020000
6 1.220000 1.086000 0.014000 0.019000
5 1.606000 0.583000 0.011000 0.019000
4 1.660000 0.576000 0.010000 0.018000
6 1.753000 0.540000 0.010000 0.018000
6 1.804000 0.525000 0.012000 0.020000
6 1.912000 0.492000 0.012000 0.018000
4 1.958000 0.478000 0.013000 0.019000
5 2.010000 0.457000 0.011000 0.022000
6 2.056000 0.452000 0.010000 0.018000
6 2.108000 0.434000 0.010000 0.019000
6 2.168000 0.397000 0.018000 0.024000
6 2.197000 0.359000 0.014000 0.018000
4 1.396000 0.782000 0.014000 0.019000
4 1.518000 0.718000 0.015000 0.021000
4 1.560000 0.706000 0.016000 0.021000
4 1.593000 0.688000 0.015000 0.020000
4 1.629000 0.680000 0.015000 0.020000
6 1.672000 0.664000 0.014000 0.020000
4 1.712000 0.654000 0.016000 0.021000
4 1.640000 0.862000 0.014000 0.019000
4 1.682000 0.844000 0.015000 0.020000
4 1.720000 0.830000 0.014000 0.019000
5 1.774000 0.814000 0.015000 0.019000
6 1.813000 0.796000 0.016000 0.020000
6 1.850000 0.779000 0.017000 0.022000
3 2.024000 0.827000 0.018000 0.024000
4 1.512000 1.049000 0.016000 0.021000
6 1.735000 1.011000 0.018000 0.022000
6 1.769000 0.996000 0.018000 0.022000
4 1.813000 0.987000 0.017000 0.021000
6 1.854000 0.974000 0.019000 0.023000
6 1.930000 0.948000 0.017000 0.020000
6 1.972000 0.933000 0.018000 0.023000
4 2.556000 0.878000 0.016000 0.021000
4 3.300000 0.919000 0.020000 0.014000
5 3.426000 0.874000 0.027000 0.017000
9 1.508000 1.348000 0.102000 0.082000
6 0.404000 1.874000 0.016000 0.021000
6 0.744000 1.858000 0.016000 0.021000
4 0.823000 1.829000 0.016000 0.020000
4 0.905000 1.812000 0.015000 0.020000
5 0.982000 1.781000 0.015000 0.020000
4 1.024000 1.766000 0.018000 0.023000
4 1.065000 1.754000 0.015000 0.021000
6 1.144000 1.730000 0.014000 0.019000
4 1.184000 1.712000 0.014000 0.018000
6 1.226000 1.699000 0.015000 0.020000
3 1.821000 1.734000 0.018000 0.025000
6 1.558000 1.849000 0.015000 0.018000
4 1.882000 1.878000 0.015000 0.021000
6 1.916000 1.955000 0.016000 0.021000
4 1.594000 1.925000 0.017000 0.021000
4 1.666000 2.090000 0.017000 0.021000
6 1.948000 2.037000 0.016000 0.021000
5 1.989000 2.116000 0.018000 0.024000
4 0.277000 2.108000 0.015000 0.022000
4 0.314000 2.094000 0.015000 0.021000
4 0.232000 2.120000 0.016000 0.022000
6 0.151000 2.142000 0.016000 0.021000
4 0.032000 2.183000 0.016000 0.021000
6 0.228000 2.290000 0.014000 0.019000
4 0.184000 2.300000 0.014000 0.020000
6 0.047000 2.344000 0.014000 0.020000
6 0.441000 2.342000 0.021000 0.013000
6 0.449000 2.376000 0.021000 0.014000
6 0.464000 2.407000 0.020000 0.013000
6 0.088000 2.425000 0.014000 0.019000
4 0.045000 2.438000 0.015000 0.019000
5 0.034000 2.606000 0.017000 0.021000
6 0.074000 2.593000 0.015000 0.020000
4 0.193000 2.558000 0.015000 0.019000
6 0.306000 2.520000 0.015000 0.018000
4 0.420000 2.483000 0.014000 0.019000
6 0.023000 2.753000 0.018000 0.024000
6 0.060000 2.734000 0.018000 0.021000
6 0.106000 2.729000 0.017000 0.023000
4 0.143000 2.714000 0.017000 0.021000
4 0.187000 2.699000 0.017000 0.021000
6 0.268000 2.660000 0.016000 0.020000
4 0.314000 2.660000 0.015000 0.020000
6 0.352000 2.648000 0.018000 0.022000
4 0.388000 2.633000 0.016000 0.021000
4 0.437000 2.624000 0.016000 0.022000
6 0.478000 2.612000 0.013000 0.018000
4 0.525000 2.595000 0.015000 0.021000
4 0.038000 3.009000 0.017000 0.021000
4 0.053000 2.930000 0.013000 0.017000
4 0.078000 2.996000 0.015000 0.020000
6 0.124000 2.989000 0.016000 0.021000
4 0.160000 2.965000 0.016000 0.020000
4 0.171000 2.890000 0.017000 0.019000
4 0.091000 2.910000 0.019000 0.023000
6 0.200000 2.952000 0.016000 0.022000
6 0.213000 2.878000 0.017000 0.021000
4 0.248000 2.952000 0.016000 0.022000
4 0.289000 2.933000 0.014000 0.019000
4 0.254000 2.862000 0.017000 0.021000
4 0.329000 2.926000 0.016000 0.021000
4 0.296000 2.851000 0.014000 0.019000
4 0.368000 2.905000 0.016000 0.020000
4 0.410000 2.894000 0.017000 0.021000
4 0.338000 2.832000 0.017000 0.020000
4 0.450000 2.881000 0.017000 0.022000
4 0.424000 2.810000 0.016000 0.021000
4 0.496000 2.870000 0.018000 0.023000
4 0.462000 2.798000 0.017000 0.021000
4 0.575000 2.842000 0.016000 0.021000
6 0.532000 2.854000 0.014000 0.019000
4 0.546000 2.770000 0.017000 0.021000
4 0.500000 2.780000 0.016000 0.020000
4 0.584000 2.756000 0.014000 0.018000
4 0.612000 2.828000 0.016000 0.020000
4 0.636000 2.749000 0.012000 0.019000
4 0.664000 2.823000 0.016000 0.021000
6 0.696000 2.750000 0.014000 0.017000
6 0.100000 3.371000 0.014000 0.019000
6 0.270000 3.320000 0.017000 0.024000
4 0.031000 3.208000 0.016000 0.022000
6 0.112000 3.186000 0.018000 0.023000
4 0.190000 3.148000 0.015000 0.020000
4 0.310000 3.304000 0.017000 0.022000
6 0.278000 3.128000 0.017000 0.022000
6 0.351000 3.192000 0.019000 0.020000
4 0.514000 3.241000 0.015000 0.020000
6 0.479000 3.068000 0.017000 0.022000
6 0.562000 3.033000 0.015000 0.021000
4 0.647000 3.015000 0.015000 0.018000
6 0.638000 3.183000 0.017000 0.022000
4 0.796000 2.990000 0.014000 0.019000
4 0.852000 3.000000 0.016000 0.020000
5 0.894000 2.982000 0.019000 0.023000
4 0.974000 2.960000 0.015000 0.020000
6 0.933000 2.970000 0.015000 0.021000
4 1.014000 2.946000 0.017000 0.023000
4 0.575000 2.584000 0.012000 0.020000
4 0.624000 2.586000 0.010000 0.019000
4 0.672000 2.586000 0.012000 0.021000
5 0.720000 2.586000 0.012000 0.021000
5 0.762000 2.592000 0.013000 0.020000
6 0.806000 2.600000 0.013000 0.018000
4 0.856000 2.604000 0.012000 0.018000
4 0.996000 2.584000 0.014000 0.020000
4 0.909000 2.598000 0.011000 0.019000
6 0.952000 2.591000 0.012000 0.021000
4 1.039000 2.570000 0.015000 0.021000
5 1.083000 2.561000 0.020000 0.026000
6 1.168000 2.532000 0.016000 0.022000
6 1.126000 2.548000 0.017000 0.022000
6 1.206000 2.518000 0.017000 0.021000
5 1.252000 2.518000 0.018000 0.025000
6 1.290000 2.506000 0.015000 0.021000
4 1.337000 2.490000 0.016000 0.021000
4 1.374000 2.478000 0.017000 0.021000
4 1.414000 2.462000 0.015000 0.019000
4 1.498000 2.437000 0.017000 0.022000
5 1.536000 2.422000 0.016000 0.021000
4 1.624000 2.399000 0.016000 0.022000
5 1.581000 2.405000 0.018000 0.025000
5 1.669000 2.385000 0.015000 0.021000
4 1.712000 2.197000 0.016000 0.021000
6 1.756000 2.280000 0.018000 0.022000
4 0.878000 2.748000 0.011000 0.018000
4 0.923000 2.748000 0.010000 0.016000
4 0.880000 2.816000 0.010000 0.016000
4 0.962000 2.746000 0.011000 0.019000
4 1.012000 2.743000 0.012000 0.018000
4 1.058000 2.742000 0.011000 0.021000
4 1.112000 2.741000 0.014000 0.020000
6 1.154000 2.726000 0.015000 0.021000
4 1.192000 2.709000 0.016000 0.020000
6 1.238000 2.693000 0.017000 0.023000
4 1.280000 2.684000 0.016000 0.020000
6 1.321000 2.677000 0.016000 0.021000
4 1.360000 2.661000 0.016000 0.020000
5 1.405000 2.644000 0.016000 0.022000
5 1.443000 2.634000 0.015000 0.019000
4 1.490000 2.627000 0.015000 0.019000
6 1.535000 2.616000 0.016000 0.020000
5 1.614000 2.582000 0.015000 0.019000
5 1.652000 2.566000 0.018000 0.023000
5 1.701000 2.558000 0.015000 0.021000
6 1.739000 2.540000 0.016000 0.020000
5 0.928000 2.826000 0.010000 0.021000
4 0.990000 2.818000 0.011000 0.019000
6 1.042000 2.820000 0.011000 0.020000
4 1.097000 2.816000 0.016000 0.020000
5 1.141000 2.813000 0.014000 0.020000
5 1.217000 2.786000 0.016000 0.021000
6 1.263000 2.771000 0.015000 0.020000
6 1.314000 2.759000 0.017000 0.022000
6 1.354000 2.742000 0.015000 0.019000
6 1.440000 2.716000 0.016000 0.020000
6 1.399000 2.734000 0.016000 0.021000
4 1.480000 2.703000 0.014000 0.020000
5 1.562000 2.684000 0.017000 0.022000
6 1.604000 2.671000 0.016000 0.022000
4 1.647000 2.657000 0.016000 0.021000
4 1.693000 2.654000 0.016000 0.021000
4 1.729000 2.639000 0.015000 0.020000
4 1.769000 2.612000 0.013000 0.018000
6 1.342000 2.844000 0.021000 0.014000
4 1.753000 2.819000 0.016000 0.021000
5 0.030000 3.663000 0.019000 0.012000
5 0.040000 3.749000 0.016000 0.022000
4 0.076000 3.730000 0.016000 0.021000
6 0.278000 3.732000 0.025000 0.016000
3 1.228000 3.486000 0.076000 0.039000
5 2.055000 2.972000 0.016000 0.022000
4 1.818000 3.200000 0.015000 0.018000
5 1.859000 3.191000 0.015000 0.020000
6 1.928000 3.322000 0.016000 0.017000
4 1.973000 3.312000 0.015000 0.020000
4 2.022000 3.298000 0.015000 0.021000
6 2.064000 3.289000 0.014000 0.020000
5 1.902000 2.389000 0.021000 0.022000
6 2.102000 2.371000 0.015000 0.019000
6 2.138000 2.453000 0.017000 0.021000
5 1.982000 2.803000 0.019000 0.024000
4 2.013000 2.878000 0.015000 0.021000
4 2.213000 2.622000 0.016000 0.021000
4 2.251000 2.702000 0.015000 0.021000
4 2.533000 2.658000 0.017000 0.011000
6 2.523000 2.592000 0.019000 0.012000
4 2.534000 2.623000 0.021000 0.013000
5 2.434000 2.615000 0.021000 0.025000
4 2.292000 2.792000 0.016000 0.022000
6 2.402000 2.860000 0.021000 0.016000
4 2.692000 2.840000 0.020000 0.014000
9 3.860000 0.614000 0.078000 0.063000
4 2.626000 3.632000 0.015000 0.020000
6 2.662000 3.708000 0.015000 0.020000
6 2.700000 3.794000 0.014000 0.017000
4 2.515000 3.898000 0.013000 0.017000
