6 1.345000 0.406250 0.026667 0.010000
5 0.600000 3.118750 0.043333 0.012500
4 0.883333 3.245000 0.028333 0.007500
4 0.873333 3.200000 0.036667 0.010000
6 0.775000 3.332500 0.031667 0.008750
6 3.933333 0.295000 0.033333 0.027500
6 3.826667 0.288750 0.026667 0.022500
4 3.695000 0.295000 0.028333 0.022500
4 3.600000 0.296250 0.030000 0.021250
4 3.501667 0.287500 0.033333 0.026250
4 3.253333 0.306250 0.033333 0.025000
4 3.146667 0.295000 0.033333 0.022500
6 3.063333 0.287500 0.028333 0.023750
4 2.613333 0.296250 0.030000 0.022500
3 2.386667 0.415000 0.046667 0.012500
4 2.531667 0.287500 0.030000 0.021250
6 2.438333 0.288750 0.030000 0.021250
6 2.041667 0.296250 0.023333 0.021250
4 1.931667 0.280000 0.031667 0.022500
6 1.666667 0.097500 0.033333 0.016250
6 1.135000 0.088750 0.035000 0.020000
4 0.763333 0.096250 0.041667 0.022500
6 3.756667 3.665000 0.021667 0.027500
4 3.641667 3.665000 0.016667 0.022500
4 3.860000 3.663750 0.016667 0.020000
6 2.736667 3.831250 0.018333 0.022500
6 2.660000 3.833750 0.016667 0.021250
6 2.381667 3.825000 0.016667 0.022500
5 2.310000 3.822500 0.015000 0.026250
4 2.230000 3.822500 0.018333 0.018750
