32 0.940000 0.034000 0.120000 0.077000
6 0.362000 0.180250 0.016000 0.016000
6 0.368250 0.172750 0.019000 0.017000
6 0.499500 0.157750 0.019000 0.016000
4 0.494000 0.149500 0.020000 0.017000
6 0.534000 0.250500 0.020000 0.019000
6 0.175000 0.647250 0.016000 0.019000
6 0.321500 0.367500 0.015000 0.015000
6 0.235500 0.277250 0.019000 0.018000
4 0.196500 0.827500 0.017000 0.021000
6 0.186500 0.844250 0.017000 0.021000
4 0.636000 0.806000 0.014000 0.020000
4 0.485500 0.896250 0.019000 0.007000
6 0.485000 0.886000 0.020000 0.008000
4 0.509750 0.735500 0.024000 0.013000
6 0.338000 0.549500 0.018000 0.019000
6 0.345500 0.540000 0.023000 0.014000
6 0.305500 0.655000 0.023000 0.014000
6 0.502000 0.619000 0.020000 0.010000
6 0.551500 0.516250 0.011000 0.018000
6 0.616250 0.498250 0.019000 0.019000
6 0.633500 0.497500 0.013000 0.017000
6 0.700750 0.538000 0.021000 0.012000
6 0.918750 0.622250 0.021000 0.008000
11 0.940000 0.750750 0.010000 0.018000
6 0.970000 0.792500 0.018000 0.007000
6 0.955000 0.940500 0.016000 0.021000
6 0.587500 0.960750 0.015000 0.019000
4 0.390500 0.950250 0.017000 0.020000
6 0.205250 0.951000 0.019000 0.012000
6 0.464000 0.510000 0.020000 0.010000
