9 2.259000 1.326000 0.058000 0.067000
9 3.716000 1.059000 0.042000 0.050000
4 2.556000 1.202000 0.016000 0.009000
0 2.706000 1.085000 0.013000 0.020000
4 3.336000 1.142000 0.016000 0.009000
6 3.880000 1.578000 0.010000 0.019000
4 3.650000 1.656000 0.019000 0.010000
6 3.913000 1.825000 0.015000 0.018000
4 3.971000 2.016000 0.009000 0.016000
6 3.923000 2.251000 0.011000 0.018000
4 3.148000 2.622000 0.018000 0.011000
5 3.282000 2.693000 0.021000 0.011000
3 2.922000 2.668000 0.029000 0.012000
3 2.804000 2.782000 0.032000 0.015000
4 3.400000 2.837000 0.008000 0.014000
4 3.889000 2.864000 0.019000 0.008000
4 2.760000 3.344000 0.014000 0.020000
4 2.374000 2.081000 0.011000 0.017000
4 2.185000 0.128000 0.014000 0.010000
4 2.176000 0.095000 0.014000 0.009000
6 2.176000 0.060000 0.016000 0.008000
4 1.942000 0.122000 0.009000 0.015000
4 1.966000 0.218000 0.009000 0.017000
6 1.997000 0.352000 0.010000 0.014000
4 2.010000 0.417000 0.011000 0.018000
4 2.251000 0.564000 0.016000 0.020000
4 2.056000 0.650000 0.012000 0.019000
4 2.084000 0.756000 0.010000 0.016000
4 2.188000 0.766000 0.012000 0.019000
4 2.105000 0.837000 0.011000 0.020000
4 2.124000 0.925000 0.012000 0.021000
4 2.148000 1.026000 0.010000 0.019000
4 1.858000 0.956000 0.011000 0.016000
4 1.910000 0.859000 0.009000 0.014000
6 1.846000 0.883000 0.011000 0.016000
4 1.790000 0.890000 0.011000 0.015000
4 1.736000 0.896000 0.010000 0.016000
6 1.684000 0.899000 0.012000 0.017000
4 2.047000 1.380000 0.018000 0.010000
5 1.794000 1.356000 0.025000 0.014000
4 1.339000 1.442000 0.019000 0.011000
4 1.109000 1.513000 0.023000 0.012000
4 0.232000 1.678000 0.018000 0.011000
6 2.983000 1.962000 0.016000 0.009000
4 2.892000 1.975000 0.018000 0.008000
