4 0.712000 0.362750 0.018000 0.009000
4 0.536000 0.098000 0.020000 0.010000
4 0.659000 0.103500 0.020000 0.007000
4 0.536250 0.087750 0.023000 0.011000
4 0.233000 0.091000 0.018000 0.010000
4 0.111500 0.362250 0.021000 0.009000
6 0.167750 0.652000 0.010000 0.018000
4 0.363000 0.983250 0.010000 0.019000
6 0.952500 0.943500 0.021000 0.009000
6 0.950500 0.917500 0.009000 0.015000
5 0.966000 0.921750 0.024000 0.008000
5 0.966500 0.912750 0.025000 0.009000
6 0.907000 0.902500 0.008000 0.015000
4 0.919000 0.903000 0.008000 0.016000
6 0.894500 0.904500 0.011000 0.017000
4 0.883250 0.902250 0.010000 0.016000
4 0.964750 0.837250 0.021000 0.009000
4 0.964000 0.820500 0.016000 0.007000
4 0.965750 0.811500 0.019000 0.009000
6 0.965500 0.779250 0.021000 0.009000
4 0.958750 0.697250 0.018000 0.010000
4 0.830000 0.733500 0.006000 0.015000
6 0.808000 0.906000 0.008000 0.018000
4 0.847000 0.989750 0.020000 0.008000
5 0.808500 0.975750 0.009000 0.019000
4 0.766250 0.991250 0.007000 0.018000
4 0.766500 0.956000 0.009000 0.016000
6 0.766750 0.940750 0.008000 0.016000
4 0.767000 0.909500 0.008000 0.019000
4 0.766500 0.889000 0.009000 0.022000
6 0.809000 0.874000 0.010000 0.016000
4 0.808500 0.854000 0.009000 0.014000
6 0.766750 0.855000 0.009000 0.020000
4 0.809500 0.837500 0.013000 0.017000
4 0.767000 0.815750 0.008000 0.012000
6 0.768500 0.833500 0.011000 0.021000
4 0.808500 0.821000 0.011000 0.020000
6 0.806750 0.761250 0.012000 0.020000
5 0.809000 0.731500 0.010000 0.019000
6 0.767500 0.792000 0.007000 0.016000
4 0.768250 0.749000 0.009000 0.018000
4 0.767000 0.729000 0.008000 0.018000
5 0.768750 0.662500 0.010000 0.021000
4 0.768500 0.696500 0.008000 0.019000
6 0.809250 0.704000 0.008000 0.012000
4 0.808000 0.689500 0.010000 0.019000
4 0.808500 0.666500 0.009000 0.017000
6 0.808500 0.642750 0.007000 0.018000
4 0.808000 0.621500 0.010000 0.017000
6 0.914000 0.572000 0.022000 0.008000
4 0.944500 0.571000 0.017000 0.008000
6 0.967250 0.571000 0.018000 0.008000
6 0.956250 0.536000 0.018000 0.008000
6 0.935750 0.537000 0.018000 0.010000
6 0.875000 0.538500 0.016000 0.007000
3 0.951000 0.424500 0.018000 0.007000
6 0.944750 0.398750 0.020000 0.014000
4 0.955500 0.317500 0.009000 0.015000
6 0.984500 0.252750 0.019000 0.007000
6 0.979500 0.260750 0.023000 0.016000
4 0.893500 0.300000 0.009000 0.018000
6 0.860250 0.333000 0.017000 0.006000
4 0.829500 0.282500 0.009000 0.019000
6 0.841500 0.320000 0.009000 0.014000
4 0.892500 0.280500 0.007000 0.017000
4 0.830250 0.306250 0.010000 0.017000
6 0.404500 0.989000 0.009000 0.016000
5 0.403750 0.958500 0.008000 0.017000
4 0.403750 0.942500 0.008000 0.015000
6 0.363750 0.966500 0.009000 0.019000
4 0.364000 0.932500 0.010000 0.019000
6 0.563750 0.940750 0.021000 0.008000
3 0.590000 0.988500 0.010000 0.023000
6 0.620000 0.953750 0.020000 0.016000
5 0.601250 0.942000 0.023000 0.018000
6 0.364250 0.915250 0.010000 0.019000
4 0.403250 0.878750 0.012000 0.019000
5 0.365000 0.857000 0.010000 0.022000
6 0.404000 0.842500 0.008000 0.015000
5 0.579000 0.865750 0.012000 0.021000
5 0.570500 0.840000 0.023000 0.008000
4 0.562250 0.857250 0.018000 0.007000
4 0.634500 0.871000 0.023000 0.008000
4 0.679000 0.873250 0.022000 0.008000
4 0.708500 0.872750 0.027000 0.008000
4 0.735500 0.872750 0.019000 0.007000
4 0.668750 0.772750 0.018000 0.009000
4 0.736000 0.770250 0.020000 0.008000
6 0.728500 0.595000 0.015000 0.008000
4 0.570000 0.680250 0.018000 0.009000
4 0.574750 0.775250 0.023000 0.015000
6 0.547750 0.648500 0.021000 0.009000
5 0.545000 0.660000 0.024000 0.018000
3 0.520500 0.665750 0.011000 0.020000
4 0.510250 0.665000 0.009000 0.018000
6 0.364000 0.823500 0.008000 0.017000
6 0.363250 0.759250 0.010000 0.019000
6 0.364250 0.780250 0.010000 0.017000
6 0.365000 0.802500 0.010000 0.021000
6 0.403250 0.801500 0.010000 0.019000
6 0.404250 0.780500 0.010000 0.019000
4 0.405500 0.718000 0.009000 0.018000
4 0.404500 0.666750 0.011000 0.019000
6 0.404250 0.700000 0.010000 0.016000
4 0.364000 0.740500 0.010000 0.019000
6 0.363750 0.696000 0.008000 0.016000
4 0.364000 0.674000 0.010000 0.020000
6 0.721500 0.537000 0.007000 0.016000
6 0.658500 0.557250 0.019000 0.006000
4 0.543250 0.610000 0.024000 0.010000
6 0.663000 0.610750 0.014000 0.006000
4 0.739250 0.632500 0.017000 0.019000
6 0.545500 0.628750 0.021000 0.010000
4 0.709750 0.618500 0.020000 0.009000
6 0.809500 0.489000 0.009000 0.018000
5 0.809000 0.445000 0.010000 0.020000
4 0.768750 0.484250 0.010000 0.020000
4 0.768750 0.439750 0.009000 0.018000
6 0.740750 0.488750 0.014000 0.016000
4 0.582500 0.459500 0.007000 0.017000
4 0.636750 0.450250 0.008000 0.018000
4 0.581500 0.444500 0.007000 0.015000
6 0.526000 0.427500 0.008000 0.017000
4 0.403500 0.610500 0.009000 0.019000
4 0.405500 0.567250 0.009000 0.018000
4 0.405500 0.541500 0.009000 0.017000
6 0.447000 0.483500 0.024000 0.017000
4 0.405000 0.478750 0.010000 0.018000
5 0.404500 0.497500 0.011000 0.023000
4 0.404500 0.460500 0.009000 0.021000
4 0.405250 0.442750 0.009000 0.018000
5 0.363500 0.626500 0.009000 0.019000
6 0.363500 0.607500 0.009000 0.019000
5 0.364000 0.570500 0.010000 0.021000
4 0.364250 0.531750 0.009000 0.017000
4 0.363250 0.514750 0.010000 0.019000
4 0.365250 0.476000 0.010000 0.018000
5 0.036000 0.987500 0.020000 0.017000
6 0.004250 0.916000 0.009000 0.018000
4 0.002500 0.895750 0.005000 0.019000
4 0.003000 0.873500 0.007000 0.017000
6 0.003500 0.851500 0.007000 0.017000
4 0.002500 0.827500 0.005000 0.015000
6 0.219750 0.980250 0.010000 0.017000
4 0.192000 0.962500 0.020000 0.007000
5 0.174250 0.959750 0.011000 0.020000
4 0.187250 0.927750 0.020000 0.018000
6 0.203750 0.937500 0.008000 0.019000
6 0.186500 0.853000 0.009000 0.018000
6 0.229500 0.837500 0.015000 0.007000
5 0.229500 0.806250 0.013000 0.018000
4 0.253750 0.802000 0.010000 0.018000
6 0.003750 0.809500 0.008000 0.019000
4 0.195250 0.706000 0.021000 0.006000
6 0.003500 0.728750 0.007000 0.016000
6 0.003500 0.709250 0.007000 0.017000
4 0.003250 0.672750 0.007000 0.016000
6 0.144250 0.756750 0.025000 0.019000
5 0.146000 0.728500 0.011000 0.021000
4 0.157250 0.731500 0.011000 0.017000
4 0.144250 0.711500 0.010000 0.019000
4 0.244750 0.667000 0.021000 0.010000
4 0.195000 0.680000 0.020000 0.008000
6 0.195750 0.670250 0.016000 0.008000
4 0.201000 0.660750 0.014000 0.008000
4 0.176250 0.656000 0.012000 0.018000
4 0.194250 0.628750 0.009000 0.018000
5 0.206750 0.627500 0.010000 0.023000
4 0.333000 0.553750 0.020000 0.009000
6 0.223750 0.574000 0.008000 0.016000
6 0.196750 0.502500 0.024000 0.009000
6 0.190750 0.557750 0.008000 0.018000
4 0.197000 0.608000 0.012000 0.020000
7 0.200250 0.493250 0.025000 0.008000
4 0.217750 0.498250 0.021000 0.015000
6 0.237000 0.491750 0.019000 0.009000
6 0.246500 0.441500 0.011000 0.017000
4 0.245000 0.414750 0.010000 0.018000
4 0.042750 0.618500 0.019000 0.009000
4 0.038250 0.581500 0.016000 0.009000
4 0.003250 0.599000 0.007000 0.016000
6 0.004000 0.516750 0.008000 0.015000
4 0.161750 0.570750 0.009000 0.017000
6 0.171500 0.552750 0.021000 0.010000
4 0.129750 0.556500 0.010000 0.019000
5 0.166500 0.534000 0.017000 0.008000
4 0.172250 0.523750 0.021000 0.008000
4 0.162000 0.501000 0.014000 0.020000
4 0.129500 0.501500 0.011000 0.021000
4 0.161500 0.419500 0.009000 0.019000
4 0.979500 0.230500 0.021000 0.007000
6 0.938500 0.231000 0.019000 0.006000
4 0.916000 0.231000 0.022000 0.008000
6 0.982250 0.196000 0.020000 0.008000
4 0.959500 0.195500 0.019000 0.009000
4 0.915500 0.196500 0.021000 0.007000
4 0.869000 0.196250 0.022000 0.008000
6 0.877000 0.229000 0.020000 0.008000
4 0.855000 0.230000 0.020000 0.008000
4 0.865000 0.162000 0.020000 0.010000
4 0.974500 0.002250 0.017000 0.005000
6 0.919500 0.091000 0.026000 0.010000
6 0.919000 0.080500 0.020000 0.009000
5 0.809000 0.394000 0.010000 0.020000
4 0.808500 0.371500 0.009000 0.017000
6 0.809250 0.353250 0.008000 0.017000
6 0.767750 0.247750 0.010000 0.020000
4 0.767750 0.291000 0.007000 0.016000
4 0.810250 0.278000 0.010000 0.018000
4 0.808000 0.315000 0.008000 0.016000
4 0.809000 0.296750 0.010000 0.019000
5 0.768500 0.311500 0.009000 0.019000
4 0.715000 0.276500 0.018000 0.009000
4 0.564250 0.336500 0.010000 0.021000
4 0.544500 0.396500 0.021000 0.009000
6 0.564250 0.395000 0.020000 0.008000
4 0.608500 0.395000 0.025000 0.008000
4 0.665000 0.395000 0.022000 0.006000
4 0.683250 0.362250 0.020000 0.007000
4 0.639000 0.361000 0.020000 0.008000
6 0.590750 0.362000 0.024000 0.010000
4 0.538000 0.362250 0.020000 0.009000
4 0.541500 0.372500 0.023000 0.009000
4 0.507500 0.397000 0.021000 0.008000
3 0.495000 0.361500 0.022000 0.009000
4 0.473500 0.361750 0.019000 0.008000
4 0.768250 0.221000 0.010000 0.020000
6 0.768000 0.197500 0.012000 0.021000
4 0.808500 0.140500 0.009000 0.017000
4 0.808500 0.123750 0.009000 0.018000
4 0.768250 0.089500 0.010000 0.017000
4 0.809000 0.095250 0.008000 0.019000
4 0.809000 0.076500 0.008000 0.017000
4 0.767250 0.073500 0.011000 0.019000
4 0.767500 0.039500 0.010000 0.021000
4 0.766250 0.020500 0.010000 0.019000
4 0.580250 0.247000 0.020000 0.008000
6 0.578500 0.210000 0.017000 0.008000
4 0.564000 0.235750 0.020000 0.007000
4 0.524500 0.258000 0.019000 0.008000
4 0.525250 0.216500 0.021000 0.007000
6 0.500750 0.235250 0.018000 0.008000
6 0.503750 0.223000 0.020000 0.016000
4 0.569500 0.185000 0.019000 0.008000
4 0.570000 0.175500 0.018000 0.005000
4 0.463500 0.132750 0.021000 0.009000
4 0.550500 0.056500 0.009000 0.017000
4 0.534250 0.076500 0.021000 0.009000
6 0.506250 0.102750 0.018000 0.010000
4 0.482500 0.102750 0.023000 0.011000
4 0.458500 0.102750 0.023000 0.009000
4 0.362000 0.014500 0.010000 0.019000
4 0.361750 0.037000 0.007000 0.018000
5 0.362000 0.057000 0.010000 0.020000
4 0.403000 0.021500 0.010000 0.017000
4 0.403500 0.055500 0.007000 0.017000
6 0.403500 0.074250 0.009000 0.019000
4 0.362000 0.111500 0.010000 0.017000
5 0.363250 0.130000 0.010000 0.018000
4 0.404000 0.143000 0.008000 0.018000
6 0.403000 0.160500 0.010000 0.019000
6 0.404000 0.182500 0.010000 0.019000
6 0.361750 0.170500 0.012000 0.019000
6 0.376500 0.206500 0.007000 0.017000
4 0.392750 0.262500 0.020000 0.007000
4 0.432250 0.328750 0.008000 0.016000
4 0.421750 0.328750 0.010000 0.019000
4 0.404750 0.361750 0.020000 0.008000
6 0.387000 0.383750 0.020000 0.008000
5 0.220500 0.395500 0.025000 0.009000
4 0.100000 0.395500 0.018000 0.007000
4 0.051250 0.396250 0.023000 0.008000
4 0.192000 0.315250 0.010000 0.016000
4 0.181250 0.319500 0.013000 0.019000
6 0.156000 0.310500 0.018000 0.019000
4 0.148500 0.335500 0.019000 0.009000
6 0.164500 0.362500 0.021000 0.009000
6 0.141000 0.362500 0.024000 0.009000
4 0.086000 0.362500 0.018000 0.009000
4 0.275500 0.008750 0.009000 0.017000
4 0.296250 0.008250 0.009000 0.017000
4 0.286250 0.010500 0.008000 0.017000
4 0.266500 0.009250 0.009000 0.019000
4 0.317500 0.064000 0.021000 0.014000
4 0.247750 0.038250 0.011000 0.018000
4 0.252500 0.088500 0.023000 0.011000
4 0.311500 0.090000 0.021000 0.008000
4 0.210250 0.089500 0.021000 0.009000
3 0.213500 0.099250 0.019000 0.010000
4 0.218250 0.110000 0.017000 0.008000
6 0.355500 0.204250 0.011000 0.018000
5 0.335250 0.204000 0.010000 0.018000
6 0.326000 0.204000 0.008000 0.018000
4 0.293750 0.203000 0.010000 0.018000
4 0.285000 0.204000 0.008000 0.018000
5 0.257750 0.202000 0.008000 0.016000
5 0.245500 0.203250 0.009000 0.018000
6 0.235250 0.205750 0.010000 0.015000
6 0.225250 0.204500 0.010000 0.017000
6 0.237750 0.167750 0.019000 0.007000
4 0.159500 0.275000 0.021000 0.010000
4 0.160500 0.266250 0.019000 0.009000
4 0.164000 0.253750 0.022000 0.009000
4 0.121000 0.176000 0.021000 0.008000
4 0.152250 0.113000 0.025000 0.008000
4 0.128500 0.090500 0.011000 0.023000
6 0.036750 0.068000 0.013000 0.020000
6 0.035000 0.033750 0.030000 0.010000
4 0.165000 0.015500 0.020000 0.009000
4 0.076500 0.020500 0.019000 0.007000
4 0.004000 0.248500 0.008000 0.017000
4 0.002500 0.110500 0.005000 0.015000
4 0.002500 0.092500 0.005000 0.017000
4 0.003500 0.058000 0.007000 0.016000
6 0.581500 0.480500 0.007000 0.017000
6 0.606750 0.503250 0.009000 0.014000
6 0.061500 0.941500 0.019000 0.007000
4 0.362750 0.879000 0.010000 0.018000
6 0.563500 0.848500 0.019000 0.009000
4 0.235250 0.008750 0.010000 0.018000
4 0.565000 0.361500 0.020000 0.009000
