4 0.027083 0.889062 0.026667 0.023750
4 0.035000 0.875625 0.026667 0.023750
4 0.047500 0.867188 0.028333 0.022500
6 0.056250 0.856875 0.028333 0.023750
6 0.066667 0.847500 0.026667 0.022500
6 0.077083 0.835625 0.028333 0.021250
6 0.018333 0.786875 0.033333 0.021250
6 0.034167 0.793750 0.031667 0.020000
6 0.051667 0.801562 0.033333 0.021250
4 0.073333 0.808750 0.033333 0.020000
4 0.017500 0.720625 0.015000 0.021250
4 0.035833 0.722812 0.018333 0.022500
4 0.149167 0.817500 0.038333 0.022500
6 0.153333 0.830000 0.036667 0.020000
6 0.156667 0.841875 0.036667 0.021250
6 0.160000 0.855000 0.040000 0.020000
6 0.157500 0.867812 0.035000 0.015000
4 0.153333 0.879375 0.036667 0.013750
6 0.145000 0.893750 0.033333 0.012500
6 0.139167 0.909687 0.038333 0.011250
4 0.108333 0.930000 0.016667 0.022500
5 0.021667 0.957500 0.033333 0.027500
5 0.038333 0.963750 0.033333 0.027500
6 0.061667 0.969375 0.030000 0.023750
6 0.079167 0.973125 0.021667 0.018750
5 0.295000 0.913125 0.040000 0.041250
5 0.322500 0.872500 0.041667 0.042500
4 0.365000 0.874375 0.026667 0.026250
4 0.481667 0.803438 0.033333 0.022500
4 0.505000 0.798750 0.033333 0.022500
4 0.544167 0.818438 0.035000 0.025000
6 0.590000 0.842812 0.036667 0.023750
6 0.635000 0.867500 0.046667 0.032500
6 0.588750 0.918750 0.045000 0.027500
6 0.361667 0.756250 0.036667 0.015000
4 0.435000 0.748125 0.036667 0.016250
6 0.548750 0.741875 0.023333 0.026250
5 0.519167 0.699375 0.035000 0.026250
6 0.410000 0.690312 0.030000 0.025000
4 0.365833 0.659062 0.038333 0.018750
6 0.272917 0.727500 0.041667 0.025000
5 0.180417 0.682813 0.035000 0.022500
6 0.023333 0.184375 0.023333 0.026250
4 0.050833 0.177500 0.035000 0.025000
5 0.066667 0.167187 0.036667 0.023750
6 0.081250 0.157188 0.031667 0.021250
6 0.127500 0.150938 0.031667 0.021250
6 0.145000 0.144375 0.033333 0.018750
6 0.168750 0.135625 0.041667 0.026250
5 0.141667 0.017188 0.026667 0.021250
6 0.176250 0.044375 0.030000 0.023750
6 0.188333 0.052812 0.036667 0.027500
6 0.208333 0.058438 0.030000 0.025000
5 0.225000 0.063125 0.036667 0.026250
6 0.222500 0.097500 0.035000 0.017500
4 0.234583 0.086250 0.041667 0.020000
6 0.544167 0.115937 0.025000 0.020000
5 0.604167 0.144375 0.028333 0.021250
6 0.630000 0.159062 0.030000 0.022500
5 0.660000 0.173750 0.026667 0.020000
6 0.674583 0.181875 0.028333 0.021250
6 0.600833 0.633125 0.031667 0.023750
4 0.657500 0.567500 0.031667 0.022500
4 0.573333 0.345625 0.036667 0.021250
3 0.528333 0.242500 0.130000 0.085000
5 0.720000 0.320625 0.036667 0.021250
6 0.862500 0.339687 0.031667 0.021250
5 0.949583 0.303750 0.036667 0.012500
6 0.975417 0.282813 0.033333 0.013750
6 0.827083 0.423438 0.041667 0.026250
5 0.858333 0.450000 0.036667 0.022500
4 0.132917 0.787813 0.025000 0.023750
4 0.121250 0.776250 0.023333 0.025000
4 0.109167 0.764062 0.025000 0.026250
4 0.095000 0.752188 0.023333 0.023750
4 0.080000 0.745000 0.023333 0.025000
4 0.065833 0.736875 0.021667 0.023750
6 0.518333 0.786875 0.030000 0.018750
9 0.399583 0.780000 0.436667 0.330000
9 0.810000 0.449688 0.316667 0.217500
4 0.051667 0.729375 0.016667 0.023750
