6 0.903250 0.455000 0.019000 0.018000
6 0.947500 0.460000 0.021000 0.020000
6 0.891500 0.509000 0.019000 0.020000
4 0.825500 0.527500 0.015000 0.015000
6 0.774500 0.585750 0.015000 0.017000
4 0.567000 0.854750 0.014000 0.017000
6 0.526500 0.961000 0.013000 0.018000
4 0.915500 0.664500 0.015000 0.017000
6 0.193750 0.996750 0.021000 0.007000
6 0.196000 0.988000 0.020000 0.008000
6 0.195250 0.970500 0.025000 0.009000
6 0.194250 0.962250 0.023000 0.008000
6 0.194000 0.953250 0.018000 0.011000
6 0.199000 0.944500 0.024000 0.011000
6 0.201500 0.936000 0.023000 0.010000
6 0.029750 0.889000 0.025000 0.024000
4 0.139000 0.842500 0.018000 0.015000
4 0.160500 0.823000 0.021000 0.018000
6 0.202750 0.782000 0.020000 0.016000
4 0.216500 0.768750 0.019000 0.015000
6 0.224000 0.762500 0.022000 0.017000
6 0.252500 0.735250 0.021000 0.018000
6 0.258750 0.728500 0.019000 0.017000
4 0.265000 0.721500 0.020000 0.017000
4 0.281000 0.810000 0.020000 0.016000
6 0.296750 0.797750 0.019000 0.016000
6 0.302000 0.790750 0.022000 0.017000
4 0.319000 0.771000 0.020000 0.016000
6 0.331000 0.757500 0.022000 0.017000
4 0.357500 0.730750 0.019000 0.015000
4 0.363500 0.724250 0.021000 0.016000
4 0.369750 0.718000 0.020000 0.016000
4 0.383250 0.704750 0.020000 0.016000
4 0.388500 0.697500 0.019000 0.015000
4 0.393500 0.690000 0.019000 0.014000
4 0.407000 0.678750 0.018000 0.015000
4 0.412500 0.672250 0.021000 0.017000
4 0.421000 0.665750 0.018000 0.016000
6 0.430500 0.649750 0.021000 0.017000
4 0.436500 0.643750 0.019000 0.015000
6 0.351500 0.640750 0.021000 0.017000
4 0.227250 0.663500 0.020000 0.017000
4 0.235250 0.657500 0.021000 0.017000
6 0.222000 0.638000 0.020000 0.018000
4 0.092250 0.701000 0.020000 0.018000
4 0.038500 0.655000 0.019000 0.018000
6 0.045750 0.649000 0.021000 0.020000
6 0.042500 0.626250 0.021000 0.018000
6 0.072000 0.599000 0.020000 0.016000
6 0.079500 0.593000 0.019000 0.016000
4 0.224750 0.571500 0.021000 0.017000
4 0.043500 0.558000 0.021000 0.018000
4 0.921000 0.010000 0.018000 0.018000
6 0.939500 0.022000 0.019000 0.018000
4 0.941250 0.068000 0.015000 0.012000
6 0.713000 0.013250 0.020000 0.016000
4 0.863250 0.105000 0.017000 0.014000
4 0.887750 0.121750 0.017000 0.015000
6 0.919750 0.124250 0.021000 0.017000
4 0.913750 0.138250 0.021000 0.018000
6 0.948500 0.143000 0.019000 0.016000
6 0.942000 0.156000 0.026000 0.020000
4 0.974000 0.158500 0.020000 0.017000
6 0.967500 0.171250 0.019000 0.016000
4 0.965000 0.186000 0.014000 0.012000
4 0.992250 0.187000 0.021000 0.018000
4 0.992500 0.201500 0.017000 0.015000
6 0.779000 0.479750 0.014000 0.015000
4 0.730000 0.450500 0.018000 0.017000
4 0.668500 0.371750 0.019000 0.015000
4 0.631000 0.392500 0.016000 0.017000
4 0.648000 0.403000 0.016000 0.016000
6 0.640000 0.354250 0.024000 0.021000
6 0.606250 0.333750 0.024000 0.021000
4 0.560000 0.343000 0.016000 0.016000
4 0.534250 0.326250 0.015000 0.014000
4 0.415000 0.192000 0.016000 0.016000
4 0.367000 0.222750 0.018000 0.018000
4 0.289500 0.173000 0.019000 0.018000
4 0.301000 0.119750 0.016000 0.015000
4 0.266500 0.098500 0.015000 0.015000
4 0.178750 0.044500 0.018000 0.019000
4 0.268500 0.472500 0.019000 0.019000
4 0.295000 0.250000 0.014000 0.014000
4 0.271250 0.230250 0.018000 0.019000
6 0.262000 0.225000 0.014000 0.016000
5 0.243500 0.216750 0.019000 0.020000
4 0.236000 0.208500 0.018000 0.019000
4 0.229000 0.203500 0.014000 0.015000
4 0.218500 0.199000 0.013000 0.014000
4 0.209000 0.194750 0.016000 0.017000
5 0.193250 0.182000 0.019000 0.020000
5 0.181500 0.178750 0.023000 0.023000
4 0.158000 0.161000 0.016000 0.016000
6 0.133500 0.146250 0.017000 0.017000
4 0.109250 0.132250 0.018000 0.018000
5 0.092250 0.120000 0.022000 0.022000
5 0.075000 0.111000 0.022000 0.024000
4 0.050750 0.094000 0.018000 0.018000
6 0.042000 0.088000 0.016000 0.018000
6 0.024000 0.080000 0.018000 0.018000
6 0.028500 0.160500 0.015000 0.017000
4 0.060500 0.155500 0.015000 0.017000
4 0.087500 0.171250 0.017000 0.016000
5 0.108500 0.187250 0.017000 0.017000
4 0.127750 0.197000 0.016000 0.016000
6 0.141250 0.209000 0.019000 0.020000
4 0.158500 0.218000 0.015000 0.016000
4 0.176000 0.229000 0.016000 0.016000
6 0.207500 0.249500 0.021000 0.023000
4 0.223000 0.259750 0.016000 0.016000
4 0.240250 0.270000 0.017000 0.018000
4 0.233500 0.289000 0.015000 0.016000
4 0.218000 0.278500 0.016000 0.017000
4 0.178500 0.251000 0.013000 0.014000
4 0.161250 0.242000 0.020000 0.020000
4 0.144500 0.232000 0.015000 0.016000
6 0.127000 0.223500 0.020000 0.021000
5 0.110750 0.212250 0.020000 0.020000
6 0.103500 0.206250 0.015000 0.014000
4 0.079500 0.191000 0.019000 0.018000
4 0.011500 0.203750 0.019000 0.020000
4 0.035750 0.219000 0.019000 0.020000
6 0.044000 0.224000 0.016000 0.016000
6 0.061750 0.235000 0.020000 0.020000
6 0.085500 0.249000 0.017000 0.018000
4 0.093500 0.255250 0.017000 0.017000
4 0.134500 0.281500 0.021000 0.021000
6 0.149250 0.293000 0.016000 0.016000
4 0.166500 0.327500 0.019000 0.019000
5 0.150500 0.316500 0.021000 0.021000
4 0.111000 0.291000 0.018000 0.020000
5 0.095000 0.279250 0.020000 0.020000
6 0.061500 0.260000 0.017000 0.018000
6 0.038000 0.244250 0.018000 0.019000
6 0.012000 0.229000 0.016000 0.016000
5 0.026000 0.292000 0.020000 0.020000
6 0.115250 0.350250 0.019000 0.019000
4 0.014000 0.494750 0.018000 0.015000
4 0.962000 0.030750 0.014000 0.014000
