6 0.929500 0.566750 0.017000 0.008000
6 0.249000 0.006250 0.013000 0.014000
6 0.218750 0.095750 0.011000 0.016000
4 0.254750 0.025500 0.015000 0.019000
5 0.027000 0.267500 0.024000 0.013000
4 0.793750 0.235000 0.011000 0.018000
6 0.813500 0.238000 0.010000 0.016000
4 0.827250 0.238000 0.012000 0.018000
4 0.892750 0.250500 0.009000 0.017000
4 0.872500 0.243500 0.009000 0.015000
6 0.848000 0.240000 0.010000 0.016000
4 0.779500 0.372750 0.013000 0.019000
4 0.792000 0.418000 0.012000 0.018000
4 0.997000 0.371500 0.006000 0.009000
6 0.076500 0.623750 0.009000 0.017000
6 0.240000 0.674500 0.024000 0.009000
6 0.320000 0.659500 0.010000 0.017000
6 0.332250 0.683000 0.020000 0.006000
6 0.464000 0.669500 0.008000 0.015000
6 0.492500 0.702000 0.019000 0.008000
6 0.601500 0.713000 0.019000 0.008000
4 0.658500 0.720250 0.019000 0.007000
6 0.332500 0.712000 0.020000 0.008000
6 0.562000 0.739000 0.022000 0.008000
11 0.654500 0.748500 0.007000 0.005000
12 0.789500 0.708500 0.009000 0.017000
6 0.817750 0.737500 0.021000 0.009000
6 0.908250 0.777250 0.023000 0.009000
6 0.356750 0.737500 0.009000 0.015000
6 0.477750 0.748500 0.009000 0.011000
6 0.587250 0.763500 0.010000 0.015000
6 0.634000 0.771500 0.008000 0.015000
6 0.623750 0.770000 0.008000 0.016000
11 0.828750 0.799500 0.009000 0.009000
6 0.866750 0.798500 0.008000 0.013000
6 0.879000 0.799000 0.008000 0.012000
6 0.156250 0.714500 0.010000 0.017000
6 0.031000 0.748500 0.010000 0.019000
6 0.013500 0.861000 0.009000 0.016000
6 0.100250 0.887000 0.011000 0.020000
6 0.176000 0.919250 0.020000 0.008000
6 0.252000 0.904000 0.010000 0.016000
4 0.292000 0.932250 0.018000 0.007000
4 0.316750 0.935000 0.022000 0.008000
6 0.374250 0.942500 0.020000 0.009000
6 0.339000 0.914000 0.008000 0.016000
6 0.348000 0.915500 0.008000 0.017000
6 0.487500 0.932000 0.009000 0.014000
6 0.558000 0.961500 0.016000 0.007000
4 0.127250 0.942500 0.018000 0.007000
6 0.259500 0.957500 0.019000 0.009000
6 0.431000 0.977000 0.022000 0.008000
6 0.501750 0.984500 0.019000 0.009000
6 0.749500 0.957250 0.009000 0.015000
6 0.901500 0.977000 0.009000 0.016000
4 0.934000 0.980000 0.008000 0.016000
4 0.051500 0.959750 0.009000 0.010000
6 0.148500 0.967000 0.009000 0.012000
6 0.205500 0.972500 0.009000 0.017000
6 0.311250 0.989750 0.009000 0.013000
