5 0.473250 0.424000 0.009000 0.018000
6 0.917500 0.867500 0.021000 0.007000
5 0.028250 0.627500 0.007000 0.017000
4 0.463000 0.190000 0.008000 0.016000
6 0.091000 0.244000 0.020000 0.008000
5 0.084750 0.256250 0.026000 0.010000
6 0.102000 0.631250 0.010000 0.020000
6 0.676500 0.594750 0.021000 0.030000
6 0.817500 0.169250 0.021000 0.009000
4 0.650500 0.169750 0.021000 0.010000
6 0.767000 0.169000 0.020000 0.008000
6 0.228750 0.052000 0.020000 0.008000
9 0.973247 0.527536 0.055012 0.106971
9 0.971416 0.149304 0.059000 0.089498
4 0.728000 0.955500 0.008000 0.017000
6 0.377250 0.656750 0.009000 0.018000
6 0.379000 0.636750 0.008000 0.019000
6 0.337500 0.341750 0.009000 0.019000
6 0.323750 0.396750 0.008000 0.019000
4 0.364750 0.420500 0.008000 0.017000
4 0.530250 0.118250 0.008000 0.017000
6 0.145500 0.223000 0.009000 0.018000
5 0.157500 0.575750 0.011000 0.023000
5 0.974000 0.881750 0.010000 0.020000
4 0.973250 0.904000 0.009000 0.018000
4 0.933500 0.982000 0.019000 0.008000
6 0.802500 0.143250 0.021000 0.008000
6 0.876000 0.142750 0.020000 0.009000
4 0.797500 0.198000 0.007000 0.018000
4 0.786750 0.193000 0.008000 0.014000
6 0.786250 0.212000 0.008000 0.014000
6 0.786000 0.229000 0.008000 0.014000
6 0.797000 0.231000 0.008000 0.018000
4 0.974000 0.452500 0.008000 0.017000
4 0.989500 0.517750 0.021000 0.009000
4 0.862000 0.516500 0.022000 0.009000
6 0.906500 0.501000 0.019000 0.008000
4 0.925250 0.706500 0.010000 0.017000
6 0.913000 0.706000 0.008000 0.016000
6 0.902000 0.705250 0.008000 0.018000
6 0.879500 0.704500 0.007000 0.017000
6 0.726250 0.558000 0.019000 0.008000
6 0.700500 0.558000 0.029000 0.010000
5 0.741500 0.586000 0.009000 0.020000
4 0.579000 0.501000 0.020000 0.008000
4 0.474250 0.472500 0.007000 0.017000
6 0.451500 0.500750 0.023000 0.009000
4 0.182000 0.332250 0.020000 0.008000
6 0.172500 0.321750 0.017000 0.008000
6 0.116250 0.333000 0.009000 0.018000
6 0.116000 0.356000 0.010000 0.022000
6 0.068000 0.318000 0.022000 0.010000
6 0.068500 0.306750 0.021000 0.008000
6 0.020500 0.500000 0.019000 0.010000
6 0.050000 0.499500 0.036000 0.011000
3 0.315000 0.032750 0.012000 0.018000
6 0.282000 0.006500 0.008000 0.013000
6 0.346000 0.014500 0.018000 0.007000
4 0.365750 0.169750 0.021000 0.009000
4 0.438000 0.169500 0.018000 0.007000
6 0.400000 0.142500 0.020000 0.007000
6 0.549000 0.142250 0.020000 0.009000
6 0.720500 0.142250 0.019000 0.008000
4 0.618750 0.097500 0.009000 0.017000
4 0.651750 0.046000 0.009000 0.018000
5 0.651500 0.004500 0.009000 0.009000
4 0.597500 0.013000 0.019000 0.008000
4 0.335250 0.681500 0.021000 0.007000
6 0.336500 0.671000 0.021000 0.008000
6 0.335500 0.662000 0.021000 0.008000
6 0.336250 0.652500 0.019000 0.009000
6 0.337250 0.641750 0.019000 0.009000
4 0.335000 0.726750 0.022000 0.009000
4 0.335000 0.717500 0.022000 0.009000
6 0.333500 0.708000 0.019000 0.008000
4 0.333500 0.699000 0.019000 0.008000
4 0.337500 0.690500 0.023000 0.009000
6 0.441250 0.672750 0.019000 0.009000
4 0.440750 0.683500 0.020000 0.009000
4 0.440500 0.701500 0.019000 0.007000
4 0.442500 0.720250 0.019000 0.007000
6 0.445500 0.728500 0.019000 0.009000
4 0.445250 0.738500 0.020000 0.007000
6 0.445000 0.747500 0.020000 0.007000
6 0.442000 0.766250 0.022000 0.008000
6 0.441000 0.757000 0.022000 0.010000
5 0.443250 0.777250 0.025000 0.009000
6 0.493000 0.767500 0.020000 0.007000
6 0.411500 0.982000 0.023000 0.008000
5 0.501250 0.982000 0.026000 0.010000
5 0.448500 0.958250 0.013000 0.023000
6 0.468750 0.958500 0.008000 0.015000
4 0.352000 0.982500 0.018000 0.007000
4 0.561000 0.981500 0.020000 0.009000
5 0.689500 0.981000 0.021000 0.008000
6 0.726250 0.991750 0.028000 0.011000
6 0.281500 0.600000 0.009000 0.018000
6 0.293500 0.600000 0.009000 0.018000
6 0.314500 0.600000 0.009000 0.018000
6 0.337000 0.598000 0.008000 0.020000
4 0.244750 0.703500 0.010000 0.017000
6 0.168000 0.752000 0.008000 0.016000
4 0.204000 0.743250 0.008000 0.016000
5 0.212000 0.632000 0.018000 0.008000
5 0.201000 0.558750 0.024000 0.010000
6 0.174500 0.558750 0.021000 0.011000
5 0.120000 0.557000 0.024000 0.008000
6 0.074750 0.557000 0.021000 0.008000
6 0.044750 0.558500 0.019000 0.009000
4 0.303500 0.499500 0.021000 0.009000
6 0.248500 0.471500 0.019000 0.011000
6 0.278500 0.458500 0.009000 0.017000
6 0.168000 0.405500 0.014000 0.007000
4 0.208750 0.170000 0.023000 0.008000
5 0.930000 0.037000 0.022000 0.010000
6 0.074500 0.981750 0.023000 0.010000
6 0.307500 0.981750 0.015000 0.009000
6 0.531500 0.580000 0.009000 0.018000
4 0.940500 0.868500 0.011000 0.007000
4 0.919250 0.409000 0.010000 0.018000
6 0.941500 0.414000 0.015000 0.018000
6 0.974750 0.347500 0.009000 0.017000
6 0.183000 0.341000 0.018000 0.006000
4 0.092500 0.446750 0.017000 0.008000
