4 2.370000 0.623750 0.038333 0.026250
4 2.771667 0.456250 0.023333 0.017500
4 2.855000 0.620000 0.035000 0.025000
6 2.395000 1.220000 0.035000 0.025000
4 3.851667 1.576250 0.033333 0.022500
4 3.713333 1.513750 0.036667 0.023750
6 3.571667 1.442500 0.033333 0.021250
4 3.435000 1.378750 0.036667 0.025000
6 3.550000 1.196250 0.035000 0.022500
4 3.411667 1.128750 0.033333 0.021250
4 3.183333 1.252500 0.031667 0.021250
6 3.260000 1.060000 0.026667 0.017500
4 2.821667 0.846250 0.031667 0.021250
6 2.378333 0.847500 0.035000 0.023750
4 2.435000 0.787500 0.036667 0.026250
5 2.231667 0.561250 0.038333 0.026250
6 1.985000 0.441250 0.026667 0.018750
4 1.985000 0.667500 0.035000 0.021250
6 1.860000 0.607500 0.033333 0.023750
4 1.733333 0.555000 0.033333 0.022500
6 1.610000 0.495000 0.035000 0.022500
6 1.876667 0.382500 0.035000 0.021250
6 1.750000 0.313750 0.031667 0.022500
4 1.493333 0.200000 0.033333 0.022500
6 3.816667 2.626250 0.025000 0.020000
4 3.478333 2.692500 0.025000 0.023750
4 3.480000 0.532500 0.030000 0.021250
6 3.393333 0.565000 0.030000 0.020000
4 3.341667 0.592500 0.033333 0.023750
6 3.293333 0.623750 0.030000 0.021250
6 3.236667 0.655000 0.028333 0.022500
5 3.033333 0.535000 0.040000 0.027500
6 3.218333 0.425000 0.030000 0.020000
4 3.168333 0.397500 0.035000 0.023750
4 3.110000 0.367500 0.035000 0.023750
6 3.063333 0.325000 0.035000 0.022500
4 2.543333 0.337500 0.038333 0.021250
4 2.503333 0.305000 0.035000 0.020000
4 1.370000 2.428750 0.035000 0.022500
6 1.470000 2.437500 0.031667 0.023750
5 1.593333 2.436250 0.013333 0.023750
4 1.680000 2.433750 0.016667 0.021250
4 1.760000 2.418750 0.020000 0.023750
4 1.843333 2.410000 0.018333 0.022500
6 1.920000 2.402500 0.020000 0.023750
4 1.998333 2.391250 0.018333 0.020000
4 2.081667 2.380000 0.016667 0.020000
4 2.158333 2.357500 0.015000 0.018750
6 2.231667 2.352500 0.023333 0.021250
4 2.336667 2.345000 0.021667 0.025000
4 2.411667 2.332500 0.018333 0.023750
6 2.501667 2.322500 0.013333 0.023750
6 2.583333 2.325000 0.018333 0.025000
4 2.230000 2.173750 0.035000 0.025000
6 2.290000 2.152500 0.031667 0.023750
4 2.358333 2.120000 0.035000 0.025000
4 2.530000 1.986250 0.031667 0.021250
4 1.633333 2.245000 0.033333 0.022500
6 1.696667 2.215000 0.031667 0.022500
6 1.750000 2.182500 0.035000 0.023750
6 1.801667 2.147500 0.030000 0.018750
5 1.860000 2.123750 0.033333 0.023750
4 1.976667 2.062500 0.031667 0.021250
6 2.010000 2.017500 0.028333 0.021250
6 2.076667 1.993750 0.035000 0.022500
4 2.176667 1.926250 0.028333 0.020000
4 2.266667 1.860000 0.030000 0.022500
6 0.113333 2.341250 0.026667 0.026250
6 0.193333 2.355000 0.026667 0.025000
6 0.278333 2.367500 0.025000 0.023750
6 0.363333 2.383750 0.025000 0.023750
6 0.441667 2.397500 0.025000 0.021250
4 0.603333 2.410000 0.035000 0.017500
6 0.653333 2.065000 0.030000 0.022500
4 0.590000 2.027500 0.031667 0.021250
6 0.523333 1.998750 0.028333 0.021250
4 0.450000 1.977500 0.035000 0.023750
6 0.403333 1.937500 0.031667 0.023750
4 0.328333 1.915000 0.033333 0.022500
5 0.090000 1.821250 0.035000 0.025000
