4 0.921000 0.739500 0.028000 0.009000
3 0.629000 0.764750 0.030000 0.009000
9 0.554000 0.752250 0.064000 0.051000
5 0.716000 0.977500 0.030000 0.009000
4 0.742000 0.680500 0.010000 0.017000
4 0.755250 0.683750 0.010000 0.018000
6 0.723000 0.514750 0.026000 0.008000
4 0.725000 0.524000 0.024000 0.008000
4 0.711750 0.484000 0.011000 0.018000
5 0.107000 0.631500 0.028000 0.009000
4 0.163500 0.997000 0.023000 0.006000
6 0.164000 0.988000 0.020000 0.006000
5 0.163000 0.979000 0.028000 0.008000
6 0.163500 0.966500 0.025000 0.007000
6 0.163500 0.956000 0.023000 0.008000
5 0.163500 0.945000 0.029000 0.008000
4 0.227500 0.941750 0.023000 0.008000
9 0.550000 0.337500 0.056000 0.053000
4 0.715000 0.296500 0.010000 0.017000
4 0.931500 0.388250 0.017000 0.021000
4 0.913250 0.391000 0.009000 0.014000
6 0.899500 0.388250 0.009000 0.016000
6 0.093000 0.767000 0.016000 0.010000
6 0.977500 0.299750 0.009000 0.019000
11 0.686000 0.354000 0.022000 0.010000
4 0.567000 0.191000 0.010000 0.016000
5 0.244500 0.043500 0.011000 0.021000
6 0.188250 0.250500 0.010000 0.015000
6 0.229750 0.298500 0.010000 0.015000
6 0.086750 0.348000 0.026000 0.010000
6 0.322000 0.393000 0.012000 0.020000
5 0.195750 0.270750 0.026000 0.025000
6 0.059000 0.027750 0.014000 0.006000
7 0.731750 0.387500 0.015000 0.025000
6 0.187250 0.390250 0.011000 0.017000
