17 2.562000 3.607000 0.063000 0.064000
19 3.044000 3.822000 0.040000 0.043000
19 2.834000 2.903000 0.039000 0.043000
12 3.369000 1.870000 0.062000 0.065000
19 3.499000 0.807000 0.076000 0.079000
17 0.052000 0.734000 0.064000 0.061000
29 0.137000 1.950000 0.123000 0.119000
17 0.298000 1.582000 0.061000 0.061000
29 0.466000 1.268000 0.109000 0.112000
17 2.418000 1.568000 0.055000 0.058000
17 2.646000 1.580000 0.057000 0.058000
17 2.868000 1.242000 0.058000 0.055000
19 2.826000 1.034000 0.047000 0.051000
17 2.192000 0.576000 0.058000 0.058000
19 3.018000 0.426000 0.053000 0.059000
19 3.222000 0.450000 0.057000 0.071000
19 3.393000 0.340000 0.050000 0.050000
