4 0.800937 0.483333 0.011250 0.026667
4 0.707187 0.475833 0.012500 0.028333
5 0.846250 0.380000 0.012500 0.033333
4 0.829063 0.351250 0.011250 0.026667
4 0.815625 0.347917 0.011250 0.026667
6 0.801250 0.345833 0.010000 0.028333
6 0.773750 0.346250 0.012500 0.026667
5 0.756875 0.345833 0.013750 0.035000
6 0.742812 0.347500 0.012500 0.031667
6 0.659062 0.329167 0.022500 0.011667
5 0.663750 0.346667 0.027500 0.013333
6 0.664687 0.361667 0.023750 0.016667
6 0.663438 0.379167 0.028750 0.015000
5 0.660625 0.394583 0.028750 0.013333
6 0.649687 0.445000 0.022500 0.013333
6 0.638750 0.564167 0.022500 0.011667
4 0.641563 0.535833 0.023750 0.015000
6 0.643125 0.509167 0.023750 0.011667
5 0.577500 0.500000 0.012500 0.026667
6 0.524687 0.502500 0.013750 0.028333
4 0.565625 0.619167 0.013750 0.031667
5 0.583125 0.623333 0.011250 0.030000
5 0.609375 0.584583 0.013750 0.031667
5 0.581875 0.581667 0.013750 0.036667
5 0.566250 0.580417 0.012500 0.033333
6 0.551562 0.579583 0.012500 0.026667
6 0.520938 0.575000 0.010000 0.026667
6 0.491250 0.590000 0.012500 0.030000
4 0.550625 0.617917 0.011250 0.028333
5 0.530000 0.615833 0.012500 0.031667
4 0.558125 0.688333 0.011250 0.026667
6 0.523750 0.684583 0.012500 0.026667
6 0.634687 0.863333 0.021250 0.013333
6 0.593750 0.832917 0.010000 0.026667
4 0.579688 0.826250 0.010000 0.028333
4 0.561250 0.826667 0.010000 0.026667
4 0.546250 0.827083 0.010000 0.026667
4 0.500000 0.869167 0.025000 0.015000
6 0.328750 0.700000 0.025000 0.026667
4 0.325000 0.715000 0.025000 0.026667
6 0.324062 0.734167 0.023750 0.025000
4 0.322500 0.752917 0.022500 0.023333
6 0.320625 0.770417 0.023750 0.025000
4 0.318125 0.787917 0.026250 0.026667
6 0.316250 0.805000 0.025000 0.026667
4 0.315312 0.823333 0.025000 0.026667
6 0.314688 0.842500 0.025000 0.025000
4 0.311875 0.859583 0.026250 0.025000
4 0.340625 0.860000 0.023750 0.023333
4 0.340938 0.841667 0.022500 0.023333
5 0.341250 0.824167 0.030000 0.031667
4 0.342813 0.805833 0.025000 0.025000
6 0.344687 0.787083 0.021250 0.021667
4 0.347500 0.770417 0.022500 0.023333
4 0.348750 0.752500 0.022500 0.025000
4 0.348750 0.733750 0.025000 0.026667
4 0.350938 0.715417 0.023750 0.026667
4 0.351250 0.696250 0.020000 0.021667
4 0.407187 0.732500 0.026250 0.021667
6 0.406250 0.750000 0.022500 0.020000
5 0.403438 0.769167 0.030000 0.028333
6 0.406250 0.792500 0.022500 0.021667
6 0.402500 0.812083 0.020000 0.020000
4 0.401250 0.828333 0.022500 0.023333
4 0.394062 0.865417 0.025000 0.021667
6 0.425938 0.848750 0.023750 0.015000
6 0.424687 0.832917 0.022500 0.011667
4 0.427500 0.817083 0.020000 0.013333
4 0.430937 0.801667 0.025000 0.010000
4 0.430937 0.785833 0.023750 0.011667
6 0.431875 0.770000 0.021250 0.010000
4 0.432188 0.755000 0.022500 0.013333
6 0.436250 0.739167 0.025000 0.015000
6 0.437188 0.710000 0.023750 0.013333
6 0.409062 0.713333 0.026250 0.023333
5 0.433750 0.682083 0.030000 0.025000
4 0.440000 0.660833 0.027500 0.021667
6 0.445312 0.643750 0.022500 0.020000
4 0.445937 0.625833 0.023750 0.021667
4 0.446875 0.607083 0.026250 0.023333
4 0.448750 0.587083 0.020000 0.020000
6 0.449375 0.570833 0.026250 0.025000
4 0.451250 0.555000 0.022500 0.020000
6 0.734688 0.010417 0.016250 0.023333
6 0.764062 0.009167 0.017500 0.021667
6 0.780625 0.011667 0.020000 0.026667
4 0.899062 0.129583 0.011250 0.026667
6 0.921250 0.128333 0.010000 0.026667
4 0.898125 0.174583 0.011250 0.026667
6 0.858750 0.235833 0.045000 0.018333
5 0.961562 0.262500 0.030000 0.011667
4 0.975938 0.243333 0.028750 0.013333
5 0.977500 0.295000 0.030000 0.016667
4 0.987187 0.317083 0.025000 0.015000
9 0.910000 0.268750 0.072500 0.135000
4 0.897500 0.441667 0.010000 0.023333
6 0.858750 0.670417 0.012500 0.031667
4 0.877812 0.903333 0.010000 0.023333
9 0.862187 0.965833 0.065000 0.065000
6 0.205313 0.931667 0.023750 0.013333
4 0.235000 0.933333 0.020000 0.013333
4 0.303750 0.939583 0.025000 0.015000
4 0.337187 0.942500 0.021250 0.015000
6 0.440000 0.949583 0.022500 0.013333
6 0.683438 0.911667 0.018750 0.030000
4 0.702500 0.913750 0.015000 0.026667
4 0.736250 0.915000 0.017500 0.026667
4 0.773125 0.919167 0.021250 0.031667
6 0.801250 0.210000 0.022500 0.013333
5 0.827500 0.300833 0.027500 0.015000
4 0.697187 0.277917 0.023750 0.013333
6 0.706875 0.236667 0.023750 0.013333
5 0.595313 0.269167 0.030000 0.015000
5 0.528750 0.262083 0.022500 0.013333
4 0.483750 0.256667 0.022500 0.013333
4 0.440625 0.250417 0.023750 0.013333
5 0.435625 0.210833 0.023750 0.008333
6 0.394375 0.264167 0.023750 0.011667
4 0.311250 0.166250 0.020000 0.011667
4 0.166875 0.243333 0.026250 0.016667
4 0.082187 0.215833 0.023750 0.015000
4 0.032813 0.426250 0.011250 0.026667
6 0.041875 0.335000 0.008750 0.023333
5 0.077500 0.289167 0.027500 0.015000
4 0.070000 0.269583 0.025000 0.011667
5 0.041875 0.573333 0.028750 0.016667
6 0.198437 0.535000 0.010000 0.023333
4 0.212812 0.533333 0.008750 0.026667
4 0.228750 0.536667 0.012500 0.026667
6 0.164687 0.607500 0.010000 0.028333
6 0.195937 0.609167 0.012500 0.031667
4 0.228750 0.617500 0.012500 0.025000
4 0.143125 0.640833 0.008750 0.025000
4 0.155625 0.642917 0.011250 0.025000
4 0.162188 0.720417 0.010000 0.028333
4 0.216250 0.725833 0.012500 0.028333
6 0.114375 0.810833 0.011250 0.031667
4 0.315625 0.497500 0.021250 0.011667
6 0.316250 0.518750 0.022500 0.011667
4 0.311563 0.533750 0.018750 0.013333
4 0.312500 0.550417 0.022500 0.013333
4 0.314063 0.568333 0.021250 0.013333
6 0.311875 0.585417 0.023750 0.013333
6 0.394375 0.635000 0.018750 0.013333
4 0.392188 0.620000 0.022500 0.013333
4 0.391875 0.600833 0.026250 0.011667
4 0.394375 0.585000 0.023750 0.013333
6 0.392813 0.567500 0.026250 0.011667
4 0.392813 0.551667 0.025000 0.013333
6 0.395000 0.535000 0.025000 0.013333
5 0.392500 0.518333 0.030000 0.013333
4 0.398125 0.500417 0.026250 0.011667
4 0.459375 0.432500 0.026250 0.025000
6 0.457500 0.449583 0.027500 0.025000
4 0.458125 0.466250 0.023750 0.020000
4 0.454062 0.504167 0.027500 0.025000
4 0.452188 0.520000 0.027500 0.023333
4 0.451562 0.537917 0.025000 0.021667
6 0.030937 0.992083 0.023750 0.015000
