1 2.461000 0.409000 0.213500 0.099500
2 3.541000 0.161500 0.236500 0.094000
7 1.811000 0.463500 0.012000 0.013000
1 1.681500 0.403000 0.024500 0.027500
7 1.835500 0.550500 0.018500 0.013500
7 1.859000 0.569000 0.019000 0.014500
18 0.037000 2.654000 0.027500 0.032000
18 0.110500 2.586000 0.037500 0.043000
18 0.189000 2.287000 0.050000 0.059500
1 0.673500 2.384500 0.023500 0.024500
28 0.819000 2.333000 0.018500 0.018500
28 0.761000 2.274000 0.018500 0.018000
28 0.841500 2.331000 0.016000 0.015500
28 0.856000 2.313500 0.016500 0.016500
28 0.873500 2.309000 0.015000 0.015500
28 0.887500 2.299000 0.015500 0.015500
28 0.902500 2.289000 0.014500 0.014500
28 0.916000 2.275000 0.015500 0.015500
28 0.927500 2.264000 0.011500 0.011000
28 0.793000 2.277000 0.014500 0.014500
28 0.805000 2.261000 0.015000 0.014500
28 0.820500 2.251000 0.012000 0.015500
1 0.639500 2.129000 0.027000 0.029500
28 0.658500 2.279000 0.019000 0.019500
28 0.707500 2.217000 0.013500 0.016500
28 0.733500 2.211500 0.019000 0.020500
28 0.753500 2.199500 0.015000 0.018000
28 0.771000 2.190000 0.016500 0.018000
28 0.840000 2.248500 0.013000 0.014500
28 0.853500 2.239000 0.011000 0.014500
28 0.865000 2.230000 0.010500 0.011000
28 0.881000 2.227000 0.010500 0.011500
28 0.898000 2.221500 0.011500 0.013000
28 0.794000 2.182000 0.011000 0.014000
28 0.814500 2.180000 0.015000 0.017000
28 0.844500 2.177000 0.015000 0.017500
28 0.914000 2.216000 0.011000 0.013000
28 0.782500 2.093000 0.028500 0.015500
1 0.780500 2.131000 0.031500 0.018500
28 0.766000 2.079000 0.016000 0.010500
28 0.587000 2.202000 0.008000 0.018000
28 1.010000 2.136500 0.019000 0.016500
28 1.002500 2.119500 0.015500 0.013000
28 0.990000 2.105000 0.015500 0.013500
28 0.966500 2.099500 0.022500 0.019000
28 0.949500 2.083000 0.022500 0.019500
28 1.003500 1.906000 0.022500 0.014000
28 1.026500 1.915500 0.026000 0.014500
28 1.030000 1.931500 0.025000 0.013000
28 0.979000 1.890000 0.022500 0.007000
28 1.046500 1.963000 0.018500 0.012500
28 1.060000 1.973000 0.020000 0.012500
28 1.040000 1.949000 0.022500 0.012500
28 1.080000 2.000500 0.023000 0.011000
28 1.090500 2.013000 0.020500 0.010500
28 1.116000 2.028500 0.030000 0.014500
28 1.067500 1.986000 0.022500 0.011000
28 1.152000 2.059000 0.011000 0.015500
28 1.133500 2.064000 0.012000 0.015000
28 1.116000 2.073000 0.011500 0.014500
28 1.096500 2.075000 0.013000 0.015500
28 1.194000 2.117500 0.009500 0.010000
28 1.177500 2.124500 0.007500 0.009500
28 1.162000 2.127500 0.010000 0.011500
28 1.131000 2.118000 0.007500 0.007000
28 1.210000 2.120000 0.003500 0.007000
28 1.282000 2.198000 0.007500 0.008000
28 1.280500 2.215000 0.007500 0.006500
22 1.347000 1.611000 0.041500 0.024500
28 1.371500 1.647000 0.030000 0.013500
28 1.205000 1.531000 0.027000 0.012500
22 1.404000 1.692000 0.040000 0.029000
28 1.410000 1.732500 0.019000 0.012500
28 1.372000 1.669000 0.018000 0.008500
22 1.207000 1.428000 0.045000 0.030000
22 1.180000 1.498000 0.041500 0.028000
22 1.070000 1.263000 0.059000 0.026500
22 0.767500 1.363000 0.043000 0.019500
28 0.775000 1.398000 0.027500 0.013000
28 1.463500 0.893500 0.027500 0.013500
18 1.471000 0.914500 0.016500 0.009000
18 1.294000 0.767000 0.030000 0.043500
18 1.260000 0.793000 0.021000 0.032500
28 1.236000 0.817500 0.015000 0.022500
28 0.771000 0.829000 0.031500 0.024500
28 0.793500 0.873000 0.019000 0.013500
28 0.775000 0.885500 0.019500 0.016000
28 0.416000 0.972500 0.030500 0.023000
28 0.445500 0.965000 0.025500 0.018500
28 0.527000 1.023500 0.021500 0.016000
28 0.532000 1.057500 0.033000 0.024500
28 0.546500 1.016500 0.019500 0.015500
28 0.469500 0.955000 0.023000 0.019500
28 0.490500 0.943000 0.018500 0.013500
28 0.507500 0.915500 0.011000 0.009500
28 0.492500 0.925000 0.011500 0.009500
22 0.647500 0.981000 0.037500 0.022500
28 0.596500 0.999500 0.041500 0.020500
28 0.596500 1.022000 0.019000 0.010000
28 0.634000 0.863000 0.015000 0.015500
28 0.619500 0.871000 0.012000 0.013500
28 0.593500 0.889000 0.017500 0.016500
28 0.568000 0.896500 0.022000 0.019500
28 0.532000 0.906500 0.013000 0.017000
28 0.498500 1.173000 0.022500 0.015500
28 0.491500 1.192500 0.018500 0.014500
28 0.473000 1.097000 0.032000 0.022500
28 0.461000 1.123000 0.033500 0.024500
28 0.208000 1.275000 0.019000 0.017500
28 0.227000 1.264500 0.021500 0.018000
28 0.250500 1.252000 0.019000 0.018000
28 0.274500 1.242000 0.019000 0.017000
28 0.296000 1.235000 0.019000 0.016500
28 0.320500 1.224000 0.018000 0.015000
28 0.327500 1.207000 0.022500 0.017500
28 0.018500 1.281500 0.021500 0.017500
28 0.029000 1.261000 0.023500 0.018500
28 0.115000 1.345500 0.020000 0.017000
28 0.126500 1.329000 0.018500 0.014500
28 0.041500 1.239000 0.025000 0.019500
28 0.136000 1.312000 0.023500 0.019000
28 0.083500 1.187500 0.012500 0.011000
28 0.101500 1.183500 0.014500 0.012000
28 0.118000 1.177000 0.011000 0.012500
28 0.130500 1.168500 0.011500 0.013000
28 0.145500 1.156000 0.010500 0.011000
28 0.130500 1.224000 0.012000 0.010000
28 0.265500 1.185000 0.007500 0.011500
28 0.243000 1.188000 0.007500 0.012000
28 0.223500 1.195500 0.007000 0.012500
28 0.202500 1.204000 0.009500 0.012000
28 0.165500 1.216000 0.013500 0.013000
28 0.183500 1.212000 0.007500 0.013000
28 0.402500 1.158000 0.018500 0.012000
28 0.415000 1.143500 0.019500 0.012000
28 0.423500 1.127500 0.015000 0.009500
28 0.343000 1.118000 0.018500 0.010000
28 0.356500 1.106000 0.018500 0.009000
28 0.365000 1.094000 0.018000 0.009000
28 0.372000 1.077000 0.014500 0.008500
28 0.364000 1.055500 0.019500 0.011000
28 0.368500 1.042000 0.017500 0.009000
28 0.381000 1.030000 0.011500 0.008000
28 0.295000 1.041000 0.011500 0.009500
28 0.307500 1.032000 0.012000 0.009000
28 0.311500 1.022000 0.011000 0.007000
28 0.315500 1.012000 0.009500 0.007000
28 0.324500 0.996000 0.018000 0.014000
28 0.602000 1.134000 0.015000 0.017000
28 0.619000 1.143000 0.015500 0.017500
28 0.581000 1.124000 0.011500 0.014000
28 0.640500 0.905000 0.012500 0.012500
28 0.545000 0.955500 0.018000 0.009500
28 0.582500 0.842000 0.018500 0.013000
1 1.826000 0.102500 0.080000 0.087500
26 1.143000 0.091000 0.029500 0.025500
8 1.676500 0.642500 0.118500 0.125500
9 2.606000 1.703500 0.064000 0.038500
9 3.284000 1.988000 0.057000 0.048000
9 2.647500 2.938500 0.034000 0.033000
9 3.796000 3.399500 0.034000 0.033000
9 2.316500 3.485000 0.026500 0.023500
9 0.740000 3.541500 0.015000 0.016000
