6 0.982187 0.823750 0.011250 0.026667
6 0.947500 0.891667 0.027500 0.013333
6 0.946250 0.907500 0.025000 0.011667
4 0.946562 0.921250 0.028750 0.015000
6 0.940000 0.945417 0.030000 0.015000
4 0.947500 0.982083 0.022500 0.015000
4 0.852500 0.982083 0.022500 0.013333
4 0.861563 0.867500 0.008750 0.028333
4 0.861250 0.910417 0.012500 0.031667
4 0.820000 0.948333 0.030000 0.013333
6 0.785000 0.947500 0.027500 0.015000
6 0.693125 0.951250 0.023750 0.011667
6 0.694375 0.902500 0.026250 0.015000
4 0.741563 0.695833 0.012500 0.028333
6 0.361875 0.779167 0.013750 0.025000
6 0.419687 0.992917 0.026250 0.011667
6 0.376563 0.891667 0.010000 0.026667
6 0.343125 0.922500 0.011250 0.028333
6 0.326875 0.921667 0.011250 0.026667
4 0.285625 0.954583 0.028750 0.011667
6 0.230937 0.865000 0.015000 0.030000
4 0.231250 0.758333 0.012500 0.030000
6 0.204687 0.755000 0.013750 0.033333
5 0.167187 0.761250 0.033750 0.018333
4 0.109063 0.774167 0.031250 0.011667
6 0.042813 0.840417 0.012500 0.033333
4 0.059375 0.838333 0.011250 0.030000
4 0.215625 0.177917 0.013750 0.030000
4 0.091250 0.448333 0.025000 0.013333
6 0.035000 0.479167 0.012500 0.028333
4 0.033438 0.511667 0.011250 0.030000
4 0.033750 0.541250 0.010000 0.030000
4 0.016250 0.588333 0.030000 0.016667
6 0.215625 0.485000 0.011250 0.026667
6 0.206875 0.531250 0.011250 0.030000
6 0.258750 0.585833 0.027500 0.011667
4 0.319375 0.585833 0.028750 0.011667
6 0.373125 0.219167 0.013750 0.031667
6 0.371875 0.253333 0.013750 0.033333
6 0.344375 0.426250 0.028750 0.018333
4 0.388437 0.510000 0.010000 0.030000
6 0.464375 0.505000 0.011250 0.030000
5 0.478750 0.546667 0.015000 0.033333
6 0.552500 0.553333 0.010000 0.030000
6 0.549687 0.471667 0.011250 0.030000
4 0.582812 0.583333 0.030000 0.016667
6 0.685625 0.582083 0.028750 0.013333
6 0.634375 0.495833 0.021250 0.028333
4 0.640938 0.474167 0.022500 0.035000
4 0.500938 0.295833 0.030000 0.015000
4 0.555937 0.215833 0.012500 0.031667
6 0.635000 0.270000 0.015000 0.033333
4 0.630625 0.211667 0.013750 0.033333
4 0.644375 0.200833 0.013750 0.031667
4 0.734688 0.520000 0.011250 0.026667
3 0.754375 0.421667 0.031250 0.010000
4 0.767813 0.582500 0.028750 0.015000
4 0.856563 0.414583 0.026250 0.015000
6 0.851250 0.580000 0.025000 0.013333
4 0.887500 0.580000 0.027500 0.013333
6 0.923438 0.578750 0.025000 0.015000
6 0.990938 0.330833 0.012500 0.028333
4 0.985625 0.101667 0.028750 0.016667
4 0.957500 0.100833 0.025000 0.015000
6 0.932500 0.137917 0.027500 0.013333
4 0.916250 0.014167 0.012500 0.028333
4 0.931875 0.057083 0.013750 0.033333
4 0.869375 0.138333 0.028750 0.013333
4 0.813125 0.104167 0.028750 0.011667
11 0.785000 0.105833 0.010000 0.015000
4 0.751875 0.139167 0.026250 0.011667
6 0.665625 0.140417 0.026250 0.015000
6 0.700000 0.065833 0.010000 0.028333
6 0.592812 0.070833 0.011250 0.028333
4 0.503437 0.045833 0.012500 0.028333
4 0.503125 0.013750 0.008750 0.023333
6 0.422500 0.143333 0.027500 0.013333
4 0.331250 0.144167 0.025000 0.011667
6 0.088438 0.145000 0.025000 0.010000
6 0.134687 0.145833 0.030000 0.011667
6 0.229375 0.075000 0.011250 0.030000
4 0.213750 0.109167 0.027500 0.015000
3 0.091563 0.113333 0.030000 0.020000
6 0.108750 0.080000 0.025000 0.013333
6 0.108750 0.052500 0.030000 0.018333
6 0.012500 0.070000 0.010000 0.026667
4 0.015000 0.039167 0.012500 0.031667
