4 3.215000 1.294000 0.021000 0.009000
5 3.057000 1.308000 0.028000 0.010000
4 2.910000 1.317000 0.021000 0.008000
6 3.875000 0.667000 0.013000 0.016000
6 1.141000 0.285000 0.017000 0.016000
6 3.294000 0.746000 0.015000 0.017000
4 3.609000 0.461000 0.018000 0.021000
6 2.815000 1.370000 0.007000 0.011000
6 2.758000 1.228000 0.019000 0.008000
4 2.076000 0.259000 0.018000 0.017000
6 2.580000 0.368000 0.024000 0.016000
6 2.444000 1.443000 0.008000 0.016000
6 2.281000 1.478000 0.021000 0.009000
5 1.097000 0.679000 0.024000 0.020000
11 1.034000 0.735000 0.019000 0.017000
6 0.764000 0.538000 0.018000 0.017000
4 1.019000 0.494000 0.021000 0.019000
4 0.975000 0.786000 0.017000 0.015000
6 1.006000 0.761000 0.019000 0.017000
6 1.770000 1.396000 0.021000 0.008000
4 1.515000 1.272000 0.010000 0.018000
6 1.555000 1.184000 0.010000 0.014000
6 1.499000 1.197000 0.011000 0.019000
5 0.227000 1.393000 0.027000 0.015000
6 0.838000 3.686000 0.013000 0.007000
5 0.751000 3.702000 0.026000 0.009000
32 3.283257 3.688523 0.266570 0.262262
3 2.460000 0.048000 0.020000 0.024000
