6 1.714000 2.102000 0.025000 0.013000
6 1.698000 2.770000 0.019000 0.011000
4 1.682000 2.628000 0.013000 0.020000
3 1.631000 2.621000 0.018000 0.026000
6 0.502000 3.201000 0.013000 0.019000
4 0.368000 3.174000 0.012000 0.019000
6 0.322000 3.165000 0.013000 0.018000
4 0.232000 3.142000 0.012000 0.017000
6 0.382000 2.998000 0.015000 0.021000
4 0.252000 2.712000 0.014000 0.020000
6 0.236000 2.460000 0.022000 0.010000
6 0.341000 2.478000 0.020000 0.009000
4 0.446000 2.501000 0.023000 0.009000
6 0.548000 2.522000 0.018000 0.007000
4 0.662000 2.550000 0.023000 0.013000
6 0.770000 2.570000 0.021000 0.011000
6 0.888000 2.594000 0.026000 0.013000
4 1.025000 2.328000 0.011000 0.016000
6 0.777000 2.274000 0.010000 0.017000
4 0.833000 2.470000 0.011000 0.019000
4 0.728000 2.436000 0.014000 0.020000
4 0.730000 2.269000 0.013000 0.019000
4 0.678000 2.256000 0.011000 0.020000
4 0.629000 2.248000 0.012000 0.018000
4 0.369000 2.366000 0.015000 0.019000
6 0.329000 2.366000 0.013000 0.017000
4 0.081000 2.256000 0.011000 0.018000
4 0.260000 2.200000 0.018000 0.010000
4 0.268000 2.160000 0.024000 0.012000
3 0.282000 2.124000 0.027000 0.014000
4 0.294000 2.081000 0.023000 0.012000
6 0.627000 1.824000 0.017000 0.010000
6 0.647000 1.753000 0.026000 0.013000
5 0.656000 1.710000 0.020000 0.009000
6 0.677000 1.668000 0.018000 0.008000
6 0.362000 1.850000 0.019000 0.009000
6 0.376000 1.812000 0.024000 0.012000
6 0.400000 1.777000 0.020000 0.010000
4 0.410000 1.736000 0.021000 0.012000
6 0.420000 1.694000 0.024000 0.013000
6 0.428000 1.654000 0.022000 0.013000
4 0.439000 1.613000 0.021000 0.012000
9 2.242000 1.662000 0.125000 0.115000
5 2.474000 1.032000 0.013000 0.018000
5 1.592000 1.415000 0.028000 0.013000
4 1.904000 1.302000 0.014000 0.019000
4 1.893000 1.172000 0.013000 0.018000
5 1.928000 1.199000 0.018000 0.026000
6 1.812000 1.121000 0.012000 0.017000
4 1.771000 1.108000 0.011000 0.016000
4 1.730000 1.121000 0.009000 0.016000
4 1.924000 1.108000 0.016000 0.020000
4 1.896000 1.068000 0.014000 0.020000
6 1.860000 1.054000 0.012000 0.019000
6 1.821000 1.046000 0.013000 0.019000
5 1.778000 1.022000 0.015000 0.023000
4 1.837000 0.973000 0.011000 0.017000
4 1.881000 0.975000 0.011000 0.016000
5 1.924000 1.000000 0.014000 0.016000
4 2.060000 1.045000 0.022000 0.019000
4 2.016000 1.032000 0.020000 0.020000
6 2.074000 0.976000 0.021000 0.022000
6 2.030000 0.941000 0.019000 0.016000
4 1.997000 0.985000 0.015000 0.020000
4 1.962000 0.942000 0.015000 0.021000
4 1.928000 0.912000 0.012000 0.016000
6 1.890000 0.906000 0.013000 0.019000
4 1.852000 0.899000 0.010000 0.019000
4 1.754000 0.950000 0.011000 0.019000
6 1.800000 0.952000 0.012000 0.018000
6 1.810000 0.878000 0.017000 0.013000
5 1.722000 0.918000 0.011000 0.019000
4 1.710000 0.992000 0.013000 0.020000
6 1.690000 1.090000 0.013000 0.017000
6 1.668000 1.160000 0.014000 0.020000
6 2.030000 1.096000 0.021000 0.006000
6 2.028000 1.127000 0.022000 0.008000
4 2.013000 1.165000 0.025000 0.012000
6 2.002000 1.199000 0.023000 0.011000
6 1.980000 1.227000 0.020000 0.009000
6 1.976000 1.263000 0.024000 0.011000
6 1.972000 1.300000 0.020000 0.010000
6 1.968000 1.337000 0.024000 0.011000
6 1.952000 1.372000 0.022000 0.012000
4 1.858000 1.360000 0.011000 0.018000
4 1.922000 1.399000 0.023000 0.012000
6 1.706000 1.348000 0.013000 0.016000
4 1.669000 1.340000 0.013000 0.016000
6 1.638000 1.295000 0.023000 0.008000
6 1.550000 1.287000 0.021000 0.009000
6 1.530000 1.232000 0.021000 0.010000
6 1.605000 1.136000 0.022000 0.012000
6 1.614000 1.103000 0.021000 0.011000
4 1.629000 1.078000 0.021000 0.011000
4 1.634000 1.049000 0.021000 0.012000
6 1.650000 0.962000 0.025000 0.013000
5 1.654000 0.928000 0.025000 0.014000
6 0.839000 1.331000 0.022000 0.012000
6 0.198000 1.127000 0.023000 0.012000
5 0.079000 1.103000 0.026000 0.012000
6 1.098000 0.401000 0.025000 0.013000
6 0.905000 0.224000 0.014000 0.020000
6 0.998000 0.248000 0.023000 0.012000
6 1.004000 0.337000 0.024000 0.010000
6 0.986000 0.387000 0.021000 0.008000
6 1.149000 0.482000 0.024000 0.009000
6 1.266000 0.400000 0.025000 0.016000
6 1.257000 0.364000 0.025000 0.012000
6 1.490000 0.434000 0.021000 0.011000
5 1.413000 0.554000 0.013000 0.021000
4 1.378000 0.494000 0.015000 0.021000
6 1.494000 0.568000 0.017000 0.020000
5 1.543000 0.504000 0.024000 0.012000
3 1.578000 0.464000 0.025000 0.014000
4 1.640000 0.419000 0.020000 0.010000
6 1.520000 0.362000 0.022000 0.011000
6 1.510000 0.317000 0.023000 0.013000
6 1.596000 0.280000 0.020000 0.010000
6 1.536000 0.170000 0.014000 0.019000
5 1.496000 0.163000 0.014000 0.019000
6 1.432000 0.160000 0.014000 0.018000
4 1.359000 0.184000 0.016000 0.020000
4 1.342000 0.126000 0.015000 0.019000
6 1.291000 0.118000 0.018000 0.023000
6 1.184000 0.092000 0.016000 0.022000
6 1.121000 0.092000 0.015000 0.020000
6 1.068000 0.091000 0.014000 0.019000
6 1.022000 0.073000 0.017000 0.020000
4 0.935000 0.068000 0.015000 0.020000
5 0.894000 0.060000 0.015000 0.022000
4 0.592000 0.358000 0.022000 0.011000
5 0.567000 0.438000 0.028000 0.013000
4 0.230000 0.384000 0.023000 0.008000
4 0.228000 0.350000 0.024000 0.009000
6 0.238000 0.314000 0.023000 0.011000
6 0.266000 0.283000 0.023000 0.011000
6 0.276000 0.248000 0.022000 0.012000
6 0.298000 0.218000 0.023000 0.011000
4 0.372000 0.311000 0.022000 0.008000
4 0.366000 0.261000 0.023000 0.012000
4 0.406000 0.227000 0.025000 0.011000
6 0.389000 0.179000 0.022000 0.011000
6 0.429000 0.130000 0.024000 0.013000
4 0.438000 0.061000 0.025000 0.014000
6 0.466000 0.022000 0.025000 0.013085
3 3.878989 1.949829 0.062000 0.027238
3 3.350000 0.680000 0.037000 0.018000
6 3.291000 0.786000 0.022000 0.011000
6 3.344000 0.962000 0.014000 0.021000
6 1.260000 0.538000 0.010000 0.015000
9 1.950000 2.877000 0.073000 0.071000
4 1.738000 1.018000 0.011000 0.017000
6 3.076000 3.695000 0.028000 0.012000
