4 0.087500 0.790000 0.013750 0.025000
3 0.640000 1.730000 0.015000 0.038333
6 0.682500 1.241667 0.028750 0.010000
5 0.690000 1.175000 0.030000 0.011667
5 0.817500 1.180000 0.028750 0.013333
6 1.105000 1.301667 0.032500 0.013333
4 0.507500 0.910000 0.011250 0.025000
4 0.566250 0.913333 0.012500 0.030000
6 0.637500 0.923333 0.011250 0.025000
4 0.757500 0.903333 0.011250 0.025000
6 0.870000 0.896667 0.012500 0.025000
4 0.942500 0.906667 0.011250 0.026667
4 1.127500 0.893333 0.011250 0.026667
4 3.857500 2.203333 0.026250 0.011667
4 3.721250 2.201667 0.028750 0.010000
6 3.733750 1.976667 0.027500 0.011667
5 3.565000 2.196667 0.027500 0.011667
6 2.970000 2.200000 0.030000 0.010000
5 3.166250 1.978333 0.035000 0.013333
6 2.820000 2.200000 0.025000 0.010000
5 2.500000 2.193333 0.037500 0.013333
6 1.445000 2.201667 0.030000 0.011667
4 0.100000 1.866667 0.017500 0.033333
4 0.563750 3.176667 0.010000 0.025000
6 3.876250 3.596667 0.027500 0.011667
