29 0.853750 0.472500 0.125000 0.136250
17 1.850000 0.235000 0.062500 0.062500
34 0.926250 1.008750 0.126250 0.116250
29 1.866250 1.525000 0.122500 0.115000
33 2.436250 1.637500 0.108750 0.108750
34 1.890000 1.967500 0.145000 0.138750
17 1.912500 3.275000 0.061250 0.060000
19 3.921201 1.082785 0.041299 0.053750
17 3.562500 0.680000 0.058750 0.060000
17 3.662500 1.440000 0.056250 0.060000
13 3.680000 1.702500 0.085000 0.081250
13 3.712500 1.992500 0.086250 0.088750
33 3.382500 2.000000 0.106250 0.107500
13 2.972500 2.105000 0.086250 0.087500
12 2.860000 1.372500 0.070000 0.063750
33 2.882500 0.997500 0.123750 0.123750
