6 0.420000 3.866250 0.033333 0.013750
6 0.575000 3.836250 0.031667 0.012500
6 0.728333 3.811250 0.035000 0.012500
6 3.280000 2.862500 0.020000 0.021250
6 3.410000 2.830000 0.021667 0.022500
6 3.770000 2.758750 0.018333 0.018750
6 3.695000 2.782500 0.021667 0.023750
4 3.736667 2.872500 0.021667 0.023750
4 3.223333 3.352500 0.021667 0.023750
4 3.271667 3.457500 0.020000 0.021250
4 3.945000 2.836250 0.021667 0.023750
4 1.610000 3.811250 0.035000 0.020000
6 1.820000 3.415000 0.020000 0.022500
6 1.381667 3.032500 0.021667 0.023750
6 2.353333 2.647500 0.023333 0.028750
6 1.053333 2.212500 0.020000 0.023750
4 1.000000 2.098750 0.016667 0.020000
6 2.078333 1.966250 0.023333 0.028750
6 2.546667 2.623750 0.020000 0.021250
6 2.506667 2.506250 0.016667 0.021250
6 2.463333 2.398750 0.018333 0.022500
6 2.416667 2.295000 0.018333 0.022500
4 2.356667 2.162500 0.018333 0.021250
6 2.316667 2.057500 0.018333 0.021250
6 2.138333 1.612500 0.018333 0.023750
6 2.175000 1.717500 0.015000 0.021250
4 2.040000 1.387500 0.016667 0.021250
6 1.991667 1.267500 0.021667 0.021250
4 1.128333 1.097500 0.036667 0.013750
6 1.113333 1.050000 0.036667 0.012500
4 1.011667 0.828750 0.028333 0.013750
4 1.495000 0.860000 0.020000 0.025000
4 0.703333 1.380000 0.021667 0.025000
6 0.658333 1.285000 0.021667 0.022500
6 0.610000 1.145000 0.021667 0.025000
