17 0.201217 0.985000 0.053593 0.031113
13 0.193333 0.935278 0.066667 0.053333
12 0.195556 0.878611 0.075556 0.072222
13 0.250000 0.832778 0.073333 0.076667
12 0.322778 0.830556 0.063333 0.061111
12 0.386667 0.859444 0.068889 0.067778
36 0.410000 0.969444 0.060000 0.054444
17 0.496111 0.869167 0.054444 0.057778
17 0.571389 0.565000 0.064444 0.052222
19 0.898056 0.514722 0.061111 0.061111
12 0.579444 0.866944 0.050000 0.051111
12 0.598889 0.918889 0.051111 0.053333
12 0.807442 0.982002 0.055162 0.038660
12 0.738889 0.945556 0.051111 0.051111
17 0.739444 0.888611 0.050000 0.052222
17 0.738889 0.830278 0.057778 0.052222
