6 0.331000 1.372000 0.010000 0.016000
6 0.334000 0.946000 0.011000 0.017000
4 0.328000 0.594000 0.008000 0.013000
6 0.326000 0.524000 0.009000 0.016000
6 0.324000 0.435000 0.012000 0.019000
4 0.328000 0.346000 0.010000 0.017000
6 0.334000 0.270000 0.011000 0.019000
6 0.332000 0.185000 0.010000 0.015000
6 1.341000 1.567000 0.012000 0.016000
4 1.516000 1.566000 0.010000 0.017000
4 1.572000 1.562000 0.010000 0.017000
5 1.624000 1.576000 0.010000 0.020000
4 1.666000 1.553000 0.011000 0.019000
6 1.563000 1.848000 0.009000 0.014000
6 2.759000 2.566000 0.011000 0.021000
6 2.585000 3.764000 0.027000 0.010000
4 1.661000 3.748000 0.009000 0.010000
4 1.254000 3.102000 0.023000 0.009000
6 1.370000 3.108000 0.021000 0.008000
4 1.476000 3.102000 0.024000 0.009000
4 1.590000 3.102000 0.023000 0.009000
6 1.708000 3.108000 0.020000 0.006000
6 1.834000 3.107000 0.021000 0.009000
