4 3.837500 0.925000 0.013750 0.026667
4 3.822500 1.050000 0.013750 0.028333
4 3.802500 1.186667 0.011250 0.026667
6 3.780000 1.358333 0.010000 0.025000
4 3.760000 1.470000 0.012500 0.028333
6 3.731250 1.630000 0.015000 0.028333
4 3.698750 1.763333 0.013750 0.025000
4 3.660000 1.886667 0.015000 0.026667
4 2.793750 3.110000 0.023750 0.015000
4 2.793750 3.045000 0.022500 0.011667
4 2.793750 2.986667 0.025000 0.016667
4 2.812500 2.923333 0.026250 0.018333
4 2.801250 2.868333 0.022500 0.013333
6 2.807500 2.811667 0.031250 0.016667
6 2.812500 2.743333 0.021250 0.011667
4 2.822500 2.683333 0.023750 0.011667
6 2.827500 2.620000 0.026250 0.013333
4 2.832500 2.563333 0.028750 0.015000
6 2.835000 2.490000 0.020000 0.011667
4 2.840000 2.426667 0.022500 0.013333
4 2.841250 2.363333 0.022500 0.011667
4 3.237500 2.470000 0.028750 0.015000
4 3.237500 2.526667 0.021250 0.010000
5 3.237500 2.585000 0.023750 0.011667
4 3.218750 2.648333 0.025000 0.013333
6 3.221250 2.716667 0.025000 0.011667
6 3.217500 2.768333 0.028750 0.013333
6 3.207500 2.830000 0.023750 0.011667
6 3.137500 3.255000 0.023750 0.013333
6 3.101250 3.366667 0.013750 0.013333
4 3.117500 3.425000 0.013750 0.010000
6 3.118750 3.546667 0.020000 0.010000
6 3.097500 3.730000 0.028750 0.011667
4 0.970000 3.485000 0.022500 0.010000
4 0.965000 3.420000 0.022500 0.010000
4 0.967500 3.360000 0.021250 0.013333
6 0.962500 3.306667 0.023750 0.010000
6 0.982500 3.253333 0.023750 0.013333
6 0.983750 3.190000 0.026250 0.011667
6 0.977500 3.138333 0.023750 0.011667
6 0.987500 3.073333 0.021250 0.013333
6 0.675000 3.478333 0.027500 0.011667
5 0.670000 3.306667 0.025000 0.010000
6 0.685000 3.240000 0.020000 0.010000
6 0.688750 3.180000 0.027500 0.013333
6 0.695000 3.120000 0.022500 0.010000
4 0.675000 2.995000 0.017500 0.010000
6 0.697500 2.945000 0.023750 0.011667
6 0.700000 2.883333 0.025000 0.011667
4 0.595000 2.871667 0.010000 0.025000
6 0.512500 2.865000 0.011250 0.025000
4 0.447500 2.865000 0.011250 0.026667
4 0.392500 1.831667 0.016250 0.011667
6 0.330000 2.021667 0.022500 0.011667
6 1.008750 2.086667 0.026250 0.013333
6 1.958750 2.173333 0.022500 0.013333
4 1.951250 1.960000 0.025000 0.016667
6 1.808750 1.955000 0.023750 0.011667
3 2.580000 1.166667 0.022500 0.063333
5 2.272500 0.331667 0.011250 0.030000
6 0.665000 3.413333 0.025000 0.010000
