4 0.146875 0.149583 0.018750 0.010000
4 0.026562 0.447500 0.011250 0.028333
6 0.196250 0.588750 0.027500 0.015000
4 0.108438 0.615833 0.030000 0.015000
6 0.508437 0.523750 0.010000 0.028333
6 0.447500 0.621667 0.030000 0.013333
4 0.435625 0.974583 0.021250 0.010000
6 0.179375 0.936667 0.026250 0.010000
6 0.960313 0.783333 0.027500 0.013333
6 0.946875 0.768333 0.018750 0.010000
4 0.966562 0.505833 0.028750 0.011667
5 0.845000 0.075000 0.015000 0.033333
6 0.686875 0.115833 0.028750 0.015000
6 0.569063 0.035833 0.011250 0.025000
4 0.616250 0.020000 0.027500 0.013333
5 0.506875 0.045000 0.011250 0.026667
9 0.540000 0.131667 0.095000 0.056667
9 0.051250 0.133333 0.062500 0.053333
4 0.027500 0.056250 0.020000 0.038333
