6 0.244250 0.198500 0.030000 0.015000
4 0.230500 0.212250 0.025000 0.008000
6 0.230250 0.221250 0.025000 0.008000
4 0.232000 0.229500 0.030000 0.009000
6 0.228500 0.240000 0.027000 0.008000
4 0.227500 0.249500 0.029000 0.009000
6 0.226500 0.260000 0.023000 0.008000
5 0.228500 0.285000 0.031000 0.010000
6 0.281500 0.269500 0.011000 0.017000
6 0.223000 0.302500 0.026000 0.007000
6 0.225000 0.312500 0.022000 0.007000
6 0.225750 0.322000 0.023000 0.008000
6 0.244000 0.349750 0.010000 0.015000
4 0.244500 0.379000 0.013000 0.018000
4 0.042500 0.760750 0.019000 0.019000
21 0.797270 0.360646 0.438000 0.339109
32 0.726500 0.735750 0.239000 0.198000
32 0.510000 0.539500 0.144000 0.133000
15 0.221000 0.749750 0.118000 0.102000
15 0.303250 0.783750 0.109000 0.105000
6 0.990000 0.941000 0.020000 0.008000
6 0.143000 0.919000 0.024000 0.014000
4 0.237750 0.925750 0.020000 0.020000
5 0.308500 0.947000 0.027000 0.026000
4 0.261000 0.964250 0.030000 0.019000
5 0.245500 0.897500 0.023000 0.027000
4 0.015250 0.927000 0.020000 0.022000
4 0.132000 0.992000 0.014000 0.016000
6 0.160750 0.961000 0.018000 0.022000
4 0.146750 0.975750 0.017000 0.018000
