8 0.669500 0.230500 0.119000 0.167000
9 0.364000 0.833000 0.076000 0.088000
4 0.039500 0.921500 0.013000 0.017000
6 0.037500 0.948000 0.015000 0.022000
4 0.077500 0.943000 0.023000 0.008000
4 0.059000 0.988500 0.016000 0.017000
4 0.112500 0.972500 0.017000 0.021000
4 0.131750 0.960750 0.015000 0.021000
6 0.135500 0.978500 0.013000 0.017000
6 0.118000 0.915750 0.018000 0.022000
4 0.142750 0.920500 0.015000 0.019000
5 0.123750 0.893000 0.017000 0.024000
4 0.085000 0.766750 0.022000 0.008000
6 0.189250 0.879000 0.019000 0.024000
6 0.176500 0.828250 0.023000 0.011000
4 0.180500 0.819250 0.025000 0.014000
6 0.182500 0.810000 0.021000 0.010000
5 0.192000 0.801250 0.030000 0.014000
6 0.192750 0.791750 0.022000 0.012000
4 0.243000 0.811250 0.024000 0.013000
4 0.157250 0.527750 0.016000 0.022000
4 0.022250 0.649500 0.023000 0.015000
4 0.053250 0.645500 0.015000 0.021000
4 0.117000 0.586000 0.022000 0.008000
5 0.228000 0.622500 0.016000 0.021000
5 0.256500 0.628000 0.019000 0.024000
4 0.295250 0.633500 0.023000 0.013000
4 0.290750 0.642000 0.026000 0.014000
5 0.253000 0.608000 0.034000 0.030000
5 0.224250 0.600250 0.020000 0.026000
5 0.240000 0.584500 0.014000 0.021000
3 0.245500 0.559500 0.023000 0.029000
6 0.275250 0.541750 0.021000 0.011000
5 0.314250 0.593500 0.014000 0.015000
6 0.324500 0.601250 0.013000 0.015000
4 0.340000 0.594750 0.016000 0.020000
3 0.390000 0.374250 0.032000 0.017000
6 0.352250 0.421250 0.018000 0.026000
16 0.359750 0.437500 0.022000 0.029000
3 0.391750 0.396500 0.020000 0.029000
3 0.373750 0.406000 0.023000 0.028000
3 0.399000 0.261000 0.050000 0.038000
4 0.286750 0.652000 0.027000 0.012000
6 0.292250 0.688000 0.014000 0.020000
4 0.006276 0.334517 0.013103 0.009053
4 0.024500 0.485750 0.023000 0.011000
4 0.006543 0.481533 0.014000 0.011221
6 0.020750 0.353500 0.015000 0.017000
4 0.072750 0.368000 0.014000 0.020000
5 0.094000 0.289250 0.022000 0.014000
5 0.108250 0.253000 0.039000 0.048000
4 0.113000 0.234000 0.024000 0.012000
4 0.115250 0.222750 0.022000 0.011000
3 0.125500 0.200500 0.039000 0.019000
3 0.131500 0.189500 0.035000 0.013000
6 0.137000 0.183250 0.024000 0.011000
5 0.199000 0.217250 0.020000 0.023000
5 0.262250 0.203250 0.042000 0.020000
16 0.226000 0.297000 0.036000 0.020000
4 0.183500 0.390500 0.019000 0.011000
6 0.205250 0.394000 0.024000 0.012000
4 0.198750 0.403000 0.027000 0.012000
4 0.203250 0.444500 0.015000 0.019000
4 0.315000 0.413000 0.018000 0.012000
4 0.365500 0.391000 0.021000 0.028000
4 0.311000 0.403000 0.026000 0.012000
4 0.284750 0.398500 0.025000 0.011000
4 0.459250 0.481500 0.022000 0.013000
5 0.359000 0.468500 0.022000 0.027000
4 0.385500 0.504000 0.017000 0.020000
6 0.338500 0.263000 0.021000 0.026000
4 0.513250 0.347750 0.017000 0.019000
6 0.292500 0.953250 0.015000 0.019000
4 0.300750 0.933750 0.017000 0.020000
6 0.318500 0.898500 0.015000 0.019000
5 0.364500 0.953000 0.027000 0.014000
3 0.453500 0.882000 0.027000 0.014000
4 0.481750 0.935250 0.022000 0.022000
5 0.534750 0.951750 0.022000 0.026000
6 0.620000 0.992000 0.022000 0.012000
6 0.623250 0.983000 0.025000 0.012000
6 0.626000 0.975500 0.020000 0.013000
5 0.971250 0.903250 0.031000 0.033000
6 0.953750 0.882750 0.013000 0.016000
6 0.941500 0.862250 0.019000 0.024000
6 0.879000 0.785500 0.020000 0.023000
6 0.757250 0.781000 0.015000 0.016000
6 0.786750 0.757500 0.023000 0.027000
5 0.774250 0.754500 0.021000 0.027000
5 0.759000 0.750750 0.022000 0.025000
5 0.741750 0.747500 0.021000 0.023000
5 0.728000 0.742500 0.024000 0.027000
5 0.714000 0.739500 0.026000 0.029000
5 0.693500 0.743250 0.021000 0.023000
5 0.669250 0.735500 0.024000 0.029000
6 0.659500 0.721250 0.015000 0.014000
4 0.896000 0.747500 0.016000 0.019000
6 0.839500 0.708000 0.021000 0.024000
6 0.789500 0.693250 0.021000 0.025000
6 0.756500 0.706750 0.021000 0.023000
6 0.745750 0.703000 0.022000 0.024000
6 0.723000 0.694250 0.022000 0.025000
6 0.718750 0.672750 0.022000 0.026000
4 0.917500 0.693000 0.019000 0.024000
4 0.893250 0.685250 0.019000 0.023000
6 0.823000 0.664250 0.022000 0.027000
6 0.773250 0.628750 0.017000 0.021000
6 0.803750 0.599000 0.018000 0.022000
6 0.560000 0.670500 0.024000 0.013000
6 0.544000 0.657000 0.028000 0.014000
6 0.517750 0.647000 0.029000 0.016000
6 0.505500 0.654500 0.023000 0.013000
6 0.628250 0.294750 0.017000 0.020000
5 0.614750 0.324750 0.021000 0.026000
5 0.652000 0.615500 0.022000 0.027000
5 0.574750 0.594500 0.019000 0.023000
5 0.560000 0.588000 0.022000 0.026000
4 0.496250 0.560750 0.016000 0.022000
6 0.445500 0.760500 0.025000 0.013000
4 0.423500 0.835500 0.011000 0.017000
4 0.436250 0.836250 0.015000 0.019000
6 0.492500 0.803750 0.017000 0.021000
4 0.504000 0.806000 0.020000 0.022000
6 0.536500 0.798000 0.023000 0.014000
4 0.530250 0.812500 0.017000 0.019000
4 0.551500 0.838750 0.025000 0.013000
4 0.562500 0.827250 0.017000 0.019000
6 0.550750 0.823250 0.016000 0.020000
6 0.549000 0.848500 0.018000 0.017000
4 0.520000 0.903000 0.026000 0.014000
4 0.662000 0.845750 0.026000 0.011000
4 0.900500 0.898500 0.023000 0.015000
6 0.886000 0.916500 0.024000 0.015000
3 0.876750 0.923250 0.026000 0.015000
5 0.811250 0.946250 0.023000 0.027000
5 0.734000 0.865500 0.022000 0.027000
6 0.745500 0.871000 0.017000 0.020000
6 0.723250 0.882250 0.015000 0.018000
4 0.693500 0.885000 0.017000 0.020000
4 0.669750 0.924250 0.018000 0.020000
6 0.644000 0.943000 0.020000 0.014000
4 0.799750 0.911250 0.025000 0.015000
5 0.831250 0.895000 0.020000 0.028000
6 0.825000 0.919500 0.012000 0.019000
4 0.769000 0.894000 0.026000 0.014000
4 0.752000 0.898500 0.014000 0.011000
5 0.712750 0.964750 0.028000 0.016000
4 0.989500 0.989000 0.023345 0.016000
6 0.995812 0.109856 0.012000 0.019655
6 0.961500 0.017250 0.027000 0.017000
6 0.923000 0.026750 0.020000 0.019000
4 0.734250 0.110750 0.017000 0.019000
6 0.124000 0.977250 0.016000 0.019000
4 0.080250 0.645500 0.015000 0.019000
6 0.231000 0.558750 0.014000 0.018000
6 0.308750 0.578750 0.013000 0.017000
6 0.804250 0.903250 0.025000 0.016000
4 0.081250 0.778000 0.022000 0.008000
