6 0.850625 0.085000 0.028750 0.013333
6 0.978750 0.260000 0.020000 0.030000
4 0.944375 0.416667 0.016250 0.033333
6 0.928125 0.490417 0.018750 0.035000
4 0.942813 0.516250 0.017500 0.035000
4 0.909375 0.575833 0.016250 0.021667
4 0.900625 0.693750 0.016250 0.026667
4 0.893125 0.795000 0.018750 0.036667
6 0.026250 0.091667 0.027500 0.030000
4 0.080937 0.127500 0.026250 0.028333
4 0.144375 0.171667 0.026250 0.026667
4 0.198125 0.206667 0.023750 0.026667
6 0.224688 0.223333 0.025000 0.026667
4 0.251875 0.242500 0.026250 0.028333
4 0.278125 0.260833 0.028750 0.028333
6 0.326875 0.293333 0.028750 0.030000
4 0.377188 0.323750 0.028750 0.018333
6 0.432500 0.327500 0.030000 0.015000
4 0.501250 0.332500 0.030000 0.015000
4 0.566875 0.335000 0.028750 0.013333
6 0.627500 0.337500 0.030000 0.015000
6 0.700000 0.340833 0.030000 0.015000
6 0.730313 0.340833 0.025000 0.011667
6 0.764687 0.343333 0.027500 0.013333
6 0.810000 0.346667 0.030000 0.013333
6 0.846562 0.349167 0.028750 0.015000
6 0.885312 0.348750 0.030000 0.015000
4 0.638125 0.308333 0.028750 0.016667
6 0.348125 0.278750 0.028750 0.026667
4 0.683438 0.044167 0.025000 0.028333
4 0.692500 0.091667 0.025000 0.030000
6 0.706875 0.102917 0.026250 0.030000
4 0.650000 0.105000 0.027500 0.033333
4 0.609688 0.137083 0.021250 0.035000
6 0.626563 0.143333 0.022500 0.036667
4 0.698438 0.132917 0.026250 0.031667
6 0.704375 0.151667 0.023750 0.026667
6 0.698125 0.199167 0.023750 0.031667
6 0.663750 0.202500 0.025000 0.031667
6 0.658125 0.156667 0.023750 0.030000
6 0.624062 0.177500 0.022500 0.035000
6 0.601875 0.178750 0.023750 0.038333
6 0.579688 0.182500 0.013750 0.031667
6 0.555312 0.243333 0.017500 0.023333
6 0.922500 0.044167 0.025000 0.018333
4 0.923750 0.058750 0.027500 0.015000
4 0.921875 0.093750 0.023750 0.015000
6 0.286250 0.306250 0.025000 0.030000
6 0.461875 0.375000 0.013750 0.026667
4 0.475938 0.393333 0.011250 0.020000
6 0.586875 0.369167 0.016250 0.035000
5 0.574375 0.459167 0.021250 0.038333
6 0.681250 0.375833 0.010000 0.025000
6 0.787188 0.678750 0.027500 0.013333
6 0.667813 0.649167 0.023750 0.015000
4 0.607500 0.726667 0.020000 0.040000
4 0.351875 0.580833 0.023750 0.031667
5 0.318750 0.632083 0.027500 0.035000
4 0.235000 0.579167 0.022500 0.031667
6 0.222500 0.566667 0.022500 0.033333
6 0.336250 0.515833 0.020000 0.028333
6 0.114687 0.671667 0.018750 0.030000
6 0.110937 0.711667 0.020000 0.033333
6 0.092188 0.707500 0.020000 0.031667
6 0.352500 0.771667 0.022500 0.033333
6 0.476250 0.805000 0.022500 0.033333
4 0.042188 0.923750 0.023750 0.030000
