6 0.033333 2.490000 0.016667 0.020000
6 0.115000 2.510000 0.016667 0.022500
6 0.195000 2.488750 0.016667 0.021250
6 0.420000 2.533750 0.020000 0.022500
4 0.593333 2.572500 0.033333 0.011250
4 0.540000 2.690000 0.033333 0.015000
6 1.105000 3.338750 0.018333 0.026250
4 1.965000 1.927500 0.021667 0.026250
4 2.145000 2.237500 0.021667 0.023750
4 2.556667 3.011250 0.021667 0.023750
6 2.593333 3.537500 0.016667 0.013750
4 1.383333 0.092500 0.038333 0.011250
4 1.390000 0.137500 0.038333 0.008750
6 0.553333 0.738750 0.016667 0.017500
6 0.643333 0.745000 0.015000 0.015000
6 0.780000 0.745000 0.016667 0.022500
6 0.996667 0.740000 0.015000 0.020000
6 1.766667 1.230000 0.020000 0.022500
4 1.125000 0.138750 0.040000 0.008750
4 3.816667 0.252500 0.021667 0.023750
6 3.723333 3.095000 0.048333 0.017500
6 3.231667 1.710000 0.023333 0.025000
4 3.153333 1.762500 0.023333 0.023750
4 3.896667 1.180000 0.038333 0.015000
6 3.141667 0.837500 0.031667 0.013750
6 3.105000 0.796250 0.031667 0.012500
6 1.063333 1.890000 0.028333 0.012500
6 2.286667 2.790000 0.033333 0.015000
