21 3.445000 2.623000 0.315000 0.285000
21 3.435000 0.462000 0.382000 0.277000
14 2.422000 0.870000 0.117000 0.067000
14 2.531000 1.039000 0.115000 0.066000
14 1.815000 1.321000 0.113000 0.070000
14 1.698000 1.144000 0.115000 0.069000
11 0.490000 0.796000 0.031000 0.030000
4 1.136000 1.452000 0.020000 0.016000
4 1.207000 1.872000 0.029000 0.020000
6 1.346000 1.715000 0.023000 0.018000
4 1.120000 1.789000 0.026000 0.019000
32 2.551000 1.997000 0.122000 0.097000
32 0.321000 3.236000 0.231000 0.216000
