14 0.044167 0.903125 0.101666 0.113070
4 0.736667 0.932813 0.030000 0.008750
4 0.697083 0.924375 0.033333 0.008750
4 0.734583 0.920625 0.030000 0.008750
4 0.731667 0.897188 0.036667 0.010000
4 0.689167 0.889687 0.031667 0.007500
6 0.688333 0.876875 0.033333 0.008750
6 0.685833 0.866875 0.031667 0.008750
6 0.685833 0.855000 0.028333 0.007500
6 0.679167 0.843750 0.035000 0.007500
6 0.671250 0.831562 0.031667 0.007500
4 0.714167 0.828750 0.028333 0.012500
6 0.673750 0.821250 0.033333 0.007500
6 0.673750 0.809688 0.033333 0.008750
4 0.709583 0.806562 0.033333 0.008750
6 0.705000 0.795625 0.033333 0.008750
4 0.666250 0.798125 0.036667 0.008750
6 0.703333 0.782500 0.033333 0.010000
4 0.662500 0.786563 0.035000 0.008750
4 0.660833 0.774687 0.038333 0.008750
6 0.653333 0.763125 0.033333 0.008750
6 0.696667 0.761875 0.033333 0.008750
6 0.690000 0.749687 0.030000 0.008750
6 0.653333 0.752188 0.030000 0.007500
4 0.691667 0.737500 0.036667 0.010000
4 0.653750 0.742188 0.036667 0.008750
4 0.650833 0.730625 0.035000 0.011250
4 0.685000 0.702812 0.033333 0.011250
4 0.643333 0.719375 0.036667 0.008750
6 0.684167 0.714688 0.035000 0.008750
4 0.645000 0.706875 0.036667 0.008750
6 0.642917 0.694375 0.033333 0.008750
6 0.674583 0.668438 0.035000 0.010000
6 0.675833 0.679063 0.028333 0.008750
4 0.637083 0.684375 0.036667 0.008750
4 0.639583 0.672813 0.035000 0.011250
6 0.630000 0.649375 0.030000 0.006250
6 0.637083 0.660625 0.035000 0.008750
6 0.665833 0.634375 0.035000 0.008750
4 0.659167 0.623750 0.031667 0.007500
4 0.625000 0.626875 0.036667 0.008750
6 0.660417 0.612500 0.033333 0.007500
6 0.620000 0.614062 0.036667 0.008750
6 0.656667 0.600938 0.033333 0.008750
6 0.614167 0.586250 0.031667 0.007500
6 0.617500 0.602500 0.035000 0.007500
6 0.649167 0.570000 0.031667 0.010000
6 0.608333 0.573750 0.033333 0.010000
6 0.748333 0.585313 0.033333 0.008750
6 0.754167 0.621563 0.031667 0.008750
6 0.757917 0.633125 0.033333 0.008750
4 0.762500 0.644687 0.035000 0.008750
4 0.766250 0.666562 0.033333 0.008750
4 0.770833 0.677500 0.031667 0.007500
6 0.772917 0.689063 0.043333 0.011250
5 0.780417 0.711562 0.041667 0.008750
4 0.781667 0.723750 0.036667 0.007500
4 0.795000 0.780937 0.033333 0.008750
4 0.795417 0.792500 0.031667 0.007500
5 0.808750 0.838750 0.040000 0.012500
4 0.815000 0.860625 0.033333 0.008750
4 0.817500 0.871875 0.035000 0.008750
6 0.822083 0.883125 0.038333 0.008750
6 0.822500 0.895312 0.035000 0.008750
6 0.824167 0.906250 0.038333 0.010000
6 0.825000 0.918125 0.033333 0.011250
6 0.525417 0.579063 0.041667 0.010000
4 0.483750 0.583750 0.033333 0.010000
6 0.524167 0.611250 0.038333 0.007500
4 0.530417 0.622500 0.036667 0.010000
4 0.490000 0.625000 0.036667 0.010000
4 0.490417 0.637500 0.033333 0.007500
6 0.531667 0.645312 0.030000 0.007500
4 0.497500 0.648125 0.031667 0.008750
4 0.540417 0.666875 0.043333 0.011250
4 0.499167 0.671250 0.035000 0.007500
4 0.548333 0.680000 0.033333 0.010000
4 0.544167 0.690625 0.035000 0.008750
6 0.510000 0.705000 0.033333 0.007500
6 0.508333 0.717812 0.030000 0.007500
6 0.552500 0.714063 0.031667 0.008750
6 0.512500 0.727812 0.035000 0.008750
6 0.517500 0.739375 0.031667 0.006250
6 0.558333 0.747812 0.030000 0.008750
6 0.519167 0.751875 0.035000 0.008750
6 0.565833 0.759375 0.031667 0.008750
5 0.523333 0.773750 0.046667 0.010000
4 0.529167 0.784687 0.038333 0.010000
4 0.572083 0.793750 0.035000 0.010000
4 0.537500 0.830625 0.038333 0.008750
4 0.531667 0.818750 0.036667 0.007500
4 0.572500 0.804063 0.035000 0.008750
4 0.537500 0.807813 0.035000 0.010000
4 0.575833 0.816250 0.035000 0.010000
6 0.543333 0.842187 0.036667 0.011250
6 0.583333 0.839063 0.036667 0.011250
4 0.543750 0.854062 0.036667 0.010000
6 0.545417 0.865625 0.035000 0.011250
6 0.585417 0.850625 0.031667 0.011250
6 0.589167 0.859375 0.038333 0.013750
6 0.245417 0.019688 0.033333 0.011250
6 0.332917 0.060625 0.038333 0.013750
4 0.332917 0.049375 0.031667 0.008750
6 0.318333 0.139063 0.036667 0.010000
4 0.084167 0.599688 0.018333 0.023750
4 0.046667 0.545000 0.020000 0.022500
6 0.143333 0.539062 0.016667 0.021250
4 0.230417 0.569063 0.038333 0.010000
6 0.237500 0.591562 0.031667 0.008750
4 0.240000 0.603437 0.033333 0.008750
6 0.245000 0.614688 0.033333 0.010000
6 0.250833 0.636563 0.035000 0.011250
6 0.256250 0.659375 0.035000 0.011250
6 0.262083 0.683438 0.030000 0.010000
6 0.360833 0.918438 0.031667 0.018750
4 0.357500 0.903125 0.031667 0.018750
4 0.346667 0.890938 0.030000 0.020000
6 0.335833 0.866875 0.028333 0.018750
6 0.328333 0.839375 0.026667 0.023750
4 0.321250 0.807187 0.035000 0.010000
6 0.295000 0.761875 0.033333 0.011250
4 0.423750 0.897188 0.033333 0.010000
6 0.460833 0.885000 0.035000 0.010000
4 0.455417 0.870625 0.030000 0.011250
6 0.455417 0.860625 0.035000 0.008750
6 0.460833 0.906875 0.031667 0.011250
4 0.463333 0.917500 0.033333 0.010000
6 0.465000 0.929688 0.033333 0.010000
4 0.477917 0.951250 0.035000 0.010000
6 0.449167 0.837812 0.035000 0.008750
6 0.447083 0.826562 0.035000 0.008750
4 0.444583 0.815000 0.033333 0.010000
4 0.389583 0.760312 0.035000 0.007500
4 0.435000 0.780000 0.036667 0.010000
4 0.433750 0.770000 0.031667 0.010000
6 0.427917 0.758750 0.031667 0.010000
6 0.425000 0.745938 0.036667 0.008750
4 0.384167 0.726250 0.038333 0.010000
4 0.359167 0.635312 0.035000 0.010000
6 0.393333 0.590000 0.033333 0.010000
4 0.923333 0.794687 0.030000 0.010000
4 0.910833 0.730938 0.038333 0.011250
4 0.913333 0.750000 0.033333 0.007500
6 0.568333 0.945000 0.030000 0.010000
4 0.609167 0.941875 0.035000 0.008750
4 0.609167 0.930625 0.035000 0.011250
4 0.567500 0.933750 0.035000 0.010000
6 0.561667 0.922188 0.030000 0.007500
6 0.594583 0.896875 0.033333 0.008750
6 0.591667 0.884375 0.033333 0.008750
6 0.591250 0.874687 0.031667 0.008750
14 0.148333 0.895312 0.103333 0.105000
14 0.253750 0.887813 0.101667 0.105000
14 0.023997 0.749194 0.060000 0.110786
14 0.176250 0.738125 0.101667 0.106250
6 0.526667 0.592187 0.036667 0.012500
4 0.523333 0.763125 0.036667 0.011250
