4 0.616000 3.875000 0.018000 0.020000
5 3.968000 2.590000 0.012000 0.023000
6 2.853000 2.738000 0.025000 0.017000
5 2.436000 2.754000 0.012000 0.021000
4 2.151000 2.972000 0.011000 0.016000
4 2.148000 2.890000 0.012000 0.019000
6 2.140000 2.781000 0.014000 0.018000
4 1.432000 2.884000 0.012000 0.020000
6 0.944000 3.060000 0.016000 0.020000
4 0.383000 2.975000 0.014000 0.022000
4 0.035000 2.792000 0.012000 0.016000
6 0.696000 1.432000 0.018000 0.018000
6 0.403000 1.402000 0.025000 0.007000
4 3.194000 1.446000 0.011000 0.019000
4 3.085000 1.443000 0.011000 0.018000
4 2.410000 1.691000 0.011000 0.019000
6 2.460000 1.692000 0.012000 0.018000
4 2.402000 1.853000 0.013000 0.019000
6 2.310000 1.686000 0.011000 0.019000
4 2.364000 1.690000 0.010000 0.017000
6 2.266000 1.853000 0.013000 0.020000
6 2.260000 1.686000 0.012000 0.019000
5 2.041000 0.978000 0.022000 0.021000
6 2.049000 1.074000 0.022000 0.019000
4 2.051000 1.244000 0.023000 0.018000
6 2.045000 1.335000 0.025000 0.019000
6 1.601000 1.635000 0.023000 0.009000
6 1.846000 1.600000 0.023000 0.008000
6 2.046000 1.436000 0.021000 0.018000
4 1.838000 1.530000 0.025000 0.009000
6 1.605000 1.521000 0.020000 0.008000
4 1.606000 1.410000 0.023000 0.009000
3 1.256000 1.881000 0.048000 0.021000
16 1.240000 1.786000 0.048000 0.013000
6 1.280000 1.702000 0.026000 0.009000
4 1.192000 1.627000 0.026000 0.011000
6 1.004000 0.955000 0.018000 0.008000
5 1.176000 0.710000 0.028000 0.011000
4 0.851000 0.948000 0.020000 0.026000
5 0.777000 0.967000 0.013000 0.024000
4 0.721000 0.975000 0.011000 0.019000
6 0.669000 0.972000 0.011000 0.016000
6 0.483000 0.973000 0.011000 0.020000
6 0.430000 0.992000 0.009000 0.018000
6 0.330000 0.980000 0.013000 0.020000
4 0.278000 0.974000 0.011000 0.021000
4 0.184000 0.976000 0.012000 0.018000
6 0.138000 0.960000 0.013000 0.020000
6 0.074000 0.970000 0.013000 0.019000
6 0.661000 0.802000 0.021000 0.023000
6 0.533000 0.798000 0.019000 0.021000
6 0.598000 0.806000 0.019000 0.021000
6 0.481000 0.804000 0.019000 0.022000
4 0.428000 0.808000 0.020000 0.024000
4 0.375000 0.806000 0.019000 0.021000
6 0.322000 0.809000 0.015000 0.018000
6 0.200000 0.805000 0.016000 0.018000
4 0.143000 0.800000 0.019000 0.020000
4 0.462000 0.198000 0.023000 0.009000
4 0.469000 0.236000 0.025000 0.010000
4 0.468000 0.274000 0.024000 0.009000
6 3.928000 0.086000 0.018000 0.023000
4 3.127000 0.240000 0.012000 0.024000
4 3.131000 0.415000 0.012000 0.020000
4 2.066000 0.567000 0.025000 0.010000
6 1.360000 0.549000 0.026000 0.009000
6 0.466000 0.166000 0.025000 0.009000
6 0.742000 0.234000 0.023000 0.009000
4 0.738000 0.163000 0.023000 0.009000
4 0.736000 0.050000 0.026000 0.009000
5 0.160000 0.316000 0.022000 0.008000
6 0.058000 0.452000 0.023000 0.008000
4 0.748000 0.276000 0.024000 0.010000
4 0.740000 0.347000 0.026000 0.010000
5 0.358000 0.311000 0.023000 0.007000
6 0.470000 0.314000 0.021000 0.007000
6 0.374000 0.238000 0.019000 0.007000
6 0.750000 0.126000 0.019000 0.007000
4 0.746000 0.090000 0.021000 0.007000
4 0.896000 0.797000 0.012000 0.019000
4 0.574000 1.051000 0.009000 0.018000
4 0.126000 1.039000 0.011000 0.019000
4 0.373000 1.050000 0.010000 0.017000
4 0.522000 1.052000 0.009000 0.018000
4 0.766000 1.050000 0.011000 0.017000
4 0.618000 1.052000 0.011000 0.016000
6 0.628000 1.282000 0.012000 0.015000
4 0.770000 1.212000 0.011000 0.018000
6 0.716000 1.210000 0.012000 0.017000
4 0.574000 1.213000 0.011000 0.017000
6 0.333000 1.210000 0.008000 0.015000
6 0.428000 1.287000 0.010000 0.017000
6 0.184000 1.285000 0.010000 0.015000
4 0.229000 1.216000 0.011000 0.016000
4 0.272000 1.284000 0.010000 0.016000
5 0.326000 1.285000 0.011000 0.018000
6 1.006000 0.916000 0.019000 0.008000
6 0.994000 1.198000 0.021000 0.009000
4 1.000000 1.270000 0.020000 0.009000
4 0.994000 1.086000 0.021000 0.011000
6 1.184000 1.662000 0.020000 0.009000
6 1.820000 1.920000 0.010000 0.020000
6 1.874000 1.924000 0.011000 0.018000
4 2.046000 1.587000 0.023000 0.019000
4 2.044000 1.679000 0.022000 0.019000
6 2.040000 1.634000 0.020000 0.017000
4 2.668000 1.114000 0.014000 0.019000
4 2.794000 1.481000 0.025000 0.010000
4 2.854000 1.586000 0.023000 0.009000
4 2.852000 1.628000 0.018000 0.008000
4 3.449000 0.942000 0.011000 0.017000
4 3.675000 1.688000 0.011000 0.018000
4 3.769000 1.904000 0.013000 0.018000
4 3.652000 1.902000 0.012000 0.021000
6 3.705000 1.898000 0.012000 0.019000
6 3.852000 1.908000 0.014000 0.020000
6 3.965000 1.901000 0.013000 0.022000
6 3.909000 1.910000 0.012000 0.021000
9 0.923000 0.592000 0.053000 0.064000
3 0.898000 1.792000 0.017000 0.058000
