6 0.993750 0.478333 0.012500 0.033333
5 0.849063 0.191667 0.036250 0.016667
4 0.850625 0.174167 0.038750 0.015000
4 0.852187 0.147083 0.030000 0.025000
5 0.254375 0.953333 0.033750 0.020000
4 0.176250 0.933750 0.030000 0.015000
4 0.558125 0.864167 0.026250 0.011667
5 0.720000 0.766667 0.022500 0.013333
4 0.539062 0.422500 0.033750 0.025000
4 0.383750 0.480417 0.027500 0.015000
4 0.367812 0.386667 0.027500 0.013333
4 0.567500 0.322500 0.020000 0.015000
4 0.506875 0.227500 0.013750 0.031667
4 0.570312 0.078333 0.021250 0.013333
4 0.518437 0.101667 0.013750 0.033333
5 0.367500 0.176250 0.027500 0.011667
4 0.334375 0.171667 0.028750 0.013333
4 0.236250 0.477917 0.012500 0.028333
4 0.028750 0.122500 0.027500 0.015000
6 0.108125 0.155000 0.023750 0.033333
5 0.055625 0.541667 0.033750 0.020000
6 0.125625 0.437083 0.011250 0.030000
6 0.126250 0.402500 0.012500 0.028333
4 0.129062 0.309167 0.011250 0.025000
4 0.131875 0.270833 0.011250 0.028333
