11 2.922000 2.730000 0.015000 0.013000
4 3.757000 1.788000 0.020000 0.024000
4 3.826000 1.642000 0.015000 0.021000
5 3.710000 1.239000 0.031000 0.020000
5 3.835000 1.276000 0.032000 0.018000
6 3.876000 0.952000 0.024000 0.016000
4 2.336000 0.217000 0.028000 0.010000
4 2.610000 1.701000 0.011000 0.017000
5 2.441000 1.927000 0.027000 0.009000
4 2.611000 2.121000 0.014000 0.021000
4 2.718000 2.034000 0.025000 0.011000
4 1.822000 1.961000 0.017000 0.015000
4 1.781000 1.988000 0.017000 0.014000
5 1.517000 2.288000 0.027000 0.020000
6 1.060000 2.988000 0.016000 0.028000
5 0.976000 3.493000 0.030000 0.013000
6 0.869000 3.342000 0.015000 0.007000
6 1.418000 3.340000 0.025000 0.010000
5 1.260000 3.533000 0.022000 0.026000
4 2.697000 3.786000 0.028000 0.023000
4 2.963000 3.288000 0.017000 0.018000
6 3.032000 3.213000 0.020000 0.021000
5 3.216000 2.990000 0.022000 0.025000
5 3.306000 2.879000 0.025000 0.026000
6 3.444000 2.688000 0.022000 0.024000
4 3.726000 2.604000 0.023000 0.016000
4 0.139000 1.707000 0.022000 0.023000
4 0.348000 1.720000 0.022000 0.020000
6 0.314000 1.178000 0.021000 0.019000
4 1.400000 0.834000 0.024000 0.021000
6 1.437000 0.811000 0.022000 0.018000
4 0.800000 0.834000 0.024000 0.023000
4 1.199000 0.490000 0.024000 0.021000
4 1.358000 0.336000 0.025000 0.020000
6 2.374000 0.168000 0.023000 0.012000
4 0.110000 3.988000 0.027000 0.018000
6 3.297000 3.184000 0.018000 0.012000
4 1.691000 2.486000 0.026000 0.023000
4 1.602000 2.553000 0.023000 0.020000
7 1.364000 3.294000 0.026000 0.025000
