17 0.058000 0.156250 0.054000 0.053000
17 0.090000 0.382500 0.058000 0.057000
17 0.133000 0.438500 0.058000 0.057000
13 0.214000 0.402750 0.066000 0.069000
13 0.282500 0.358250 0.061000 0.064000
17 0.353750 0.301500 0.063000 0.061000
19 0.443750 0.243500 0.117000 0.119000
20 0.516250 0.192500 0.106000 0.107000
29 0.346500 0.073750 0.121000 0.125000
29 0.305500 0.792000 0.139000 0.140000
20 0.542000 0.817250 0.076000 0.067000
29 0.730250 0.947000 0.112000 0.112000
35 0.869000 0.783000 0.120000 0.124000
13 0.669750 0.642000 0.046000 0.058000
17 0.740000 0.047500 0.062000 0.063000
