5 0.861875 0.390417 0.023750 0.041667
6 0.835313 0.250000 0.012500 0.030000
6 0.800312 0.211667 0.011250 0.026667
5 0.790937 0.261667 0.012500 0.033333
5 0.772188 0.401667 0.023750 0.013333
6 0.438750 0.370833 0.030000 0.021667
5 0.405625 0.380000 0.033750 0.016667
4 0.495312 0.610833 0.013750 0.031667
5 0.316250 0.691667 0.037500 0.016667
4 0.501250 0.799167 0.010000 0.015000
6 0.495937 0.835833 0.017500 0.031667
4 0.684375 0.854167 0.013750 0.028333
6 0.228125 0.685417 0.016250 0.031667
3 0.262500 0.641667 0.015000 0.036667
4 0.243750 0.591667 0.010000 0.030000
6 0.186875 0.483750 0.011250 0.030000
4 0.130625 0.623333 0.008750 0.016667
11 0.131250 0.641667 0.025000 0.013333
11 0.142500 0.587500 0.010000 0.025000
3 0.102500 0.638333 0.015000 0.033333
11 0.070000 0.594167 0.010000 0.028333
3 0.123125 0.480000 0.046250 0.020000
5 0.063125 0.444583 0.011250 0.030000
5 0.063750 0.389167 0.015000 0.038333
3 0.100937 0.347083 0.013750 0.035000
4 0.231875 0.244167 0.011250 0.028333
4 0.173125 0.108750 0.011250 0.026667
4 0.228437 0.109583 0.012500 0.028333
6 0.306250 0.052917 0.025000 0.010000
4 0.305000 0.035833 0.025000 0.015000
9 0.892500 0.545833 0.132500 0.148333
