5 0.931667 0.224688 0.033333 0.026250
4 0.947500 0.250937 0.031667 0.022500
4 0.899167 0.248750 0.028333 0.020000
4 0.875417 0.264688 0.028333 0.021250
4 0.800000 0.350000 0.030000 0.022500
4 0.769167 0.334688 0.028333 0.020000
6 0.438333 0.240313 0.023333 0.017500
6 0.568750 0.375312 0.033333 0.020000
4 0.698750 0.440625 0.031667 0.021250
4 0.734167 0.458125 0.028333 0.018750
4 0.799167 0.490000 0.035000 0.022500
4 0.829583 0.452500 0.028333 0.017500
4 0.874167 0.475313 0.035000 0.022500
4 0.832500 0.507500 0.031667 0.020000
6 0.915833 0.495625 0.028333 0.018750
6 0.887917 0.533750 0.033333 0.022500
4 0.922500 0.551875 0.035000 0.021250
6 0.982083 0.983750 0.035000 0.012500
6 0.899167 0.972500 0.031667 0.012500
4 0.673333 0.939688 0.033333 0.011250
5 0.684167 0.905312 0.041667 0.017500
4 0.695417 0.891563 0.033333 0.011250
4 0.783333 0.769375 0.026667 0.016250
5 0.788333 0.722500 0.036667 0.025000
4 0.617083 0.685625 0.028333 0.018750
4 0.587917 0.670312 0.026667 0.017500
4 0.590000 0.646563 0.030000 0.018750
6 0.580833 0.626875 0.031667 0.023750
6 0.040833 0.360625 0.025000 0.018750
4 0.078750 0.416250 0.026667 0.017500
4 0.145000 0.410000 0.023333 0.017500
4 0.152917 0.448750 0.026667 0.017500
4 0.181667 0.464375 0.026667 0.016250
4 0.095000 0.453125 0.030000 0.018750
4 0.130833 0.470000 0.031667 0.020000
4 0.287083 0.520312 0.026667 0.017500
6 0.218333 0.513750 0.033333 0.020000
6 0.256667 0.470000 0.036667 0.027500
6 0.328333 0.616875 0.020000 0.016250
4 0.044167 0.837187 0.035000 0.011250
6 0.051667 0.849063 0.030000 0.011250
15 0.465000 0.107500 0.188333 0.116250
15 0.545417 0.148438 0.188333 0.115000
32 0.313960 0.038993 0.267919 0.187015
