4 3.785000 2.181667 0.027500 0.025000
4 3.510000 0.156667 0.022500 0.035000
4 3.671250 0.058333 0.025000 0.025000
4 3.692500 0.115000 0.023750 0.016667
4 3.721250 0.160000 0.022500 0.020000
6 3.753750 0.215000 0.021250 0.018333
6 3.782500 0.268333 0.021250 0.018333
6 3.786250 0.341667 0.025000 0.023333
4 3.817500 0.388333 0.021250 0.018333
4 3.835000 0.441667 0.018750 0.016667
4 3.862500 0.501667 0.021250 0.013333
4 3.890000 0.558333 0.022500 0.018333
4 3.667500 0.550000 0.016250 0.031667
6 3.610000 0.628333 0.018750 0.031667
6 3.800000 0.821667 0.017500 0.028333
4 3.742500 0.846667 0.018750 0.033333
6 2.007500 3.686667 0.018750 0.016667
4 0.515000 3.740000 0.025000 0.020000
4 0.875000 3.361667 0.015000 0.028333
6 0.838750 3.270000 0.012500 0.021667
4 0.487500 2.975000 0.016250 0.026667
4 0.560000 2.793333 0.017500 0.030000
4 0.643750 2.793333 0.017500 0.030000
4 0.580000 2.666667 0.016250 0.030000
6 0.398750 2.756667 0.017500 0.028333
4 0.960000 2.883333 0.022500 0.018333
6 1.058750 2.830000 0.025000 0.021667
5 0.732500 2.443333 0.031250 0.025000
4 0.857500 2.390000 0.026250 0.021667
6 0.208750 2.290000 0.017500 0.028333
6 0.781250 1.836667 0.030000 0.025000
6 0.815000 1.611667 0.017500 0.030000
4 0.865000 1.588333 0.015000 0.025000
4 1.146250 1.516667 0.025000 0.021667
6 0.815000 1.480000 0.025000 0.023333
4 0.801250 1.425000 0.026250 0.021667
4 1.756250 1.436667 0.016250 0.028333
4 1.856250 1.353333 0.021250 0.033333
4 0.220000 1.766667 0.015000 0.026667
6 0.602500 1.186667 0.020000 0.016667
4 0.701250 1.138333 0.023750 0.023333
6 1.285000 0.860000 0.023750 0.020000
4 1.392500 0.806667 0.028750 0.023333
4 1.502500 0.756667 0.021250 0.018333
4 1.321250 0.543333 0.026250 0.021667
4 1.450000 0.493333 0.022500 0.020000
6 1.865000 0.580000 0.027500 0.023333
4 2.037500 0.503333 0.031250 0.025000
4 2.147500 0.443333 0.023750 0.021667
4 1.750000 0.336667 0.027500 0.025000
6 1.543750 0.140000 0.022500 0.040000
6 1.701250 0.240000 0.026250 0.020000
4 1.680000 0.180000 0.025000 0.020000
6 1.655000 0.116667 0.027500 0.021667
6 1.471250 0.290000 0.021250 0.015000
6 1.442500 0.253333 0.031250 0.023333
4 1.433750 0.201667 0.018750 0.018333
4 1.497500 0.331667 0.018750 0.015000
5 3.865000 3.765000 0.022500 0.038333
4 3.453750 3.903333 0.020000 0.031667
6 2.637500 3.938333 0.023750 0.021667
4 2.598750 3.836667 0.025000 0.018333
4 2.867500 3.870000 0.018750 0.035000
6 3.016250 3.631667 0.015000 0.025000
4 3.127500 3.746667 0.021250 0.030000
4 3.230000 3.693333 0.020000 0.033333
5 3.285000 3.676667 0.015000 0.025000
4 3.337500 3.651667 0.016250 0.030000
5 2.920000 3.698333 0.025000 0.040000
6 2.557500 3.730000 0.026250 0.021667
6 2.567500 3.536667 0.018750 0.031667
6 2.620000 3.506667 0.020000 0.033333
4 2.708750 3.465000 0.018750 0.030000
6 3.698750 3.376667 0.022500 0.038333
6 3.953750 3.183333 0.022500 0.038333
4 3.626250 3.196667 0.021250 0.031667
4 3.577500 3.085000 0.018750 0.031667
4 2.522500 3.081667 0.026250 0.025000
4 2.540000 2.775000 0.025000 0.021667
6 2.302500 3.193333 0.021250 0.020000
4 2.240000 2.921667 0.022500 0.018333
6 2.140000 2.970000 0.025000 0.018333
4 2.178750 3.245000 0.021250 0.020000
6 2.062500 3.306667 0.018750 0.016667
6 1.867500 3.380000 0.021250 0.016667
4 1.607500 3.216667 0.023750 0.011667
6 2.746250 2.278333 0.013750 0.025000
6 2.601250 1.933333 0.018750 0.030000
5 2.858750 1.733333 0.027500 0.026667
6 3.018750 1.761667 0.023750 0.035000
6 2.832500 1.673333 0.023750 0.020000
6 3.165000 1.288333 0.016250 0.028333
6 2.332500 2.051667 0.018750 0.031667
4 2.195000 2.110000 0.025000 0.021667
6 2.781250 1.176667 0.020000 0.031667
4 3.115000 1.158333 0.015000 0.025000
4 3.060000 1.035000 0.017500 0.033333
4 2.992500 0.876667 0.016250 0.028333
6 2.945000 0.768333 0.013750 0.025000
4 2.650000 0.891667 0.017500 0.028333
4 2.607500 0.770000 0.021250 0.035000
6 2.893750 0.643333 0.018750 0.031667
6 3.640000 0.903333 0.015000 0.025000
6 3.695000 0.880000 0.020000 0.033333
9 3.472500 2.488333 0.123750 0.130000
