6 0.077188 0.017083 0.021250 0.018333
6 0.115625 0.040833 0.018750 0.021667
6 0.068750 0.068333 0.022500 0.023333
5 0.160000 0.120833 0.030000 0.028333
4 0.280938 0.050417 0.021250 0.031667
6 0.277500 0.092500 0.017500 0.028333
6 0.218438 0.199583 0.017500 0.026667
4 0.191875 0.253333 0.018750 0.030000
4 0.161250 0.313750 0.022500 0.035000
5 0.115312 0.310000 0.023750 0.036667
9 0.245625 0.145000 0.151250 0.190000
4 0.146563 0.384583 0.021250 0.033333
4 0.348750 0.147500 0.012500 0.031667
4 0.412187 0.212083 0.025000 0.023333
6 0.461250 0.242083 0.022500 0.021667
6 0.453437 0.292917 0.023750 0.021667
6 0.541875 0.291667 0.031250 0.030000
4 0.637188 0.401250 0.028750 0.026667
6 0.700937 0.435417 0.023750 0.025000
4 0.738125 0.460000 0.026250 0.023333
6 0.949375 0.527500 0.018750 0.021667
4 0.560625 0.639167 0.021250 0.031667
5 0.082187 0.807917 0.027500 0.028333
6 0.147187 0.792917 0.026250 0.025000
6 0.175937 0.807917 0.023750 0.023333
4 0.312500 0.945000 0.027500 0.026667
5 0.985313 0.192500 0.025000 0.038333
6 0.720938 0.131667 0.021250 0.033333
4 0.951250 0.946250 0.020000 0.028333
5 0.236250 0.607083 0.025000 0.038333
