4 0.400000 0.066000 0.014000 0.021000
6 0.774000 0.290000 0.013000 0.021000
6 0.646000 0.314000 0.025000 0.009000
4 1.691000 0.066000 0.021000 0.009000
4 1.468000 0.606000 0.018000 0.009000
6 1.434000 0.637000 0.021000 0.008000
4 1.182000 3.168000 0.021000 0.010000
6 1.198000 3.132000 0.021000 0.010000
4 1.208000 3.098000 0.022000 0.011000
4 0.812000 2.954000 0.024000 0.013000
4 1.226000 1.665000 0.021000 0.011000
4 2.704000 2.314000 0.010000 0.015000
6 2.420000 3.701000 0.020000 0.011000
4 2.426000 3.662000 0.021000 0.009000
14 1.771000 1.987000 0.068000 0.086000
