4 0.140833 0.579375 0.025000 0.008750
6 0.228333 0.679688 0.036667 0.011250
4 0.227917 0.701875 0.035000 0.008750
6 0.225000 0.712500 0.033333 0.010000
4 0.225833 0.723437 0.038333 0.008750
4 0.946667 0.433750 0.030000 0.020000
6 0.982917 0.536250 0.030000 0.020000
6 0.965000 0.528750 0.030000 0.022500
4 0.955000 0.521875 0.033333 0.023750
6 0.929167 0.504687 0.035000 0.023750
6 0.915833 0.499063 0.028333 0.020000
6 0.901250 0.489375 0.035000 0.023750
4 0.872917 0.475625 0.031667 0.021250
4 0.864167 0.464062 0.018333 0.013750
4 0.848750 0.455937 0.023333 0.017500
6 0.765833 0.439375 0.021667 0.023750
4 0.711250 0.432500 0.023333 0.025000
6 0.691667 0.432500 0.020000 0.022500
5 0.675417 0.425000 0.026667 0.027500
6 0.355833 0.565000 0.041667 0.012500
4 0.365833 0.535000 0.035000 0.010000
5 0.369167 0.468125 0.031667 0.013750
4 0.616667 0.421875 0.023333 0.023750
4 0.598750 0.419687 0.020000 0.022500
4 0.527083 0.407500 0.020000 0.017500
4 0.449167 0.400000 0.015000 0.020000
4 0.434583 0.397500 0.025000 0.027500
4 0.414167 0.397500 0.018333 0.022500
4 0.393333 0.393125 0.020000 0.023750
6 0.796667 0.386875 0.020000 0.023750
4 0.740000 0.384062 0.023333 0.025000
4 0.722083 0.380312 0.021667 0.022500
4 0.704167 0.380000 0.021667 0.022500
4 0.495000 0.351562 0.020000 0.023750
4 0.441250 0.345625 0.021667 0.026250
4 0.423750 0.340625 0.021667 0.021250
4 0.393333 0.306563 0.026667 0.012500
6 0.400833 0.295000 0.035000 0.012500
4 0.391250 0.263437 0.036667 0.011250
6 0.382917 0.241875 0.036667 0.011250
5 0.376667 0.220625 0.040000 0.011250
6 0.352083 0.143125 0.023333 0.008750
4 0.340000 0.087188 0.033333 0.008750
4 0.341250 0.076250 0.030000 0.010000
4 0.339167 0.065937 0.041667 0.011250
6 0.324167 0.012500 0.038333 0.012500
4 0.560833 0.987812 0.041667 0.010000
6 0.590000 0.963437 0.050000 0.010000
5 0.545833 0.951562 0.031667 0.012500
5 0.354167 0.947812 0.035000 0.013750
6 0.192500 0.963750 0.048333 0.010000
