6 3.581667 3.155000 0.031667 0.025000
6 3.465000 3.157500 0.031667 0.023750
6 3.053333 3.370000 0.026667 0.022500
6 3.373333 3.388750 0.030000 0.023750
4 3.363333 3.157500 0.031667 0.026250
5 3.286667 3.176250 0.033333 0.027500
6 3.016667 3.181250 0.028333 0.022500
6 3.480000 3.066250 0.033333 0.026250
6 3.383333 3.082500 0.028333 0.021250
6 3.056667 3.087500 0.031667 0.026250
6 3.203333 2.512500 0.031667 0.026250
5 3.391667 2.530000 0.035000 0.030000
5 3.533333 2.482500 0.016667 0.023750
4 3.740000 2.508750 0.026667 0.022500
6 3.368333 2.605000 0.023333 0.020000
6 3.620000 2.575000 0.026667 0.022500
6 3.823333 2.602500 0.025000 0.021250
5 3.443333 2.800000 0.035000 0.030000
6 3.275000 2.792500 0.026667 0.021250
6 3.063333 2.793750 0.025000 0.022500
6 3.070000 2.890000 0.031667 0.025000
6 3.175000 2.885000 0.025000 0.022500
4 3.546667 2.886250 0.030000 0.025000
6 3.615000 2.800000 0.023333 0.020000
5 3.700000 2.848750 0.033333 0.027500
5 3.903333 2.808750 0.031667 0.030000
6 3.273333 3.466250 0.030000 0.025000
5 3.026667 3.643750 0.033333 0.026250
6 2.925000 3.760000 0.030000 0.027500
6 3.136667 3.750000 0.028333 0.025000
6 3.240000 3.755000 0.026667 0.022500
4 3.330000 3.750000 0.031667 0.025000
6 3.403333 3.735000 0.025000 0.020000
6 3.503333 3.736250 0.031667 0.025000
6 3.588333 3.658750 0.030000 0.026250
6 3.840000 3.731250 0.033333 0.027500
4 0.600000 0.032500 0.036667 0.011250
6 0.360000 0.382500 0.030000 0.008750
6 1.230000 0.405000 0.015000 0.020000
5 3.081667 0.350000 0.020000 0.025000
6 1.193333 0.527500 0.033333 0.018750
6 3.156667 0.492500 0.015000 0.016250
