4 2.558333 0.193750 0.030000 0.025000
3 2.456667 0.287500 0.028333 0.023750
5 2.366667 0.362500 0.036667 0.031250
3 2.860000 0.230000 0.056667 0.022500
4 2.628333 0.686250 0.041667 0.021250
4 3.053333 0.795000 0.040000 0.022500
6 3.671667 0.977500 0.038333 0.018750
6 3.660000 1.137500 0.041667 0.016250
9 2.016667 0.628750 0.135000 0.101250
4 0.216667 0.710000 0.028333 0.025000
6 0.363333 1.370000 0.018333 0.015000
4 1.265000 1.500000 0.033333 0.027500
5 0.883333 1.556250 0.035000 0.028750
6 0.846667 1.717500 0.030000 0.023750
4 1.051667 1.706250 0.038333 0.032500
5 3.215000 1.677500 0.030000 0.026250
6 3.290000 1.700000 0.023333 0.020000
5 3.526667 1.707500 0.033333 0.028750
6 3.800000 2.558750 0.026667 0.022500
4 3.521667 2.467500 0.026667 0.021250
6 3.220000 2.385000 0.023333 0.020000
4 3.206667 2.538750 0.043333 0.021250
6 2.670000 2.382500 0.041667 0.018750
6 3.108333 2.677500 0.033333 0.016250
4 3.798333 2.697500 0.045000 0.021250
4 2.441667 2.135000 0.033333 0.025000
6 2.478333 1.735000 0.028333 0.022500
5 2.768333 1.737500 0.046667 0.021250
4 2.741667 1.798750 0.025000 0.010000
4 1.778333 2.145000 0.038333 0.020000
4 1.301667 2.015000 0.036667 0.017500
6 1.133333 1.970000 0.040000 0.017500
4 2.046667 1.537500 0.026667 0.023750
6 0.595000 2.172500 0.031667 0.031250
9 0.676667 1.928750 0.141667 0.108750
4 3.381667 3.632500 0.028333 0.026250
11 1.056667 3.596250 0.031667 0.025000
11 1.158333 3.627500 0.041667 0.028750
10 1.256667 3.618750 0.035000 0.027500
11 1.143333 3.531250 0.041667 0.018750
15 1.900000 2.727500 0.268333 0.115000
