6 0.335500 0.487500 0.019000 0.019000
4 0.465500 0.477500 0.017000 0.015000
4 0.161500 0.952000 0.019000 0.018000
6 0.847750 0.405500 0.021000 0.019000
6 0.892750 0.859000 0.019000 0.018000
4 0.810500 0.411250 0.021000 0.020000
6 0.776000 0.406500 0.022000 0.021000
4 0.278500 0.807500 0.017000 0.017000
6 0.373750 0.886500 0.018000 0.017000
6 0.145750 0.660000 0.021000 0.020000
6 0.130000 0.623500 0.020000 0.017000
6 0.256750 0.750250 0.018000 0.017000
4 0.241000 0.737000 0.020000 0.020000
6 0.333250 0.883500 0.020000 0.019000
4 0.437500 0.939000 0.021000 0.020000
6 0.391500 0.901000 0.019000 0.018000
6 0.458750 0.917000 0.020000 0.018000
6 0.393000 0.931000 0.018000 0.016000
6 0.452500 0.986000 0.021000 0.018000
4 0.571500 0.975250 0.017000 0.017000
6 0.508250 0.936000 0.019000 0.016000
6 0.523500 0.971500 0.021000 0.021000
6 0.508500 0.995750 0.021000 0.018000
5 0.402500 0.181000 0.025000 0.010000
4 0.209750 0.019000 0.011000 0.016000
6 0.367500 0.502000 0.017000 0.016000
4 0.404750 0.495500 0.020000 0.019000
6 0.534750 0.601250 0.023000 0.019000
6 0.560500 0.584750 0.021000 0.018000
6 0.245500 0.363250 0.019000 0.018000
11 0.055500 0.622000 0.011000 0.012000
6 0.908000 0.947500 0.014000 0.013000
4 0.463500 0.503750 0.021000 0.021000
11 0.569750 0.629250 0.010000 0.009000
4 0.725250 0.696000 0.016000 0.016000
11 0.591250 0.647500 0.010000 0.011000
6 0.913000 0.874500 0.018000 0.017000
14 0.965250 0.170750 0.100000 0.103000
6 0.377000 0.942500 0.012000 0.011000
