34 0.708571 0.568571 0.140000 0.130000
34 0.727143 1.075714 0.162857 0.155714
13 1.852857 0.404286 0.088571 0.077143
17 1.841429 0.668571 0.087143 0.080000
17 1.942857 0.944286 0.085714 0.078571
13 1.968571 1.234286 0.098571 0.100000
13 2.734286 0.484286 0.081429 0.067143
17 2.790000 0.778571 0.084286 0.084286
33 2.442857 1.122857 0.118571 0.115714
13 3.467143 0.274286 0.085714 0.074286
13 3.511429 0.605714 0.090000 0.077143
13 3.600000 1.005714 0.102857 0.105714
19 0.407143 2.467143 0.068571 0.065714
13 2.177143 2.290000 0.085714 0.075714
35 2.430000 1.600000 0.134286 0.131429
19 3.245714 1.728571 0.082857 0.084286
17 3.760000 1.461429 0.082857 0.072857
