6 0.586250 0.428250 0.025000 0.009000
4 0.061250 0.423250 0.021000 0.007000
3 0.830750 0.593500 0.042000 0.011000
3 0.743750 0.470250 0.035000 0.014000
4 0.739250 0.487500 0.020000 0.007000
4 0.737750 0.499000 0.019000 0.008000
6 0.737750 0.509000 0.021000 0.010000
4 0.735750 0.519500 0.024000 0.009000
6 0.737500 0.532000 0.019000 0.008000
4 0.810000 0.506500 0.010000 0.021000
3 0.776500 0.671500 0.011000 0.021000
4 0.770000 0.723000 0.022000 0.008000
4 0.776000 0.734750 0.018000 0.007000
6 0.879250 0.956250 0.020000 0.009000
6 0.510250 0.973500 0.020000 0.009000
6 0.421750 0.967000 0.021000 0.008000
6 0.208750 0.994750 0.020000 0.007000
