4 0.146875 0.993333 0.018750 0.010000
4 0.101250 0.978333 0.030000 0.010000
4 0.185000 0.888333 0.010000 0.026667
6 0.186562 0.854167 0.012500 0.031667
6 0.285625 0.833750 0.026250 0.010000
6 0.315625 0.835833 0.016250 0.008333
6 0.309375 0.815417 0.028750 0.011667
4 0.116875 0.848333 0.023750 0.023333
6 0.111250 0.817500 0.007500 0.018333
6 0.108125 0.743750 0.023750 0.011667
6 0.148125 0.690417 0.023750 0.010000
5 0.119375 0.690833 0.028750 0.011667
4 0.120000 0.670833 0.030000 0.011667
6 0.272813 0.738333 0.028750 0.016667
4 0.311250 0.633333 0.022500 0.010000
4 0.186562 0.602500 0.012500 0.031667
6 0.318125 0.575000 0.018750 0.010000
4 0.312812 0.555417 0.022500 0.020000
5 0.186250 0.567500 0.012500 0.031667
5 0.100625 0.523750 0.023750 0.010000
4 0.128125 0.524167 0.018750 0.008333
4 0.107500 0.510000 0.025000 0.010000
6 0.297500 0.428333 0.025000 0.016667
6 0.270313 0.420417 0.025000 0.020000
6 0.297812 0.409167 0.027500 0.011667
5 0.302812 0.365833 0.028750 0.011667
4 0.308125 0.380417 0.018750 0.010000
4 0.273125 0.367083 0.023750 0.011667
4 0.145313 0.336250 0.021250 0.013333
5 0.151250 0.318750 0.027500 0.015000
6 0.147813 0.300417 0.026250 0.011667
6 0.275625 0.278333 0.026250 0.010000
5 0.271250 0.260417 0.025000 0.011667
6 0.121875 0.215000 0.028750 0.013333
5 0.119063 0.196667 0.028750 0.016667
4 0.131250 0.172083 0.022500 0.010000
4 0.318125 0.159583 0.023750 0.010000
5 0.147187 0.055000 0.027500 0.013333
6 0.278750 0.931667 0.025000 0.010000
6 0.109063 0.717083 0.025000 0.011667
