18 2.264000 3.098000 0.026000 0.023000
18 2.218000 3.138000 0.039000 0.021000
18 2.373000 3.158000 0.029000 0.021000
18 2.386000 3.069000 0.033000 0.028000
18 2.246000 2.989000 0.033000 0.025000
18 2.334000 2.774000 0.035000 0.029000
18 2.378000 2.756000 0.037000 0.028000
6 3.146000 0.028000 0.023000 0.020161
6 2.791000 0.204000 0.027000 0.018000
4 2.446000 0.367000 0.023000 0.020000
4 3.068000 1.080000 0.024000 0.016000
4 2.986000 1.264000 0.025000 0.014000
5 2.294000 1.874000 0.025000 0.029000
5 2.212000 1.835000 0.026000 0.030000
4 2.408000 1.718000 0.018000 0.021000
18 2.880000 2.118000 0.026000 0.033000
18 2.972000 1.994000 0.026000 0.033000
18 3.062000 1.872000 0.027000 0.032000
18 3.142000 1.763000 0.027000 0.034000
5 2.496000 1.094000 0.032000 0.021000
5 2.495000 1.746000 0.023000 0.027000
18 2.580000 0.960000 0.042000 0.022000
18 2.556000 1.030000 0.054000 0.029000
18 2.432000 1.173000 0.054000 0.029000
