3 0.197000 0.863750 0.026000 0.015000
4 0.065000 0.888000 0.012000 0.016000
4 0.107500 0.576500 0.013000 0.023000
14 0.025000 0.261750 0.050000 0.081000
14 0.025500 0.138750 0.049000 0.081000
4 0.109500 0.201500 0.009000 0.017000
3 0.138000 0.082000 0.016000 0.058000
21 0.691000 0.100250 0.406000 0.201000
5 0.324750 0.055500 0.024000 0.011000
6 0.331750 0.072500 0.022000 0.007000
4 0.217500 0.872000 0.023000 0.018000
4 0.850500 0.345250 0.011000 0.018000
5 0.864500 0.365250 0.017000 0.024000
6 0.903000 0.417250 0.030000 0.014000
6 0.713500 0.925250 0.013000 0.020000
4 0.735500 0.926500 0.013000 0.019000
4 0.760500 0.926000 0.013000 0.018000
5 0.797000 0.925000 0.010000 0.018000
4 0.811000 0.927500 0.012000 0.017000
6 0.804500 0.881750 0.021000 0.022000
6 0.779000 0.870500 0.014000 0.019000
6 0.767000 0.871250 0.012000 0.018000
4 0.741000 0.868500 0.010000 0.019000
6 0.729500 0.868000 0.009000 0.018000
4 0.716500 0.868250 0.011000 0.020000
4 0.704000 0.870500 0.012000 0.019000
4 0.701750 0.887500 0.023000 0.009000
6 0.702000 0.899000 0.022000 0.010000
6 0.648750 0.988250 0.018000 0.010000
6 0.622500 0.959250 0.011000 0.016000
4 0.693500 0.970000 0.009000 0.016000
4 0.706000 0.970000 0.012000 0.018000
4 0.717750 0.969250 0.011000 0.017000
6 0.729250 0.968000 0.011000 0.020000
6 0.764250 0.969500 0.011000 0.017000
4 0.774500 0.971000 0.011000 0.018000
4 0.785750 0.970750 0.012000 0.017000
6 0.797500 0.969000 0.011000 0.018000
4 0.809500 0.970000 0.011000 0.016000
4 0.821500 0.969500 0.011000 0.021000
4 0.831750 0.971500 0.010000 0.017000
6 0.854000 0.970000 0.012000 0.018000
6 0.865500 0.969500 0.011000 0.017000
6 0.877250 0.970500 0.012000 0.019000
6 0.888250 0.971500 0.010000 0.021000
6 0.899750 0.970750 0.013000 0.016000
6 0.912250 0.971500 0.011000 0.017000
4 0.912500 0.990500 0.011000 0.019000
4 0.900000 0.989500 0.012000 0.017000
6 0.888500 0.987500 0.009000 0.015000
6 0.877500 0.989500 0.013000 0.021000
4 0.865750 0.988250 0.010000 0.017000
4 0.853500 0.987000 0.011000 0.018000
4 0.842250 0.988000 0.011000 0.018000
4 0.832000 0.987750 0.008000 0.014000
6 0.821000 0.987250 0.012000 0.017000
6 0.809000 0.987250 0.010000 0.018000
6 0.796250 0.986500 0.010000 0.017000
6 0.787000 0.988250 0.010000 0.018000
6 0.774750 0.987000 0.011000 0.016000
6 0.761500 0.989500 0.011000 0.017000
6 0.751250 0.986250 0.008000 0.017000
4 0.741000 0.988750 0.012000 0.019000
6 0.729750 0.987250 0.012000 0.017000
6 0.716000 0.986500 0.010000 0.017000
4 0.704750 0.990250 0.011000 0.018000
6 0.692000 0.990000 0.012000 0.018000
6 0.993500 0.898500 0.019000 0.021000
4 0.979500 0.899500 0.009000 0.015000
10 0.866000 0.415000 0.036000 0.028000
