4 2.842500 0.586667 0.011250 0.030000
4 2.665000 0.663333 0.010000 0.031667
4 2.020000 0.230000 0.022500 0.011667
5 2.517500 0.306667 0.021250 0.010000
4 2.518750 0.386667 0.026250 0.013333
4 2.568750 0.481667 0.022500 0.011667
6 2.037500 0.493333 0.023750 0.010000
5 2.046250 0.566667 0.028750 0.013333
6 2.313750 1.663333 0.010000 0.025000
4 0.900000 3.126667 0.012500 0.030000
4 0.142500 0.935000 0.026250 0.015000
4 3.488750 3.803333 0.023750 0.011667
4 3.473750 3.736667 0.021250 0.011667
4 2.525000 3.385000 0.022500 0.011667
4 2.496250 3.186667 0.022500 0.010000
4 3.833750 1.696667 0.025000 0.021667
