4 3.227500 0.843333 0.013750 0.028333
4 3.282500 3.336667 0.011250 0.028333
4 3.185000 3.015000 0.010000 0.021667
4 3.237500 2.023333 0.011250 0.025000
3 2.762500 1.593333 0.016250 0.046667
4 2.395000 0.278333 0.025000 0.013333
4 2.376250 0.143333 0.025000 0.015000
6 1.640000 0.025000 0.025000 0.011667
4 1.233750 0.135000 0.022500 0.013333
4 2.496250 3.700000 0.025000 0.016667
5 2.582500 3.746667 0.028750 0.013333
5 0.930000 2.466667 0.027500 0.013333
6 1.315000 2.061667 0.027500 0.021667
5 1.136250 1.256667 0.030000 0.025000
4 0.236250 0.465000 0.012500 0.030000
6 0.352500 0.220000 0.023750 0.013333
