14 0.975625 0.460833 0.101250 0.164983
14 0.834375 0.614583 0.102500 0.143333
14 0.920000 0.658750 0.103750 0.150000
14 0.754062 0.799583 0.103750 0.146667
14 0.838437 0.845000 0.102500 0.146667
6 0.805312 0.026667 0.022500 0.026667
4 0.758750 0.450417 0.027500 0.040000
5 0.020000 0.087500 0.022500 0.028333
5 0.305000 0.092917 0.022500 0.026667
4 0.070312 0.900417 0.023750 0.026667
4 0.193438 0.843750 0.022500 0.026667
5 0.193750 0.790417 0.027500 0.030000
4 0.140313 0.506667 0.021250 0.030000
5 0.161250 0.538750 0.027500 0.036667
6 0.180312 0.565833 0.022500 0.031667
4 0.098750 0.205833 0.025000 0.028333
4 0.160625 0.148750 0.023750 0.026667
