9 0.133437 0.925417 0.068750 0.115000
9 0.130000 0.537500 0.067500 0.155000
6 0.897500 0.167083 0.012500 0.033333
6 0.768437 0.107917 0.011250 0.028333
6 0.750000 0.136667 0.015000 0.033333
4 0.528438 0.795833 0.017500 0.035000
6 0.696875 0.917083 0.018750 0.031667
6 0.781250 0.581667 0.010000 0.026667
6 0.680937 0.490833 0.027500 0.015000
6 0.647813 0.448750 0.012500 0.028333
6 0.631250 0.445833 0.010000 0.028333
6 0.314688 0.433750 0.011250 0.028333
4 0.311875 0.781667 0.011250 0.030000
11 0.317500 0.814167 0.010000 0.028333
4 0.359375 0.910000 0.026250 0.010000
6 0.580625 0.929583 0.028750 0.021667
6 0.982500 0.763750 0.025000 0.028333
6 0.124375 0.940000 0.011250 0.030000
4 0.145000 0.652500 0.012500 0.028333
6 0.140313 0.584167 0.010000 0.025000
6 0.116875 0.435000 0.011250 0.026667
6 0.310625 0.050833 0.013750 0.031667
