4 3.818000 0.593000 0.023000 0.020000
4 3.897000 2.407000 0.013000 0.019000
4 3.537000 2.528000 0.019000 0.024000
5 2.684000 1.733000 0.028000 0.020000
5 1.552000 2.753000 0.026000 0.023000
4 2.803000 2.708000 0.017000 0.016000
5 2.492000 2.740000 0.016000 0.022000
6 2.471000 2.816000 0.013000 0.020000
4 3.044000 2.945000 0.028000 0.014000
5 3.373000 2.694000 0.026000 0.015000
4 3.836000 2.692000 0.026000 0.010000
4 3.698000 3.398000 0.013000 0.021000
6 2.404000 3.404000 0.018000 0.014000
4 1.538000 3.025000 0.019000 0.020000
6 1.836000 3.654000 0.020000 0.019000
5 0.404000 3.636000 0.024000 0.024000
32 0.564000 1.512000 0.184000 0.182000
32 2.255000 0.808000 0.227000 0.224000
4 0.504000 0.202000 0.032000 0.025000
4 0.234000 0.256000 0.025000 0.022000
5 3.660000 1.090000 0.020000 0.021000
4 3.212000 1.510000 0.022000 0.023000
18 0.372000 3.554000 0.022000 0.021000
6 2.942000 3.050000 0.019000 0.021000
6 2.981000 3.116000 0.019000 0.018000
