6 3.904000 2.887000 0.026000 0.020000
6 2.178000 1.939000 0.023000 0.013000
6 1.964000 1.968000 0.022000 0.008000
6 1.350000 1.845000 0.007000 0.011000
6 1.393000 1.858000 0.016000 0.009000
5 1.403000 1.936000 0.034000 0.012000
6 3.212000 2.466000 0.018000 0.017000
4 3.157000 0.664000 0.019000 0.020000
5 2.846000 0.471000 0.029000 0.031000
6 2.911000 0.549000 0.021000 0.021000
6 3.094000 0.755000 0.019000 0.019000
6 3.318000 0.848000 0.023000 0.024000
6 3.566000 1.142000 0.015000 0.015000
6 3.914000 1.700000 0.019000 0.018000
4 3.389000 2.528000 0.021000 0.018000
6 3.514000 2.589000 0.021000 0.016000
6 2.610000 0.370000 0.021000 0.017000
