9 0.140000 3.110000 0.060000 0.055000
14 2.162000 3.416000 0.103000 0.088000
14 1.649000 3.932000 0.083000 0.088000
9 3.709000 3.626000 0.089000 0.101000
9 2.131000 0.728000 0.136000 0.144000
6 1.184000 0.808000 0.016000 0.016000
6 0.921000 0.118000 0.017000 0.013000
6 1.327000 0.012000 0.018000 0.009000
6 1.294000 0.030000 0.019000 0.015000
6 1.262000 0.060000 0.017000 0.014000
6 1.234000 0.082000 0.021000 0.015000
4 1.182000 0.142000 0.021000 0.015000
4 1.126000 0.200000 0.021000 0.016000
6 2.911000 0.725000 0.010000 0.014000
4 2.929000 0.783000 0.018000 0.023000
10 1.444000 2.230000 0.040000 0.013000
10 2.844000 2.120000 0.022000 0.020000
3 2.874000 2.090000 0.027000 0.021000
3 2.970000 2.084000 0.025000 0.022000
6 2.956000 2.142000 0.018000 0.015000
6 3.026000 2.196000 0.025000 0.020000
6 3.108000 2.242000 0.020000 0.017000
6 3.143000 2.194000 0.017000 0.019000
6 3.104000 2.176000 0.016000 0.016000
6 2.820000 2.429000 0.020000 0.016000
5 2.970000 2.454000 0.041000 0.025000
6 3.222000 2.521000 0.017000 0.018000
4 2.999000 3.027000 0.021000 0.017000
5 3.489000 3.378000 0.020000 0.017000
5 0.768000 2.865000 0.032000 0.015000
5 0.953000 2.976000 0.026000 0.012000
6 0.698000 3.070000 0.021000 0.007000
6 0.698000 3.110000 0.019000 0.007000
6 0.698000 3.148000 0.019000 0.006000
6 0.936000 3.035000 0.024000 0.007000
4 0.941000 3.072000 0.023000 0.008000
6 0.948000 3.108000 0.022000 0.006000
6 0.947000 3.145000 0.020000 0.008000
6 0.950000 3.180000 0.021000 0.008000
6 0.954000 3.214000 0.019000 0.009000
4 0.710000 3.183000 0.021000 0.008000
6 0.716000 3.218000 0.028000 0.011000
6 0.732000 3.258000 0.020000 0.009000
6 0.976000 3.246000 0.020000 0.011000
6 0.738000 3.291000 0.019000 0.009000
6 0.764000 3.328000 0.020000 0.010000
6 0.769000 3.362000 0.019000 0.011000
6 0.982000 3.280000 0.021000 0.014000
6 0.792000 3.390000 0.020000 0.011000
4 0.805000 3.422000 0.022000 0.013000
6 0.822000 3.459000 0.021000 0.013000
6 0.848000 3.491000 0.022000 0.013000
4 0.867000 3.522000 0.021000 0.015000
4 0.888000 3.557000 0.020000 0.015000
6 1.096000 3.445000 0.026000 0.014000
6 1.138000 3.503000 0.021000 0.013000
11 0.978000 3.704000 0.019000 0.024000
11 1.062000 3.662000 0.021000 0.025000
11 1.100000 3.629000 0.022000 0.026000
5 0.906000 3.589000 0.023000 0.017000
11 0.946000 3.618000 0.025000 0.017000
4 0.036000 0.494000 0.016000 0.013000
6 0.030000 0.536000 0.018000 0.012000
6 0.019000 0.571000 0.011000 0.011000
