9 0.826250 0.826667 0.130000 0.156667
6 0.698125 0.607500 0.026250 0.035000
4 0.728437 0.387500 0.011250 0.028333
4 0.714063 0.388333 0.011250 0.026667
6 0.672500 0.382917 0.012500 0.028333
6 0.653750 0.370000 0.010000 0.026667
6 0.625938 0.381667 0.018750 0.026667
5 0.616250 0.395417 0.025000 0.035000
6 0.592500 0.410000 0.017500 0.026667
6 0.580625 0.418333 0.021250 0.030000
6 0.546562 0.445833 0.021250 0.028333
6 0.535312 0.455417 0.020000 0.026667
5 0.525937 0.467500 0.020000 0.028333
6 0.514062 0.474583 0.022500 0.033333
4 0.917500 0.328333 0.025000 0.013333
6 0.512813 0.135833 0.010000 0.025000
6 0.003125 0.590833 0.006250 0.031667
6 0.364687 0.362917 0.012500 0.035000
6 0.392500 0.365000 0.015000 0.030000
5 0.421250 0.361667 0.015000 0.033333
6 0.405625 0.291667 0.011250 0.030000
4 0.363125 0.289167 0.011250 0.028333
6 0.335625 0.422917 0.023750 0.011667
4 0.330000 0.407500 0.027500 0.011667
4 0.331250 0.391250 0.027500 0.011667
4 0.327188 0.377917 0.025000 0.013333
4 0.327500 0.360417 0.025000 0.011667
6 0.326562 0.345000 0.027500 0.013333
6 0.257812 0.447500 0.023750 0.015000
6 0.258750 0.432500 0.025000 0.011667
6 0.258125 0.416667 0.033750 0.016667
6 0.257812 0.401250 0.026250 0.013333
4 0.258437 0.388333 0.022500 0.013333
4 0.220000 0.354167 0.027500 0.015000
6 0.221875 0.340000 0.021250 0.016667
4 0.153750 0.416667 0.025000 0.013333
4 0.095625 0.405000 0.011250 0.026667
6 0.068125 0.404167 0.013750 0.028333
6 0.041250 0.405000 0.012500 0.030000
4 0.025313 0.405833 0.012500 0.031667
4 0.011875 0.407500 0.011250 0.031667
4 0.010000 0.525000 0.010000 0.026667
6 0.013437 0.480833 0.011250 0.025000
6 0.583750 0.705417 0.025000 0.035000
4 0.539375 0.686667 0.026250 0.030000
4 0.565000 0.607500 0.025000 0.028333
4 0.544687 0.587500 0.026250 0.028333
6 0.503437 0.631667 0.028750 0.033333
6 0.477187 0.587917 0.027500 0.031667
5 0.421250 0.546667 0.022500 0.033333
4 0.277500 0.618333 0.022500 0.033333
4 0.260625 0.635417 0.021250 0.031667
4 0.191562 0.688750 0.023750 0.033333
4 0.179375 0.694583 0.021250 0.031667
4 0.166875 0.706667 0.023750 0.033333
6 0.332188 0.667917 0.022500 0.031667
4 0.307500 0.683333 0.022500 0.033333
4 0.285000 0.701667 0.022500 0.030000
6 0.274375 0.713333 0.021250 0.026667
4 0.261875 0.720000 0.023750 0.033333
6 0.239375 0.734167 0.021250 0.031667
4 0.229063 0.744167 0.022500 0.031667
4 0.218438 0.754167 0.021250 0.031667
6 0.016875 0.834583 0.018750 0.026667
4 0.054375 0.845833 0.026250 0.028333
6 0.077500 0.965000 0.025000 0.026667
6 0.738125 0.918333 0.028750 0.030000
6 0.056563 0.102500 0.010000 0.025000
6 0.056250 0.144167 0.010000 0.025000
6 0.588750 0.130833 0.012500 0.028333
5 0.296563 0.094583 0.011250 0.033333
6 0.338750 0.083333 0.010000 0.026667
6 0.336250 0.120000 0.017500 0.036667
6 0.193750 0.169167 0.022500 0.011667
6 0.451250 0.172500 0.020000 0.015000
4 0.567813 0.167917 0.027500 0.013333
6 0.715625 0.223333 0.023750 0.013333
6 0.653125 0.226250 0.028750 0.016667
4 0.619375 0.227500 0.023750 0.011667
6 0.585000 0.225833 0.027500 0.015000
6 0.552500 0.226667 0.027500 0.013333
4 0.490938 0.226250 0.025000 0.013333
4 0.465000 0.226250 0.025000 0.013333
6 0.435000 0.223750 0.025000 0.015000
5 0.366875 0.222917 0.028750 0.013333
4 0.330000 0.224167 0.027500 0.015000
6 0.230625 0.222083 0.026250 0.013333
5 0.147500 0.220833 0.030000 0.011667
6 0.120625 0.167083 0.023750 0.015000
6 0.086563 0.166667 0.025000 0.013333
6 0.079375 0.222917 0.023750 0.015000
6 0.044375 0.220417 0.031250 0.018333
6 0.023750 0.164583 0.032500 0.016667
6 0.011250 0.220000 0.022500 0.013333
4 0.667188 0.171250 0.025000 0.013333
6 0.695000 0.168750 0.025000 0.013333
6 0.737187 0.168750 0.026250 0.015000
6 0.771875 0.170000 0.023750 0.013333
4 0.963125 0.172083 0.023750 0.011667
4 0.810312 0.026667 0.011250 0.026667
6 0.858750 0.037500 0.010000 0.025000
6 0.859375 0.075000 0.011250 0.023333
6 0.858437 0.109167 0.012500 0.031667
6 0.801875 0.396667 0.008750 0.020000
6 0.850000 0.470833 0.010000 0.035000
6 0.850938 0.597917 0.015000 0.023333
6 0.801875 0.563750 0.011250 0.023333
6 0.801250 0.592083 0.012500 0.026667
6 0.800000 0.663333 0.010000 0.030000
4 0.800000 0.690000 0.010000 0.023333
6 0.935625 0.777500 0.026250 0.011667
6 0.850625 0.748750 0.011250 0.025000
6 0.850625 0.717083 0.011250 0.030000
6 0.894062 0.934583 0.020000 0.030000
6 0.940000 0.131667 0.010000 0.026667
6 0.910625 0.224167 0.028750 0.015000
6 0.221875 0.457917 0.023750 0.013333
6 0.066250 0.477083 0.012500 0.028333
