4 0.645000 0.283000 0.015000 0.017000
5 0.299000 0.019000 0.019000 0.013000
6 0.347000 0.032000 0.023000 0.021000
3 0.329000 0.108000 0.031000 0.030000
5 0.368000 0.142000 0.026000 0.025000
6 0.408000 0.170000 0.020000 0.021000
6 0.452000 0.188000 0.018000 0.018000
6 3.478000 0.064000 0.011000 0.016000
4 3.326000 0.029000 0.013000 0.015000
4 3.276000 0.016000 0.013000 0.010000
4 3.952000 0.186000 0.022000 0.011000
4 3.937000 0.224000 0.018000 0.010000
4 3.884000 0.377000 0.020000 0.010000
4 3.876000 0.414000 0.022000 0.009000
4 3.653000 0.287000 0.021000 0.011000
6 3.639000 0.323000 0.018000 0.011000
6 3.620000 0.359000 0.018000 0.011000
4 3.622000 0.404000 0.017000 0.008000
4 3.592000 0.472000 0.018000 0.010000
5 3.836000 1.519000 0.020000 0.021000
4 3.874000 1.603000 0.019000 0.018000
4 3.758000 1.596000 0.017000 0.016000
4 3.701000 1.647000 0.017000 0.017000
4 3.520000 1.920000 0.018000 0.018000
4 3.446000 1.871000 0.017000 0.016000
6 2.652000 1.569000 0.014000 0.014000
6 2.965000 2.001000 0.020000 0.016000
4 3.277000 2.210000 0.019000 0.017000
4 3.362000 2.266000 0.017000 0.015000
4 3.518000 2.368000 0.021000 0.018000
4 3.591000 2.248000 0.017000 0.014000
4 3.698000 2.321000 0.021000 0.018000
4 3.598000 2.424000 0.019000 0.016000
6 3.798000 2.386000 0.017000 0.015000
6 3.731000 2.508000 0.020000 0.018000
4 3.814000 2.566000 0.021000 0.017000
4 3.967000 2.501000 0.022000 0.017000
6 3.957000 3.948000 0.021000 0.010000
6 3.758000 3.912000 0.019000 0.010000
4 3.216000 3.807000 0.020000 0.009000
5 3.242000 3.697000 0.025000 0.014000
4 3.269000 3.653000 0.020000 0.009000
4 3.480000 3.262000 0.016000 0.013000
5 3.492000 3.112000 0.022000 0.020000
4 3.081000 2.994000 0.017000 0.015000
4 3.011000 2.945000 0.016000 0.014000
4 3.016000 2.869000 0.018000 0.015000
6 2.994000 2.806000 0.019000 0.019000
5 0.024000 3.648000 0.010000 0.018000
6 0.138000 0.834000 0.027000 0.011000
5 0.037000 0.870000 0.019000 0.011000
4 0.103000 1.002000 0.022000 0.011000
6 0.577000 1.590000 0.023000 0.009000
6 0.945000 1.778000 0.024000 0.015000
6 1.019000 1.932000 0.017000 0.020000
6 1.266000 1.793000 0.019000 0.013000
6 1.382000 1.866000 0.023000 0.019000
5 1.464000 1.914000 0.018000 0.015000
6 1.541000 1.962000 0.017000 0.015000
6 1.698000 1.954000 0.015000 0.015000
4 1.789000 2.132000 0.016000 0.014000
4 1.948000 2.112000 0.014000 0.014000
4 1.967000 2.236000 0.016000 0.014000
4 2.036000 2.286000 0.016000 0.013000
4 1.828000 2.250000 0.018000 0.015000
4 1.914000 2.304000 0.019000 0.016000
4 1.586000 2.296000 0.015000 0.016000
4 2.289000 2.465000 0.016000 0.014000
6 2.124000 2.444000 0.020000 0.016000
6 2.216000 2.304000 0.022000 0.022000
6 2.388000 2.774000 0.012000 0.013000
4 0.401000 2.874000 0.021000 0.011000
6 0.708000 3.046000 0.016000 0.013000
4 1.081000 3.366000 0.010000 0.017000
6 1.264000 3.505000 0.020000 0.012000
6 1.338000 3.464000 0.017000 0.016000
4 1.514000 3.380000 0.021000 0.012000
4 1.706000 3.479000 0.021000 0.009000
6 1.724000 3.517000 0.018000 0.009000
4 1.221000 3.868000 0.012000 0.018000
6 1.074000 3.851000 0.013000 0.017000
15 2.716000 1.144000 0.113000 0.093000
15 2.909000 1.275000 0.113000 0.092000
32 2.353000 0.925000 0.160000 0.149000
