5 0.944063 0.010000 0.017500 0.021667
4 0.885625 0.057083 0.026250 0.015000
4 0.965000 0.120417 0.030000 0.020000
4 0.963437 0.138750 0.028750 0.023333
4 0.984375 0.291667 0.031250 0.023333
4 0.187188 0.090000 0.026250 0.033333
3 0.092188 0.245000 0.023750 0.060000
4 0.213125 0.323750 0.026250 0.031667
4 0.217812 0.342083 0.022500 0.028333
6 0.220625 0.365000 0.026250 0.030000
4 0.112187 0.285000 0.015000 0.036667
4 0.021562 0.290000 0.026250 0.010000
6 0.046875 0.444167 0.023750 0.011667
6 0.073125 0.438750 0.028750 0.016667
4 0.047500 0.597500 0.032500 0.015000
6 0.154688 0.575833 0.015000 0.031667
6 0.161875 0.626667 0.016250 0.030000
4 0.165937 0.657917 0.016250 0.030000
5 0.167813 0.690000 0.016250 0.033333
4 0.173125 0.727500 0.013750 0.031667
6 0.182500 0.791667 0.015000 0.030000
6 0.275000 0.981667 0.022500 0.026667
6 0.264375 0.910833 0.026250 0.028333
6 0.260625 0.873333 0.028750 0.030000
4 0.187188 0.822917 0.015000 0.033333
4 0.198750 0.925000 0.017500 0.036667
4 0.205000 0.965833 0.015000 0.031667
5 0.176563 0.979167 0.016250 0.035000
4 0.041563 0.970833 0.016250 0.031667
