5 3.046250 3.208333 0.030000 0.043333
6 3.520000 1.853333 0.020000 0.030000
4 3.052500 0.750000 0.028750 0.031667
4 0.900000 0.160000 0.022500 0.033333
6 2.056250 0.523333 0.023750 0.035000
4 1.685000 0.535000 0.022500 0.031667
5 1.717500 0.468333 0.021250 0.030000
6 1.740000 1.020000 0.020000 0.030000
6 1.636250 0.866667 0.021250 0.030000
5 2.400000 0.260000 0.037500 0.036667
4 3.257500 0.606667 0.028750 0.026667
4 3.551250 0.400000 0.028750 0.026667
4 3.453750 0.716667 0.026250 0.028333
4 3.290000 0.828333 0.025000 0.023333
4 2.095000 1.246667 0.022500 0.033333
9 2.053750 1.613333 0.077500 0.096667
4 1.603750 1.813333 0.027500 0.030000
4 1.413750 1.960000 0.031250 0.033333
4 1.081250 2.221667 0.027500 0.028333
6 1.081250 2.516667 0.023750 0.031667
6 1.055000 2.558333 0.022500 0.030000
4 0.935000 2.645000 0.020000 0.028333
6 0.835000 2.701667 0.020000 0.030000
4 0.225000 3.711667 0.025000 0.025000
6 0.250000 3.520000 0.020000 0.030000
4 0.666250 3.090000 0.018750 0.021667
4 0.927500 2.330000 0.026250 0.028333
4 0.787500 2.426667 0.026250 0.026667
9 3.468750 3.653333 0.080000 0.106667
6 2.912500 2.701667 0.021250 0.030000
4 2.728750 2.440000 0.025000 0.036667
6 2.565000 2.200000 0.027500 0.036667
9 2.768750 2.623333 0.062500 0.078333
4 0.631250 3.475000 0.023750 0.025000
6 1.533750 3.366667 0.017500 0.026667
4 1.681250 3.273333 0.023750 0.033333
6 1.720000 3.233333 0.022500 0.033333
4 2.040000 3.216667 0.025000 0.031667
6 3.912500 2.788333 0.021250 0.030000
5 1.476250 2.136667 0.025000 0.028333
