6 0.936500 0.288000 0.025000 0.012000
4 0.944250 0.083000 0.024000 0.010000
4 0.660750 0.885500 0.022000 0.009000
14 0.579000 0.357750 0.052000 0.082000
4 0.512000 0.061500 0.012000 0.021000
4 0.344500 0.053000 0.021000 0.010000
4 0.176250 0.935750 0.024000 0.011000
6 0.071000 0.089500 0.020000 0.007000
6 0.431000 0.547000 0.022000 0.014000
5 0.635750 0.893500 0.026000 0.009000
5 0.545250 0.865750 0.028000 0.020000
4 0.926500 0.033000 0.023000 0.010000
4 0.908000 0.288500 0.022000 0.011000
6 0.222500 0.649750 0.011000 0.020000
4 0.448500 0.489500 0.013000 0.019000
3 0.327000 0.451500 0.012000 0.025000
6 0.319000 0.669750 0.018000 0.007000
4 0.227000 0.833750 0.012000 0.019000
6 0.229250 0.901500 0.013000 0.019000
4 0.320000 0.811000 0.020000 0.008000
4 0.291250 0.804000 0.020000 0.006000
4 0.293500 0.812000 0.023000 0.008000
6 0.774500 0.503000 0.025000 0.008000
6 0.863000 0.466250 0.012000 0.019000
6 0.866500 0.675500 0.011000 0.019000
6 0.867750 0.741500 0.013000 0.021000
5 0.866500 0.764750 0.013000 0.018000
