4 0.160000 1.346000 0.018000 0.019000
5 0.926000 1.156000 0.027000 0.022000
5 0.980000 1.218000 0.022000 0.019000
5 1.028000 1.282000 0.024000 0.019000
6 1.153000 1.387000 0.026000 0.020000
4 1.133000 1.782000 0.017000 0.019000
6 1.100000 1.813000 0.018000 0.021000
4 1.024000 1.842000 0.020000 0.019000
6 0.894000 1.906000 0.019000 0.021000
5 0.786000 1.967000 0.021000 0.024000
4 0.617000 2.044000 0.020000 0.022000
6 0.580000 2.077000 0.018000 0.019000
6 0.538000 2.096000 0.019000 0.020000
6 0.498000 2.121000 0.017000 0.018000
6 0.450000 2.132000 0.021000 0.022000
6 0.414000 2.166000 0.019000 0.019000
6 0.293000 2.218000 0.015000 0.017000
5 0.174000 2.288000 0.023000 0.024000
4 0.119000 2.086000 0.018000 0.019000
5 0.178000 1.972000 0.021000 0.024000
6 0.022688 2.049261 0.012656 0.014631
6 0.481000 1.897000 0.017000 0.019000
5 0.562000 1.860000 0.019000 0.022000
5 0.650000 1.817000 0.023000 0.025000
4 0.721000 1.778000 0.018000 0.019000
6 0.800000 1.724000 0.022000 0.024000
6 0.837000 1.708000 0.017000 0.018000
6 0.878000 1.681000 0.017000 0.019000
4 0.706000 1.694000 0.017000 0.017000
6 0.076000 1.788000 0.018000 0.018000
6 0.125000 1.767000 0.018000 0.018000
6 0.162000 1.748000 0.021000 0.022000
6 0.032000 1.804000 0.018847 0.020000
4 0.108000 1.686000 0.016000 0.017000
6 0.272000 1.663000 0.020000 0.020000
6 0.218000 1.606000 0.019000 0.021000
4 0.397000 1.618000 0.017000 0.019000
6 0.290000 1.561000 0.019000 0.020000
5 0.559000 1.531000 0.022000 0.025000
6 0.028000 1.730000 0.016267 0.017000
6 1.006000 2.266000 0.019000 0.021000
5 1.092000 2.224000 0.020000 0.020000
4 1.090000 2.418000 0.021000 0.021000
6 1.464000 2.219000 0.020000 0.020000
3 1.380000 2.275000 0.026000 0.027000
6 0.919000 2.680000 0.021000 0.016000
6 0.950000 2.714000 0.023000 0.019000
6 0.984000 2.754000 0.028000 0.023000
4 1.045000 2.817000 0.022000 0.017000
4 1.061000 2.855000 0.022000 0.018000
5 1.192000 2.962000 0.028000 0.023000
5 0.054000 3.000000 0.015000 0.028000
6 1.438000 3.054000 0.021000 0.017000
6 1.461000 3.090000 0.023000 0.019000
6 1.625000 3.100000 0.017000 0.018000
4 0.746000 3.443000 0.023000 0.013000
4 1.038000 3.533000 0.023000 0.013000
32 2.550000 2.284000 0.261000 0.260000
32 2.318000 0.490000 0.209000 0.199000
32 3.299000 1.374000 0.196000 0.195000
21 2.016000 1.422000 0.311000 0.258000
21 2.556000 0.880000 0.208000 0.145000
21 2.815000 1.129000 0.211000 0.151000
21 1.348000 0.865000 0.139000 0.114000
21 1.696000 0.670000 0.134000 0.114000
