2 0.549000 1.412000 0.137500 0.120000
22 2.276000 0.586000 0.050000 0.054000
22 2.202000 0.506500 0.046000 0.044000
18 0.822500 2.119500 0.014000 0.027000
18 0.777000 2.248000 0.015500 0.025000
18 0.625000 2.362500 0.024500 0.016000
24 0.703500 2.396500 0.015000 0.011000
24 0.824000 2.330000 0.014000 0.024000
24 0.852500 2.342000 0.016500 0.023000
24 0.527000 2.823000 0.021500 0.025500
18 2.898000 0.873000 0.022000 0.018500
18 2.858500 0.869000 0.015500 0.010500
2 3.305500 1.256500 0.028000 0.025000
2 3.571000 1.473500 0.033500 0.030000
2 1.368000 3.643500 0.130000 0.052500
7 3.376500 1.373000 0.008000 0.007500
7 3.394000 1.355500 0.008000 0.007500
7 3.384000 1.364000 0.008000 0.007000
18 3.443000 1.397500 0.019500 0.016500
2 3.435000 1.364000 0.026500 0.023000
