6 2.076667 2.538750 0.038333 0.010000
4 2.396667 2.557500 0.035000 0.011250
6 3.395000 2.606250 0.033333 0.011250
4 3.233333 2.418750 0.016667 0.021250
6 3.810000 2.337500 0.015000 0.018750
4 1.821667 2.316250 0.015000 0.023750
4 1.293333 2.187500 0.016667 0.023750
4 1.390000 1.622500 0.018333 0.021250
6 1.286667 1.617500 0.023333 0.023750
5 0.221667 0.910000 0.038333 0.010000
5 2.616667 1.285000 0.015000 0.027500
6 2.473333 1.102500 0.033333 0.011250
4 2.266667 1.082500 0.040000 0.013750
5 2.056667 1.053750 0.035000 0.011250
11 0.830000 0.097500 0.015000 0.018750
6 3.023333 0.318750 0.018333 0.021250
6 2.158333 0.256250 0.015000 0.016250
4 2.066667 0.226250 0.020000 0.026250
6 3.080000 0.947500 0.046667 0.016250
6 0.911667 0.816250 0.038333 0.012500
6 0.701667 0.708750 0.035000 0.008750
5 0.533333 0.697500 0.040000 0.011250
28 1.503333 2.522500 0.048333 0.016250
6 0.286667 2.300000 0.013333 0.020000
4 0.296667 2.646250 0.035000 0.010000
4 0.873333 2.922500 0.013333 0.016250
6 0.573333 2.916250 0.016667 0.023750
4 0.466667 2.920000 0.020000 0.027500
4 1.288333 3.311250 0.013333 0.018750
6 1.368333 3.320000 0.016667 0.020000
6 1.135000 3.317500 0.013333 0.018750
6 0.421667 3.280000 0.015000 0.022500
5 0.316667 3.276250 0.015000 0.021250
5 0.918333 0.105000 0.020000 0.027500
6 1.926667 0.236250 0.033333 0.010000
