13 0.943000 0.028500 0.064000 0.067000
12 0.868000 0.077750 0.060000 0.060000
13 0.803250 0.136500 0.064000 0.067000
12 0.687250 0.214000 0.062000 0.062000
17 0.628500 0.248500 0.061000 0.063000
19 0.576250 0.293750 0.057000 0.056000
13 0.531250 0.322750 0.065000 0.068000
12 0.642500 0.374000 0.065000 0.064000
17 0.532750 0.051250 0.064000 0.066000
12 0.579000 0.025500 0.064000 0.065000
17 0.400500 0.142250 0.065000 0.067000
17 0.322500 0.102000 0.063000 0.062000
17 0.317500 0.010000 0.053000 0.048000
12 0.418500 0.523500 0.063000 0.063000
