6 0.495000 0.173333 0.010000 0.023333
4 0.278750 0.190000 0.011250 0.025000
4 0.282500 0.313333 0.011250 0.026667
4 0.500000 0.290000 0.010000 0.028333
6 0.497500 0.430000 0.008750 0.025000
4 0.286250 0.455000 0.015000 0.038333
4 2.058750 0.311667 0.021250 0.033333
6 1.936250 0.350000 0.020000 0.028333
6 1.767500 0.080000 0.016250 0.026667
6 1.721250 0.110000 0.020000 0.028333
4 1.800000 0.143333 0.025000 0.021667
4 1.905000 0.078333 0.027500 0.023333
4 2.227500 0.080000 0.028750 0.026667
4 2.105000 0.135000 0.025000 0.023333
4 1.995000 0.176667 0.025000 0.021667
6 1.875000 0.243333 0.027500 0.025000
4 1.752500 0.311667 0.023750 0.023333
4 1.680000 0.183333 0.025000 0.015000
4 1.645000 0.096667 0.017500 0.025000
6 1.585000 0.103333 0.010000 0.025000
4 1.465000 0.250000 0.012500 0.028333
4 1.461250 0.130000 0.012500 0.031667
5 1.615000 0.400000 0.035000 0.033333
6 1.436250 0.488333 0.023750 0.023333
6 1.397500 0.351667 0.026250 0.023333
4 1.280000 0.420000 0.027500 0.026667
6 1.320000 0.540000 0.027500 0.026667
6 1.182500 0.845000 0.016250 0.031667
4 1.202500 0.600000 0.023750 0.020000
4 1.090000 0.650000 0.025000 0.021667
4 1.156250 0.476667 0.027500 0.025000
4 0.962500 0.685000 0.028750 0.016667
4 0.868750 0.580000 0.022500 0.016667
6 0.777500 0.581667 0.021250 0.015000
6 0.667500 0.576667 0.021250 0.011667
4 0.827500 0.706667 0.028750 0.010000
6 0.501250 0.791667 0.011250 0.030000
6 0.432500 0.796667 0.011250 0.025000
6 0.372500 0.813333 0.008750 0.026667
4 0.310000 0.840000 0.010000 0.026667
11 0.688750 3.018333 0.032500 0.023333
5 1.177500 3.926667 0.033750 0.023333
4 2.675000 0.043333 0.010000 0.021667
4 1.815000 0.720000 0.017500 0.033333
6 3.790000 3.906667 0.030000 0.036667
6 3.532500 3.705000 0.021250 0.023333
6 2.717500 2.565000 0.013750 0.030000
6 2.777500 1.631667 0.011250 0.028333
