4 0.229375 0.062083 0.016250 0.030000
6 0.245312 0.066667 0.016250 0.030000
6 0.258125 0.070417 0.013750 0.025000
4 0.273125 0.077083 0.016250 0.028333
6 0.348750 0.089167 0.035000 0.025000
5 0.217500 0.115833 0.027500 0.018333
6 0.247500 0.180417 0.020000 0.035000
5 0.296250 0.199167 0.020000 0.035000
5 0.323125 0.204583 0.018750 0.031667
6 0.246562 0.312500 0.016250 0.031667
6 0.260625 0.317500 0.016250 0.028333
6 0.273125 0.320000 0.013750 0.026667
5 0.410313 0.257083 0.026250 0.018333
6 0.409062 0.272500 0.026250 0.018333
6 0.423125 0.228333 0.021250 0.013333
6 0.421250 0.210000 0.025000 0.016667
6 0.420625 0.192083 0.026250 0.013333
6 0.419375 0.174167 0.023750 0.011667
4 0.415625 0.158333 0.026250 0.020000
4 0.402500 0.142917 0.020000 0.021667
4 0.470000 0.132500 0.025000 0.018333
4 0.484687 0.231250 0.016250 0.013333
4 0.477500 0.245417 0.022500 0.013333
6 0.464687 0.289167 0.016250 0.015000
6 0.577500 0.254583 0.020000 0.016667
6 0.584375 0.225000 0.018750 0.013333
6 0.582812 0.209167 0.026250 0.018333
6 0.587500 0.193750 0.025000 0.021667
6 0.593125 0.182500 0.028750 0.025000
6 0.598437 0.167083 0.026250 0.018333
6 0.610313 0.124167 0.026250 0.018333
6 0.617188 0.111667 0.020000 0.016667
6 0.617500 0.096250 0.027500 0.018333
4 0.620000 0.082083 0.025000 0.020000
4 0.629375 0.069167 0.018750 0.015000
6 0.631563 0.055000 0.020000 0.016667
4 0.635938 0.252500 0.015000 0.028333
6 0.627500 0.283333 0.015000 0.026667
6 0.654375 0.255833 0.016250 0.031667
6 0.646875 0.286667 0.016250 0.026667
6 0.660625 0.291667 0.013750 0.026667
6 0.682187 0.267917 0.015000 0.028333
6 0.673125 0.295417 0.016250 0.026667
6 0.685937 0.300833 0.016250 0.028333
4 0.698750 0.303750 0.017500 0.031667
6 0.695312 0.268333 0.018750 0.033333
6 0.707500 0.274167 0.017500 0.028333
6 0.720625 0.277500 0.016250 0.028333
4 0.732500 0.283333 0.017500 0.033333
6 0.712500 0.305000 0.017500 0.030000
6 0.724688 0.311250 0.018750 0.030000
4 0.738125 0.315833 0.016250 0.028333
4 0.746250 0.287500 0.017500 0.028333
6 0.773125 0.294167 0.018750 0.035000
6 0.765000 0.322083 0.015000 0.026667
6 0.778438 0.325417 0.015000 0.028333
6 0.800000 0.332500 0.017500 0.031667
6 0.815625 0.335417 0.013750 0.025000
4 0.838125 0.312917 0.016250 0.030000
4 0.863437 0.322500 0.018750 0.031667
6 0.879375 0.339167 0.018750 0.031667
6 0.851875 0.347917 0.018750 0.030000
6 0.922188 0.391667 0.027500 0.020000
6 0.930625 0.379167 0.021250 0.018333
6 0.930625 0.360000 0.031250 0.023333
4 0.940000 0.333333 0.027500 0.016667
6 0.944688 0.319167 0.027500 0.018333
4 0.947500 0.304583 0.025000 0.016667
6 0.880313 0.255833 0.011250 0.018333
4 0.869375 0.247917 0.013750 0.028333
6 0.855313 0.245833 0.016250 0.031667
5 0.830313 0.233333 0.022500 0.040000
4 0.849375 0.210833 0.016250 0.031667
6 0.813750 0.231250 0.017500 0.031667
6 0.790000 0.220417 0.017500 0.026667
4 0.786250 0.190833 0.012500 0.028333
5 0.822500 0.197917 0.017500 0.035000
6 0.836562 0.200417 0.016250 0.030000
6 0.763437 0.222083 0.016250 0.030000
6 0.738750 0.209167 0.015000 0.028333
6 0.723437 0.204167 0.016250 0.031667
6 0.745938 0.178333 0.015000 0.030000
6 0.732187 0.173750 0.016250 0.028333
4 0.706562 0.163333 0.017500 0.033333
4 0.712187 0.196667 0.013750 0.030000
4 0.686875 0.191250 0.016250 0.028333
4 0.693125 0.159167 0.016250 0.031667
4 0.680312 0.160833 0.016250 0.031667
4 0.664375 0.144167 0.013750 0.028333
6 0.653750 0.184167 0.015000 0.028333
6 0.685000 0.046250 0.017500 0.033333
6 0.707500 0.055833 0.015000 0.028333
5 0.720313 0.060000 0.012500 0.030000
5 0.732500 0.062500 0.020000 0.038333
6 0.746875 0.065000 0.016250 0.036667
5 0.772813 0.075833 0.016250 0.031667
6 0.785312 0.081667 0.017500 0.030000
6 0.811250 0.088333 0.015000 0.026667
6 0.835000 0.093750 0.015000 0.030000
6 0.848437 0.098333 0.015000 0.030000
6 0.861875 0.104583 0.016250 0.028333
6 0.875625 0.107083 0.016250 0.030000
6 0.889375 0.112500 0.016250 0.028333
6 0.902500 0.116667 0.015000 0.026667
4 0.915000 0.120833 0.015000 0.031667
6 0.906875 0.150000 0.016250 0.030000
6 0.894062 0.144167 0.016250 0.031667
6 0.880000 0.140417 0.017500 0.030000
6 0.867188 0.137083 0.017500 0.031667
4 0.853750 0.133750 0.015000 0.030000
4 0.830000 0.125000 0.017500 0.033333
6 0.817500 0.120833 0.015000 0.028333
5 0.790937 0.112083 0.017500 0.033333
6 0.777500 0.109167 0.015000 0.028333
6 0.750938 0.097917 0.016250 0.030000
6 0.736875 0.096667 0.013750 0.030000
6 0.725625 0.094167 0.013750 0.028333
6 0.700625 0.085000 0.016250 0.030000
6 0.959375 0.246667 0.031250 0.023333
6 0.963750 0.231667 0.025000 0.016667
6 0.975938 0.187917 0.026250 0.016667
5 0.962187 0.115833 0.018750 0.038333
11 0.870625 0.026667 0.011250 0.020000
11 0.882812 0.026667 0.008750 0.013333
11 0.858125 0.025833 0.011250 0.021667
11 0.841562 0.025000 0.017500 0.026667
11 0.829688 0.015000 0.012500 0.020000
6 0.305625 0.434167 0.016250 0.031667
6 0.318125 0.439583 0.018750 0.031667
6 0.330625 0.443333 0.016250 0.030000
4 0.344062 0.449167 0.016250 0.031667
4 0.368750 0.461667 0.017500 0.033333
6 0.286562 0.498333 0.015000 0.030000
6 0.311563 0.509167 0.015000 0.028333
6 0.327500 0.507917 0.017500 0.035000
6 0.337500 0.516667 0.017500 0.033333
6 0.351875 0.522500 0.021250 0.035000
4 0.274375 0.554583 0.026250 0.018333
4 0.267813 0.575417 0.025000 0.020000
4 0.422500 0.493750 0.027500 0.021667
6 0.417500 0.515833 0.030000 0.021667
6 0.411562 0.545417 0.022500 0.018333
5 0.400625 0.558333 0.026250 0.020000
6 0.394062 0.571667 0.022500 0.016667
6 0.483125 0.507500 0.028750 0.025000
6 0.480312 0.525000 0.025000 0.020000
6 0.468750 0.555833 0.030000 0.025000
6 0.466875 0.585833 0.026250 0.021667
4 0.459688 0.598333 0.025000 0.023333
4 0.487500 0.623333 0.027500 0.020000
6 0.498125 0.580417 0.028750 0.023333
6 0.571250 0.618333 0.020000 0.016667
6 0.565937 0.632917 0.027500 0.020000
4 0.551875 0.677083 0.021250 0.018333
6 0.545937 0.690417 0.020000 0.015000
4 0.547188 0.708333 0.025000 0.016667
6 0.541875 0.724167 0.023750 0.018333
6 0.525625 0.767500 0.026250 0.021667
6 0.529687 0.734167 0.030000 0.021667
6 0.469375 0.704167 0.021250 0.018333
6 0.461875 0.715833 0.023750 0.021667
6 0.458437 0.732500 0.031250 0.025000
6 0.450625 0.746667 0.026250 0.020000
6 0.450000 0.764167 0.027500 0.018333
4 0.451562 0.780000 0.018750 0.016667
6 0.448125 0.796250 0.013750 0.010000
6 0.437500 0.823750 0.025000 0.020000
6 0.421875 0.869167 0.026250 0.021667
6 0.411875 0.897500 0.021250 0.015000
4 0.401250 0.927083 0.025000 0.020000
6 0.394375 0.972083 0.013750 0.011667
6 0.593125 0.825833 0.031250 0.018333
6 0.592187 0.841667 0.028750 0.023333
6 0.591250 0.858333 0.020000 0.016667
6 0.581875 0.872083 0.033750 0.023333
6 0.821562 0.777500 0.017500 0.031667
5 0.888125 0.759583 0.028750 0.028333
5 0.899687 0.750417 0.025000 0.020000
6 0.909375 0.740000 0.021250 0.023333
