6 0.086000 1.686000 0.023000 0.009000
5 0.066000 1.640000 0.025000 0.010000
6 0.180000 1.706000 0.014000 0.017000
6 0.233000 1.696000 0.015000 0.018000
5 0.288000 1.687000 0.020000 0.023000
30 0.013000 1.938000 0.019000 0.035000
4 0.168000 1.964000 0.018000 0.022000
4 0.216000 1.948000 0.016000 0.022000
4 0.260000 1.935000 0.018000 0.022000
6 0.306000 1.914000 0.017000 0.023000
4 0.394000 1.830000 0.027000 0.015000
5 0.691000 1.716000 0.017000 0.024000
6 0.578000 1.588000 0.025000 0.020000
4 0.411000 2.008000 0.020000 0.024000
6 0.434000 2.097000 0.023000 0.012000
4 0.189000 2.084000 0.021000 0.026000
4 0.313000 2.310000 0.014000 0.017000
6 0.451000 2.259000 0.017000 0.021000
4 0.834000 1.988000 0.021000 0.010000
4 0.849000 2.023000 0.022000 0.008000
4 0.856000 2.058000 0.022000 0.007000
4 0.856000 2.098000 0.024000 0.009000
4 0.864000 2.137000 0.020000 0.007000
4 0.878000 2.172000 0.019000 0.008000
5 0.889000 2.277000 0.028000 0.012000
6 0.906000 2.313000 0.021000 0.009000
5 0.918000 2.391000 0.027000 0.009000
4 0.636000 2.388000 0.014000 0.020000
4 0.628000 2.484000 0.016000 0.020000
6 0.336000 2.514000 0.014000 0.019000
4 0.454000 2.542000 0.015000 0.019000
6 0.496000 2.516000 0.016000 0.020000
4 0.726000 2.631000 0.015000 0.019000
6 0.680000 2.649000 0.016000 0.021000
6 0.630000 2.666000 0.015000 0.019000
6 0.582000 2.680000 0.015000 0.020000
4 0.495000 2.711000 0.015000 0.020000
4 0.357000 2.750000 0.013000 0.019000
6 0.222000 2.795000 0.015000 0.020000
4 0.885000 2.775000 0.013000 0.017000
4 1.362000 2.554000 0.011000 0.017000
6 3.855000 1.656000 0.019000 0.018000
5 3.686000 1.482000 0.013000 0.023000
6 3.640000 1.199000 0.010000 0.019000
6 3.780000 1.289000 0.022000 0.009000
6 3.710000 1.144000 0.019000 0.006000
6 3.705000 1.108000 0.020000 0.010000
4 3.605000 1.020000 0.010000 0.016000
6 3.580000 0.780000 0.010000 0.022000
6 3.636000 0.612000 0.020000 0.010000
6 3.268000 1.011000 0.022000 0.009000
6 3.517000 0.376000 0.010000 0.018000
6 3.505000 0.304000 0.011000 0.020000
6 3.489000 0.183000 0.008000 0.019000
6 3.573000 0.249000 0.023000 0.008000
6 3.470000 0.026000 0.011000 0.011000
6 2.269000 0.024000 0.012000 0.010000
4 2.126000 0.090000 0.019000 0.017000
6 2.042000 0.128000 0.021000 0.018000
6 1.896000 0.201000 0.022000 0.017000
6 1.815000 0.236000 0.020000 0.016000
6 1.728000 0.279000 0.022000 0.017000
6 1.631000 0.332000 0.024000 0.018000
5 0.885000 0.736000 0.028000 0.020000
4 0.210000 0.258000 0.011000 0.019000
4 0.552000 0.205000 0.014000 0.021000
4 0.594000 0.198000 0.013000 0.021000
6 0.069000 0.075000 0.019000 0.011000
21 3.051000 3.251000 0.520000 0.220000
