4 0.054500 0.018000 0.021000 0.018000
6 0.072500 0.028250 0.017000 0.014000
6 0.090000 0.037750 0.018000 0.015000
4 0.046500 0.039250 0.019000 0.015000
4 0.116000 0.053000 0.020000 0.016000
4 0.136500 0.066000 0.019000 0.016000
4 0.152750 0.075750 0.017000 0.014000
6 0.193750 0.100250 0.020000 0.015000
4 0.212750 0.110500 0.019000 0.015000
4 0.264250 0.141750 0.019000 0.016000
6 0.283250 0.152250 0.021000 0.015000
4 0.369750 0.202750 0.019000 0.016000
4 0.336750 0.337500 0.019000 0.019000
6 0.456000 0.235500 0.018000 0.017000
4 0.480000 0.215000 0.018000 0.018000
6 0.535500 0.168750 0.017000 0.016000
6 0.553500 0.153000 0.019000 0.018000
4 0.573500 0.138000 0.019000 0.018000
6 0.591500 0.123000 0.017000 0.018000
9 0.650500 0.065000 0.055000 0.054000
4 0.675000 0.030000 0.018000 0.018000
11 0.704500 0.112000 0.021000 0.018000
4 0.829000 0.186500 0.018000 0.015000
4 0.993250 0.282000 0.016000 0.016000
4 0.049500 0.995500 0.021000 0.017000
4 0.027750 0.983500 0.021000 0.017000
4 0.360750 0.863750 0.017000 0.017000
4 0.270500 0.814500 0.023000 0.021000
4 0.327500 0.718500 0.019000 0.015000
4 0.314250 0.655000 0.019000 0.018000
11 0.236000 0.708750 0.020000 0.016000
6 0.178500 0.577750 0.019000 0.019000
4 0.046750 0.573750 0.022000 0.020000
6 0.550250 0.431750 0.018000 0.017000
6 0.616250 0.423000 0.021000 0.022000
6 0.784500 0.864000 0.019000 0.018000
6 0.749500 0.826750 0.019000 0.020000
6 0.635000 0.777500 0.022000 0.007000
5 0.682500 0.711250 0.023000 0.017000
4 0.832000 0.536500 0.014000 0.017000
4 0.843500 0.532500 0.017000 0.017000
6 0.931000 0.487500 0.014000 0.015000
4 0.981250 0.433250 0.013000 0.014000
4 0.964500 0.423750 0.017000 0.018000
4 0.918000 0.394500 0.016000 0.017000
4 0.877500 0.460500 0.019000 0.019000
4 0.862750 0.472500 0.014000 0.015000
3 0.977750 0.986000 0.017000 0.012000
4 0.948750 0.995750 0.017000 0.012000
6 0.130500 0.538000 0.019000 0.018000
6 0.145000 0.552000 0.014000 0.014000
