4 2.340000 0.518750 0.036667 0.013750
4 2.411667 0.575000 0.041667 0.015000
4 3.233333 0.422500 0.036667 0.011250
4 3.248333 0.493750 0.035000 0.011250
6 3.743333 0.397500 0.035000 0.011250
4 2.416667 1.033750 0.035000 0.015000
6 2.850000 1.015000 0.031667 0.012500
4 3.871667 1.072500 0.033333 0.018750
5 2.805000 1.265000 0.045000 0.020000
4 2.948333 1.306250 0.036667 0.011250
4 3.026667 1.348750 0.036667 0.010000
4 3.040000 1.390000 0.033333 0.012500
3 3.066667 1.477500 0.046667 0.021250
5 3.066667 1.541250 0.046667 0.016250
3 3.131667 1.620000 0.046667 0.017500
5 3.180000 1.685000 0.033333 0.012500
5 3.176667 1.745000 0.041667 0.015000
4 3.210000 1.797500 0.028333 0.011250
5 3.236667 1.842500 0.035000 0.011250
4 3.263333 1.890000 0.035000 0.012500
6 3.268333 1.977500 0.035000 0.013750
4 3.303333 2.022500 0.031667 0.011250
4 3.313333 2.063750 0.030000 0.008750
4 3.326667 2.113750 0.033333 0.011250
5 3.326667 2.162500 0.033333 0.011250
5 3.353333 2.205000 0.036667 0.012500
6 3.333333 2.272500 0.036667 0.013750
6 3.375000 2.321250 0.035000 0.012500
5 2.766667 2.046250 0.040000 0.013750
5 2.791667 2.100000 0.043333 0.015000
5 2.820000 2.150000 0.043333 0.015000
5 2.836667 2.205000 0.041667 0.015000
4 2.858333 2.300000 0.036667 0.010000
5 2.903333 2.340000 0.045000 0.015000
5 3.366667 2.368750 0.053333 0.018750
3 3.103333 2.577500 0.031667 0.036250
5 3.230000 2.561250 0.025000 0.030000
5 3.280000 2.461250 0.033333 0.028750
5 3.353333 2.561250 0.026667 0.027500
6 3.418333 2.551250 0.020000 0.021250
5 2.368333 2.597500 0.043333 0.013750
5 3.698333 1.601250 0.048333 0.015000
4 3.760000 1.840000 0.033333 0.012500
4 3.833333 1.886250 0.036667 0.011250
7 3.498333 2.542500 0.025000 0.028750
5 3.521667 2.745000 0.075000 0.020000
6 2.840000 2.255000 0.033333 0.010000
