6 0.080000 2.994000 0.018000 0.011000
6 2.228000 3.656000 0.024000 0.018000
4 2.334000 3.596000 0.021000 0.014000
4 2.435000 3.554000 0.024000 0.015000
4 2.552000 3.511000 0.020000 0.013000
5 2.516000 3.642000 0.028000 0.013000
5 2.648000 3.662000 0.028000 0.009000
3 2.699000 3.508000 0.030000 0.022000
6 2.654000 3.472000 0.023000 0.016000
5 2.755000 3.432000 0.025000 0.018000
6 2.830000 3.371000 0.019000 0.022000
6 2.941000 3.540000 0.020000 0.020000
6 3.014000 3.448000 0.015000 0.018000
6 2.988000 3.329000 0.008000 0.015000
5 3.034000 3.350000 0.021000 0.031000
6 2.182000 3.217000 0.017000 0.025000
5 2.975000 1.171000 0.010000 0.022000
21 0.936000 3.698000 0.242000 0.153063
5 0.232000 0.257000 0.030000 0.009000
5 0.241000 0.150000 0.031000 0.019000
6 0.250000 3.052000 0.015000 0.006000
5 2.157000 3.908000 0.014000 0.022000
4 1.992000 3.962000 0.022000 0.017000
6 3.268000 1.366000 0.014000 0.017000
