6 0.850500 0.095250 0.019000 0.016000
6 0.033500 0.522000 0.019000 0.014000
6 0.414500 0.386000 0.017000 0.014000
6 0.377000 0.365500 0.020000 0.015000
6 0.353000 0.353000 0.020000 0.016000
6 0.331250 0.341500 0.025000 0.019000
6 0.309750 0.330000 0.019000 0.014000
9 0.282750 0.135500 0.042000 0.041000
9 0.618500 0.251000 0.151000 0.120000
6 0.582500 0.969000 0.013000 0.012000
11 0.668000 0.890000 0.012000 0.012000
6 0.734750 0.862000 0.020000 0.018000
6 0.798000 0.775500 0.016000 0.015000
11 0.837000 0.741750 0.014000 0.015000
4 0.891750 0.693750 0.017000 0.017000
6 0.878000 0.690000 0.016000 0.016000
4 0.908250 0.681500 0.017000 0.017000
11 0.951500 0.407000 0.015000 0.014000
11 0.799000 0.347500 0.014000 0.009000
11 0.728500 0.289000 0.015000 0.012000
4 0.691000 0.273500 0.020000 0.015000
5 0.532000 0.194500 0.024000 0.023000
4 0.513000 0.225750 0.020000 0.015000
4 0.477250 0.222000 0.023000 0.016000
4 0.558500 0.192750 0.017000 0.019000
6 0.541500 0.171000 0.015000 0.018000
4 0.549500 0.158000 0.015000 0.018000
4 0.381000 0.183750 0.022000 0.014000
6 0.356750 0.174500 0.019000 0.013000
4 0.333750 0.165500 0.017000 0.013000
4 0.311750 0.157500 0.021000 0.015000
4 0.222500 0.121750 0.021000 0.014000
4 0.201000 0.113500 0.020000 0.013000
6 0.158000 0.096250 0.018000 0.012000
4 0.091500 0.056500 0.019000 0.017000
4 0.037750 0.017500 0.018000 0.017000
4 0.020500 0.005250 0.015000 0.013000
4 0.473750 0.091000 0.016000 0.018000
4 0.459500 0.072750 0.015000 0.017000
4 0.447250 0.056750 0.016000 0.017000
6 0.435250 0.041000 0.015000 0.016000
6 0.374250 0.987750 0.016000 0.017000
6 0.237000 0.950500 0.022000 0.017000
4 0.188250 0.934750 0.021000 0.018000
4 0.160500 0.904000 0.021000 0.018000
4 0.076000 0.852000 0.022000 0.018000
6 0.056500 0.853500 0.019000 0.017000
6 0.021750 0.818500 0.017000 0.013000
4 0.038000 0.751500 0.018000 0.017000
4 0.056000 0.768500 0.016000 0.017000
6 0.065000 0.726500 0.018000 0.017000
6 0.097000 0.698250 0.016000 0.015000
4 0.148000 0.690500 0.016000 0.015000
6 0.200750 0.645000 0.015000 0.014000
4 0.216000 0.631000 0.016000 0.016000
4 0.215000 0.613250 0.018000 0.017000
4 0.232500 0.615250 0.017000 0.016000
6 0.249500 0.602750 0.017000 0.017000
6 0.366750 0.501250 0.015000 0.016000
3 0.485000 0.400250 0.070000 0.065000
6 0.137000 0.997000 0.017000 0.009000
4 0.147250 0.991000 0.017000 0.014000
4 0.233000 0.964000 0.018000 0.014000
6 0.142000 0.966000 0.016000 0.012000
4 0.162500 0.953000 0.017000 0.014000
4 0.097000 0.948000 0.018000 0.014000
4 0.082000 0.962500 0.018000 0.017000
4 0.073000 0.968750 0.018000 0.016000
5 0.888500 0.925500 0.019000 0.017000
4 0.676000 0.966000 0.020000 0.016000
6 0.720250 0.904000 0.018000 0.016000
6 0.496500 0.990000 0.017000 0.016000
6 0.442250 0.854000 0.014000 0.014000
4 0.416250 0.835250 0.016000 0.015000
4 0.419500 0.795250 0.013000 0.013000
4 0.412000 0.789000 0.012000 0.012000
6 0.363500 0.776500 0.017000 0.015000
4 0.512750 0.741500 0.017000 0.017000
6 0.508500 0.707000 0.019000 0.016000
4 0.557000 0.738000 0.016000 0.014000
4 0.479500 0.711750 0.019000 0.018000
6 0.273750 0.818500 0.018000 0.019000
5 0.290000 0.783750 0.018000 0.019000
4 0.273000 0.788500 0.014000 0.015000
6 0.208500 0.797500 0.015000 0.017000
6 0.200750 0.790750 0.018000 0.018000
6 0.315000 0.713250 0.012000 0.012000
6 0.399250 0.636750 0.018000 0.016000
6 0.710000 0.542250 0.018000 0.013000
4 0.992250 0.549750 0.020000 0.018000
6 0.056500 0.694000 0.019000 0.022000
5 0.025250 0.680500 0.027000 0.031000
5 0.038500 0.682250 0.019000 0.021000
6 0.070000 0.581000 0.016000 0.018000
6 0.108500 0.554750 0.015000 0.012000
6 0.152500 0.576500 0.019000 0.013000
6 0.095000 0.386750 0.014000 0.016000
3 0.124500 0.344750 0.037000 0.042000
4 0.148000 0.320250 0.014000 0.017000
6 0.160250 0.304750 0.015000 0.018000
4 0.019250 0.303500 0.011000 0.013000
4 0.094750 0.272250 0.021000 0.014000
4 0.183000 0.249000 0.016000 0.018000
5 0.244000 0.296750 0.020000 0.015000
4 0.015500 0.204000 0.015000 0.018000
6 0.257750 0.198000 0.013000 0.010000
6 0.236750 0.182500 0.016000 0.017000
5 0.231250 0.229750 0.013000 0.012000
4 0.016250 0.078250 0.013000 0.015000
4 0.178500 0.039500 0.015000 0.013000
6 0.311000 0.085000 0.012000 0.010000
6 0.346250 0.061000 0.017000 0.016000
4 0.379250 0.028000 0.013000 0.014000
6 0.401750 0.051000 0.017000 0.016000
4 0.338000 0.125500 0.020000 0.015000
6 0.530500 0.049500 0.015000 0.017000
4 0.542500 0.094500 0.019000 0.015000
4 0.627500 0.083000 0.015000 0.014000
4 0.662250 0.072250 0.018000 0.017000
4 0.659250 0.096750 0.015000 0.016000
4 0.684500 0.113500 0.019000 0.017000
4 0.716000 0.136000 0.014000 0.014000
6 0.730250 0.189250 0.015000 0.014000
