28 0.017621 0.756580 0.039757 0.036840
28 0.055625 0.795000 0.045000 0.090000
2 0.098750 0.894583 0.053750 0.110000
28 0.087813 0.968750 0.056250 0.045000
28 0.092625 0.981167 0.057250 0.047667
2 0.925937 0.698750 0.098750 0.170000
2 0.937813 0.668750 0.088750 0.156667
2 0.960832 0.665032 0.089164 0.153270
2 0.970358 0.632664 0.068568 0.150000
2 0.978558 0.597115 0.051250 0.117372
22 0.846562 0.798750 0.113750 0.166667
24 0.853750 0.754583 0.045000 0.073333
2 0.608437 0.624583 0.075000 0.100000
2 0.230313 0.165833 0.062500 0.101667
28 0.403125 0.256667 0.081250 0.028333
2 0.570312 0.245000 0.073750 0.180000
2 0.589375 0.223750 0.078750 0.205000
2 0.614062 0.223750 0.078750 0.195000
2 0.627500 0.189167 0.067500 0.171667
2 0.648125 0.185417 0.067500 0.168333
2 0.665000 0.166667 0.073750 0.186667
22 0.830937 0.285833 0.116250 0.198333
28 0.805312 0.296667 0.065000 0.110000
24 0.827500 0.224583 0.042500 0.071667
28 0.965000 0.124583 0.022500 0.155000
28 0.981563 0.119167 0.013750 0.078333
