9 1.920000 0.708333 0.060000 0.033333
9 1.912500 3.068333 0.078750 0.130000
9 1.915000 1.830000 0.077500 0.115000
6 2.673750 3.150000 0.011250 0.031667
6 2.742500 3.153333 0.016250 0.036667
4 3.090000 2.960000 0.027500 0.013333
6 3.561250 1.540000 0.013750 0.033333
4 3.492500 1.523333 0.011250 0.028333
4 3.915000 2.011667 0.010000 0.028333
4 3.507500 1.958333 0.026250 0.011667
6 3.352500 1.785000 0.026250 0.013333
6 3.122500 1.963333 0.026250 0.011667
6 2.960000 1.955000 0.030000 0.013333
4 2.796250 1.961667 0.028750 0.013333
6 2.642500 1.956667 0.026250 0.011667
4 2.860000 1.788333 0.027500 0.011667
4 2.710000 1.726667 0.012500 0.026667
4 2.685000 1.556667 0.012500 0.028333
6 3.066250 0.900000 0.012500 0.030000
7 3.536250 0.910000 0.017500 0.038333
4 3.033750 0.576667 0.017500 0.031667
4 1.622500 3.251667 0.028750 0.013333
4 1.101250 3.170000 0.018750 0.031667
4 1.026250 3.173333 0.022500 0.036667
6 0.685000 3.123333 0.032500 0.018333
6 0.470000 3.120000 0.030000 0.013333
4 0.311250 2.891667 0.011250 0.025000
6 1.255000 1.953333 0.035000 0.013333
4 1.072500 1.955000 0.028750 0.013333
5 0.856250 1.953333 0.041250 0.013333
4 0.652500 1.953333 0.028750 0.013333
6 0.045000 1.963333 0.022500 0.011667
6 0.157500 1.953333 0.028750 0.013333
4 0.458750 1.958333 0.030000 0.011667
6 0.260000 1.801667 0.030000 0.011667
4 2.012500 2.400000 0.013750 0.033333
4 2.005000 1.141667 0.015000 0.035000
6 1.825000 1.318333 0.012500 0.030000
4 1.595000 0.830000 0.030000 0.011667
4 0.985000 1.438333 0.010000 0.026667
4 0.988750 1.293333 0.012500 0.030000
4 0.047500 1.003333 0.011250 0.025000
