26 0.075500 0.564500 0.125000 0.103000
9 0.213000 0.388750 0.052000 0.056000
6 0.097500 0.436250 0.023000 0.015000
4 0.126000 0.425000 0.026000 0.016000
6 0.150500 0.417500 0.021000 0.013000
6 0.106000 0.385000 0.012000 0.018000
6 0.101000 0.367250 0.012000 0.018000
6 0.164750 0.392750 0.020000 0.015000
6 0.146000 0.401000 0.024000 0.014000
4 0.084250 0.421250 0.024000 0.014000
4 0.059250 0.430000 0.023000 0.014000
4 0.033000 0.439000 0.020000 0.014000
6 0.023000 0.195500 0.022000 0.009000
6 0.021500 0.205250 0.023000 0.009000
6 0.023000 0.215250 0.022000 0.014000
6 0.048500 0.175500 0.011000 0.015000
6 0.049250 0.191500 0.011000 0.017000
6 0.053000 0.206250 0.010000 0.017000
4 0.062250 0.178500 0.011000 0.017000
6 0.064250 0.196000 0.011000 0.020000
6 0.051000 0.128500 0.018000 0.009000
4 0.043000 0.112250 0.024000 0.010000
4 0.103250 0.007000 0.024000 0.008000
4 0.065000 0.010000 0.024000 0.008000
4 0.027250 0.044750 0.010000 0.016000
6 0.018500 0.009500 0.017000 0.021000
9 0.273250 0.786000 0.072000 0.108000
6 0.079500 0.715500 0.023000 0.017000
4 0.159000 0.750750 0.022000 0.018000
4 0.245500 0.769000 0.019000 0.018000
4 0.198000 0.801500 0.020000 0.013000
4 0.172750 0.817000 0.023000 0.018000
4 0.164500 0.824500 0.023000 0.015000
4 0.149000 0.947500 0.018000 0.021000
6 0.157250 0.950000 0.017000 0.020000
4 0.166000 0.953250 0.018000 0.021000
6 0.391750 0.488000 0.011000 0.008000
6 0.389500 0.480250 0.021000 0.012000
6 0.386500 0.496500 0.021000 0.007000
6 0.410000 0.495750 0.024000 0.008000
6 0.449250 0.564750 0.010000 0.014000
4 0.494000 0.640000 0.022000 0.018000
4 0.524250 0.636000 0.020000 0.018000
4 0.547500 0.646250 0.021000 0.018000
4 0.533500 0.643500 0.019000 0.017000
4 0.546000 0.719000 0.018000 0.018000
4 0.979500 0.481000 0.019000 0.020000
6 0.970500 0.540500 0.021000 0.019000
4 0.980500 0.510750 0.023000 0.020000
6 0.930000 0.515750 0.020000 0.019000
4 0.924250 0.777500 0.013000 0.015000
4 0.948500 0.785000 0.017000 0.018000
4 0.946500 0.633500 0.021000 0.021000
4 0.938500 0.638500 0.019000 0.019000
4 0.888000 0.617250 0.022000 0.020000
5 0.787500 0.693250 0.025000 0.025000
6 0.840250 0.731500 0.017000 0.021000
4 0.833250 0.744250 0.015000 0.018000
4 0.690000 0.812500 0.024000 0.019000
6 0.936250 0.887500 0.012000 0.007000
4 0.937500 0.896500 0.021000 0.009000
4 0.939000 0.905250 0.024000 0.011000
4 0.942500 0.914500 0.025000 0.013000
4 0.863000 0.876000 0.022000 0.014000
4 0.767250 0.895500 0.017000 0.019000
4 0.795500 0.940000 0.019000 0.022000
6 0.762750 0.940000 0.026000 0.012000
4 0.918500 0.985000 0.021000 0.014000
6 0.990000 0.979000 0.014000 0.016000
6 0.480000 0.899500 0.028000 0.019000
6 0.512500 0.913750 0.025000 0.018000
6 0.540500 0.926000 0.023000 0.016000
6 0.563250 0.963250 0.012000 0.017000
4 0.577500 0.964500 0.015000 0.021000
6 0.620000 0.947500 0.022000 0.015000
4 0.333000 0.875250 0.016000 0.008000
4 0.284500 0.836000 0.011000 0.018000
6 0.402750 0.884250 0.025000 0.014000
6 0.400000 0.892500 0.028000 0.015000
4 0.402500 0.902500 0.023000 0.009000
4 0.344500 0.904000 0.009000 0.008000
4 0.351000 0.931500 0.014000 0.007000
6 0.380500 0.961000 0.021000 0.010000
4 0.344000 0.967750 0.014000 0.020000
4 0.382750 0.993000 0.015000 0.008000
4 0.377750 0.986000 0.022000 0.010000
5 0.350750 0.996000 0.025000 0.010000
6 0.596000 0.995750 0.020000 0.007000
6 0.408000 0.440750 0.010000 0.017000
4 0.396750 0.440500 0.010000 0.013000
4 0.429750 0.451000 0.010000 0.012000
4 0.396250 0.389000 0.009000 0.016000
4 0.423750 0.387250 0.009000 0.017000
4 0.436750 0.389000 0.012000 0.020000
4 0.244000 0.494250 0.012000 0.019000
4 0.241500 0.466000 0.013000 0.018000
6 0.239000 0.444000 0.010000 0.016000
6 0.235750 0.423500 0.010000 0.019000
4 0.866500 0.303250 0.017000 0.020000
7 0.911000 0.270750 0.016000 0.021000
6 0.912500 0.246000 0.017000 0.022000
6 0.591250 0.339500 0.024000 0.017000
4 0.753500 0.281000 0.025000 0.016000
6 0.733000 0.270000 0.020000 0.014000
4 0.773500 0.252000 0.021000 0.014000
6 0.819500 0.213500 0.021000 0.015000
6 0.813250 0.205500 0.022000 0.013000
4 0.835750 0.186000 0.018000 0.022000
6 0.826000 0.170500 0.016000 0.019000
4 0.799500 0.189000 0.025000 0.016000
6 0.793000 0.180250 0.020000 0.013000
4 0.943500 0.113750 0.025000 0.016000
6 0.969000 0.037250 0.022000 0.016000
6 0.975500 0.045000 0.019000 0.014000
4 0.981750 0.055000 0.019000 0.014000
4 0.928500 0.083000 0.015000 0.012000
4 0.926500 0.075000 0.013000 0.010000
4 0.926750 0.064750 0.022000 0.015000
6 0.922750 0.056000 0.022000 0.014000
4 0.910000 0.040500 0.020000 0.013000
6 0.903500 0.031750 0.027000 0.017000
6 0.896250 0.017000 0.020000 0.014000
4 0.878750 0.002000 0.015000 0.007000
4 0.799500 0.013000 0.019000 0.014000
4 0.884000 0.095500 0.024000 0.015000
6 0.885500 0.086500 0.021000 0.013000
4 0.878000 0.080000 0.020000 0.014000
4 0.858750 0.087500 0.020000 0.015000
4 0.873500 0.073750 0.023000 0.016000
4 0.735000 0.152500 0.022000 0.015000
6 0.721750 0.145750 0.021000 0.014000
4 0.694250 0.028500 0.025000 0.017000
6 0.666000 0.062000 0.022000 0.016000
4 0.655750 0.090500 0.016000 0.019000
4 0.606250 0.114000 0.016000 0.020000
4 0.619500 0.135000 0.017000 0.020000
6 0.610250 0.268500 0.025000 0.017000
4 0.650250 0.222750 0.024000 0.017000
4 0.617000 0.227000 0.016000 0.018000
4 0.606750 0.198500 0.024000 0.017000
6 0.600250 0.187000 0.030000 0.022000
6 0.582250 0.165250 0.023000 0.015000
4 0.579000 0.156750 0.022000 0.015000
6 0.576000 0.148250 0.022000 0.016000
6 0.570000 0.139750 0.022000 0.014000
4 0.595000 0.049250 0.024000 0.015000
4 0.521000 0.319000 0.018000 0.022000
6 0.510000 0.321250 0.014000 0.019000
4 0.495250 0.299500 0.018000 0.021000
4 0.472250 0.310000 0.020000 0.022000
4 0.448750 0.314750 0.019000 0.022000
4 0.438000 0.319750 0.020000 0.023000
6 0.418000 0.328500 0.016000 0.019000
6 0.407000 0.332500 0.016000 0.019000
4 0.336000 0.330000 0.018000 0.020000
4 0.298500 0.336250 0.019000 0.020000
4 0.497750 0.227000 0.011000 0.016000
6 0.517750 0.207750 0.022000 0.013000
4 0.513250 0.199750 0.020000 0.014000
4 0.508500 0.191250 0.023000 0.016000
6 0.502250 0.182500 0.023000 0.015000
6 0.497000 0.174250 0.022000 0.015000
4 0.491000 0.165000 0.020000 0.014000
4 0.485250 0.156000 0.021000 0.014000
4 0.477250 0.150500 0.023000 0.013000
3 0.467000 0.022250 0.034000 0.025000
3 0.437250 0.014500 0.018000 0.021000
3 0.426250 0.019500 0.025000 0.027000
3 0.414500 0.024000 0.025000 0.028000
3 0.401250 0.028000 0.025000 0.028000
6 0.320750 0.139500 0.012000 0.017000
6 0.302750 0.137250 0.011000 0.018000
4 0.293000 0.141250 0.012000 0.019000
6 0.278000 0.143500 0.014000 0.019000
6 0.277250 0.059000 0.023000 0.008000
4 0.212500 0.266500 0.013000 0.019000
4 0.184000 0.325250 0.012000 0.020000
5 0.178750 0.291500 0.012000 0.023000
4 0.181000 0.133500 0.012000 0.019000
