6 0.115750 0.089000 0.024000 0.016000
4 0.124750 0.069000 0.025000 0.016000
4 0.127250 0.059250 0.021000 0.012000
4 0.130750 0.050750 0.023000 0.014000
5 0.132750 0.042500 0.018000 0.011000
4 0.136500 0.033000 0.021000 0.012000
4 0.141250 0.024000 0.021000 0.012000
6 0.144000 0.015500 0.022000 0.009000
4 0.147500 0.005750 0.025000 0.010000
5 0.160500 0.117750 0.033000 0.023000
4 0.179000 0.093250 0.022000 0.013000
6 0.182250 0.083500 0.024000 0.015000
4 0.188500 0.075750 0.023000 0.014000
6 0.191250 0.067500 0.024000 0.015000
4 0.193250 0.059250 0.024000 0.014000
4 0.195750 0.049250 0.024000 0.015000
6 0.201250 0.041500 0.021000 0.013000
6 0.205500 0.032750 0.025000 0.014000
6 0.208500 0.023250 0.025000 0.015000
4 0.211500 0.011000 0.025000 0.010000
4 0.214000 0.003000 0.022000 0.006000
6 0.238500 0.004500 0.021000 0.009000
4 0.238000 0.013500 0.024000 0.009000
6 0.235500 0.028750 0.025000 0.014000
4 0.231750 0.038250 0.021000 0.012000
5 0.299000 0.009500 0.028000 0.011000
6 0.298750 0.023000 0.021000 0.012000
5 0.295750 0.035000 0.027000 0.014000
6 0.290500 0.045500 0.029000 0.015000
4 0.286500 0.053750 0.023000 0.012000
6 0.271250 0.088750 0.030000 0.020000
6 0.194250 0.174000 0.015000 0.020000
4 0.118000 0.452000 0.022000 0.014000
11 0.014500 0.476500 0.017000 0.013000
5 0.102500 0.515750 0.027000 0.012000
32 0.315000 0.405000 0.218000 0.188000
32 0.165500 0.597250 0.171000 0.146000
11 0.474750 0.823500 0.012000 0.021000
10 0.209750 0.089250 0.021000 0.032000
