6 0.221667 0.033750 0.036667 0.012500
6 0.198333 0.282187 0.020000 0.025000
4 0.849167 0.270625 0.025000 0.026250
6 0.860417 0.248438 0.023333 0.023750
5 0.787500 0.408125 0.028333 0.031250
9 0.465000 0.265313 0.090000 0.042500
9 0.554583 0.066875 0.108333 0.081250
6 0.679167 0.105000 0.041667 0.015000
9 0.374167 0.464687 0.108333 0.075000
4 0.130417 0.440000 0.028333 0.015000
6 0.700833 0.878437 0.021667 0.023750
6 0.818333 0.752188 0.040000 0.021250
4 0.822917 0.549687 0.036667 0.015000
4 0.852917 0.517500 0.036667 0.015000
6 0.798750 0.509375 0.038333 0.013750
4 0.592083 0.477812 0.038333 0.015000
6 0.631667 0.520625 0.040000 0.016250
6 0.581667 0.514062 0.030000 0.012500
5 0.467083 0.494688 0.048333 0.016250
5 0.357500 0.575937 0.025000 0.027500
4 0.301250 0.698125 0.020000 0.023750
