17 0.671750 0.104000 0.047000 0.048000
17 0.722250 0.102750 0.046000 0.048000
19 0.771500 0.110000 0.039000 0.048000
19 0.871000 0.117750 0.040000 0.048000
17 0.841750 0.228750 0.054000 0.050000
20 0.732500 0.318750 0.081000 0.085000
17 0.818750 0.338500 0.047000 0.051000
17 0.887000 0.356000 0.046000 0.046000
13 0.940500 0.345000 0.049000 0.060000
17 0.991000 0.360000 0.048000 0.052000
17 0.917000 0.548000 0.048000 0.052000
17 0.971500 0.542250 0.047000 0.049000
19 0.777000 0.695000 0.060000 0.064000
