4 2.344000 0.142000 0.010000 0.017000
4 2.421000 0.290000 0.010000 0.021000
6 2.288000 0.316000 0.008000 0.016000
6 2.356000 0.288000 0.008000 0.018000
6 2.421000 0.395000 0.011000 0.018000
4 2.358000 0.378000 0.009000 0.017000
6 2.293000 0.442000 0.009000 0.017000
4 2.360000 0.476000 0.010000 0.018000
6 2.424000 0.530000 0.010000 0.019000
6 2.492000 0.466000 0.010000 0.017000
4 2.291000 0.611000 0.010000 0.019000
4 2.345000 0.693000 0.018000 0.034000
4 2.285000 0.728000 0.009000 0.016000
5 2.416000 0.710000 0.012000 0.023000
4 2.490000 0.742000 0.009000 0.021000
4 2.488000 0.622000 0.010000 0.019000
4 2.527000 0.912000 0.016000 0.020000
5 2.423000 0.948000 0.012000 0.024000
6 2.358000 0.926000 0.011000 0.021000
6 2.279000 0.860000 0.010000 0.020000
6 2.902000 0.942000 0.021000 0.011000
6 2.965000 1.008000 0.020000 0.008000
3 2.595000 1.285000 0.016000 0.039000
4 2.671000 1.254000 0.010000 0.017000
6 2.731000 1.255000 0.011000 0.020000
6 2.666000 1.370000 0.011000 0.017000
6 2.660000 1.464000 0.010000 0.016000
4 2.662000 1.598000 0.009000 0.017000
9 2.546000 1.003000 0.165000 0.075000
6 3.286000 0.702000 0.019000 0.007000
6 0.644000 1.830000 0.010000 0.017000
6 0.671000 1.940000 0.013000 0.022000
6 1.472000 1.420000 0.024000 0.008000
6 1.468000 1.530000 0.020000 0.007000
4 1.466000 1.568000 0.019000 0.008000
4 1.472000 1.609000 0.022000 0.008000
4 3.046000 1.249000 0.009000 0.017000
4 3.094000 1.244000 0.009000 0.016000
4 3.148000 1.246000 0.010000 0.017000
4 3.197000 1.240000 0.010000 0.018000
6 3.243000 1.245000 0.010000 0.019000
6 3.293000 1.248000 0.010000 0.018000
6 3.392000 1.246000 0.008000 0.017000
6 3.442000 1.238000 0.009000 0.017000
4 3.540000 1.250000 0.010000 0.017000
6 3.492000 1.254000 0.010000 0.017000
6 2.966000 1.317000 0.021000 0.009000
4 2.966000 1.394000 0.021000 0.007000
4 2.958000 1.427000 0.023000 0.008000
5 2.964000 1.463000 0.030000 0.009000
5 2.959000 1.501000 0.027000 0.008000
6 2.965000 1.538000 0.018000 0.007000
6 2.972000 1.572000 0.020000 0.006000
6 2.980000 1.608000 0.020000 0.008000
6 2.972000 1.647000 0.020000 0.008000
6 2.958000 1.724000 0.023000 0.008000
6 3.148000 1.648000 0.012000 0.018000
4 3.171000 1.747000 0.011000 0.017000
6 3.168000 1.848000 0.010000 0.016000
4 3.250000 1.394000 0.011000 0.019000
4 3.297000 1.392000 0.010000 0.018000
5 3.354000 1.385000 0.011000 0.021000
4 3.423000 1.420000 0.015000 0.020000
6 3.526000 1.408000 0.009000 0.014000
5 3.328000 1.536000 0.010000 0.018000
5 3.386000 1.534000 0.013000 0.023000
6 3.453000 1.542000 0.010000 0.017000
6 3.540000 1.543000 0.010000 0.018000
6 3.589000 1.550000 0.010000 0.015000
6 3.636000 1.546000 0.010000 0.017000
6 3.727000 1.355000 0.014000 0.019000
6 3.946000 1.207000 0.011000 0.018000
5 0.506000 2.468000 0.037000 0.010000
6 0.010000 3.782000 0.005000 0.017000
4 0.050000 3.784000 0.009000 0.016000
4 0.099000 3.782000 0.009000 0.017000
6 0.077000 3.953000 0.008000 0.016000
4 0.128000 3.944000 0.010000 0.016000
4 0.179000 3.945000 0.010000 0.016000
4 0.276000 3.952000 0.008000 0.014000
6 0.194000 3.738000 0.023000 0.007000
6 0.192000 3.696000 0.020000 0.008000
4 0.198000 3.666000 0.021000 0.007000
4 0.186000 3.629000 0.021000 0.008000
6 0.192000 3.588000 0.020000 0.006000
6 0.188000 3.550000 0.018000 0.005000
6 0.354000 3.492000 0.009000 0.016000
6 0.445000 3.492000 0.009000 0.016000
4 0.398000 3.674000 0.011000 0.017000
6 0.488000 3.670000 0.010000 0.015000
6 0.588000 3.670000 0.010000 0.019000
6 0.642000 3.675000 0.011000 0.017000
6 0.448000 3.776000 0.010000 0.016000
6 0.594000 3.776000 0.011000 0.022000
4 0.594000 3.954000 0.011000 0.017000
4 0.534000 3.947000 0.011000 0.017000
6 1.048000 3.755000 0.010000 0.017000
6 0.955000 3.936000 0.010000 0.020000
6 1.424000 3.677000 0.016000 0.022000
6 1.528000 3.673000 0.010000 0.018000
6 1.040000 3.232000 0.010000 0.016000
6 1.132000 3.232000 0.008000 0.016000
4 1.184000 3.228000 0.010000 0.018000
6 1.234000 3.230000 0.009000 0.015000
6 1.283000 3.227000 0.011000 0.021000
6 1.429000 3.230000 0.012000 0.023000
6 1.477000 3.234000 0.009000 0.015000
4 1.532000 3.232000 0.010000 0.018000
4 1.575000 3.229000 0.009000 0.017000
6 1.674000 3.244000 0.011000 0.016000
5 1.724000 3.234000 0.010000 0.017000
6 1.772000 3.227000 0.010000 0.015000
5 1.926000 3.238000 0.011000 0.019000
5 1.556000 3.100000 0.026000 0.008000
4 1.046000 3.420000 0.009000 0.018000
4 1.046000 3.488000 0.009000 0.016000
6 1.194000 3.490000 0.009000 0.015000
4 1.238000 3.408000 0.009000 0.016000
4 1.335000 3.490000 0.010000 0.017000
4 1.381000 3.480000 0.010000 0.016000
4 1.728000 3.408000 0.010000 0.018000
6 1.913000 3.666000 0.009000 0.017000
6 2.723000 2.153000 0.012000 0.021000
6 2.582000 2.334000 0.011000 0.017000
6 2.652000 2.362000 0.010000 0.017000
6 2.720000 2.378000 0.010000 0.017000
6 2.574000 2.598000 0.007000 0.015000
6 2.574000 2.918000 0.009000 0.017000
4 3.088000 2.377000 0.020000 0.007000
4 3.182000 2.375000 0.019000 0.007000
9 2.511000 2.437000 0.171000 0.057000
6 2.960000 1.798000 0.022000 0.007000
6 2.973000 1.835000 0.024000 0.008000
4 2.978000 1.881000 0.021000 0.008000
4 2.976000 1.944000 0.020000 0.008000
4 3.657000 2.368000 0.022000 0.008000
4 3.741000 2.368000 0.020000 0.008000
4 3.857000 2.376000 0.023000 0.012000
6 2.580000 3.126000 0.010000 0.017000
4 2.649000 3.310000 0.010000 0.017000
4 2.654000 3.511000 0.009000 0.018000
6 2.706000 3.680000 0.011000 0.020000
6 2.571000 3.757000 0.010000 0.017000
6 2.639000 3.834000 0.010000 0.017000
4 2.265000 3.482000 0.011000 0.017000
4 2.337000 3.646000 0.011000 0.017000
4 2.263000 3.748000 0.010000 0.018000
6 2.326000 3.852000 0.009000 0.020000
4 2.251000 3.844000 0.009000 0.018000
11 2.721000 3.127000 0.009000 0.016000
4 2.714000 2.858000 0.009000 0.019000
6 3.676000 2.992000 0.010000 0.018000
6 3.727000 2.997000 0.011000 0.018000
5 3.780000 3.000000 0.010000 0.020000
4 3.832000 3.001000 0.010000 0.018000
6 3.926000 2.994000 0.009000 0.015000
6 3.830000 3.332000 0.021000 0.008000
4 3.818000 3.186000 0.021000 0.007000
6 3.736000 3.257000 0.022000 0.007000
6 3.732000 3.293000 0.022000 0.008000
6 3.494000 3.052000 0.021000 0.008000
4 3.503000 3.125000 0.022000 0.008000
6 3.496000 3.160000 0.020000 0.008000
4 3.497000 3.233000 0.021000 0.008000
4 3.494000 3.340000 0.021000 0.008000
4 3.018000 3.391000 0.021000 0.008000
4 3.016000 3.428000 0.020000 0.006000
4 3.010000 3.499000 0.021000 0.007000
4 3.018000 3.538000 0.021000 0.007000
4 3.012000 3.576000 0.018000 0.008000
6 3.012000 3.615000 0.018000 0.007000
6 3.014000 3.648000 0.021000 0.008000
4 3.012000 3.687000 0.020000 0.007000
5 3.023000 3.721000 0.025000 0.008000
4 3.020000 3.763000 0.020000 0.007000
6 3.329000 3.528000 0.009000 0.018000
4 3.480000 3.534000 0.008000 0.017000
6 3.237000 3.545000 0.026000 0.009000
6 3.240000 3.584000 0.020000 0.008000
4 3.234000 3.662000 0.021000 0.007000
6 3.343000 3.676000 0.008000 0.016000
4 3.388000 3.680000 0.010000 0.018000
6 3.438000 3.679000 0.009000 0.017000
4 3.676000 3.527000 0.010000 0.018000
6 3.868000 3.531000 0.010000 0.016000
6 3.982000 3.671000 0.009000 0.016000
4 3.628000 3.856000 0.010000 0.016000
4 3.983000 3.836000 0.009000 0.018000
