19 0.572793 0.015272 0.070586 0.093878
19 0.501563 0.114167 0.065000 0.081667
19 0.488125 0.235417 0.061250 0.083333
19 0.478750 0.355000 0.060000 0.080000
19 0.470938 0.457500 0.060000 0.081667
19 0.597812 0.375833 0.060000 0.075000
19 0.608125 0.290417 0.063750 0.088333
19 0.783125 0.251667 0.061250 0.080000
19 0.974431 0.265091 0.056361 0.073515
17 0.929063 0.443750 0.062500 0.078333
17 0.578750 0.557500 0.077500 0.101667
12 0.658750 0.683333 0.067500 0.093333
19 0.922500 0.632500 0.070000 0.088333
19 0.808125 0.838333 0.086250 0.113333
