9 0.391000 0.240500 0.064000 0.051000
9 0.551500 0.826250 0.071000 0.041000
6 0.643500 0.840500 0.023000 0.007000
6 0.504500 0.018250 0.011000 0.007000
4 0.520500 0.043500 0.021000 0.009000
4 0.226750 0.209250 0.011000 0.016000
6 0.241250 0.209250 0.009000 0.014000
6 0.470500 0.183250 0.021000 0.007000
4 0.300500 0.314250 0.021000 0.007000
6 0.177250 0.509500 0.025000 0.007000
4 0.566500 0.223500 0.011000 0.017000
4 0.579000 0.222500 0.008000 0.015000
5 0.596000 0.271500 0.022000 0.025000
4 0.578750 0.271000 0.021000 0.022000
6 0.111000 0.020000 0.020000 0.008000
6 0.265000 0.019000 0.016000 0.006000
6 0.336500 0.981000 0.023000 0.006000
5 0.371500 0.991000 0.011000 0.018000
4 0.240250 0.921000 0.009000 0.016000
4 0.152500 0.854250 0.015000 0.020000
6 0.427000 0.915250 0.030000 0.009000
6 0.454000 0.921750 0.010000 0.016000
6 0.470000 0.927000 0.010000 0.018000
4 0.457250 0.945500 0.010000 0.019000
4 0.501500 0.997500 0.021000 0.005000
4 0.502000 0.988500 0.020000 0.007000
4 0.571000 0.955000 0.010000 0.020000
4 0.496750 0.814750 0.020000 0.008000
5 0.749500 0.906750 0.027000 0.009000
6 0.926500 0.874750 0.015000 0.026000
4 0.975500 0.844500 0.013000 0.015000
4 0.988750 0.845750 0.013000 0.018000
6 0.679500 0.323000 0.017000 0.020000
6 0.865500 0.020250 0.021000 0.008000
