2 0.941500 0.044500 0.069000 0.029000
2 0.948500 0.054500 0.063000 0.027000
0 0.941000 0.071500 0.092000 0.041000
2 0.947500 0.092000 0.097000 0.048000
2 0.948500 0.322000 0.067000 0.024000
2 0.950000 0.347000 0.066000 0.024000
2 0.945500 0.333500 0.065000 0.025000
2 0.877000 0.406500 0.058000 0.043000
2 0.869500 0.418000 0.057000 0.044000
2 0.864000 0.427250 0.058000 0.043000
2 0.859500 0.439500 0.055000 0.045000
2 0.853000 0.450000 0.056000 0.040000
2 0.846500 0.458500 0.057000 0.045000
2 0.705000 0.117250 0.064000 0.040000
2 0.696000 0.127500 0.064000 0.041000
2 0.695000 0.141000 0.066000 0.042000
2 0.687000 0.150500 0.060000 0.037000
2 0.685000 0.162500 0.068000 0.043000
2 0.673000 0.172500 0.072000 0.039000
2 0.665250 0.180750 0.065000 0.035000
2 0.660500 0.192000 0.065000 0.036000
2 0.657000 0.203000 0.062000 0.034000
2 0.652000 0.213500 0.068000 0.039000
22 0.678750 0.369500 0.118000 0.041000
22 0.674500 0.395000 0.119000 0.036000
2 0.838000 0.748000 0.038000 0.068000
2 0.847750 0.755250 0.040000 0.069000
2 0.858000 0.763750 0.040000 0.068000
2 0.869750 0.769500 0.040000 0.067000
