9 0.720000 1.230000 0.018000 0.029000
14 1.279059 0.083372 0.049543 0.042000
14 1.744000 0.088000 0.050000 0.044000
14 1.744000 0.505000 0.050000 0.081000
14 1.276000 0.503000 0.050000 0.080000
5 2.860000 1.279000 0.028000 0.010000
4 2.679000 1.369000 0.012000 0.020000
5 3.776000 1.796000 0.022000 0.008000
6 3.954376 1.211849 0.023000 0.009984
6 2.592000 1.935000 0.020000 0.008000
6 2.599000 1.969000 0.022000 0.009000
6 2.604000 2.047000 0.022000 0.009000
6 2.616000 2.094000 0.026000 0.009000
6 2.610000 2.185000 0.023000 0.010000
6 2.618000 2.304000 0.023000 0.010000
6 2.614000 2.348000 0.027000 0.008000
6 2.612000 2.415000 0.026000 0.008000
6 2.614000 2.448000 0.025000 0.008000
4 2.618000 2.480000 0.023000 0.008000
6 2.602000 2.607000 0.027000 0.009000
6 2.614000 2.674000 0.029000 0.009000
6 2.616000 2.710000 0.030000 0.009000
6 2.604000 2.762000 0.030000 0.009000
6 2.631000 3.118000 0.034000 0.011000
4 2.352000 2.163000 0.024000 0.010000
4 2.354000 2.239000 0.021000 0.008000
4 2.362000 1.742000 0.023000 0.011000
5 1.730000 2.082000 0.013000 0.023000
4 1.284000 2.079000 0.010000 0.016000
4 1.182000 2.070000 0.009000 0.017000
4 1.356000 1.896000 0.010000 0.016000
4 1.404000 1.887000 0.010000 0.016000
4 1.602000 1.796000 0.009000 0.014000
4 1.058000 1.788000 0.009000 0.016000
6 1.715000 1.007000 0.009000 0.018000
4 1.312000 1.010000 0.010000 0.019000
4 1.160000 1.002000 0.010000 0.019000
4 1.212000 0.816000 0.012000 0.020000
4 1.262000 0.820000 0.011000 0.018000
6 0.146000 1.480000 0.023000 0.010000
4 0.140000 1.527000 0.022000 0.010000
6 0.146000 1.593000 0.019000 0.010000
4 0.146000 1.851000 0.019000 0.010000
5 0.161000 2.690000 0.029000 0.011000
4 0.146000 2.734000 0.023000 0.011000
5 3.126000 2.550000 0.015000 0.021000
5 3.168000 2.357000 0.020000 0.007000
6 2.807000 3.710000 0.006000 0.017000
