2 2.042667 0.088000 0.018667 0.044000
2 1.608000 1.759333 0.050000 0.107333
18 1.191333 2.174000 0.016667 0.030667
22 1.355333 2.700667 0.036000 0.052667
23 1.334667 2.904667 0.027333 0.056000
24 1.392000 2.994667 0.032000 0.014667
2 1.416000 3.034667 0.034667 0.014667
2 1.398000 3.061333 0.032000 0.013333
24 1.786000 2.983333 0.016667 0.028667
2 1.954000 3.096000 0.020667 0.033333
2 2.054000 3.102667 0.040667 0.069333
2 3.132000 3.210667 0.190000 0.090667
2 3.120667 3.334000 0.187333 0.088000
2 1.984667 3.105333 0.019333 0.035333
24 1.429333 2.642667 0.008000 0.009333
2 2.041333 3.709333 0.068667 0.140000
