4 3.045212 3.265543 0.022606 0.017228
4 2.874000 3.108000 0.020079 0.016000
4 3.297692 3.304461 0.021769 0.018231
4 3.320000 3.260000 0.018378 0.016000
4 3.194000 3.246000 0.021000 0.017107
4 3.214000 3.198000 0.023000 0.019633
4 3.082400 3.180800 0.020800 0.018400
4 3.084000 3.124000 0.022405 0.018000
4 2.954699 3.100411 0.020650 0.016206
4 2.840000 3.030000 0.020539 0.017000
4 2.979052 3.060643 0.022474 0.018321
4 2.876000 2.998000 0.022000 0.019055
4 2.430000 2.912000 0.021000 0.016181
6 2.702000 2.794000 0.021000 0.017400
6 2.446600 2.797800 0.027300 0.017100
4 2.680000 2.704000 0.024000 0.018651
6 2.830254 2.635824 0.020873 0.018088
4 0.200000 1.926000 0.024000 0.015222
4 2.154000 2.630000 0.021000 0.017562
3 1.614000 2.568000 0.033000 0.024149
4 1.819484 2.611756 0.022258 0.015878
4 1.925276 2.657690 0.025362 0.017569
6 1.852000 2.680000 0.020000 0.014083
4 2.022000 2.708000 0.017000 0.012310
4 1.974000 2.736000 0.019000 0.014000
6 2.178800 3.021600 0.019400 0.014800
4 2.136000 2.976000 0.020000 0.014083
4 2.032000 3.038000 0.020000 0.015400
3 1.868000 3.152000 0.024000 0.018000
6 1.779600 3.143200 0.018600 0.014400
3 1.440943 3.353484 0.035529 0.025258
4 0.528000 3.788000 0.012000 0.016528
6 0.408000 3.714000 0.022000 0.017000
6 0.858000 3.322000 0.023000 0.023532
6 0.950000 3.280000 0.019000 0.020000
6 1.025077 3.128615 0.020538 0.018308
4 2.190000 1.920000 0.021000 0.022602
6 2.386000 1.696000 0.017000 0.018329
6 2.446000 1.770000 0.017000 0.019000
6 2.810000 1.920000 0.019427 0.020000
4 3.538000 1.146000 0.023000 0.019099
4 3.634000 1.064000 0.019000 0.022249
4 3.682164 1.096608 0.013082 0.018304
3 0.300617 0.416239 0.035691 0.024119
6 0.222000 0.546000 0.021193 0.015000
5 0.684388 0.688135 0.025806 0.016067
6 0.933136 0.796473 0.027432 0.018237
6 1.157246 0.874510 0.025377 0.017255
4 2.757438 2.561101 0.018719 0.021449
4 3.274000 2.734000 0.019520 0.017000
6 3.310000 2.702000 0.023000 0.021231
6 3.350000 2.674000 0.019520 0.017000
6 3.378390 2.643512 0.017781 0.016244
4 3.413344 2.614787 0.018672 0.017393
4 3.454000 2.586000 0.019000 0.017706
4 3.487508 2.560590 0.019754 0.018295
6 3.714550 2.405115 0.018725 0.017442
6 3.644000 2.460000 0.016498 0.016000
9 2.390939 2.850475 0.188531 0.143238
