6 2.212000 2.542000 0.018000 0.007000
5 1.664000 2.368000 0.024582 0.008000
6 1.784000 2.370000 0.022000 0.007000
5 1.898000 2.374000 0.021570 0.007000
4 2.224000 1.858000 0.008000 0.017000
3 3.070000 2.202000 0.015034 0.037000
3 3.004021 2.202352 0.016010 0.034824
6 2.842000 2.226000 0.009000 0.015000
3 2.914153 2.233988 0.015076 0.027006
3 2.902000 2.126000 0.013000 0.027000
4 2.352329 1.876518 0.014165 0.020259
4 2.415305 1.787282 0.023653 0.017641
4 2.350000 1.690000 0.011000 0.017000
6 2.396000 1.690000 0.010000 0.017000
6 1.984000 1.734000 0.024666 0.009000
6 1.982000 1.696000 0.025559 0.008000
6 1.978000 1.660000 0.021000 0.008000
4 1.014000 2.110000 0.009000 0.019000
4 0.886000 2.104000 0.009000 0.016000
6 0.970000 2.108000 0.009000 0.016000
4 0.946000 2.008000 0.021000 0.008000
6 0.954000 1.954000 0.025000 0.007000
6 1.059417 1.779976 0.024291 0.007988
6 1.052000 1.744000 0.022000 0.006000
6 1.056000 1.710000 0.020000 0.007000
6 0.948000 1.776000 0.024000 0.008000
6 0.734000 1.838000 0.021000 0.007000
6 0.754000 1.802000 0.023000 0.007000
4 0.650000 1.764000 0.021000 0.008000
4 0.648000 1.932000 0.020000 0.006000
4 0.646000 1.898000 0.021760 0.009000
4 3.598000 0.030000 0.021391 0.011000
4 3.810000 0.048000 0.009000 0.018000
5 1.918000 2.238000 0.027592 0.009000
4 1.370000 2.222000 0.019000 0.007000
4 1.152000 2.218000 0.022000 0.007000
4 1.030000 2.216000 0.023000 0.008000
4 1.300000 2.310000 0.024000 0.007000
4 1.492000 2.366000 0.020000 0.007000
6 1.388000 2.362000 0.020599 0.007000
5 1.262000 2.360000 0.025000 0.008000
6 1.106000 2.354000 0.021000 0.007000
4 1.008000 2.352000 0.020000 0.008000
4 0.818000 2.348000 0.019000 0.006000
6 0.728000 2.344000 0.018000 0.006000
6 0.646000 2.342000 0.017000 0.007000
6 0.210000 2.330000 0.021000 0.007000
4 0.096000 2.328000 0.020000 0.008000
6 0.316000 2.192000 0.020000 0.006000
4 0.196000 2.190000 0.020000 0.007000
6 2.380000 2.542000 0.018000 0.009000
6 2.629204 2.749947 0.015398 0.006974
4 2.620000 2.846000 0.020000 0.007000
4 2.634000 2.978000 0.021000 0.007000
6 1.976000 2.934000 0.022000 0.007000
5 2.666000 0.422000 0.023000 0.007000
6 3.145235 1.754059 0.021382 0.009029
6 3.300000 1.756000 0.022816 0.010000
4 3.205969 1.686498 0.013016 0.016751
6 3.391397 1.533930 0.020302 0.007035
6 3.592000 1.486000 0.016000 0.007000
6 3.586000 1.520000 0.013000 0.006000
6 3.610000 1.740000 0.019000 0.008000
6 3.884000 1.596000 0.008000 0.012000
4 3.870000 1.856000 0.009000 0.020000
4 3.530000 0.524000 0.009000 0.016000
6 3.386000 0.520000 0.013042 0.024000
4 3.306000 0.538000 0.009000 0.011000
6 3.160000 0.528000 0.010053 0.016000
4 3.176000 0.690000 0.010000 0.017000
6 3.220000 0.686000 0.010000 0.017000
4 2.996000 0.692000 0.008000 0.014000
6 3.042000 0.688000 0.009000 0.016000
6 3.600000 0.674000 0.018000 0.007000
4 3.592000 0.746000 0.016000 0.007080
6 3.610000 0.894000 0.021000 0.007000
6 3.600000 1.004000 0.024000 0.010053
4 3.394000 0.930000 0.023178 0.011000
4 3.396000 0.968000 0.022000 0.008000
4 3.400639 1.040062 0.022320 0.008031
6 3.383000 1.263000 0.021500 0.021500
6 3.399000 1.297000 0.021500 0.021500
6 3.416000 1.334000 0.020000 0.019000
4 3.442000 1.362000 0.011329 0.011000
6 3.910000 0.734000 0.011000 0.015000
4 3.890000 1.276000 0.009000 0.012000
21 0.540537 3.188374 0.271000 0.217852
6 2.178000 1.472000 0.021000 0.008000
4 3.596000 1.558000 0.018000 0.007000
