4 1.525000 0.132000 0.010000 0.014000
4 1.539000 0.535000 0.010000 0.012000
4 1.546000 0.600000 0.009000 0.016000
6 1.548000 0.672000 0.010000 0.016000
6 1.546000 0.742000 0.011000 0.015000
4 1.546000 0.810000 0.009000 0.015000
6 3.692000 0.532000 0.008000 0.014000
4 1.917000 1.483000 0.021000 0.021000
4 1.977000 1.535000 0.022000 0.020000
6 2.148000 1.670000 0.020000 0.017000
6 2.288000 1.778000 0.014000 0.015000
6 2.427000 1.891000 0.020000 0.019000
6 2.733000 2.127000 0.019000 0.017000
4 0.767000 2.805000 0.019000 0.017000
4 0.886000 2.906000 0.019000 0.019000
3 1.294000 3.024000 0.035000 0.032000
6 1.230000 3.168000 0.019000 0.018000
4 1.293000 3.217000 0.017000 0.017000
6 1.768000 3.606000 0.018000 0.019000
4 2.037000 3.818000 0.015000 0.015000
6 2.226000 3.956000 0.017000 0.018000
6 2.296000 3.826000 0.020000 0.017000
4 2.364000 3.882000 0.018000 0.019000
6 2.446000 3.944000 0.019000 0.018000
6 3.348000 3.908000 0.022000 0.018000
6 3.420000 3.850000 0.020000 0.019000
6 3.931000 3.479000 0.018000 0.017000
9 1.480000 3.286000 0.078000 0.077000
4 2.119000 2.757000 0.020000 0.019000
6 2.288000 2.636000 0.018000 0.016000
6 2.376000 2.576000 0.018000 0.016000
6 2.686000 2.520000 0.015000 0.014000
4 2.774000 2.448000 0.017000 0.014000
4 3.098000 2.038000 0.017000 0.015000
6 3.170000 1.990000 0.019000 0.017000
6 3.281000 2.087000 0.016000 0.014000
5 3.387000 2.017000 0.018000 0.016000
11 3.476000 1.943000 0.020000 0.018000
6 3.349000 1.861000 0.015000 0.014000
4 3.428000 1.792000 0.020000 0.018000
4 3.921000 1.893000 0.020000 0.019000
4 3.847000 2.059000 0.018000 0.017000
9 3.693000 1.746000 0.088000 0.081000
9 3.625000 0.975000 0.055000 0.025000
4 3.715000 0.897000 0.010000 0.016000
6 3.736000 1.336000 0.010000 0.014000
4 3.730000 1.250000 0.009000 0.015000
6 3.523000 1.307000 0.009000 0.015000
4 3.525000 1.235000 0.012000 0.017000
6 3.522000 1.064000 0.011000 0.018000
4 2.585000 1.093000 0.011000 0.018000
6 1.386000 1.204000 0.021000 0.008000
6 1.146000 1.216000 0.017000 0.006000
4 0.358000 1.238000 0.021000 0.007000
4 0.120000 0.400000 0.018000 0.006000
6 0.196000 0.264000 0.020000 0.006000
4 0.292000 0.262000 0.020000 0.007000
4 0.546000 0.254000 0.021000 0.007000
6 0.898000 0.370000 0.023000 0.007000
4 1.004000 0.374000 0.018000 0.007000
6 1.230000 0.238000 0.021000 0.007000
4 1.268000 0.366000 0.022000 0.007000
6 1.372000 0.364000 0.020000 0.008000
9 1.570000 0.290000 0.037000 0.049000
4 1.644000 0.350000 0.016000 0.017000
4 1.988000 0.218000 0.018000 0.007000
4 1.740000 0.360000 0.022000 0.008000
6 1.852000 0.356000 0.014000 0.006000
4 2.026000 0.346000 0.015000 0.007000
6 2.074000 0.212000 0.019000 0.006000
6 1.971000 0.289000 0.020000 0.007000
6 2.254000 0.210000 0.023000 0.009000
4 2.356000 0.202000 0.022000 0.007000
4 2.456000 0.204000 0.022000 0.008000
4 2.814000 0.328000 0.019000 0.006000
6 2.958000 0.180000 0.019000 0.006000
4 3.062000 0.178000 0.017000 0.007000
6 3.275000 0.173000 0.019000 0.007000
6 3.374000 0.170000 0.021000 0.005000
9 3.546000 0.245000 0.047000 0.050000
6 2.297000 2.965000 0.024000 0.019000
6 0.744000 3.620000 0.016000 0.014000
6 1.949000 2.751000 0.020000 0.018000
4 1.706000 2.486000 0.009000 0.019000
4 1.965000 2.371000 0.019000 0.017000
4 2.001000 2.393000 0.019000 0.018000
4 2.026000 2.418000 0.019000 0.017000
6 1.777000 2.327000 0.017000 0.017000
6 1.299000 2.565000 0.020000 0.020000
6 0.645000 1.793000 0.018000 0.015000
4 0.148000 1.442000 0.006000 0.013000
4 1.168000 1.552000 0.008000 0.016000
4 0.464000 3.402000 0.018000 0.015000
6 2.220000 0.744000 0.010000 0.018000
6 2.175000 0.739000 0.009000 0.016000
9 1.613000 1.125000 0.043000 0.083000
