4 0.991500 0.206000 0.017000 0.018000
6 0.993250 0.824250 0.014000 0.008000
6 0.983000 0.774500 0.012000 0.007000
6 0.940500 0.823000 0.019000 0.010000
6 0.919000 0.828000 0.022000 0.010000
6 0.920000 0.874500 0.014000 0.019000
5 0.870750 0.839250 0.015000 0.023000
4 0.882500 0.855500 0.023000 0.013000
4 0.889500 0.761000 0.015000 0.010000
6 0.894750 0.722750 0.014000 0.008000
14 0.514250 0.870750 0.075000 0.100000
14 0.579250 0.858750 0.075000 0.100000
14 0.645250 0.845750 0.075000 0.099000
14 0.712250 0.832250 0.079000 0.102000
14 0.618000 0.967250 0.071000 0.074000
14 0.688750 0.959500 0.076000 0.087000
14 0.550750 0.973750 0.068000 0.061000
14 0.754250 0.950000 0.079000 0.101000
6 0.838000 0.735500 0.014000 0.007000
