6 0.300000 0.896000 0.024000 0.010000
4 1.288000 0.900000 0.022000 0.010000
4 1.164000 0.796000 0.012000 0.020000
5 1.336000 0.176000 0.026000 0.008000
9 1.945000 0.967000 0.045000 0.045000
6 2.225000 0.999000 0.022000 0.008000
4 2.515000 0.999000 0.029000 0.012000
6 2.594000 0.920000 0.027000 0.010000
3 2.466000 0.896000 0.031000 0.010000
10 2.149000 0.575000 0.021000 0.033000
6 2.836000 0.434000 0.014000 0.023000
6 2.842000 0.312000 0.011000 0.020000
6 2.646000 0.202000 0.019000 0.009000
4 3.512000 0.256000 0.028000 0.012000
6 3.476000 0.500000 0.024000 0.010000
6 3.507000 0.597000 0.026000 0.009000
9 3.822000 0.964000 0.047000 0.042000
4 0.030000 2.560000 0.009000 0.016000
6 0.027000 2.481000 0.012000 0.020000
4 0.024000 2.862000 0.013000 0.023000
6 0.996000 1.124000 0.012000 0.016000
4 1.740000 2.048000 0.012000 0.018000
4 0.773000 2.605000 0.015000 0.024000
4 0.937000 2.963000 0.012000 0.021000
6 1.737000 2.621000 0.012000 0.021000
5 2.174000 1.812000 0.023000 0.008000
4 2.115000 1.423000 0.019000 0.017000
6 2.158000 2.136000 0.023000 0.010000
6 1.438000 3.184000 0.023000 0.006000
4 2.952000 3.104000 0.010000 0.018000
4 2.948000 3.028000 0.012000 0.022000
6 2.352000 2.728000 0.024000 0.008000
4 3.745000 1.703000 0.017000 0.023000
4 3.513000 1.335000 0.027000 0.015000
6 3.872000 1.758000 0.010000 0.019000
9 1.801000 3.255000 0.072000 0.046000
4 2.100000 3.600000 0.024000 0.008000
3 2.994000 3.830000 0.023000 0.009000
6 0.737000 2.169000 0.022000 0.009000
