4 3.015000 3.556000 0.027000 0.018000
4 3.425000 3.747000 0.024000 0.016000
6 3.044000 3.668000 0.028000 0.018000
6 2.892000 3.706000 0.020000 0.019000
4 3.397000 3.099000 0.019000 0.019000
4 3.494000 3.155000 0.021000 0.020000
6 3.530000 3.184000 0.023000 0.024000
5 3.762000 3.556000 0.023000 0.022000
5 3.783000 3.369000 0.023000 0.023000
6 3.949000 3.069000 0.022000 0.021000
6 3.689000 2.953000 0.023000 0.022000
4 3.734000 2.922000 0.021000 0.021000
6 3.785000 2.903000 0.019000 0.019000
4 3.840000 2.882000 0.014000 0.013000
6 3.970000 1.730000 0.016000 0.009000
6 3.960000 1.689000 0.021000 0.010000
6 3.935000 1.657000 0.026000 0.011000
6 3.712000 1.874000 0.022000 0.009000
4 3.691000 1.771000 0.021000 0.010000
6 3.696000 1.630000 0.012000 0.019000
4 3.588000 1.542000 0.022000 0.011000
4 3.907000 1.485000 0.026000 0.011000
6 3.906000 1.452000 0.025000 0.014000
4 3.584000 1.506000 0.024000 0.013000
6 3.559000 1.465000 0.020000 0.010000
5 3.417000 1.424000 0.025000 0.008000
4 3.731000 0.931000 0.013000 0.016000
4 3.539000 0.959000 0.015000 0.020000
6 3.346000 0.796000 0.011000 0.016000
4 3.430000 0.724000 0.015000 0.020000
6 3.380000 0.720000 0.012000 0.020000
6 3.328000 0.724000 0.012000 0.018000
4 3.251000 0.617000 0.026000 0.012000
4 2.686000 0.224000 0.013000 0.020000
9 2.326000 3.226000 0.131000 0.117000
6 1.795000 2.013000 0.013000 0.017000
4 1.511000 1.999000 0.013000 0.021000
6 1.160000 1.946000 0.012000 0.017000
6 1.175000 2.025000 0.012000 0.018000
4 3.601000 2.111000 0.025000 0.012000
6 3.501000 2.135000 0.027000 0.015000
6 3.408000 2.158000 0.020000 0.011000
6 3.291000 2.179000 0.026000 0.012000
6 3.182000 2.202000 0.027000 0.013000
4 3.059000 2.227000 0.026000 0.014000
4 2.958000 2.248000 0.025000 0.014000
4 2.855000 2.267000 0.025000 0.012000
4 2.743000 2.290000 0.024000 0.013000
4 2.595000 2.233000 0.026000 0.012000
4 2.420000 2.450000 0.010000 0.017000
3 2.122000 2.590000 0.027000 0.015000
5 2.251000 2.645000 0.024000 0.012000
4 2.262000 2.676000 0.023000 0.010000
6 2.220000 2.856000 0.020000 0.020000
6 2.519000 2.673000 0.012000 0.020000
6 2.178000 2.732000 0.027000 0.014000
6 2.426000 2.902000 0.015000 0.021000
6 2.256000 2.880000 0.030000 0.030000
5 2.151000 2.883000 0.029000 0.031000
5 2.136000 2.926000 0.028000 0.031000
4 2.089000 2.937000 0.019000 0.022000
5 2.036000 2.944000 0.024000 0.026000
4 1.878000 2.774000 0.027000 0.013000
4 1.915000 2.831000 0.013000 0.020000
6 1.852000 2.798000 0.024000 0.011000
6 1.830000 2.828000 0.023000 0.012000
4 1.838000 2.870000 0.019000 0.011000
5 1.812000 2.900000 0.030000 0.012000
6 1.693000 2.839000 0.014000 0.018000
4 1.794000 3.068000 0.021000 0.012000
6 2.036000 3.091000 0.028000 0.015000
6 1.919000 3.069000 0.022000 0.011000
15 0.373000 3.196000 0.193000 0.106000
4 0.882000 2.880000 0.025000 0.010000
4 0.077000 2.683000 0.023000 0.013000
4 0.344000 2.358000 0.014000 0.015000
4 0.246000 2.274000 0.015000 0.011000
6 0.268000 2.152000 0.024000 0.012000
4 0.068000 2.098000 0.018000 0.019000
5 0.107000 2.015000 0.022000 0.026000
5 0.162000 1.258000 0.011000 0.021000
5 0.155000 1.349000 0.015000 0.022000
5 0.153000 1.715000 0.014000 0.018000
6 0.158000 1.654000 0.011000 0.013000
4 0.148000 1.790000 0.012000 0.021000
6 0.308000 1.762000 0.010000 0.019000
4 0.580000 1.674000 0.010000 0.017000
6 0.572000 1.748000 0.010000 0.018000
6 0.824000 1.750000 0.010000 0.017000
4 0.741000 1.821000 0.027000 0.010000
4 0.964000 1.820000 0.024000 0.006000
6 0.822000 1.660000 0.013000 0.020000
4 0.818000 1.328000 0.011000 0.016000
6 1.829000 1.791000 0.021000 0.008000
4 1.944000 1.782000 0.024000 0.009000
4 1.984000 1.408000 0.014000 0.020000
6 2.047000 1.399000 0.015000 0.020000
4 2.198000 1.320000 0.015000 0.020000
4 0.592000 0.918000 0.030000 0.013000
6 0.215000 1.005000 0.021000 0.015000
4 0.227000 1.101000 0.027000 0.017000
6 0.588000 1.054000 0.026000 0.009000
4 0.694000 1.106000 0.013000 0.019000
4 0.838000 1.164000 0.025000 0.018000
5 0.838000 1.076000 0.033000 0.018000
4 0.932000 1.007000 0.012000 0.019000
6 1.036000 1.010000 0.012000 0.019000
4 0.644000 0.800000 0.022000 0.010000
4 0.638000 0.766000 0.025000 0.011000
4 0.561000 0.587000 0.027000 0.011000
6 0.729000 0.575000 0.019000 0.019000
3 0.527000 0.513000 0.023000 0.009000
4 1.213000 0.579000 0.017000 0.025000
6 1.240000 0.664000 0.020000 0.028000
6 1.555000 0.661000 0.026000 0.012000
6 1.526000 0.578000 0.021000 0.011000
6 1.860000 0.554000 0.022000 0.011000
4 2.127000 0.759000 0.017000 0.022000
4 0.493000 0.025000 0.027000 0.012000
4 0.296000 0.134000 0.016000 0.021000
6 0.227000 0.139000 0.013000 0.020000
6 0.133000 0.075000 0.026000 0.012000
6 0.032000 0.083000 0.016000 0.008000
5 0.346000 1.920000 0.025000 0.010000
4 1.388000 1.156000 0.024000 0.008000
4 3.966000 2.801000 0.019000 0.018000
6 3.970000 2.398000 0.015000 0.017000
4 3.930000 1.592000 0.025000 0.006000
4 3.911000 1.522000 0.026000 0.007000
