9 0.754750 0.597750 0.041000 0.078000
9 0.853500 0.782000 0.025000 0.024000
9 0.735500 0.761000 0.023000 0.024000
9 0.038500 0.886500 0.045000 0.053000
6 0.726000 0.034500 0.010000 0.015000
6 0.712250 0.030500 0.009000 0.015000
6 0.650750 0.035250 0.009000 0.014000
6 0.639000 0.034000 0.010000 0.012000
6 0.606000 0.022500 0.018000 0.013000
4 0.616250 0.027250 0.014000 0.009000
6 0.341750 0.011750 0.013000 0.018000
6 0.201000 0.130500 0.016000 0.007000
6 0.253750 0.117750 0.018000 0.019000
6 0.261250 0.112500 0.013000 0.013000
6 0.277250 0.103750 0.018000 0.018000
4 0.296750 0.096250 0.012000 0.018000
6 0.298750 0.127250 0.021000 0.019000
4 0.278250 0.141750 0.020000 0.018000
6 0.340000 0.157000 0.016000 0.016000
6 0.414500 0.124000 0.013000 0.014000
6 0.436000 0.053250 0.016000 0.013000
6 0.468250 0.041750 0.014000 0.014000
6 0.508000 0.067500 0.018000 0.015000
6 0.546000 0.040000 0.020000 0.022000
6 0.447750 0.000000 0.002000 0.002000
4 0.105750 0.323750 0.010000 0.017000
6 0.159000 0.233000 0.012000 0.006000
11 0.149750 0.100750 0.020000 0.008000
11 0.031500 0.028000 0.017000 0.006000
4 0.049750 0.017250 0.021000 0.010000
6 0.052500 0.026500 0.017000 0.007000
11 0.053000 0.049000 0.008000 0.018000
4 0.067500 0.051500 0.007000 0.013000
4 0.076000 0.049500 0.008000 0.015000
4 0.095750 0.046250 0.011000 0.017000
4 0.112000 0.044000 0.010000 0.016000
6 0.122250 0.041750 0.010000 0.016000
4 0.132500 0.041750 0.011000 0.018000
4 0.143750 0.039250 0.010000 0.015000
6 0.176750 0.398250 0.015000 0.011000
6 0.208750 0.452750 0.019000 0.012000
6 0.237750 0.471250 0.015000 0.017000
6 0.059750 0.489500 0.017000 0.007000
6 0.190250 0.351500 0.015000 0.013000
6 0.221750 0.337750 0.015000 0.010000
6 0.238500 0.330500 0.017000 0.013000
6 0.222500 0.412500 0.019000 0.015000
6 0.246000 0.435500 0.016000 0.011000
6 0.048000 0.613000 0.022000 0.010000
4 0.020000 0.659250 0.024000 0.012000
4 0.012750 0.713750 0.012000 0.018000
4 0.029250 0.720750 0.015000 0.020000
6 0.055250 0.730000 0.011000 0.016000
6 0.023250 0.758250 0.012000 0.014000
4 0.041500 0.766000 0.015000 0.018000
4 0.052000 0.769500 0.014000 0.017000
6 0.033250 0.808250 0.025000 0.019000
3 0.151750 0.909750 0.021000 0.010000
6 0.177250 0.915250 0.018000 0.009000
6 0.205250 0.922750 0.016000 0.009000
6 0.238000 0.929000 0.014000 0.008000
6 0.164250 0.938750 0.020000 0.012000
5 0.316750 0.880250 0.011000 0.021000
11 0.312500 0.916000 0.009000 0.014000
11 0.321000 0.930000 0.006000 0.014000
4 0.345000 0.950500 0.016000 0.009000
6 0.364750 0.953250 0.014000 0.008000
6 0.571750 0.977750 0.013000 0.007000
6 0.488250 0.830750 0.012000 0.018000
6 0.502500 0.838000 0.011000 0.016000
6 0.509000 0.857250 0.016000 0.008000
4 0.507250 0.716250 0.017000 0.010000
6 0.642250 0.756750 0.019000 0.009000
6 0.835000 0.789000 0.014000 0.008000
4 0.813750 0.873750 0.012000 0.015000
6 0.723000 0.903500 0.022000 0.011000
6 0.717000 0.910500 0.018000 0.007000
4 0.714500 0.918500 0.017000 0.009000
4 0.710750 0.926250 0.016000 0.010000
6 0.817000 0.636000 0.014000 0.016000
4 0.893000 0.986750 0.016000 0.016000
4 0.974000 0.914500 0.018000 0.019000
6 0.920750 0.946250 0.014000 0.014000
4 0.999000 0.916500 0.000000 0.001000
4 0.828500 0.570000 0.015000 0.006000
3 0.874500 0.563500 0.021000 0.009000
4 0.934500 0.537000 0.011000 0.016000
4 0.946750 0.534750 0.011000 0.014000
4 0.958500 0.534500 0.011000 0.017000
4 0.977250 0.528250 0.013000 0.018000
4 0.987750 0.527750 0.015000 0.020000
6 0.864750 0.486250 0.012000 0.017000
4 0.164750 0.558750 0.016000 0.009000
4 0.423500 0.507000 0.021000 0.016000
4 0.404500 0.548000 0.015000 0.014000
4 0.319750 0.430500 0.021000 0.013000
4 0.353500 0.434500 0.017000 0.017000
4 0.356750 0.425250 0.018000 0.020000
4 0.380750 0.360750 0.014000 0.013000
4 0.456500 0.326500 0.019000 0.015000
6 0.309250 0.356250 0.015000 0.014000
4 0.494500 0.269000 0.013000 0.014000
4 0.298500 0.320000 0.019000 0.016000
4 0.296750 0.287750 0.017000 0.014000
4 0.303250 0.294500 0.018000 0.017000
4 0.339000 0.277500 0.010000 0.015000
4 0.354500 0.275000 0.019000 0.018000
6 0.385750 0.216750 0.016000 0.014000
4 0.396250 0.175250 0.016000 0.016000
6 0.448000 0.145000 0.016000 0.016000
6 0.456000 0.139500 0.016000 0.017000
6 0.470500 0.180500 0.015000 0.015000
6 0.477250 0.174750 0.016000 0.016000
6 0.485500 0.169500 0.017000 0.019000
6 0.493250 0.164500 0.019000 0.019000
4 0.501500 0.160000 0.015000 0.016000
6 0.529250 0.205750 0.015000 0.017000
6 0.562500 0.183000 0.013000 0.014000
6 0.496250 0.225000 0.016000 0.016000
11 0.578000 0.088500 0.022000 0.021000
6 0.601500 0.106500 0.015000 0.015000
6 0.592000 0.127500 0.014000 0.013000
6 0.557500 0.317000 0.009000 0.016000
6 0.631750 0.209750 0.014000 0.013000
6 0.677000 0.200500 0.018000 0.017000
6 0.684750 0.205250 0.018000 0.017000
4 0.692250 0.211750 0.018000 0.016000
4 0.752250 0.258750 0.019000 0.021000
4 0.790000 0.228500 0.018000 0.013000
4 0.781500 0.241000 0.019000 0.014000
3 0.563250 0.399750 0.022000 0.018000
4 0.553250 0.424250 0.017000 0.018000
6 0.617750 0.435250 0.021000 0.017000
4 0.953500 0.878500 0.009000 0.011000
4 0.765750 0.356000 0.018000 0.014000
4 0.826750 0.317750 0.016000 0.017000
6 0.882750 0.289250 0.021000 0.007000
4 0.969000 0.289500 0.006000 0.015000
6 0.917000 0.287250 0.018000 0.007000
6 0.849500 0.225500 0.011000 0.019000
6 0.865000 0.224000 0.008000 0.016000
4 0.875750 0.222500 0.009000 0.017000
4 0.899250 0.219250 0.011000 0.018000
4 0.911500 0.219000 0.009000 0.016000
6 0.742250 0.147750 0.008000 0.015000
4 0.761500 0.146500 0.011000 0.017000
4 0.772500 0.149000 0.007000 0.012000
4 0.783000 0.148500 0.008000 0.015000
4 0.833500 0.134000 0.009000 0.014000
4 0.843500 0.134000 0.009000 0.014000
6 0.898000 0.132000 0.020000 0.006000
4 0.853000 0.022500 0.008000 0.015000
