6 0.459500 0.776500 0.037000 0.021000
4 0.319500 0.881500 0.011000 0.013000
4 0.271000 0.800000 0.016000 0.020000
6 0.293000 0.794000 0.016000 0.020000
4 0.346250 0.778750 0.015000 0.020000
4 0.407250 0.761250 0.016000 0.019000
5 0.552000 0.604000 0.016000 0.024000
6 0.549750 0.578750 0.013000 0.023000
6 0.574750 0.554250 0.020000 0.012000
4 0.572000 0.543000 0.022000 0.010000
5 0.525250 0.552750 0.025000 0.011000
5 0.517750 0.534250 0.030000 0.014000
5 0.564500 0.524250 0.023000 0.012000
4 0.510000 0.508000 0.018000 0.010000
4 0.556250 0.487250 0.018000 0.009000
4 0.504750 0.497750 0.020000 0.013000
6 0.501250 0.488250 0.020000 0.010000
5 0.574250 0.406250 0.018000 0.025000
5 0.537500 0.413000 0.029000 0.012000
6 0.245000 0.408250 0.026000 0.008000
6 0.244750 0.397250 0.026000 0.012000
5 0.217000 0.385000 0.028000 0.010000
4 0.338250 0.399250 0.012000 0.017000
11 0.041500 0.290500 0.013000 0.025000
21 0.180750 0.659250 0.446000 0.279000
