4 0.058750 0.021250 0.008000 0.019000
6 0.030250 0.064750 0.022000 0.008000
4 0.015750 0.096250 0.010000 0.012000
4 0.030750 0.096750 0.010000 0.017000
4 0.039250 0.145750 0.012000 0.016000
4 0.051000 0.148500 0.010000 0.015000
5 0.063000 0.102000 0.032000 0.014000
4 0.070500 0.090000 0.015000 0.008000
5 0.256500 0.124750 0.025000 0.027000
4 0.281500 0.158000 0.009000 0.014000
6 0.293250 0.155750 0.011000 0.019000
6 0.332500 0.154500 0.025000 0.009000
4 0.349000 0.075000 0.010000 0.018000
4 0.400750 0.077750 0.026000 0.010000
6 0.405250 0.088750 0.023000 0.011000
4 0.501250 0.077750 0.023000 0.011000
6 0.508000 0.060000 0.024000 0.014000
4 0.531500 0.054500 0.011000 0.017000
4 0.549000 0.074500 0.018000 0.019000
4 0.561750 0.053250 0.013000 0.020000
4 0.573500 0.050500 0.013000 0.019000
4 0.585500 0.049000 0.011000 0.018000
4 0.598500 0.048500 0.011000 0.019000
6 0.659500 0.121000 0.011000 0.020000
4 0.726250 0.111750 0.015000 0.021000
6 0.958500 0.018750 0.011000 0.016000
6 0.988500 0.041250 0.023000 0.009000
4 0.991000 0.033500 0.018000 0.007000
10 0.987750 0.023750 0.025000 0.015000
4 0.180000 0.195000 0.012000 0.018000
31 0.096500 0.168000 0.055000 0.014000
4 0.242500 0.188000 0.019000 0.006000
6 0.950000 0.152500 0.022000 0.009000
6 0.918250 0.142250 0.024000 0.008000
5 0.883250 0.146750 0.029000 0.011000
4 0.614000 0.174000 0.022000 0.008000
4 0.592000 0.177000 0.024000 0.008000
6 0.538250 0.181250 0.024000 0.009000
6 0.413500 0.194500 0.021000 0.009000
4 0.389250 0.197250 0.022000 0.009000
6 0.333500 0.201000 0.021000 0.008000
6 0.307750 0.204250 0.026000 0.008000
4 0.252000 0.209500 0.028000 0.009000
4 0.018250 0.197250 0.013000 0.010000
4 0.040000 0.459000 0.018000 0.006000
4 0.059500 0.543000 0.019000 0.006000
5 0.062000 0.706000 0.026000 0.008000
5 0.143250 0.258750 0.019000 0.027000
4 0.124500 0.313250 0.015000 0.024000
4 0.156000 0.281500 0.016000 0.023000
6 0.137500 0.345500 0.015000 0.021000
5 0.114250 0.346750 0.018000 0.026000
5 0.095000 0.328500 0.030000 0.011000
4 0.106750 0.417000 0.017000 0.018000
6 0.297000 0.269500 0.012000 0.019000
4 0.357750 0.237250 0.011000 0.020000
6 0.369500 0.237500 0.009000 0.019000
4 0.432250 0.234750 0.010000 0.016000
4 0.438000 0.260250 0.012000 0.022000
4 0.416000 0.301500 0.014000 0.007000
4 0.499750 0.199750 0.010000 0.017000
6 0.805250 0.198750 0.011000 0.017000
6 0.808250 0.216750 0.011000 0.018000
4 0.811250 0.237250 0.009000 0.019000
4 0.795250 0.251250 0.023000 0.010000
4 0.798750 0.273250 0.022000 0.010000
4 0.822750 0.294250 0.009000 0.015000
6 0.826500 0.311000 0.011000 0.016000
4 0.748750 0.336250 0.014000 0.020000
4 0.754500 0.358000 0.013000 0.020000
4 0.762500 0.299000 0.009000 0.014000
4 0.782500 0.239000 0.007000 0.012000
4 0.680750 0.268250 0.012000 0.018000
4 0.714250 0.266750 0.012000 0.018000
4 0.698000 0.288750 0.012000 0.019000
4 0.685000 0.289000 0.012000 0.018000
6 0.673000 0.288000 0.012000 0.018000
4 0.662500 0.292000 0.011000 0.018000
4 0.652750 0.319750 0.011000 0.018000
4 0.677000 0.343500 0.012000 0.019000
4 0.559250 0.370750 0.016000 0.014000
4 0.552250 0.360500 0.013000 0.013000
4 0.463500 0.340500 0.009000 0.011000
4 0.401500 0.375000 0.011000 0.020000
6 0.215750 0.360250 0.013000 0.021000
4 0.219250 0.391750 0.014000 0.026000
4 0.834250 0.396250 0.025000 0.008000
6 0.771000 0.403000 0.022000 0.008000
4 0.637750 0.417250 0.020000 0.009000
4 0.575500 0.424500 0.025000 0.009000
4 0.545750 0.427750 0.022000 0.009000
4 0.518000 0.430750 0.022000 0.008000
4 0.463250 0.436750 0.022000 0.008000
4 0.390500 0.444000 0.023000 0.010000
4 0.368500 0.428500 0.019000 0.007000
4 0.309750 0.451250 0.025000 0.008000
4 0.198750 0.462750 0.027000 0.010000
4 0.226250 0.486750 0.010000 0.016000
4 0.238750 0.484250 0.013000 0.019000
4 0.262250 0.476750 0.013000 0.019000
5 0.347000 0.524500 0.012000 0.023000
4 0.363250 0.469750 0.010000 0.016000
4 0.419250 0.523250 0.027000 0.012000
4 0.434750 0.485750 0.010000 0.016000
4 0.440500 0.456000 0.013000 0.020000
4 0.469750 0.483250 0.011000 0.018000
4 0.482500 0.482500 0.009000 0.019000
4 0.499000 0.482500 0.012000 0.019000
4 0.594500 0.495500 0.023000 0.011000
6 0.578250 0.504750 0.023000 0.011000
4 0.598750 0.505250 0.020000 0.013000
6 0.604000 0.442000 0.012000 0.018000
6 0.697500 0.454500 0.009000 0.019000
6 0.807250 0.480250 0.011000 0.018000
4 0.822750 0.458250 0.019000 0.019000
6 0.831500 0.453000 0.017000 0.020000
4 0.843000 0.556500 0.018000 0.021000
6 0.829750 0.560250 0.017000 0.019000
4 0.820250 0.543250 0.017000 0.020000
6 0.747000 0.530750 0.024000 0.022000
5 0.735500 0.539500 0.021000 0.015000
4 0.711000 0.599000 0.012000 0.020000
4 0.681250 0.515750 0.013000 0.011000
6 0.659500 0.518000 0.015000 0.018000
6 0.645500 0.520000 0.011000 0.018000
4 0.633500 0.520500 0.013000 0.019000
4 0.632000 0.542500 0.008000 0.017000
4 0.577250 0.552250 0.012000 0.013000
4 0.563000 0.555500 0.010000 0.011000
4 0.663250 0.629750 0.012000 0.018000
4 0.484500 0.566500 0.009000 0.009000
4 0.452000 0.570000 0.024000 0.012000
4 0.453250 0.579750 0.023000 0.011000
4 0.456500 0.587500 0.023000 0.011000
4 0.456500 0.597500 0.021000 0.009000
4 0.275750 0.621250 0.024000 0.010000
4 0.322250 0.638750 0.009000 0.017000
4 0.327250 0.655750 0.011000 0.018000
6 0.164000 0.588500 0.012000 0.017000
4 0.152250 0.591750 0.014000 0.018000
6 0.804750 0.636250 0.020000 0.010000
6 0.854750 0.630750 0.024000 0.008000
6 0.907500 0.626000 0.023000 0.008000
4 0.971750 0.616750 0.023000 0.011000
6 0.226000 0.918000 0.020000 0.010000
5 0.523250 0.814250 0.014000 0.023000
4 0.876750 0.290250 0.022000 0.010000
4 0.878500 0.300500 0.019000 0.015000
4 0.966500 0.204000 0.021000 0.008000
4 0.905000 0.348000 0.024000 0.018000
6 0.988750 0.412750 0.021000 0.016000
4 0.962250 0.414750 0.021000 0.017000
4 0.982500 0.404500 0.021000 0.015000
6 0.973500 0.467000 0.013000 0.014000
4 0.916500 0.394000 0.015000 0.018000
5 0.903750 0.377750 0.020000 0.022000
4 0.761750 0.737250 0.024000 0.011000
4 0.934250 0.658750 0.019000 0.023000
6 0.969500 0.658500 0.015000 0.019000
6 0.982750 0.653750 0.018000 0.021000
6 0.832500 0.743500 0.019000 0.019000
6 0.839750 0.752750 0.017000 0.020000
4 0.851000 0.755000 0.014000 0.016000
5 0.888000 0.809000 0.018000 0.020000
4 0.898250 0.858250 0.018000 0.013000
9 0.181250 0.195250 0.070000 0.067000
9 0.098500 0.467250 0.051000 0.048000
9 0.993000 0.521000 0.046000 0.046000
4 0.411750 0.278750 0.020000 0.009000
9 0.118250 0.725000 0.065000 0.064000
