6 0.764000 0.336000 0.010000 0.022000
4 3.378000 0.626000 0.021000 0.007000
4 0.994000 3.822000 0.021000 0.009000
4 0.236000 3.866000 0.020000 0.009000
4 0.858000 2.508000 0.021000 0.010000
4 0.058000 2.388000 0.019000 0.010000
4 0.462000 2.384000 0.019000 0.008000
5 0.581000 2.381000 0.022000 0.010000
6 0.700000 2.218000 0.012000 0.021000
4 0.144000 1.870000 0.010000 0.015000
4 0.106000 1.882000 0.009000 0.015000
4 0.446000 1.114000 0.021000 0.009000
4 0.524000 1.178000 0.018000 0.007000
4 0.127000 1.173000 0.024000 0.012000
4 0.478000 0.882000 0.013000 0.021000
4 1.224000 0.670000 0.010000 0.021000
4 1.390000 1.475000 0.013000 0.019000
4 1.228000 1.630000 0.010000 0.019000
4 1.342000 1.830000 0.017000 0.021000
6 1.425000 1.765000 0.012000 0.016000
4 1.455000 1.859000 0.015000 0.020000
6 1.492000 1.946000 0.014000 0.019000
6 1.525000 2.026000 0.017000 0.019000
4 1.581000 2.113000 0.018000 0.021000
4 2.197000 3.217000 0.022000 0.015000
4 1.768000 3.260000 0.012000 0.016000
3 2.300000 3.776000 0.048000 0.012000
4 2.688000 3.286000 0.012000 0.019000
4 2.290000 1.182000 0.021000 0.011000
4 2.288000 1.138000 0.020000 0.009000
4 2.288000 1.098000 0.018000 0.009000
4 2.284000 1.052000 0.018000 0.008000
4 2.284000 0.944000 0.020000 0.010000
6 2.287000 0.785000 0.020000 0.012000
9 1.881000 3.819000 0.081000 0.063000
4 3.703000 3.871000 0.020000 0.010000
4 3.636000 3.830000 0.020000 0.009000
6 3.856000 3.208000 0.010000 0.016000
4 3.910000 3.214000 0.011000 0.017000
4 3.403000 3.173000 0.024000 0.014000
4 3.856000 0.626000 0.022000 0.009000
4 3.742000 0.630000 0.025000 0.009000
4 3.598000 0.624000 0.023000 0.008000
4 3.957000 0.829000 0.019000 0.022000
4 3.944000 1.018000 0.018000 0.021000
6 3.888000 1.016000 0.018000 0.020000
4 3.818000 1.002000 0.021000 0.023000
4 3.763000 0.999000 0.021000 0.022000
4 3.714000 1.008000 0.019000 0.020000
4 3.662000 1.010000 0.019000 0.023000
6 3.910000 0.827000 0.019000 0.020000
6 3.857000 0.827000 0.021000 0.024000
4 3.845000 0.763000 0.018000 0.021000
4 3.799000 0.827000 0.020000 0.022000
6 3.795000 0.759000 0.018000 0.021000
4 3.737000 0.753000 0.020000 0.021000
4 3.688000 0.824000 0.020000 0.022000
4 3.743000 0.819000 0.017000 0.018000
4 3.676000 0.756000 0.020000 0.022000
6 3.632000 0.750000 0.020000 0.023000
4 3.570000 0.824000 0.019000 0.020000
4 3.575000 0.759000 0.019000 0.020000
4 3.519000 0.823000 0.018000 0.021000
4 3.516000 0.760000 0.018000 0.020000
4 3.467000 0.825000 0.018000 0.020000
4 3.464000 0.758000 0.018000 0.021000
4 3.406000 0.822000 0.019000 0.021000
