18 1.593333 0.288667 0.067333 0.042000
2 2.146667 0.506000 0.052000 0.028667
0 2.687333 0.830667 0.158667 0.082000
2 2.368000 2.826667 0.130667 0.065333
2 2.409333 2.786667 0.118000 0.060000
2 2.445333 2.742667 0.118000 0.059333
18 2.676000 2.775333 0.032667 0.009333
18 2.286667 3.674667 0.063333 0.013333
7 2.472000 3.617333 0.006667 0.018000
7 2.500000 3.613333 0.007333 0.018667
24 2.553333 3.632000 0.019333 0.028000
24 2.644667 3.626667 0.018000 0.026667
18 2.864000 3.591333 0.049333 0.010667
18 2.878667 3.624000 0.040667 0.010667
18 2.842000 3.530667 0.042000 0.006667
22 2.216000 3.614667 0.106667 0.019333
22 2.594667 3.553333 0.080000 0.011333
18 2.842667 3.558667 0.045333 0.007333
26 2.853333 3.254667 0.066667 0.040667
8 3.773333 0.154667 0.021333 0.024000
8 3.552000 0.165333 0.006667 0.018667
