6 1.862000 3.180000 0.009000 0.018000
6 2.246000 0.176000 0.009000 0.014000
4 1.490000 0.500000 0.023000 0.008000
6 1.338000 0.502000 0.021000 0.007000
6 1.092000 0.498000 0.020000 0.007000
4 0.906000 0.502000 0.021000 0.007000
4 2.932000 0.500000 0.020000 0.008000
6 2.914000 0.712000 0.009000 0.016000
4 3.950000 1.724000 0.021000 0.008000
4 3.433000 1.723000 0.023000 0.008000
4 3.278000 1.722000 0.021000 0.007000
6 3.510000 1.818000 0.021000 0.007000
4 3.228000 1.816000 0.024000 0.008000
6 2.478000 2.972000 0.021000 0.006000
9 2.304000 0.548000 0.054000 0.054000
4 0.038000 3.676000 0.011000 0.016000
6 3.228000 0.802000 0.008000 0.015000
6 0.686000 0.500000 0.015000 0.006000
6 2.368000 1.366000 0.008000 0.013000
6 2.366000 0.186000 0.009000 0.015000
4 0.968000 0.590000 0.022000 0.007000
4 1.136000 0.594000 0.020000 0.007000
5 2.246000 1.846000 0.009000 0.019000
4 1.264000 0.594000 0.018000 0.007000
6 0.800000 3.014000 0.016000 0.007000
6 3.508000 2.904000 0.018000 0.006000
6 3.364000 2.908000 0.026000 0.008000
4 3.332000 3.216000 0.010000 0.016000
6 3.616000 1.816000 0.018000 0.006000
6 3.798000 1.816000 0.017000 0.006000
