9 3.110000 2.002000 0.033000 0.019000
9 0.779000 0.468000 0.046000 0.034000
6 0.206000 3.216000 0.017000 0.006000
6 0.010000 2.798000 0.005000 0.007000
6 0.027000 2.929000 0.010000 0.016000
6 0.296000 0.644000 0.010000 0.016000
6 0.395000 0.349000 0.015000 0.019000
6 0.471000 0.444000 0.014000 0.018000
4 0.566000 0.418000 0.015000 0.019000
3 0.638000 0.340000 0.009000 0.014000
3 0.650000 0.410000 0.009000 0.013000
6 0.336000 0.632000 0.012000 0.018000
6 0.668000 1.138000 0.008000 0.015000
4 0.648000 1.198000 0.020000 0.007000
4 0.772000 1.958000 0.008000 0.015000
6 0.858000 1.964000 0.009000 0.014000
6 0.356000 2.868000 0.020000 0.016000
6 0.712000 3.036000 0.016000 0.018000
6 0.753000 3.603000 0.018000 0.017000
6 0.772000 3.658000 0.016000 0.015000
4 0.764000 3.744000 0.018000 0.018000
6 0.959000 3.233000 0.018000 0.016000
6 1.037000 3.196000 0.020000 0.016000
6 1.099000 2.965000 0.018000 0.014000
6 1.233000 2.581000 0.015000 0.018000
6 1.453000 2.243000 0.007000 0.013000
6 0.906000 1.960000 0.009000 0.016000
6 1.374000 1.584000 0.011000 0.016000
4 0.984000 1.486000 0.006000 0.015000
6 1.140000 1.092000 0.010000 0.018000
6 1.184000 1.096000 0.010000 0.020000
6 0.972000 0.390000 0.018000 0.007000
4 0.966000 0.322000 0.017000 0.007000
6 0.872000 0.270000 0.018000 0.007000
6 1.560000 0.174000 0.010000 0.017000
6 1.703000 0.197000 0.011000 0.019000
6 1.752000 0.206000 0.010000 0.017000
5 2.009000 0.195000 0.012000 0.028000
5 1.805000 0.205000 0.012000 0.021000
4 2.152000 0.890000 0.020000 0.007000
6 1.902000 1.224000 0.017000 0.008000
4 1.730000 1.618000 0.019000 0.009000
4 2.084000 1.734000 0.008000 0.013000
6 2.221000 2.277000 0.012000 0.017000
6 2.118000 2.500000 0.013000 0.014000
4 1.759000 2.609000 0.015000 0.020000
6 1.794000 2.628000 0.015000 0.016000
4 1.898000 2.675000 0.019000 0.021000
3 1.609000 2.863000 0.011000 0.016000
6 1.650000 2.856000 0.011000 0.018000
6 1.704000 2.850000 0.010000 0.015000
6 1.740000 2.840000 0.010000 0.016000
6 1.783000 2.835000 0.008000 0.013000
6 1.820000 2.825000 0.010000 0.015000
6 1.334000 3.382000 0.017000 0.015000
6 1.346000 3.687000 0.015000 0.014000
4 2.302000 3.182000 0.019000 0.019000
6 2.346000 2.924000 0.017000 0.016000
4 2.522000 2.716000 0.019000 0.018000
4 2.416000 1.646000 0.026000 0.013000
4 2.342000 1.214000 0.021000 0.009000
6 2.396000 1.028000 0.020000 0.012000
6 2.392000 0.590000 0.016000 0.007000
6 2.448000 0.248000 0.006000 0.016000
6 2.736000 0.048000 0.022000 0.010000
4 2.762000 0.934000 0.007000 0.015000
6 3.175000 2.063000 0.014000 0.013000
6 3.197000 2.091000 0.018000 0.014000
3 3.219000 2.230000 0.013000 0.013000
6 2.753000 2.045000 0.016000 0.009000
6 2.758000 2.204000 0.011000 0.014000
6 2.735000 2.603000 0.018000 0.017000
6 3.134000 2.900000 0.017000 0.016000
4 2.852000 3.216000 0.018000 0.018000
6 2.886000 3.192000 0.017000 0.016000
6 2.917000 3.172000 0.016000 0.016000
6 2.946000 3.150000 0.019000 0.019000
4 3.177000 3.116000 0.017000 0.020000
4 3.212000 3.100000 0.016000 0.020000
3 3.255000 3.085000 0.012000 0.014000
6 3.292000 3.072000 0.014000 0.016000
6 3.256000 3.234000 0.008000 0.015000
4 3.170000 3.256000 0.021000 0.018000
6 3.470000 2.784000 0.021000 0.020000
6 3.506000 2.772000 0.019000 0.018000
6 3.551000 2.767000 0.021000 0.019000
6 3.578000 2.750000 0.019000 0.017000
3 3.649000 2.775000 0.013000 0.016000
3 3.878000 1.928000 0.017000 0.016000
4 3.915000 1.953000 0.020000 0.018000
4 3.957000 1.985000 0.022000 0.019000
6 3.952000 1.640000 0.016000 0.014000
4 3.903000 2.655000 0.012000 0.018000
6 1.816000 3.464000 0.016000 0.016000
6 3.566000 2.690000 0.019000 0.019000
