14 3.203000 2.485000 0.074000 0.098000
3 1.063000 0.591000 0.030000 0.019000
11 2.185000 1.347000 0.029000 0.012000
4 2.049000 1.615000 0.020000 0.014000
6 1.665000 1.739000 0.017000 0.011000
4 1.595000 1.771000 0.022000 0.015000
4 1.846000 1.770000 0.007000 0.013000
6 1.968000 1.770000 0.008000 0.015000
6 1.376000 2.084000 0.006000 0.016000
4 1.516000 2.106000 0.006000 0.011000
11 1.720000 2.608000 0.020000 0.008000
3 0.392000 3.038000 0.042000 0.035000
3 0.599000 2.987000 0.033000 0.030000
3 2.290000 2.858000 0.011000 0.023000
3 1.858000 3.100000 0.035000 0.010000
11 1.435000 2.945000 0.023000 0.021000
6 1.789000 3.188000 0.018000 0.016000
4 1.760000 3.211000 0.018000 0.017000
6 1.929000 3.267000 0.020000 0.020000
6 1.809000 3.361000 0.019000 0.018000
6 1.691000 3.441000 0.017000 0.016000
4 2.263000 3.365000 0.013000 0.012000
4 2.291000 3.252000 0.012000 0.018000
4 2.320000 3.226000 0.010000 0.015000
30 1.062000 3.816000 0.051000 0.024000
6 1.644000 3.950000 0.018000 0.007000
6 1.648000 3.914000 0.016000 0.007000
3 2.354000 3.951000 0.016000 0.026000
3 2.306000 3.894000 0.021000 0.054000
4 2.696000 3.042000 0.014000 0.027000
3 2.561000 2.323000 0.019000 0.043000
3 2.490000 2.340000 0.015000 0.030000
3 3.010000 0.364000 0.017000 0.046000
11 2.610000 2.622000 0.015000 0.031000
3 2.586000 2.778000 0.017000 0.027000
6 2.577000 2.879000 0.010000 0.016000
11 2.555000 2.999000 0.018000 0.037000
11 2.536000 3.144000 0.018000 0.038000
11 2.508000 3.314000 0.018000 0.033000
6 2.558000 3.374000 0.009000 0.015000
6 2.568000 3.272000 0.012000 0.020000
5 3.623000 2.489000 0.014000 0.019000
5 3.687000 2.627000 0.011000 0.014000
6 3.464000 0.216000 0.016000 0.008000
6 3.463000 0.282000 0.016000 0.007000
6 3.476000 0.348000 0.016000 0.008000
4 3.484000 0.406000 0.020000 0.009000
4 3.487000 0.439000 0.019000 0.010000
6 3.508000 0.566000 0.020000 0.007000
4 3.463000 0.248000 0.015000 0.008000
6 3.474000 0.316000 0.015000 0.006000
4 3.503000 0.531000 0.019000 0.007000
4 3.508000 0.596000 0.014000 0.006000
6 3.509000 0.669000 0.018000 0.008000
4 3.795000 0.791000 0.020000 0.012000
6 3.801000 0.823000 0.021000 0.011000
6 3.814000 0.854000 0.021000 0.011000
4 3.823000 0.891000 0.019000 0.010000
6 3.846000 0.954000 0.021000 0.011000
4 3.859000 0.987000 0.020000 0.009000
4 3.862000 0.790000 0.011000 0.017000
4 3.897000 0.785000 0.011000 0.016000
6 3.880000 0.863000 0.014000 0.019000
4 3.924000 0.858000 0.012000 0.017000
6 3.320000 0.910000 0.014000 0.009000
4 3.544000 0.984000 0.018000 0.010000
4 3.564000 1.052000 0.020000 0.010000
4 3.570000 1.084000 0.017000 0.010000
6 3.585000 1.117000 0.021000 0.012000
4 3.598000 1.150000 0.019000 0.011000
4 3.606000 1.184000 0.019000 0.010000
6 3.614000 1.216000 0.021000 0.012000
4 3.624000 1.248000 0.016000 0.008000
6 3.639000 1.273000 0.018000 0.010000
4 3.651000 1.309000 0.018000 0.010000
6 3.677000 1.384000 0.017000 0.010000
4 3.682000 1.416000 0.015000 0.010000
4 3.687000 1.449000 0.019000 0.010000
6 3.698000 1.482000 0.019000 0.011000
6 3.718000 1.518000 0.021000 0.011000
4 3.769000 1.667000 0.018000 0.010000
6 3.764000 1.704000 0.018000 0.010000
4 3.782000 1.732000 0.021000 0.012000
4 3.806000 1.796000 0.021000 0.012000
4 3.826000 1.858000 0.021000 0.011000
6 3.849000 1.921000 0.022000 0.011000
6 3.860000 1.954000 0.022000 0.011000
6 3.882000 2.016000 0.015000 0.008000
6 3.899000 2.083000 0.019000 0.010000
4 3.624000 0.962000 0.022000 0.013000
6 3.395000 1.050000 0.019000 0.011000
4 3.414000 1.086000 0.017000 0.011000
4 3.429000 1.117000 0.017000 0.012000
6 3.429000 1.181000 0.014000 0.008000
4 3.631000 0.999000 0.021000 0.010000
4 3.644000 1.034000 0.020000 0.011000
4 3.653000 1.063000 0.020000 0.011000
4 3.663000 1.099000 0.019000 0.011000
6 3.688000 1.162000 0.020000 0.011000
6 3.692000 1.194000 0.018000 0.009000
6 3.707000 1.227000 0.021000 0.010000
6 3.715000 1.261000 0.016000 0.009000
6 3.731000 1.291000 0.020000 0.010000
4 3.473000 1.277000 0.017000 0.008000
6 3.487000 1.305000 0.016000 0.010000
4 3.503000 1.339000 0.021000 0.010000
4 3.527000 1.421000 0.021000 0.011000
4 3.552000 1.488000 0.018000 0.010000
4 3.559000 1.517000 0.020000 0.011000
4 3.574000 1.552000 0.019000 0.012000
4 3.801000 1.497000 0.015000 0.010000
6 3.784000 1.466000 0.020000 0.011000
4 3.780000 1.434000 0.016000 0.009000
4 3.767000 1.405000 0.017000 0.009000
4 3.753000 1.371000 0.015000 0.008000
4 3.857000 1.687000 0.022000 0.011000
4 3.868000 1.720000 0.020000 0.010000
4 3.890000 1.780000 0.021000 0.012000
4 3.609000 1.775000 0.019000 0.010000
6 3.636000 1.804000 0.018000 0.008000
6 3.636000 1.836000 0.018000 0.010000
4 3.649000 1.864000 0.019000 0.008000
4 3.667000 1.893000 0.017000 0.009000
6 3.681000 1.923000 0.016000 0.008000
4 3.687000 1.953000 0.021000 0.011000
4 3.701000 1.989000 0.016000 0.009000
4 3.934000 1.902000 0.019000 0.009000
4 3.943000 1.931000 0.021000 0.011000
6 3.706000 2.019000 0.019000 0.010000
6 3.711000 2.053000 0.018000 0.012000
6 3.721000 2.083000 0.020000 0.010000
11 3.732000 2.112000 0.020000 0.010000
4 3.747000 2.143000 0.019000 0.010000
6 3.765000 2.178000 0.016000 0.009000
6 3.967000 2.029000 0.017000 0.012000
6 3.973000 2.064000 0.014000 0.010000
