6 0.044000 0.788000 0.018000 0.018000
4 1.136000 0.414000 0.022249 0.019000
6 1.304480 0.322640 0.023760 0.021320
6 0.194368 0.265805 0.021184 0.016903
6 3.064000 1.626000 0.024000 0.009000
4 2.873540 1.418498 0.018770 0.019249
4 2.942000 1.348000 0.021000 0.016181
4 3.206000 1.420000 0.017000 0.018483
4 3.092388 1.350135 0.026427 0.017067
4 3.586000 1.890000 0.009000 0.019000
4 3.088320 3.245760 0.022160 0.011120
6 3.006000 2.978000 0.013000 0.017000
6 2.612000 2.694000 0.010000 0.017000
4 1.311009 3.289133 0.021504 0.022566
4 2.214000 3.340000 0.013045 0.018000
4 3.754000 3.506000 0.013000 0.018200
6 0.665200 3.907600 0.018600 0.022200
