6 0.300000 0.652000 0.020000 0.020000
6 0.338000 0.682000 0.019000 0.019000
6 0.509000 0.171000 0.017000 0.018000
6 0.796000 0.360000 0.016000 0.016000
6 1.028000 0.324000 0.026000 0.024000
4 1.098000 0.378000 0.017000 0.017000
6 1.831000 0.095000 0.018000 0.017000
5 0.081000 1.061000 0.022000 0.019000
6 3.318000 3.554000 0.025000 0.025000
4 3.755000 3.369000 0.018000 0.016000
4 3.839000 3.289000 0.022000 0.018000
4 3.568000 2.802000 0.020000 0.019000
6 3.108000 2.870000 0.022000 0.019000
4 3.353000 2.619000 0.020000 0.018000
6 3.380000 2.596000 0.022000 0.020000
6 3.369000 2.503000 0.022000 0.018000
6 3.487000 2.395000 0.020000 0.017000
6 3.518000 2.372000 0.019000 0.016000
6 2.890000 2.690000 0.019000 0.017000
6 2.925000 2.667000 0.024000 0.020000
4 3.373000 2.231000 0.022000 0.018000
6 3.079000 2.137000 0.021000 0.017000
4 2.994000 2.218000 0.021000 0.019000
6 2.830000 2.382000 0.021000 0.017000
4 2.508000 2.576000 0.020000 0.018000
6 2.756000 1.710000 0.026000 0.021000
6 2.935000 1.509000 0.023000 0.019000
6 1.716000 1.588000 0.024000 0.018000
6 1.789000 1.497000 0.020000 0.017000
6 1.843000 1.439000 0.025000 0.019000
6 1.807000 1.375000 0.018000 0.016000
6 1.980000 1.216000 0.024000 0.010000
6 1.988000 1.176000 0.022000 0.008000
6 2.035000 1.127000 0.027000 0.010000
6 2.110000 1.064000 0.027000 0.008000
6 2.184000 0.946000 0.024000 0.007000
4 3.914000 0.176000 0.019000 0.020000
18 2.130000 1.166000 0.029000 0.011000
18 2.186000 1.124000 0.031000 0.012000
18 2.259000 1.063000 0.035000 0.011000
18 2.318000 0.958000 0.031000 0.013000
18 2.276000 1.012000 0.026000 0.010000
5 3.924000 0.714000 0.024000 0.023000
4 3.829000 0.642000 0.016000 0.017000
6 3.732000 0.584000 0.018000 0.018000
4 3.636000 0.528000 0.018000 0.018000
5 3.567000 0.477000 0.022000 0.023000
5 3.499000 0.441000 0.023000 0.024000
4 3.402000 0.374000 0.019000 0.019000
6 3.365000 0.349000 0.017000 0.018000
6 3.296000 0.316000 0.018000 0.018000
11 3.208000 0.248000 0.018000 0.020000
4 3.139000 0.209000 0.016000 0.017000
4 3.023000 0.161000 0.017000 0.019000
6 2.945000 0.323000 0.016000 0.017000
6 2.987000 0.337000 0.021000 0.021000
6 3.079000 0.399000 0.017000 0.019000
6 3.148000 0.438000 0.020000 0.021000
5 3.214000 0.586000 0.025000 0.025000
6 3.313000 0.641000 0.016000 0.017000
4 3.441000 0.621000 0.016000 0.017000
4 3.550000 0.686000 0.017000 0.017000
5 3.632000 0.748000 0.018000 0.018000
4 3.710000 0.784000 0.017000 0.016000
6 3.764000 0.836000 0.020000 0.020000
4 3.833000 0.869000 0.016000 0.016000
4 3.901000 0.915000 0.017000 0.016000
4 3.914000 1.004000 0.013000 0.014000
4 3.844000 0.968000 0.020000 0.020000
4 3.777000 0.927000 0.016000 0.016000
6 3.707000 0.893000 0.020000 0.022000
5 3.642000 0.848000 0.021000 0.020000
6 3.614000 0.826000 0.015000 0.015000
4 3.517000 0.763000 0.019000 0.019000
6 3.028000 0.458000 0.016000 0.017000
4 2.990000 0.434000 0.015000 0.015000
4 2.926000 0.398000 0.017000 0.017000
4 2.893000 0.377000 0.016000 0.016000
4 2.856000 0.360000 0.016000 0.016000
4 2.717000 0.487000 0.017000 0.018000
4 2.789000 0.520000 0.014000 0.016000
4 2.825000 0.539000 0.016000 0.016000
4 2.922000 0.606000 0.017000 0.017000
6 2.981000 0.649000 0.020000 0.019000
4 3.013000 0.675000 0.018000 0.018000
5 3.108000 0.736000 0.016000 0.018000
4 3.242000 0.814000 0.019000 0.021000
4 3.342000 0.872000 0.019000 0.020000
6 3.376000 0.896000 0.016000 0.016000
6 3.446000 0.936000 0.021000 0.020000
6 3.541000 0.993000 0.018000 0.018000
4 3.572000 1.020000 0.018000 0.018000
4 3.738000 1.126000 0.021000 0.021000
6 3.796000 1.170000 0.016000 0.017000
4 3.865000 1.309000 0.019000 0.020000
5 3.802000 1.266000 0.021000 0.021000
4 3.641000 1.163000 0.019000 0.020000
5 3.578000 1.116000 0.021000 0.020000
6 3.443000 1.037000 0.017000 0.019000
6 3.350000 0.976000 0.019000 0.020000
6 3.248000 0.916000 0.016000 0.016000
4 3.219000 0.893000 0.017000 0.017000
6 3.154000 0.852000 0.015000 0.016000
4 3.114000 0.836000 0.017000 0.018000
4 3.084000 0.820000 0.020000 0.020000
6 3.022000 0.762000 0.017000 0.017000
4 2.986000 0.748000 0.019000 0.020000
6 2.888000 0.680000 0.020000 0.020000
4 2.863000 0.661000 0.019000 0.019000
4 2.829000 0.643000 0.017000 0.017000
4 2.763000 0.605000 0.018000 0.018000
6 2.693000 0.561000 0.018000 0.019000
6 2.660000 0.544000 0.018000 0.018000
4 2.689000 0.769000 0.017000 0.017000
4 2.730000 0.786000 0.019000 0.017000
6 2.771000 0.807000 0.017000 0.018000
4 2.816000 0.830000 0.016000 0.015000
6 2.988000 1.064000 0.018000 0.018000
4 2.552000 0.794000 0.018000 0.019000
4 2.516000 0.768000 0.018000 0.018000
6 2.488000 0.740000 0.016000 0.016000
5 3.304000 1.168000 0.020000 0.020000
6 3.660000 1.398000 0.020000 0.019000
4 3.254000 1.978000 0.019000 0.015000
4 0.211000 1.153000 0.020000 0.016000
