9 0.287500 0.150000 0.075000 0.070000
9 0.874750 0.500250 0.064000 0.044000
9 0.559750 0.590250 0.070000 0.064000
6 0.500500 0.772000 0.015000 0.020000
6 0.604750 0.650250 0.015000 0.020000
6 0.646250 0.607250 0.011000 0.019000
6 0.665250 0.593750 0.017000 0.021000
4 0.977500 0.745000 0.015000 0.018000
4 0.968000 0.726000 0.018000 0.022000
4 0.918750 0.711750 0.020000 0.013000
5 0.893250 0.643750 0.021000 0.013000
6 0.979750 0.612250 0.024000 0.014000
6 0.816250 0.267750 0.021000 0.013000
4 0.815000 0.506500 0.024000 0.013000
6 0.781500 0.489000 0.015000 0.020000
6 0.768750 0.492750 0.014000 0.019000
4 0.730750 0.554750 0.025000 0.014000
4 0.753250 0.524250 0.016000 0.009000
4 0.711750 0.534750 0.020000 0.013000
6 0.629500 0.531500 0.015000 0.019000
6 0.465500 0.292500 0.027000 0.015000
4 0.410500 0.307750 0.015000 0.019000
6 0.400500 0.290000 0.015000 0.018000
3 0.350000 0.241000 0.036000 0.020000
6 0.250750 0.075750 0.023000 0.022000
4 0.174500 0.120000 0.021000 0.010000
6 0.737750 0.986250 0.014000 0.018000
6 0.730500 0.971000 0.015000 0.018000
6 0.575250 0.730750 0.026000 0.014000
4 0.150000 0.624500 0.014000 0.019000
6 0.251000 0.636500 0.014000 0.017000
4 0.331750 0.649750 0.011000 0.016000
6 0.330250 0.667250 0.011000 0.018000
4 0.418000 0.684000 0.010000 0.016000
4 0.448250 0.657750 0.012000 0.017000
5 0.460000 0.655500 0.014000 0.019000
6 0.108500 0.764500 0.021000 0.011000
4 0.021000 0.785000 0.014000 0.018000
6 0.203000 0.863000 0.020000 0.016000
6 0.252000 0.869500 0.022000 0.015000
4 0.202500 0.883500 0.023000 0.013000
4 0.253250 0.968250 0.022000 0.013000
4 0.259750 0.979250 0.024000 0.014000
6 0.307500 0.977500 0.023000 0.013000
4 0.731750 0.237250 0.017000 0.020000
