9 0.770500 0.761000 0.101000 0.090000
5 0.591500 0.592500 0.013000 0.019000
5 0.593000 0.651000 0.012000 0.018000
4 0.665250 0.631250 0.014000 0.021000
6 0.700000 0.634000 0.010000 0.022000
4 0.677500 0.591500 0.011000 0.017000
4 0.028000 0.516500 0.014000 0.019000
6 0.037000 0.515500 0.012000 0.019000
6 0.050750 0.513000 0.013000 0.018000
4 0.073500 0.513500 0.013000 0.021000
4 0.084000 0.556500 0.014000 0.021000
4 0.060500 0.556000 0.011000 0.018000
6 0.029000 0.666000 0.012000 0.020000
5 0.310250 0.557750 0.015000 0.023000
5 0.268500 0.409500 0.027000 0.009000
6 0.360750 0.544250 0.012000 0.024000
5 0.366250 0.176750 0.012000 0.016000
6 0.286250 0.221750 0.022000 0.010000
6 0.283250 0.156750 0.023000 0.009000
6 0.417500 0.055500 0.005000 0.011000
4 0.316000 0.089500 0.014000 0.021000
4 0.283250 0.073250 0.028000 0.011000
4 0.798000 0.303000 0.008000 0.010000
4 0.684000 0.382500 0.020000 0.009000
4 0.750000 0.367000 0.010000 0.014000
4 0.750500 0.436000 0.011000 0.014000
4 0.794500 0.499250 0.013000 0.019000
4 0.796500 0.517500 0.011000 0.019000
6 0.877250 0.578500 0.012000 0.019000
6 0.888250 0.579250 0.012000 0.020000
6 0.879500 0.530500 0.011000 0.017000
6 0.889000 0.529500 0.012000 0.021000
4 0.899750 0.531250 0.011000 0.019000
6 0.864000 0.444000 0.016000 0.020000
4 0.918500 0.430500 0.015000 0.019000
6 0.930000 0.431250 0.020000 0.021000
4 0.942250 0.363000 0.022000 0.012000
4 0.898000 0.364000 0.026000 0.010000
4 0.796000 0.348000 0.012000 0.018000
6 0.730000 0.279000 0.016000 0.010000
6 0.752500 0.177000 0.015000 0.024000
6 0.753250 0.072750 0.014000 0.022000
5 0.395000 0.750500 0.020000 0.009000
4 0.502750 0.736750 0.027000 0.010000
4 0.637750 0.746750 0.025000 0.011000
6 0.653000 0.801500 0.020000 0.011000
4 0.798250 0.849750 0.018000 0.022000
6 0.817500 0.958000 0.019000 0.026000
6 0.104000 0.656000 0.014000 0.008000
6 0.709500 0.035000 0.021000 0.008000
4 0.705000 0.018000 0.020000 0.006000
6 0.704000 0.007500 0.020000 0.009000
