9 0.627000 2.431000 0.018000 0.017000
9 1.738000 2.059000 0.035000 0.035000
9 3.366000 3.224000 0.029000 0.030000
9 2.142000 1.658000 0.039000 0.039000
4 3.929000 2.425000 0.020000 0.017000
4 3.516000 2.768000 0.018000 0.018000
6 3.178000 2.700000 0.017000 0.018000
4 3.437000 3.087000 0.018000 0.018000
6 2.798000 2.935000 0.019000 0.018000
4 2.429000 2.687000 0.017000 0.017000
4 2.357000 2.643000 0.018000 0.018000
4 2.176000 2.716000 0.016000 0.016000
4 2.209000 2.743000 0.017000 0.017000
6 2.250000 2.764000 0.017000 0.016000
4 2.622000 0.008000 0.009000 0.004000
6 2.656000 0.046000 0.016000 0.017000
4 2.818000 0.258000 0.021000 0.013000
6 2.838000 0.284000 0.019000 0.012000
6 3.825000 0.226000 0.015000 0.015000
4 3.632000 0.374000 0.018000 0.017000
4 3.414000 0.790000 0.019000 0.019000
6 3.601000 0.642000 0.017000 0.017000
6 3.454000 0.814000 0.015000 0.017000
4 3.489000 0.833000 0.018000 0.019000
6 3.843000 1.047000 0.018000 0.020000
4 3.808000 1.029000 0.018000 0.018000
4 3.772000 1.008000 0.016000 0.018000
6 3.581000 0.731000 0.016000 0.017000
6 3.620000 0.754000 0.018000 0.019000
4 3.729000 0.823000 0.016000 0.016000
6 3.904000 0.926000 0.018000 0.019000
4 3.159000 1.109000 0.016000 0.017000
6 0.013000 2.389000 0.007000 0.008000
6 0.710000 2.612000 0.017000 0.006000
6 0.786000 2.616000 0.017000 0.006000
4 0.450000 1.608000 0.021000 0.012000
4 0.526000 1.665000 0.021000 0.013000
6 0.567000 1.688000 0.016000 0.010000
4 0.473000 1.937000 0.019000 0.012000
6 0.440000 1.987000 0.016000 0.011000
6 0.822000 2.060000 0.015000 0.014000
4 1.074000 2.068000 0.015000 0.014000
4 1.131000 2.011000 0.013000 0.012000
4 1.185000 1.969000 0.013000 0.012000
6 1.251000 1.925000 0.013000 0.013000
6 1.091000 2.101000 0.015000 0.015000
3 1.177000 2.027000 0.031000 0.027000
6 1.257000 2.215000 0.017000 0.015000
6 1.442000 2.220000 0.015000 0.014000
6 1.473000 2.191000 0.017000 0.016000
4 1.590000 2.303000 0.019000 0.017000
4 1.889000 2.049000 0.021000 0.017000
6 1.943000 1.999000 0.018000 0.017000
4 2.109000 2.027000 0.018000 0.016000
3 1.824000 1.596000 0.024000 0.024000
4 1.910000 1.624000 0.019000 0.020000
3 1.927000 1.509000 0.022000 0.019000
6 2.570000 1.720000 0.011000 0.018000
6 2.661000 2.029000 0.019000 0.018000
6 2.713000 1.979000 0.016000 0.014000
4 3.081000 2.027000 0.016000 0.016000
4 2.977000 1.921000 0.014000 0.014000
6 3.438000 1.784000 0.015000 0.016000
4 3.471000 1.759000 0.014000 0.014000
6 3.542000 1.696000 0.015000 0.014000
6 3.253000 1.601000 0.016000 0.015000
6 0.447000 1.147000 0.016000 0.015000
6 0.507000 1.195000 0.016000 0.015000
6 0.583000 1.253000 0.020000 0.017000
6 0.660000 1.310000 0.016000 0.013000
6 1.071000 1.377000 0.019000 0.018000
6 1.679000 1.167000 0.018000 0.013000
6 0.951000 0.881000 0.020000 0.020000
6 0.921000 0.907000 0.020000 0.018000
6 0.888000 0.928000 0.018000 0.016000
4 0.860000 0.956000 0.018000 0.018000
6 0.818000 0.768000 0.015000 0.014000
4 0.792000 0.792000 0.018000 0.018000
4 0.697000 0.869000 0.015000 0.014000
6 1.286000 0.819000 0.019000 0.017000
6 0.494000 0.668000 0.017000 0.016000
6 0.682000 0.524000 0.015000 0.016000
6 0.360000 0.792000 0.014000 0.014000
6 3.979000 2.474000 0.012000 0.011000
4 3.956000 2.448000 0.020000 0.018000
9 3.124000 2.554000 0.032000 0.029000
