9 0.640750 0.909250 0.042000 0.043000
9 0.024000 0.395500 0.022000 0.019000
9 0.231500 0.323000 0.017000 0.016000
9 0.411500 0.188500 0.021000 0.015000
9 0.773500 0.358500 0.021000 0.021000
15 0.884750 0.178000 0.120000 0.058000
9 0.420000 0.315500 0.024000 0.031000
6 0.204000 0.033500 0.018000 0.015000
6 0.162500 0.035250 0.009000 0.015000
6 0.153500 0.038000 0.007000 0.012000
6 0.154500 0.067500 0.009000 0.013000
6 0.167500 0.065000 0.009000 0.012000
6 0.205000 0.062000 0.010000 0.016000
6 0.097250 0.144750 0.016000 0.006000
6 0.093250 0.159250 0.007000 0.012000
4 0.179000 0.173500 0.022000 0.013000
4 0.208250 0.164750 0.009000 0.017000
6 0.198000 0.633000 0.010000 0.018000
6 0.151000 0.638000 0.008000 0.012000
6 0.230750 0.619250 0.019000 0.014000
6 0.004500 0.948500 0.007000 0.013000
11 0.014000 0.949000 0.008000 0.014000
6 0.024000 0.947500 0.010000 0.017000
6 0.076500 0.951500 0.009000 0.015000
4 0.088500 0.953000 0.007000 0.012000
4 0.097000 0.952000 0.008000 0.014000
4 0.119000 0.951500 0.008000 0.013000
4 0.129000 0.953500 0.008000 0.015000
6 0.140000 0.955500 0.006000 0.009000
6 0.150500 0.952500 0.007000 0.013000
6 0.160500 0.952500 0.009000 0.015000
4 0.273250 0.983250 0.017000 0.019000
4 0.284250 0.987250 0.018000 0.019000
6 0.291750 0.991750 0.016000 0.017000
4 0.289000 0.624500 0.008000 0.015000
6 0.357250 0.620750 0.010000 0.016000
6 0.286750 0.556750 0.013000 0.013000
6 0.251750 0.401750 0.009000 0.012000
6 0.356000 0.373500 0.018000 0.007000
5 0.373250 0.361250 0.010000 0.013000
6 0.389000 0.360000 0.010000 0.016000
6 0.309000 0.308000 0.020000 0.008000
6 0.242000 0.307000 0.008000 0.012000
4 0.253500 0.251000 0.009000 0.016000
4 0.264000 0.248000 0.010000 0.018000
6 0.238000 0.223000 0.020000 0.010000
4 0.329750 0.173500 0.011000 0.017000
6 0.417000 0.024500 0.018000 0.009000
6 0.563500 0.013000 0.009000 0.018000
4 0.421750 0.072250 0.021000 0.009000
6 0.385500 0.095500 0.017000 0.007000
6 0.391250 0.105000 0.017000 0.006000
6 0.397000 0.125500 0.008000 0.015000
6 0.556000 0.112000 0.020000 0.010000
6 0.450500 0.179250 0.015000 0.007000
4 0.556500 0.159500 0.009000 0.019000
6 0.545500 0.160000 0.007000 0.014000
3 0.419500 0.225500 0.007000 0.013000
5 0.419500 0.254500 0.011000 0.019000
6 0.422750 0.270750 0.008000 0.013000
6 0.424000 0.283500 0.006000 0.013000
4 0.446000 0.518000 0.022000 0.008000
6 0.454250 0.541750 0.010000 0.016000
6 0.518000 0.597000 0.008000 0.014000
4 0.465500 0.645500 0.009000 0.015000
6 0.612250 0.593500 0.011000 0.017000
6 0.700500 0.579500 0.019000 0.009000
6 0.704750 0.591250 0.019000 0.008000
6 0.712750 0.643250 0.020000 0.010000
6 0.603500 0.522000 0.007000 0.014000
6 0.618000 0.521500 0.008000 0.015000
6 0.569500 0.347500 0.015000 0.007000
6 0.568000 0.356500 0.020000 0.007000
6 0.568000 0.373000 0.020000 0.008000
6 0.570000 0.381000 0.016000 0.006000
6 0.695000 0.281500 0.008000 0.015000
6 0.681750 0.281750 0.011000 0.016000
4 0.640500 0.256500 0.021000 0.007000
6 0.638000 0.266500 0.016000 0.007000
6 0.686500 0.252500 0.007000 0.011000
6 0.597000 0.171000 0.016000 0.006000
6 0.582250 0.046750 0.015000 0.018000
6 0.591000 0.041500 0.018000 0.019000
6 0.723250 0.252250 0.010000 0.014000
4 0.808000 0.280000 0.022000 0.010000
6 0.821500 0.366500 0.009000 0.013000
6 0.852500 0.370000 0.021000 0.010000
6 0.855500 0.377500 0.017000 0.007000
4 0.885500 0.354750 0.017000 0.009000
6 0.887750 0.364250 0.020000 0.010000
6 0.888750 0.372750 0.020000 0.011000
6 0.890250 0.381000 0.020000 0.010000
6 0.756500 0.974500 0.021000 0.009000
6 0.759250 0.983750 0.018000 0.010000
6 0.781500 0.825500 0.009000 0.015000
5 0.799750 0.821750 0.010000 0.017000
4 0.823750 0.814750 0.010000 0.017000
4 0.858250 0.808750 0.010000 0.018000
4 0.870000 0.808000 0.010000 0.018000
4 0.893500 0.804000 0.011000 0.018000
6 0.905250 0.979250 0.009000 0.016000
6 0.958500 0.977500 0.009000 0.015000
6 0.977250 0.796250 0.020000 0.008000
6 0.993250 0.705750 0.012000 0.006000
6 0.253500 0.306250 0.011000 0.017000
4 0.373500 0.393750 0.011000 0.019000
3 0.552250 0.012500 0.011000 0.017000
5 0.746000 0.277500 0.008000 0.015000
