23 0.170833 0.653333 0.047333 0.014667
23 0.112833 0.158167 0.040667 0.020667
23 0.109000 0.151333 0.042000 0.021333
23 0.060000 0.171000 0.028000 0.015333
23 0.019000 0.189000 0.038000 0.020667
18 0.080833 0.135333 0.054667 0.034667
23 0.126667 0.198500 0.021333 0.007333
23 0.182667 0.280667 0.156000 0.024000
23 0.181167 0.261000 0.157333 0.020667
23 0.166167 0.234667 0.088667 0.014667
23 0.172667 0.624167 0.038667 0.008000
23 0.219833 0.650333 0.037333 0.008667
23 0.218667 0.642833 0.038667 0.007333
23 0.261000 0.622000 0.038000 0.006667
23 0.217000 0.623000 0.038000 0.007333
23 0.260333 0.615167 0.036667 0.006667
23 0.174667 0.510333 0.052667 0.010000
23 0.188500 0.779333 0.058000 0.010667
7 0.262833 0.784333 0.024667 0.006000
18 0.235167 0.777000 0.024667 0.006000
18 0.260500 0.778000 0.025333 0.006667
18 0.922667 0.921000 0.056667 0.026000
28 0.925000 0.932667 0.036667 0.017333
28 0.924000 0.743000 0.042000 0.032667
28 0.931333 0.757667 0.024667 0.018000
28 0.925333 0.761833 0.026667 0.021333
28 0.805500 0.790833 0.040667 0.030667
28 0.815667 0.788333 0.032667 0.024667
28 0.842333 0.807833 0.028667 0.021333
28 0.844000 0.819167 0.044000 0.032667
28 0.849333 0.805500 0.026000 0.020667
28 0.823500 0.785000 0.032000 0.026000
28 0.830500 0.781000 0.024000 0.018000
28 0.836000 0.771833 0.015333 0.012667
28 0.831167 0.775000 0.015333 0.012667
22 0.882500 0.793667 0.050000 0.030000
28 0.866167 0.799833 0.054000 0.027333
28 0.865500 0.807333 0.025333 0.013333
28 0.878833 0.754333 0.019333 0.020667
28 0.873167 0.757000 0.016000 0.018000
28 0.864500 0.763000 0.023333 0.022000
28 0.856000 0.765500 0.029333 0.026000
28 0.844000 0.768833 0.017333 0.022667
28 0.833500 0.857667 0.028667 0.020667
28 0.830500 0.864167 0.024667 0.019333
28 0.824500 0.832333 0.042000 0.030000
28 0.820500 0.841000 0.044000 0.032667
28 0.736333 0.891667 0.026667 0.023333
28 0.742833 0.888167 0.027333 0.024000
28 0.750500 0.884000 0.026000 0.024000
28 0.758333 0.880667 0.025333 0.022667
28 0.765833 0.878333 0.024667 0.022000
28 0.773500 0.874667 0.024000 0.020000
28 0.776167 0.869000 0.030000 0.023333
28 0.651333 0.920667 0.019333 0.016000
28 0.654667 0.916667 0.024000 0.018667
28 0.659500 0.913667 0.016667 0.014000
28 0.664000 0.910000 0.017333 0.014667
28 0.666000 0.904667 0.020667 0.017333
28 0.668667 0.898833 0.019333 0.016000
28 0.672667 0.893833 0.029333 0.023333
28 0.676333 0.887000 0.031333 0.024667
28 0.705167 0.915167 0.027333 0.022667
28 0.708833 0.909667 0.024667 0.019333
28 0.680333 0.879667 0.034000 0.026000
28 0.712333 0.904000 0.031333 0.025333
28 0.694667 0.862500 0.017333 0.014667
28 0.700833 0.861167 0.019333 0.016000
28 0.706333 0.859000 0.016000 0.016667
28 0.710667 0.856167 0.016000 0.017333
28 0.715333 0.852000 0.013333 0.014667
28 0.710167 0.874667 0.016000 0.013333
28 0.755500 0.861667 0.010000 0.015333
28 0.747833 0.862667 0.010000 0.016000
28 0.741167 0.865167 0.009333 0.016667
28 0.734500 0.868000 0.012667 0.016000
28 0.722333 0.872000 0.016667 0.017333
28 0.728333 0.870667 0.011333 0.017333
28 0.801167 0.852667 0.026000 0.016000
28 0.805333 0.847833 0.026667 0.016000
28 0.808333 0.842500 0.020667 0.012667
28 0.781167 0.839333 0.025333 0.013333
28 0.785833 0.835333 0.023333 0.012000
28 0.788500 0.831333 0.024000 0.012000
28 0.790667 0.825667 0.019333 0.011333
28 0.788333 0.818500 0.026000 0.014667
28 0.790000 0.814000 0.022667 0.012000
28 0.794000 0.810000 0.015333 0.010667
28 0.765333 0.813667 0.016000 0.012667
28 0.769167 0.810667 0.016000 0.012000
28 0.770667 0.807333 0.014000 0.009333
28 0.771833 0.804000 0.012667 0.009333
28 0.775000 0.798667 0.023333 0.018667
28 0.867333 0.844667 0.020000 0.022667
28 0.873000 0.847833 0.020667 0.024000
28 0.860833 0.841333 0.016000 0.018667
28 0.880500 0.768333 0.018000 0.016667
28 0.848500 0.785167 0.024000 0.012667
28 0.861167 0.747333 0.023333 0.017333
28 0.576333 0.991000 0.018000 0.018000
28 0.584333 0.990333 0.016667 0.018000
28 0.590167 0.986333 0.016667 0.019333
21 0.437667 0.409667 0.079333 0.111333
21 0.641667 0.351500 0.028667 0.042000
9 0.680667 0.704333 0.026667 0.026000
