3 0.113500 0.105000 0.023608 0.008000
5 0.084500 0.469500 0.021000 0.007000
4 0.197000 0.882000 0.010000 0.018000
5 0.196992 0.899157 0.014017 0.019685
5 0.167500 0.890000 0.011000 0.020000
6 0.167000 0.861500 0.010000 0.021000
4 0.198500 0.814500 0.009000 0.017000
4 0.129840 0.794985 0.022320 0.008031
4 0.169000 0.757000 0.012000 0.018348
4 0.198000 0.756500 0.012000 0.020155
10 0.167500 0.727000 0.013000 0.020000
5 0.198000 0.721500 0.016000 0.029000
5 0.197512 0.678749 0.011025 0.020501
6 0.167000 0.708500 0.012000 0.017000
4 0.199500 0.514000 0.011000 0.018000
6 0.169500 0.409500 0.011050 0.021000
6 0.169000 0.385000 0.010000 0.016000
4 0.171500 0.331500 0.011000 0.017000
6 0.170000 0.302000 0.012000 0.020195
4 0.199500 0.286000 0.009000 0.012000
6 0.200512 0.245205 0.011024 0.017590
5 0.168488 0.190228 0.011025 0.022456
5 0.169500 0.169500 0.011000 0.019000
6 0.170500 0.074000 0.009000 0.016000
5 0.318000 0.056500 0.028000 0.007000
6 0.544500 0.081000 0.011000 0.020000
6 0.506000 0.167000 0.024582 0.008000
6 0.480500 0.165000 0.021000 0.008000
6 0.311000 0.216500 0.022000 0.015034
4 0.374500 0.317000 0.011000 0.018000
6 0.392000 0.331000 0.012000 0.018000
4 0.541500 0.330000 0.013000 0.016000
4 0.258684 0.312990 0.019367 0.007981
6 0.851500 0.017000 0.021000 0.008000
4 0.623219 0.081483 0.025563 0.009035
4 0.640871 0.064010 0.027742 0.012019
4 0.670000 0.066000 0.026000 0.008000
6 0.824691 0.065985 0.026618 0.010029
6 0.878000 0.114500 0.022000 0.009000
6 0.619500 0.350500 0.023000 0.011033
4 0.650000 0.350000 0.024000 0.010053
6 0.750182 0.368514 0.022365 0.009029
6 0.766000 0.350500 0.022000 0.007000
6 0.998500 0.345000 0.003000 0.008000
4 0.966500 0.148500 0.011000 0.015000
6 0.430514 0.459734 0.008972 0.017469
4 0.544488 0.460791 0.011024 0.024418
4 0.571500 0.431000 0.009000 0.018000
6 0.624500 0.457000 0.025000 0.008000
6 0.460500 0.538500 0.023000 0.009000
4 0.237500 0.598500 0.023694 0.009000
6 0.438500 0.587500 0.019000 0.007000
4 0.454000 0.640500 0.022000 0.007000
4 0.479500 0.640500 0.017000 0.009062
6 0.321000 0.646500 0.026000 0.009000
6 0.522680 0.738987 0.025361 0.010026
4 0.244696 0.921013 0.023392 0.010026
4 0.435500 0.943500 0.013000 0.023000
6 0.541000 0.968000 0.010000 0.018000
4 0.540512 0.930795 0.011024 0.017590
4 0.708500 0.400500 0.011000 0.017000
4 0.720000 0.402000 0.012035 0.016000
6 0.761500 0.397500 0.019127 0.021000
4 0.691000 0.544000 0.022000 0.008000
3 0.719000 0.526500 0.026000 0.009000
6 0.806500 0.656000 0.015000 0.006000
6 0.813500 0.786500 0.021000 0.017562
4 0.836000 0.760000 0.020306 0.022000
6 0.908500 0.798500 0.011000 0.018172
4 0.908986 0.748718 0.010027 0.016564
6 0.907485 0.822777 0.009031 0.018446
6 0.923500 0.854000 0.011000 0.018000
4 0.630000 0.833500 0.010000 0.015000
4 0.919787 0.978015 0.016426 0.022102
4 0.956510 0.826700 0.013020 0.020601
4 0.960510 0.721700 0.013020 0.020601
4 0.960000 0.687500 0.014031 0.019000
4 0.958014 0.668718 0.010027 0.016564
4 0.964000 0.573500 0.010000 0.017000
4 0.963500 0.552500 0.011000 0.017000
4 0.910000 0.564500 0.010000 0.011000
6 0.990934 0.606590 0.018262 0.006826
9 0.565500 0.354500 0.051000 0.035000
9 0.938190 0.357997 0.063619 0.040006
5 0.701500 0.889000 0.009000 0.018000
5 0.714952 0.889318 0.012095 0.021364
