6 0.926500 0.898000 0.021000 0.010000
4 0.873000 0.706000 0.012041 0.018000
6 0.856500 0.748500 0.009000 0.015000
4 0.673500 0.758500 0.011000 0.017000
4 0.562500 0.704000 0.021000 0.012000
11 0.813579 0.608532 0.015159 0.029065
6 0.633500 0.362000 0.009000 0.016000
4 0.606500 0.242000 0.019000 0.010000
4 0.757792 0.213509 0.024416 0.010983
4 0.775500 0.244000 0.021000 0.008000
4 0.972500 0.215000 0.018055 0.010000
5 0.870000 0.048000 0.024000 0.010000
4 0.468000 0.044000 0.014191 0.020000
9 0.330500 0.899500 0.095000 0.065000
6 0.347500 0.805000 0.009000 0.020000
4 0.304000 0.747000 0.010055 0.020000
4 0.204008 0.789536 0.011983 0.015073
5 0.204500 0.705500 0.025000 0.009000
4 0.200000 0.624500 0.022000 0.007000
4 0.222000 0.625500 0.022000 0.007000
11 0.267054 0.621514 0.028394 0.015029
4 0.302500 0.644000 0.009000 0.018886
4 0.304000 0.576000 0.014000 0.022283
4 0.347000 0.512500 0.010054 0.017000
6 0.250000 0.442500 0.024000 0.009000
4 0.347000 0.363000 0.012044 0.020000
4 0.304014 0.285282 0.010027 0.016564
9 0.326623 0.225480 0.076755 0.054959
4 0.370000 0.138000 0.020000 0.010000
4 0.394500 0.126500 0.015000 0.009000
