28 0.280333 0.544833 0.023333 0.039333
28 0.286333 0.549333 0.022000 0.038000
28 0.499667 0.638333 0.043333 0.026000
28 0.735000 0.635500 0.044667 0.027333
28 0.733667 0.711333 0.044667 0.030000
28 0.650333 0.566000 0.044667 0.032667
2 0.745333 0.474500 0.050667 0.035333
24 0.848667 0.399333 0.038000 0.023333
28 0.762667 0.764833 0.022000 0.033333
28 0.771167 0.769333 0.016667 0.024000
24 0.946500 0.813667 0.022000 0.030667
24 0.881000 0.769333 0.024667 0.024000
28 0.895000 0.814333 0.038667 0.022667
22 0.958333 0.822333 0.026000 0.032667
22 0.870500 0.761000 0.038667 0.042000
22 0.839333 0.754333 0.042667 0.050000
