3 0.839000 0.961000 0.028000 0.012000
5 0.937000 0.346750 0.040000 0.029000
4 0.969750 0.390250 0.025000 0.016000
6 0.957500 0.278500 0.015000 0.023000
4 0.614500 0.704000 0.025000 0.008000
6 0.618000 0.613500 0.032000 0.011000
3 0.674000 0.465000 0.032000 0.012000
4 0.713250 0.392500 0.016000 0.023000
5 0.617750 0.430750 0.027000 0.010000
6 0.617500 0.412000 0.027000 0.010000
4 0.768750 0.336250 0.018000 0.020000
4 0.737500 0.346000 0.015000 0.020000
5 0.708500 0.348000 0.011000 0.020000
4 0.681000 0.349500 0.012000 0.021000
5 0.498000 0.348500 0.094000 0.023000
4 0.394500 0.771000 0.013000 0.020000
3 0.439500 0.873750 0.025000 0.010000
6 0.751000 0.153500 0.018000 0.017000
5 0.744000 0.029000 0.022000 0.022000
6 0.586500 0.351500 0.011000 0.019000
4 0.341000 0.398000 0.010000 0.018000
4 0.327500 0.398000 0.011000 0.018000
6 0.436500 0.350500 0.011000 0.019000
4 0.411500 0.352500 0.011000 0.017000
4 0.275500 0.355500 0.011000 0.017000
6 0.398500 0.138500 0.027000 0.009000
4 0.308500 0.177250 0.015000 0.019000
6 0.290000 0.112000 0.026000 0.012000
4 0.082000 0.224500 0.012000 0.013000
6 0.079500 0.365000 0.013000 0.024000
6 0.062750 0.464250 0.014000 0.024000
5 0.262500 0.850500 0.025000 0.007000
5 0.243750 0.868750 0.026000 0.018000
6 0.267500 0.886500 0.027000 0.009000
5 0.264750 0.906250 0.033000 0.011000
4 0.330000 0.942500 0.010000 0.021000
6 0.314250 0.943250 0.013000 0.022000
4 0.119000 0.979000 0.012000 0.018000
6 0.135500 0.990500 0.011000 0.017000
