6 1.849000 3.613000 0.019000 0.014000
5 1.620000 2.306000 0.024000 0.017000
4 2.286000 2.030000 0.021000 0.015000
4 2.564000 1.922000 0.018000 0.013000
6 3.254000 1.656000 0.015000 0.012000
6 3.513000 1.557000 0.016000 0.013000
4 3.605000 1.517000 0.024000 0.018000
4 3.704000 1.478000 0.020000 0.015000
5 3.710000 1.412000 0.023000 0.014000
4 3.831000 1.435000 0.020000 0.015000
4 3.602000 3.698000 0.011000 0.011000
4 1.435000 3.507000 0.015000 0.016000
4 1.386000 3.450000 0.015000 0.019000
6 1.329000 3.345000 0.022000 0.007000
5 1.253000 3.263000 0.016000 0.018000
6 1.007000 2.931000 0.018000 0.021000
6 0.935000 2.850000 0.017000 0.019000
4 0.892000 2.790000 0.014000 0.017000
4 0.564000 2.404000 0.016000 0.018000
4 0.516000 2.344000 0.014000 0.014000
4 0.279000 2.071000 0.017000 0.019000
4 0.230000 2.010000 0.017000 0.017000
4 0.283000 1.923000 0.013000 0.014000
6 0.257000 3.957000 0.017000 0.013000
4 0.190000 3.918000 0.019000 0.015000
4 0.210000 3.796000 0.019000 0.014000
4 0.037000 3.830000 0.019000 0.015000
4 3.900000 1.112000 0.014000 0.016000
4 3.852000 1.060000 0.016000 0.018000
4 3.755000 0.951000 0.018000 0.021000
4 3.641000 0.807000 0.016000 0.018000
4 3.552000 0.852000 0.016000 0.018000
6 3.544000 0.692000 0.020000 0.022000
4 3.371000 0.633000 0.016000 0.017000
6 3.309000 0.565000 0.015000 0.017000
6 3.330000 0.424000 0.015000 0.018000
6 3.122000 0.336000 0.015000 0.018000
4 3.067000 0.266000 0.014000 0.017000
6 2.905000 0.073000 0.015000 0.016000
4 2.909000 3.959000 0.024000 0.016000
4 2.995000 3.923000 0.020000 0.015000
4 3.105000 3.875000 0.018000 0.012000
4 3.350000 3.778000 0.021000 0.015000
4 3.535000 3.717000 0.024000 0.016000
4 3.613000 3.797000 0.015000 0.012000
4 1.607000 3.951000 0.015000 0.011000
6 1.755000 1.971000 0.026000 0.019000
6 1.910000 1.776000 0.019000 0.014000
4 3.635000 1.973000 0.013000 0.015000
4 3.596000 1.984000 0.012000 0.016000
4 1.825000 2.397000 0.014000 0.016000
4 1.935000 2.955000 0.012000 0.017000
4 2.619000 2.783000 0.015000 0.020000
4 3.836000 2.498000 0.010000 0.015000
6 3.770000 2.532000 0.009000 0.012000
4 3.090000 2.958000 0.013000 0.017000
4 2.442000 3.164000 0.013000 0.014000
4 2.595000 3.205000 0.016000 0.020000
4 2.652000 3.518000 0.010000 0.015000
6 2.707000 3.507000 0.011000 0.016000
6 2.706000 3.946000 0.017000 0.019000
4 3.476000 0.414000 0.020000 0.017000
