6 3.640000 0.810000 0.016000 0.011000
3 3.039000 1.053000 0.036000 0.023000
4 2.735000 1.183000 0.022000 0.015000
6 2.670000 1.250000 0.019000 0.015000
6 2.554000 1.302000 0.017000 0.013000
3 2.199000 1.377000 0.036000 0.024000
4 2.082000 1.484000 0.021000 0.014000
6 2.009000 1.461000 0.020000 0.014000
6 1.858000 1.524000 0.015000 0.012000
6 1.595000 1.630000 0.019000 0.013000
6 1.485000 1.721000 0.020000 0.014000
6 1.610000 1.674000 0.015000 0.011000
3 1.779000 1.599000 0.037000 0.022000
3 1.456000 1.673000 0.022000 0.015000
5 1.411000 1.614000 0.024000 0.017000
3 1.550000 1.560000 0.035000 0.024000
3 1.718000 1.500000 0.023000 0.016000
6 2.074000 1.355000 0.017000 0.012000
16 1.890000 1.425000 0.049000 0.028000
11 2.604000 1.126000 0.026000 0.019000
3 2.451000 1.191000 0.034000 0.023000
3 2.202000 1.296000 0.037000 0.026000
6 2.360000 1.242000 0.022000 0.017000
6 2.262000 1.414000 0.019000 0.015000
6 2.870000 1.166000 0.019000 0.013000
5 3.469000 0.777000 0.036000 0.025000
6 3.909000 0.603000 0.021000 0.015000
6 3.790000 0.641000 0.017000 0.013000
3 0.642000 1.306000 0.037000 0.047000
6 1.359000 1.773000 0.018000 0.014000
6 1.235000 1.769000 0.022000 0.016000
5 1.278000 1.682000 0.037000 0.025000
6 1.001000 1.791000 0.018000 0.014000
4 0.949000 1.881000 0.022000 0.015000
4 0.987000 1.919000 0.022000 0.015000
3 0.770000 1.890000 0.029000 0.021000
6 0.770000 1.949000 0.023000 0.016000
6 0.618000 1.964000 0.019000 0.014000
6 0.540000 2.048000 0.020000 0.014000
11 0.389000 2.159000 0.025000 0.017000
6 0.530000 2.102000 0.019000 0.013000
6 0.364000 2.122000 0.018000 0.013000
6 0.734000 2.024000 0.019000 0.014000
6 0.154000 2.202000 0.017000 0.013000
4 0.213000 2.227000 0.020000 0.014000
5 0.297000 2.397000 0.029000 0.019000
6 0.599000 2.299000 0.024000 0.016000
5 0.498000 2.284000 0.025000 0.018000
5 1.400000 1.972000 0.028000 0.020000
6 1.101000 2.115000 0.023000 0.015000
11 1.594000 1.936000 0.021000 0.014000
5 1.696000 1.840000 0.024000 0.018000
5 2.090000 1.734000 0.021000 0.015000
6 2.484000 1.576000 0.018000 0.012000
6 2.506000 1.514000 0.021000 0.015000
3 3.076000 1.342000 0.024000 0.019000
6 3.451000 1.197000 0.022000 0.016000
30 0.059000 1.927000 0.021000 0.026000
30 0.161000 1.925000 0.023000 0.028000
30 0.218000 1.904000 0.023000 0.028000
