6 0.863650 0.153450 0.017300 0.011100
11 0.834500 0.108000 0.023345 0.016000
11 0.829000 0.100500 0.020000 0.013332
6 0.817000 0.078500 0.022000 0.013512
6 0.811000 0.070500 0.022000 0.013000
11 0.806446 0.062805 0.018892 0.013610
6 0.801500 0.055500 0.017000 0.011000
6 0.797500 0.048000 0.020509 0.014000
6 0.791534 0.040987 0.014933 0.010026
6 0.789000 0.033000 0.022000 0.014339
11 0.783000 0.026500 0.022000 0.015038
30 0.895725 0.133860 0.023449 0.029719
30 0.917057 0.122096 0.024114 0.031808
30 0.886000 0.071500 0.034000 0.044209
6 0.876000 0.207000 0.022276 0.010000
6 0.979500 0.170000 0.013000 0.016358
6 0.933853 0.188588 0.012588 0.015176
6 0.416500 0.124500 0.023998 0.017000
6 0.426000 0.139500 0.022000 0.017000
6 0.430647 0.147159 0.023293 0.016318
6 0.476977 0.049009 0.022602 0.016017
6 0.396500 0.172500 0.021179 0.013000
6 0.391500 0.165000 0.017000 0.012310
6 0.386741 0.158103 0.017483 0.012207
6 0.260774 0.076593 0.019547 0.013186
3 0.245000 0.068000 0.038154 0.026000
6 0.341241 0.030103 0.022483 0.014207
3 0.084672 0.133931 0.039345 0.024138
5 0.151416 0.075536 0.035168 0.024927
11 0.095362 0.099059 0.044725 0.028117
30 0.028263 0.126912 0.059053 0.036891
4 0.241454 0.038521 0.021093 0.014959
5 0.182379 0.064047 0.020759 0.014094
6 0.384500 0.013000 0.017690 0.012000
4 0.854375 0.994250 0.026000 0.014000
6 0.844000 0.974000 0.016000 0.012176
6 0.836000 0.954000 0.014000 0.018000
