9 0.589500 0.770000 0.021000 0.022000
9 0.413250 0.163750 0.023000 0.022000
9 0.718000 0.138500 0.024000 0.025000
9 0.923750 0.463500 0.076000 0.031000
9 0.724000 0.774000 0.028000 0.040000
9 0.915250 0.127000 0.019000 0.024000
6 0.062750 0.067750 0.015000 0.008000
4 0.023250 0.191750 0.016000 0.007000
6 0.074500 0.186000 0.019000 0.016000
6 0.090500 0.184500 0.013000 0.013000
4 0.383500 0.056000 0.015000 0.006000
4 0.397500 0.042750 0.007000 0.015000
4 0.872750 0.350000 0.017000 0.008000
4 0.880500 0.377500 0.019000 0.007000
4 0.905250 0.394750 0.010000 0.015000
11 0.923000 0.392000 0.008000 0.012000
11 0.933000 0.391500 0.008000 0.013000
11 0.941750 0.390750 0.008000 0.013000
11 0.885500 0.424000 0.009000 0.016000
11 0.895500 0.422500 0.009000 0.015000
6 0.831500 0.454500 0.007000 0.013000
4 0.850500 0.451000 0.007000 0.012000
6 0.860500 0.449000 0.007000 0.014000
4 0.385750 0.110750 0.020000 0.009000
6 0.573500 0.009000 0.017000 0.006000
11 0.575750 0.017500 0.020000 0.007000
6 0.575000 0.027000 0.018000 0.004000
4 0.627000 0.005500 0.018000 0.007000
4 0.629500 0.014000 0.013000 0.004000
4 0.643500 0.004500 0.007000 0.009000
11 0.656500 0.035000 0.007000 0.010000
4 0.824250 0.068750 0.019000 0.007000
4 0.875000 0.068500 0.008000 0.017000
3 0.843000 0.041500 0.006000 0.011000
11 0.412000 0.245000 0.008000 0.016000
4 0.249000 0.276500 0.008000 0.017000
4 0.258000 0.275000 0.010000 0.018000
4 0.267500 0.273500 0.009000 0.017000
4 0.277000 0.275000 0.008000 0.014000
4 0.286000 0.272500 0.008000 0.015000
4 0.258250 0.311250 0.007000 0.012000
4 0.268000 0.322500 0.014000 0.005000
4 0.271500 0.329500 0.015000 0.005000
6 0.278000 0.348250 0.010000 0.015000
6 0.297500 0.367000 0.007000 0.010000
4 0.289250 0.390250 0.011000 0.016000
4 0.298000 0.388500 0.012000 0.017000
6 0.307000 0.387500 0.010000 0.013000
4 0.325500 0.386500 0.011000 0.015000
4 0.337000 0.385500 0.012000 0.017000
4 0.359500 0.384000 0.009000 0.016000
4 0.369000 0.385000 0.010000 0.016000
6 0.389500 0.383500 0.007000 0.015000
4 0.399000 0.383500 0.008000 0.015000
4 0.372500 0.422000 0.019000 0.006000
4 0.373000 0.430000 0.020000 0.006000
4 0.373500 0.439000 0.021000 0.006000
4 0.373500 0.447000 0.019000 0.006000
4 0.374000 0.456000 0.020000 0.008000
4 0.407500 0.445500 0.007000 0.013000
6 0.529000 0.486500 0.016000 0.005000
6 0.558500 0.482000 0.015000 0.004000
4 0.409000 0.490500 0.006000 0.013000
4 0.811000 0.457500 0.008000 0.013000
11 0.868750 0.447750 0.007000 0.014000
4 0.878250 0.448750 0.007000 0.013000
4 0.943250 0.483250 0.009000 0.014000
11 0.954250 0.483250 0.007000 0.012000
4 0.963000 0.480500 0.008000 0.013000
4 0.740500 0.504500 0.009000 0.015000
4 0.741000 0.529000 0.006000 0.010000
6 0.750500 0.532000 0.007000 0.014000
11 0.768500 0.500000 0.007000 0.014000
4 0.751750 0.599500 0.011000 0.017000
4 0.774000 0.600250 0.006000 0.018000
4 0.754000 0.632000 0.010000 0.016000
4 0.745250 0.644250 0.016000 0.007000
4 0.734250 0.661750 0.017000 0.016000
4 0.731000 0.670000 0.014000 0.014000
4 0.727250 0.678750 0.014000 0.012000
6 0.716750 0.699250 0.014000 0.007000
6 0.712000 0.722500 0.014000 0.005000
4 0.763000 0.718000 0.016000 0.006000
3 0.763250 0.726750 0.022000 0.006000
4 0.863250 0.709000 0.008000 0.016000
4 0.984500 0.687500 0.007000 0.013000
4 0.868750 0.754750 0.006000 0.013000
4 0.686000 0.756500 0.018000 0.005000
11 0.705750 0.781250 0.007000 0.015000
6 0.696000 0.781500 0.006000 0.011000
4 0.686000 0.779500 0.006000 0.009000
4 0.557750 0.814500 0.019000 0.009000
4 0.545500 0.793500 0.009000 0.015000
4 0.515000 0.793000 0.008000 0.012000
11 0.504000 0.794500 0.006000 0.009000
11 0.484500 0.796500 0.007000 0.009000
11 0.615000 0.693500 0.006000 0.011000
4 0.618500 0.662000 0.007000 0.014000
6 0.629000 0.663000 0.006000 0.014000
11 0.639000 0.636500 0.008000 0.013000
11 0.650000 0.636000 0.006000 0.008000
4 0.552500 0.630000 0.007000 0.014000
5 0.563000 0.631500 0.008000 0.017000
6 0.583000 0.622500 0.014000 0.005000
6 0.582000 0.639500 0.018000 0.005000
4 0.539500 0.560250 0.009000 0.015000
4 0.855750 0.594750 0.009000 0.012000
4 0.865250 0.591750 0.009000 0.015000
4 0.876000 0.590500 0.010000 0.015000
4 0.884500 0.589500 0.009000 0.015000
4 0.897000 0.588500 0.008000 0.013000
4 0.907000 0.586750 0.008000 0.014000
4 0.927000 0.583500 0.008000 0.013000
4 0.937750 0.582500 0.009000 0.013000
11 0.958750 0.580750 0.008000 0.013000
11 0.967750 0.578500 0.007000 0.013000
11 0.989500 0.576000 0.009000 0.014000
11 0.548500 0.914000 0.007000 0.014000
4 0.596500 0.927000 0.007000 0.014000
4 0.606000 0.927500 0.008000 0.015000
6 0.720000 0.907500 0.016000 0.007000
6 0.718000 0.923500 0.018000 0.007000
11 0.717250 0.932250 0.022000 0.007000
6 0.723000 0.977000 0.014000 0.004000
4 0.769750 0.966250 0.009000 0.017000
4 0.779500 0.965000 0.007000 0.014000
4 0.750750 0.972750 0.016000 0.009000
4 0.800000 0.961000 0.006000 0.010000
11 0.949500 0.943500 0.015000 0.007000
5 0.454000 0.745500 0.010000 0.017000
4 0.444500 0.748500 0.007000 0.013000
4 0.651250 0.778500 0.020000 0.007000
4 0.588500 0.567500 0.017000 0.007000
4 0.036500 0.294000 0.019000 0.008000
3 0.021500 0.395000 0.019000 0.016000
6 0.036500 0.416000 0.019000 0.014000
4 0.169500 0.322500 0.017000 0.009000
4 0.171000 0.331500 0.012000 0.007000
4 0.179000 0.356500 0.010000 0.007000
4 0.183500 0.364500 0.011000 0.007000
4 0.231250 0.494500 0.008000 0.011000
4 0.222000 0.497000 0.010000 0.014000
4 0.211750 0.500500 0.013000 0.019000
4 0.111250 0.528750 0.017000 0.011000
4 0.116750 0.535750 0.018000 0.011000
4 0.121000 0.543500 0.016000 0.009000
6 0.125250 0.550000 0.015000 0.008000
4 0.222750 0.554750 0.014000 0.019000
4 0.234750 0.551000 0.010000 0.014000
6 0.015500 0.614500 0.013000 0.017000
4 0.143250 0.611250 0.015000 0.016000
11 0.196000 0.575500 0.020000 0.015000
6 0.192500 0.700000 0.013000 0.014000
6 0.257750 0.774250 0.013000 0.015000
4 0.287500 0.780000 0.013000 0.018000
6 0.128000 0.798500 0.012000 0.015000
4 0.145500 0.790500 0.012000 0.015000
4 0.164250 0.878250 0.014000 0.018000
4 0.176750 0.891750 0.016000 0.011000
4 0.221250 0.894750 0.018000 0.012000
4 0.358250 0.942250 0.013000 0.016000
4 0.296250 0.966750 0.018000 0.012000
4 0.299000 0.974500 0.020000 0.013000
4 0.307250 0.988250 0.015000 0.012000
