2 0.093000 0.337333 0.051333 0.060000
22 0.086333 0.305000 0.033333 0.030000
2 0.090667 0.290000 0.048000 0.046667
22 0.121500 0.321500 0.036000 0.040000
28 0.113000 0.295333 0.029333 0.028000
22 0.106000 0.275500 0.042667 0.033333
22 0.126500 0.269000 0.042000 0.031333
28 0.093667 0.249333 0.019333 0.016000
22 0.100667 0.243667 0.030667 0.027333
28 0.120333 0.247500 0.019333 0.012000
2 0.107833 0.232833 0.022667 0.017333
2 0.115333 0.222333 0.040000 0.028667
2 0.121000 0.210500 0.042000 0.028000
22 0.121167 0.197500 0.024667 0.020000
2 0.121167 0.188833 0.015333 0.011333
2 0.133500 0.197500 0.014000 0.014000
22 0.134333 0.183667 0.039333 0.032667
2 0.140167 0.170500 0.033333 0.025333
22 0.150833 0.161167 0.038667 0.030667
22 0.158000 0.148000 0.040000 0.031333
2 0.159000 0.132833 0.040667 0.028667
2 0.189500 0.151167 0.033333 0.024000
2 0.198500 0.142667 0.038000 0.028667
2 0.173500 0.113333 0.046000 0.033333
2 0.184333 0.103000 0.049333 0.036000
2 0.183667 0.087833 0.032667 0.024667
22 0.190000 0.075500 0.034667 0.028667
2 0.261000 0.035833 0.032000 0.024000
22 0.274667 0.056167 0.032000 0.024000
28 0.284333 0.051167 0.020000 0.013333
2 0.276000 0.032167 0.041333 0.028667
2 0.215667 0.025667 0.028667 0.021333
2 0.234167 0.021667 0.033333 0.026000
2 0.236333 0.006833 0.052000 0.036000
28 0.275833 0.022667 0.020000 0.014667
2 0.271167 0.009500 0.036667 0.027333
2 0.213000 0.009667 0.017333 0.016667
22 0.246333 0.042167 0.033333 0.025333
2 0.240167 0.054500 0.033333 0.026000
2 0.291667 0.004500 0.048667 0.029333
2 0.219167 0.099000 0.041333 0.028667
2 0.279667 0.073333 0.052000 0.036667
22 0.204333 0.047667 0.033333 0.032000
22 0.197167 0.058333 0.030000 0.030000
2 0.238000 0.090667 0.017333 0.010667
2 0.234167 0.082167 0.024000 0.015333
2 0.230667 0.066000 0.028000 0.025333
28 0.217667 0.073000 0.012667 0.020000
28 0.209000 0.105500 0.028667 0.017333
28 0.219833 0.116333 0.024667 0.014000
28 0.227833 0.127333 0.020000 0.014667
28 0.225667 0.134000 0.028667 0.022667
2 0.212000 0.136000 0.043333 0.034667
2 0.251667 0.163667 0.052000 0.042000
2 0.194667 0.167333 0.036000 0.017333
2 0.226333 0.175000 0.031333 0.022000
2 0.199833 0.181667 0.056000 0.022667
2 0.195667 0.193667 0.030000 0.015333
22 0.228667 0.201667 0.034667 0.020667
2 0.906833 0.417167 0.074667 0.055333
2 0.957500 0.469000 0.038667 0.058000
2 0.712333 0.647333 0.074667 0.054667
2 0.229000 0.675500 0.074000 0.115333
2 0.058000 0.701833 0.025333 0.033333
2 0.093667 0.570500 0.026000 0.034000
