3 0.205750 0.876250 0.073000 0.011000
5 0.246250 0.802250 0.017000 0.032000
6 0.397500 0.783500 0.013000 0.019000
6 0.386250 0.789250 0.018000 0.024000
4 0.389750 0.754750 0.023000 0.014000
6 0.390500 0.743250 0.027000 0.017000
4 0.071750 0.687750 0.024000 0.011000
4 0.176000 0.672500 0.022000 0.009000
6 0.209000 0.675000 0.022000 0.008000
4 0.345750 0.672250 0.026000 0.013000
4 0.374500 0.671000 0.025000 0.012000
5 0.411500 0.835500 0.013000 0.023000
4 0.499000 0.819000 0.018000 0.022000
4 0.526750 0.808750 0.017000 0.020000
4 0.901750 0.427250 0.027000 0.011000
6 0.904000 0.411000 0.020000 0.008000
4 0.954500 0.427000 0.025000 0.012000
6 0.959250 0.411750 0.027000 0.011000
4 0.842250 0.622750 0.024000 0.009000
4 0.843250 0.613750 0.020000 0.008000
4 0.841000 0.603000 0.020000 0.008000
4 0.840500 0.594500 0.021000 0.007000
4 0.843000 0.586500 0.022000 0.007000
4 0.843500 0.577000 0.023000 0.008000
4 0.842250 0.569750 0.024000 0.008000
4 0.842500 0.561000 0.021000 0.008000
6 0.843000 0.544500 0.024000 0.011000
4 0.841500 0.533000 0.023000 0.008000
6 0.844500 0.525500 0.019000 0.007000
4 0.840500 0.517500 0.015000 0.007000
6 0.845500 0.508500 0.023000 0.009000
6 0.844000 0.499500 0.024000 0.009000
6 0.843500 0.482000 0.021000 0.010000
4 0.840750 0.464250 0.024000 0.012000
4 0.842000 0.456000 0.020000 0.006000
4 0.841750 0.448250 0.021000 0.009000
4 0.840750 0.436750 0.021000 0.010000
4 0.840500 0.420000 0.025000 0.012000
4 0.841000 0.410000 0.024000 0.010000
6 0.764500 0.517500 0.019000 0.015000
4 0.763500 0.534000 0.021000 0.008000
4 0.786000 0.569000 0.022000 0.008000
4 0.786500 0.561000 0.023000 0.008000
4 0.787750 0.552250 0.021000 0.009000
6 0.792000 0.543500 0.022000 0.009000
6 0.790750 0.534250 0.022000 0.010000
6 0.787000 0.525500 0.022000 0.009000
4 0.786500 0.516000 0.023000 0.008000
4 0.788500 0.506500 0.023000 0.011000
4 0.788000 0.496500 0.022000 0.009000
4 0.788250 0.487750 0.021000 0.011000
4 0.786750 0.474250 0.025000 0.011000
4 0.785250 0.464750 0.022000 0.010000
4 0.786500 0.455500 0.023000 0.009000
4 0.788500 0.446500 0.021000 0.007000
6 0.787000 0.439000 0.024000 0.008000
6 0.790500 0.429000 0.019000 0.008000
4 0.786000 0.420500 0.022000 0.009000
6 0.785500 0.412000 0.023000 0.010000
21 0.277250 0.155250 0.227000 0.312000
21 0.863750 0.144750 0.246000 0.286000
