4 0.025500 0.482500 0.015000 0.019000
6 0.011500 0.443500 0.015000 0.019000
6 0.035500 0.445500 0.019000 0.021000
6 0.064000 0.445000 0.018000 0.022000
5 0.054250 0.607750 0.022000 0.008000
6 0.117500 0.630250 0.021000 0.010000
4 0.154250 0.630750 0.025000 0.008000
4 0.204000 0.631000 0.022000 0.010000
4 0.320250 0.608250 0.023000 0.007000
6 0.350500 0.606500 0.025000 0.009000
5 0.099750 0.384750 0.012000 0.021000
3 0.139750 0.268250 0.036000 0.009000
6 0.177000 0.269500 0.030000 0.007000
5 0.279250 0.267250 0.027000 0.011000
6 0.348000 0.269500 0.026000 0.009000
6 0.318750 0.269250 0.018000 0.010000
4 0.487500 0.225000 0.009000 0.016000
5 0.508000 0.228500 0.010000 0.021000
6 0.598500 0.195500 0.013000 0.023000
6 0.681000 0.174000 0.022000 0.008000
6 0.676250 0.267250 0.022000 0.009000
6 0.704000 0.269500 0.024000 0.009000
5 0.731000 0.269000 0.026000 0.006000
6 0.599000 0.150500 0.012000 0.023000
4 0.600000 0.123000 0.010000 0.020000
4 0.627750 0.059250 0.010000 0.018000
6 0.600500 0.028500 0.009000 0.017000
6 0.015750 0.020000 0.015000 0.010000
6 0.718250 0.609750 0.025000 0.008000
5 0.601500 0.566500 0.011000 0.019000
6 0.627500 0.522000 0.011000 0.018000
6 0.627000 0.503500 0.010000 0.017000
6 0.565250 0.518250 0.022000 0.007000
6 0.599500 0.470000 0.009000 0.014000
6 0.673500 0.443500 0.021000 0.007000
6 0.507500 0.440000 0.027000 0.008000
5 0.396250 0.518250 0.018000 0.023000
6 0.380500 0.506500 0.007000 0.017000
6 0.382000 0.523000 0.008000 0.014000
5 0.221750 0.711750 0.014000 0.021000
5 0.069500 0.880000 0.021000 0.010000
6 0.124000 0.889000 0.020000 0.006000
6 0.019000 0.991500 0.020000 0.007000
6 0.043500 0.989500 0.023000 0.007000
6 0.069000 0.989000 0.020000 0.006000
4 0.140250 0.968250 0.023000 0.008000
4 0.167250 0.968750 0.026000 0.007000
5 0.199000 0.992500 0.026000 0.007000
6 0.149500 0.991000 0.029000 0.008000
6 0.416000 0.989000 0.026000 0.008000
6 0.626750 0.932750 0.013000 0.020000
4 0.627500 0.911000 0.009000 0.018000
6 0.990000 0.781000 0.020000 0.012000
4 0.994500 0.770250 0.015000 0.011000
4 0.627250 0.731250 0.010000 0.017000
4 0.361000 0.378000 0.016000 0.010000
4 0.361000 0.369000 0.016000 0.006000
4 0.362750 0.357750 0.019000 0.011000
4 0.353750 0.740250 0.013000 0.019000
6 0.367750 0.740250 0.010000 0.020000
6 0.713000 0.961000 0.020000 0.008000
6 0.789000 0.912500 0.006000 0.015000
6 0.867750 0.833250 0.009000 0.017000
4 0.964000 0.269000 0.022000 0.008000
9 0.613750 0.616250 0.041000 0.043000
9 0.615250 0.262250 0.044000 0.053000
