4 1.092000 2.530000 0.006000 0.011000
4 1.217000 2.615000 0.009000 0.018000
4 0.812000 2.226000 0.024000 0.007000
4 1.676000 0.576000 0.018000 0.016000
6 1.701000 0.273000 0.015000 0.018000
6 1.768000 0.258000 0.018000 0.019000
4 1.822000 0.262000 0.017000 0.021000
4 2.058000 0.226000 0.011000 0.021000
4 2.982000 0.610000 0.019000 0.007000
4 2.288000 0.616000 0.022000 0.006000
4 2.292000 0.578000 0.022000 0.009000
4 2.506000 0.582000 0.017000 0.007000
6 2.529000 0.297000 0.009000 0.016000
6 2.514000 0.232000 0.007000 0.016000
4 3.034000 0.104000 0.023000 0.006000
6 3.490000 0.100000 0.019000 0.006000
4 3.859000 0.097000 0.021000 0.006000
4 3.600000 0.490000 0.010000 0.017000
5 3.646000 0.670000 0.009000 0.019000
6 3.632000 0.810000 0.026000 0.009000
4 3.508000 0.960000 0.018000 0.006000
5 3.338000 0.868000 0.021000 0.008000
6 3.272000 0.980000 0.018000 0.006000
4 3.100000 0.834000 0.008000 0.013000
4 2.834000 0.922000 0.007000 0.005000
6 3.018000 1.152000 0.007000 0.018000
4 2.941000 1.071000 0.016000 0.022000
4 2.395000 2.807000 0.008000 0.015000
4 2.188000 2.832000 0.020000 0.016000
6 1.866000 2.952000 0.017000 0.014000
6 1.780000 2.958000 0.016000 0.013000
6 1.699000 2.961000 0.018000 0.016000
4 1.452000 2.964000 0.020000 0.006000
6 1.450000 2.752000 0.009000 0.016000
4 1.388000 2.760000 0.008000 0.018000
4 1.228000 2.848000 0.008000 0.016000
4 1.100000 3.022000 0.010000 0.017000
4 1.228000 3.164000 0.008000 0.018000
4 0.581000 2.741000 0.019000 0.015000
4 0.576000 2.852000 0.014000 0.006000
4 0.474000 2.872000 0.009000 0.014000
4 0.616000 3.040000 0.008000 0.016000
6 0.199000 3.119000 0.020000 0.009000
6 0.209000 3.083000 0.019000 0.009000
4 0.036000 2.754000 0.008000 0.017000
4 0.016000 2.916000 0.008000 0.018000
6 3.860000 0.808000 0.010000 0.014000
6 3.854000 0.912000 0.009000 0.016000
4 3.864000 1.136000 0.020000 0.006000
4 3.872000 1.172000 0.020000 0.006000
4 3.630000 1.172000 0.017000 0.006000
4 3.814000 1.328000 0.023000 0.008000
6 3.828000 1.408000 0.022000 0.008000
4 3.643000 1.423000 0.017000 0.018000
4 3.611000 1.397000 0.016000 0.016000
4 3.546000 1.326000 0.019000 0.011000
4 3.208000 1.354000 0.020000 0.021000
4 3.417000 1.377000 0.016000 0.017000
6 3.296000 1.452000 0.018000 0.018000
5 2.749000 1.671000 0.019000 0.019000
4 2.532000 1.914000 0.022000 0.017000
6 2.756000 1.970000 0.018000 0.017000
4 2.949000 2.029000 0.017000 0.016000
9 3.388000 2.198000 0.142000 0.047000
6 3.661000 1.941000 0.016000 0.015000
6 3.624000 2.014000 0.020000 0.015000
5 3.118000 2.018000 0.021000 0.019000
4 3.448000 2.516000 0.018000 0.018000
4 3.410000 2.536000 0.019000 0.018000
4 2.506000 2.758000 0.009000 0.015000
4 2.462000 2.760000 0.009000 0.016000
4 2.572000 2.770000 0.010000 0.017000
6 2.712000 2.776000 0.022000 0.010000
5 2.699000 2.819000 0.027000 0.012000
6 3.058000 2.944000 0.015000 0.016000
4 3.342000 2.752000 0.017000 0.018000
6 3.304000 2.778000 0.018000 0.019000
4 3.265000 2.799000 0.020000 0.018000
4 3.574000 2.990000 0.021000 0.019000
4 3.401000 3.093000 0.022000 0.018000
4 3.315000 3.137000 0.021000 0.019000
4 3.655000 3.231000 0.015000 0.017000
6 3.717000 3.289000 0.016000 0.015000
4 3.472000 3.484000 0.022000 0.018000
6 3.414000 3.426000 0.019000 0.017000
6 3.772000 3.864000 0.014000 0.016000
4 3.016000 3.868000 0.008000 0.016000
6 2.876000 3.904000 0.016000 0.020000
4 2.828000 3.902000 0.014000 0.019000
4 2.675000 3.949000 0.021000 0.009000
6 2.352000 4.000000 0.000000 0.000000
6 1.545000 3.839000 0.009000 0.017000
4 2.756000 3.616000 0.018000 0.006000
4 2.646000 3.620000 0.019000 0.006000
6 2.632000 3.504000 0.018000 0.006000
6 2.533000 3.509000 0.020000 0.007000
4 2.550000 3.620000 0.019000 0.006000
4 2.425000 3.513000 0.024000 0.007000
4 2.420000 3.624000 0.024000 0.006000
6 2.316000 3.628000 0.020000 0.006000
4 2.220000 3.630000 0.022000 0.007000
6 2.176000 3.522000 0.018000 0.005000
4 2.030000 3.633000 0.023000 0.007000
4 2.064000 3.524000 0.016000 0.006000
6 1.964000 3.528000 0.024000 0.006000
4 1.834000 3.640000 0.019000 0.006000
6 1.858000 3.534000 0.019000 0.007000
6 1.754000 3.528000 0.019000 0.006000
6 1.658000 3.532000 0.017000 0.006000
4 1.554000 3.582000 0.021000 0.007000
4 1.296000 3.654000 0.018000 0.009000
9 1.173000 3.607000 0.056000 0.044000
6 0.676000 3.772000 0.008000 0.016000
6 0.622000 3.558000 0.019000 0.007000
4 0.874000 3.668000 0.021000 0.006000
6 0.774000 3.668000 0.021000 0.006000
6 0.564000 3.672000 0.018000 0.006000
4 0.374000 3.682000 0.013000 0.005000
6 0.292000 3.680000 0.018000 0.006000
4 0.128000 3.684000 0.022000 0.008000
4 0.051000 3.575000 0.019000 0.007000
4 1.013000 0.470000 0.020000 0.015000
6 0.800000 0.497000 0.014000 0.015000
6 0.418000 0.194000 0.017000 0.017000
6 0.377000 0.219000 0.020000 0.018000
6 0.341000 0.245000 0.018000 0.017000
4 0.191000 0.051000 0.020000 0.017000
6 0.156000 0.083000 0.022000 0.017000
4 0.593000 0.502000 0.015000 0.015000
4 0.668000 0.472000 0.018000 0.018000
4 1.389000 0.621000 0.021000 0.017000
4 1.321000 0.669000 0.017000 0.016000
4 1.239000 0.711000 0.018000 0.015000
6 1.079000 0.625000 0.017000 0.015000
4 0.970000 0.642000 0.017000 0.017000
4 0.980000 0.698000 0.020000 0.019000
6 0.918000 0.690000 0.017000 0.017000
4 1.066000 0.872000 0.019000 0.018000
4 0.583000 0.711000 0.019000 0.016000
5 0.412000 0.814000 0.024000 0.019000
6 0.759000 0.843000 0.021000 0.018000
4 0.806000 0.978000 0.019000 0.017000
4 1.180000 1.100000 0.022000 0.018000
6 1.232000 1.166000 0.018000 0.015000
6 1.362000 1.270000 0.019000 0.017000
4 1.310000 1.350000 0.019000 0.015000
6 1.484000 1.428000 0.020000 0.012000
6 1.425000 1.451000 0.020000 0.010000
6 1.386000 1.472000 0.021000 0.012000
6 1.295000 1.553000 0.020000 0.010000
4 1.123000 1.459000 0.012000 0.015000
6 1.517000 1.553000 0.014000 0.013000
4 1.924000 1.612000 0.014000 0.014000
4 1.519000 1.691000 0.018000 0.009000
6 1.520000 1.730000 0.022000 0.007000
4 1.518000 1.806000 0.021000 0.007000
4 1.078000 1.722000 0.009000 0.017000
6 0.768000 1.504000 0.008000 0.014000
6 0.679000 1.489000 0.009000 0.017000
6 0.476000 1.472000 0.008000 0.014000
4 0.321000 1.041000 0.019000 0.018000
4 0.448000 1.152000 0.018000 0.018000
4 0.165000 0.962000 0.022000 0.019000
6 0.136000 1.184000 0.012000 0.016000
4 0.215000 1.703000 0.010000 0.017000
5 0.052000 1.968000 0.010000 0.020000
6 0.096000 2.070000 0.006000 0.015000
6 0.551000 0.541000 0.019000 0.020000
