9 2.079000 1.310000 0.036000 0.047000
9 1.107000 1.080000 0.038000 0.088000
6 3.083000 0.025000 0.020000 0.010000
6 0.154000 0.356000 0.017000 0.010000
6 0.569000 0.051000 0.022000 0.014000
6 1.632000 0.604000 0.016000 0.014000
6 1.827000 0.438000 0.014000 0.013000
6 1.065000 0.321000 0.012000 0.014000
4 0.869000 0.248000 0.016000 0.020000
4 0.768000 0.290000 0.014000 0.015000
4 0.733000 0.297000 0.011000 0.012000
6 0.634000 0.401000 0.013000 0.015000
6 0.782000 0.540000 0.013000 0.014000
4 1.394000 1.256000 0.007000 0.016000
6 1.314000 0.920000 0.013000 0.014000
4 1.063000 1.357000 0.008000 0.018000
4 0.786000 1.324000 0.019000 0.014000
6 0.422000 0.926000 0.015000 0.009000
4 0.555000 0.801000 0.016000 0.008000
4 0.408000 1.502000 0.020000 0.017000
6 0.066000 1.094000 0.009000 0.015000
6 0.348000 2.680000 0.012000 0.020000
6 0.221000 2.577000 0.015000 0.017000
6 0.260000 2.556000 0.014000 0.016000
6 0.045000 2.523000 0.017000 0.013000
4 0.330000 2.788000 0.007000 0.014000
3 0.469000 3.018000 0.011000 0.019000
11 0.501000 2.959000 0.011000 0.018000
6 0.490000 2.872000 0.009000 0.016000
3 0.390000 2.932000 0.009000 0.014000
6 0.351000 2.938000 0.009000 0.013000
6 0.266000 2.943000 0.011000 0.016000
6 0.152000 2.966000 0.008000 0.013000
6 0.191000 2.961000 0.008000 0.014000
11 0.572000 3.188000 0.012000 0.006000
6 0.567000 3.127000 0.013000 0.004000
6 0.840000 2.490000 0.010000 0.015000
6 0.908000 2.456000 0.012000 0.016000
4 0.835000 2.309000 0.014000 0.018000
6 0.763000 2.327000 0.014000 0.019000
6 0.706000 2.022000 0.017000 0.017000
6 0.783000 1.986000 0.017000 0.017000
4 0.962000 1.998000 0.019000 0.021000
4 1.022000 1.911000 0.015000 0.019000
4 1.200000 2.304000 0.022000 0.010000
4 1.189000 2.203000 0.020000 0.010000
4 1.182000 2.132000 0.021000 0.010000
6 1.095000 1.725000 0.012000 0.019000
4 1.036000 1.675000 0.008000 0.014000
5 1.148000 1.774000 0.014000 0.007000
5 1.161000 1.807000 0.014000 0.007000
6 1.272000 1.774000 0.008000 0.015000
4 1.509000 2.207000 0.018000 0.014000
6 1.922000 1.988000 0.013000 0.016000
6 1.910000 1.898000 0.019000 0.013000
6 1.810000 1.918000 0.011000 0.013000
6 1.825000 1.999000 0.013000 0.016000
3 1.785000 2.012000 0.017000 0.022000
6 1.748000 2.022000 0.012000 0.015000
6 1.494000 1.506000 0.019000 0.007000
4 1.831000 1.785000 0.017000 0.013000
6 2.426000 1.796000 0.019000 0.014000
4 2.268000 1.716000 0.016000 0.020000
4 2.222000 1.634000 0.017000 0.021000
6 2.266000 1.548000 0.019000 0.014000
6 2.111000 1.426000 0.013000 0.015000
6 2.464000 1.318000 0.018000 0.011000
4 2.965000 1.551000 0.020000 0.013000
4 2.944000 1.515000 0.018000 0.012000
4 1.217000 1.087000 0.016000 0.010000
4 1.807000 1.232000 0.017000 0.014000
4 1.858000 1.160000 0.017000 0.014000
6 1.886000 1.028000 0.015000 0.014000
6 1.948000 1.091000 0.016000 0.016000
6 1.983000 1.179000 0.017000 0.017000
4 2.323000 0.768000 0.014000 0.014000
3 2.187000 0.564000 0.014000 0.014000
4 2.727000 0.237000 0.019000 0.017000
4 2.827000 0.209000 0.019000 0.017000
4 3.256000 0.536000 0.008000 0.016000
6 3.210000 0.552000 0.009000 0.014000
6 3.139000 0.407000 0.012000 0.019000
4 3.504000 0.486000 0.008000 0.015000
4 3.484000 0.744000 0.016000 0.008000
4 3.478000 0.708000 0.017000 0.010000
4 3.473000 0.679000 0.018000 0.010000
4 3.467000 0.651000 0.015000 0.009000
4 3.462000 0.612000 0.017000 0.010000
3 3.281000 0.647000 0.024000 0.011000
6 3.314000 0.742000 0.015000 0.007000
6 3.306000 0.684000 0.015000 0.006000
4 3.123000 0.686000 0.013000 0.007000
4 3.138000 0.720000 0.015000 0.010000
6 3.149000 0.747000 0.018000 0.008000
4 3.163000 0.779000 0.021000 0.010000
4 3.175000 0.811000 0.019000 0.010000
4 2.885000 1.111000 0.015000 0.019000
4 3.659000 0.957000 0.016000 0.010000
6 3.699000 1.009000 0.016000 0.009000
3 3.928000 0.992000 0.020000 0.010000
6 3.935000 0.543000 0.008000 0.015000
6 3.896000 0.548000 0.008000 0.012000
4 3.947000 3.513000 0.018000 0.012000
4 3.553000 3.711000 0.011000 0.017000
3 3.817000 3.909000 0.024000 0.009000
6 2.637000 3.915000 0.014000 0.012000
6 2.754000 3.846000 0.015000 0.013000
6 3.078000 3.624000 0.019000 0.016000
6 3.150000 3.556000 0.015000 0.014000
6 2.844000 3.942000 0.010000 0.015000
6 3.374000 3.386000 0.017000 0.019000
11 3.785000 2.464000 0.021000 0.010000
6 3.418000 1.520000 0.015000 0.010000
6 3.444000 1.592000 0.018000 0.018000
6 2.979000 1.883000 0.012000 0.015000
6 3.715000 1.941000 0.018000 0.009000
6 3.612000 1.616000 0.016000 0.008000
4 2.952000 2.036000 0.018000 0.012000
4 2.977000 2.063000 0.017000 0.013000
6 3.002000 2.090000 0.017000 0.013000
4 3.118000 2.322000 0.017000 0.013000
3 3.020000 2.458000 0.022000 0.017000
4 2.696000 2.352000 0.018000 0.014000
4 2.428000 2.696000 0.018000 0.014000
4 2.098000 2.855000 0.019000 0.014000
4 2.033000 2.883000 0.017000 0.019000
6 1.474000 3.196000 0.019000 0.016000
6 1.437000 3.005000 0.020000 0.015000
6 1.649000 3.117000 0.019000 0.016000
6 1.742000 3.062000 0.021000 0.017000
6 1.843000 2.993000 0.016000 0.019000
6 1.401000 2.695000 0.019000 0.021000
6 1.560000 2.636000 0.020000 0.018000
6 1.689000 2.543000 0.016000 0.018000
6 1.144000 2.736000 0.022000 0.010000
6 1.165000 2.779000 0.018000 0.008000
6 1.226000 2.804000 0.019000 0.010000
6 1.243000 2.849000 0.020000 0.010000
4 1.205000 3.277000 0.022000 0.007000
6 1.106000 3.612000 0.005000 0.014000
6 1.158000 3.610000 0.007000 0.013000
6 0.855000 3.759000 0.010000 0.017000
11 0.952000 3.749000 0.010000 0.014000
6 1.666000 3.795000 0.015000 0.017000
4 1.373000 3.849000 0.017000 0.008000
6 1.763000 3.959000 0.016000 0.014000
6 1.813000 3.972000 0.019000 0.015000
6 1.939000 3.899000 0.020000 0.017000
6 2.158000 3.773000 0.021000 0.017000
6 2.399000 3.635000 0.019000 0.016000
6 2.417000 3.341000 0.015000 0.012000
6 2.302000 3.237000 0.013000 0.014000
6 2.114000 3.366000 0.019000 0.015000
6 1.980000 3.428000 0.014000 0.016000
6 1.886000 3.490000 0.013000 0.011000
6 3.399000 2.273000 0.015000 0.011000
6 2.862000 2.724000 0.019000 0.018000
6 2.900000 2.708000 0.018000 0.018000
4 2.933000 2.679000 0.020000 0.020000
6 2.964000 2.652000 0.018000 0.018000
6 2.996000 2.632000 0.018000 0.018000
6 3.056000 2.584000 0.016000 0.016000
6 3.085000 2.559000 0.018000 0.019000
6 3.121000 2.767000 0.018000 0.016000
6 3.144000 2.790000 0.018000 0.017000
4 3.175000 2.815000 0.014000 0.013000
4 3.236000 2.636000 0.022000 0.020000
4 3.293000 2.683000 0.021000 0.019000
6 3.317000 2.708000 0.020000 0.018000
6 0.172000 3.948000 0.016000 0.006000
6 0.073000 3.877000 0.018000 0.009000
4 0.076000 3.846000 0.012000 0.005000
5 0.091000 3.919000 0.019000 0.008000
6 0.167000 3.917000 0.015000 0.007000
4 0.086000 3.726000 0.009000 0.017000
6 0.165000 3.717000 0.009000 0.017000
6 0.362000 3.690000 0.007000 0.013000
