2 0.110667 0.186500 0.073333 0.039333
22 0.193500 0.233667 0.047333 0.074000
28 0.489500 0.278333 0.054000 0.030000
28 0.487000 0.289000 0.054000 0.030000
28 0.476000 0.294333 0.026667 0.016667
2 0.525000 0.357333 0.040667 0.065333
2 0.538667 0.365667 0.042667 0.066000
2 0.552333 0.374333 0.038000 0.062000
28 0.516333 0.323333 0.015333 0.025333
28 0.520833 0.327667 0.014000 0.026000
2 0.567000 0.426333 0.056667 0.035333
2 0.556333 0.438333 0.067333 0.042000
2 0.607833 0.510000 0.035333 0.057333
2 0.622500 0.448833 0.049333 0.029333
2 0.620333 0.460167 0.046000 0.026667
18 0.698500 0.489333 0.052000 0.036000
24 0.751833 0.487667 0.028000 0.018000
24 0.748000 0.495333 0.029333 0.018667
2 0.506000 0.966000 0.056000 0.034000
2 0.411000 0.924000 0.057333 0.036000
2 0.379333 0.889333 0.033333 0.050000
2 0.369167 0.879333 0.037333 0.058667
2 0.357000 0.872333 0.036000 0.060667
2 0.343333 0.871667 0.028000 0.047333
2 0.332667 0.862667 0.035333 0.058667
2 0.305167 0.849000 0.037333 0.062000
2 0.318833 0.855667 0.036000 0.060667
2 0.276000 0.833833 0.042667 0.065333
2 0.290667 0.843667 0.036000 0.060667
22 0.235167 0.799667 0.064000 0.094000
18 0.358333 0.604500 0.060667 0.030667
0 0.883333 0.546333 0.044000 0.027333
22 0.031333 0.640000 0.047333 0.068667
22 0.116000 0.671333 0.052667 0.079333
2 0.165667 0.671667 0.080667 0.122000
22 0.208667 0.789000 0.069333 0.096667
