14 0.855000 0.711500 0.048000 0.081000
14 0.794000 0.711500 0.050010 0.081000
14 0.732000 0.712000 0.048000 0.080000
15 0.503154 0.905488 0.056309 0.072976
15 0.435500 0.910000 0.055000 0.073500
15 0.375500 0.906500 0.055000 0.071000
6 0.097500 0.968500 0.007000 0.011000
5 0.086000 0.989000 0.028000 0.008000
6 0.109500 0.094000 0.007000 0.016000
4 0.133000 0.096500 0.008000 0.017000
4 0.123982 0.143735 0.008035 0.015469
4 0.147500 0.141500 0.009000 0.015000
4 0.168000 0.096500 0.008000 0.017000
6 -0.000000 0.383500 0.000000 0.007000
4 0.016500 0.401500 0.017000 0.005000
6 0.015500 0.409500 0.015000 0.007000
4 -0.000000 0.418000 0.000000 0.006000
5 0.000500 0.427059 0.001710 0.006118
4 0.001000 0.437000 0.002000 0.006000
6 0.012000 0.436500 0.018000 0.007000
4 0.018500 0.444500 0.013000 0.005000
5 0.078500 0.267000 0.013000 0.008000
6 0.098000 0.274500 0.022000 0.007068
6 0.072500 0.283500 0.023521 0.007000
4 0.073500 0.293000 0.021000 0.006000
6 0.101000 0.293000 0.018000 0.006000
4 0.074684 0.301990 0.019367 0.007981
6 0.071000 0.311500 0.018000 0.007000
4 0.103500 0.345500 0.017703 0.007000
4 0.078000 0.390500 0.014000 0.005000
4 0.075500 0.373500 0.021000 0.007000
4 0.100000 0.373500 0.022000 0.007000
6 0.101000 0.390000 0.020000 0.006000
4 0.074000 0.409000 0.020499 0.006000
4 0.077000 0.426000 0.016000 0.006000
6 0.078000 0.436000 0.022000 0.006000
6 0.073000 0.453500 0.020000 0.007000
6 0.281921 0.114222 0.011842 0.016443
4 0.302500 0.123000 0.013000 0.019096
4 0.290500 0.244000 0.013000 0.016358
6 0.313000 0.252000 0.014000 0.016000
6 0.324000 0.255000 0.016000 0.018708
4 0.507500 0.231000 0.015000 0.018000
4 0.607750 0.283250 0.008500 0.008500
6 0.276882 0.009237 0.019764 0.016475
4 0.266300 0.004100 0.016800 0.012400
6 0.323500 0.084500 0.021371 0.013000
6 0.350000 0.091500 0.014000 0.009200
7 0.681000 0.028000 0.024083 0.018000
6 0.863000 0.112000 0.022445 0.020000
6 0.999000 0.038393 0.009213 0.009214
