6 2.948000 0.286000 0.014000 0.013552
4 3.608258 3.473072 0.014129 0.020536
4 3.170000 3.832000 0.013435 0.016000
6 3.215324 3.813054 0.016338 0.018527
4 3.080000 3.872000 0.016144 0.018000
6 2.868455 3.762708 0.016227 0.018646
4 3.629020 0.500343 0.022510 0.014171
6 0.420000 3.682000 0.022000 0.015034
4 0.452000 3.724000 0.022734 0.014000
4 1.790980 3.587657 0.022510 0.014172
4 3.858000 0.916000 0.017000 0.018883
4 3.890400 0.838800 0.021200 0.015400
4 3.695076 0.704615 0.015538 0.018308
6 3.642000 0.630000 0.017000 0.019520
4 3.358400 0.228800 0.015200 0.019600
6 3.316000 0.170000 0.014000 0.017646
4 3.272000 0.102000 0.016000 0.019000
4 3.228500 0.028000 0.009500 0.016000
6 3.198801 0.375600 0.019400 0.014200
4 3.247386 0.446338 0.024307 0.018831
4 3.120000 0.678000 0.024000 0.017276
6 2.848000 0.440000 0.018312 0.014000
4 2.930000 0.400000 0.019000 0.014000
4 2.976000 0.118000 0.020000 0.015400
6 3.056588 0.217647 0.014588 0.013176
4 2.958000 0.208000 0.015000 0.020314
6 2.850000 0.166000 0.017278 0.019000
6 2.789254 0.220483 0.021373 0.017759
4 2.759384 0.191077 0.019692 0.016462
4 2.703600 0.265200 0.020600 0.015400
6 2.618800 0.165600 0.019400 0.014800
4 2.572906 0.097627 0.019547 0.013186
6 2.590000 0.362000 0.017278 0.019000
4 2.048127 1.644173 0.017936 0.020087
5 1.407873 1.186605 0.012064 0.020698
4 1.496040 1.185604 0.010020 0.020802
6 1.810000 1.084000 0.021000 0.016411
4 1.748000 1.022000 0.022000 0.017094
6 1.724000 0.990000 0.020539 0.017000
4 1.567697 0.822195 0.018152 0.015227
4 1.528615 0.788923 0.019692 0.016462
4 1.510000 0.750000 0.019000 0.015353
6 1.471474 0.722919 0.019737 0.017460
4 1.443385 0.687077 0.018308 0.015538
4 1.180472 0.951955 0.021764 0.010022
4 1.206379 0.881730 0.025189 0.011135
4 0.144787 1.125344 0.018393 0.019656
4 0.187000 1.099000 0.019500 0.019500
4 0.279000 1.059000 0.019500 0.019500
4 0.316000 1.032000 0.020306 0.022000
4 0.363115 1.007274 0.020442 0.021637
4 0.406000 0.982000 0.019122 0.021000
4 0.444673 0.962828 0.019664 0.021414
4 0.494000 0.942000 0.017000 0.019923
4 0.579825 0.889745 0.018088 0.020873
6 0.628000 0.870000 0.018076 0.019000
4 0.667000 0.845000 0.019500 0.019500
4 0.796000 0.774000 0.020399 0.021000
6 0.885294 0.725177 0.017353 0.018588
4 0.924000 0.700000 0.020058 0.022000
4 0.966000 0.672000 0.019427 0.020000
4 1.396000 0.436000 0.018000 0.018581
6 1.436599 0.408641 0.019701 0.020321
4 1.482000 0.388000 0.019000 0.018356
6 1.524000 0.362000 0.018480 0.021000
4 1.610000 0.318000 0.019000 0.021320
3 1.770428 0.208449 0.029214 0.029775
4 1.910000 0.152000 0.017000 0.018883
4 1.966000 0.128000 0.017000 0.020170
4 2.043000 0.081000 0.019500 0.019500
4 2.090976 0.053220 0.017488 0.019390
4 2.137292 0.028590 0.011200 0.016590
6 2.189600 0.019000 0.007000 0.012000
6 0.408000 0.286000 0.022331 0.021000
4 0.357220 0.198976 0.019390 0.017488
