32 0.555250 0.679500 0.224000 0.187000
4 0.688000 0.085000 0.012000 0.020000
4 0.463500 0.272500 0.009000 0.015000
4 0.448000 0.221000 0.006000 0.014000
9 0.303000 0.089500 0.086000 0.069000
4 0.513500 0.473000 0.023000 0.008000
6 0.420750 0.471750 0.024000 0.011000
5 0.347750 0.460750 0.025000 0.016000
4 0.293500 0.425250 0.017000 0.022000
6 0.237000 0.483500 0.020000 0.007000
6 0.233000 0.470000 0.018000 0.006000
6 0.203500 0.483000 0.023000 0.008000
6 0.203500 0.469500 0.021000 0.007000
6 0.156500 0.483000 0.021000 0.008000
6 0.161000 0.469000 0.022000 0.008000
6 0.111000 0.479500 0.024000 0.009000
5 0.591000 0.353500 0.022000 0.007000
4 0.776500 0.294500 0.011000 0.017000
4 0.905750 0.277250 0.013000 0.017000
4 0.724500 0.244500 0.009000 0.017000
6 0.074000 0.127500 0.010000 0.017000
6 0.087500 0.122750 0.009000 0.017000
4 0.110000 0.106000 0.022000 0.008000
