4 0.854000 0.890000 0.009000 0.015000
6 0.473302 0.990057 0.023349 0.009028
5 0.658000 3.400000 0.021000 0.036000
6 1.644000 2.054000 0.022000 0.011231
5 1.664781 2.088068 0.018391 0.008034
4 1.665330 2.127937 0.021335 0.008032
6 1.680000 2.172000 0.028642 0.010000
6 1.676669 2.218055 0.024334 0.009028
6 1.680000 2.262000 0.022000 0.007000
4 1.698000 2.294000 0.021760 0.009000
4 1.694000 2.332000 0.021000 0.008000
6 1.704661 2.373937 0.021670 0.009031
4 1.711452 2.401934 0.022274 0.007033
4 1.724000 2.450000 0.022726 0.009000
6 1.732000 2.494000 0.020000 0.007000
6 1.728755 2.530078 0.016377 0.007039
5 1.737389 2.563940 0.023306 0.008030
5 1.742670 2.604063 0.021335 0.008032
4 1.756000 2.644000 0.024582 0.008000
4 1.764000 2.676000 0.022000 0.010045
4 1.768000 2.712000 0.020698 0.008000
6 1.766000 2.750000 0.019630 0.007000
6 1.770000 2.784000 0.021000 0.008065
6 1.928000 2.034000 0.018114 0.009000
6 1.944000 2.072000 0.018775 0.008000
4 1.950000 2.118000 0.021570 0.007000
4 1.958000 2.154000 0.021000 0.007000
4 1.948000 2.196000 0.018775 0.008000
6 1.974000 2.234000 0.021769 0.011000
4 1.972000 2.268000 0.018775 0.008000
4 1.979458 2.309847 0.019729 0.008923
4 1.982000 2.352000 0.019735 0.008000
4 1.986000 2.392000 0.021665 0.008000
4 1.995452 2.429934 0.022274 0.007033
4 2.002000 2.464000 0.021000 0.010040
5 2.000000 2.506000 0.024666 0.009000
4 2.018000 2.548000 0.021000 0.008079
6 2.036000 2.582000 0.018000 0.009062
6 2.044778 2.627823 0.023611 0.012088
6 2.062000 2.662000 0.021000 0.009059
6 2.077858 2.707721 0.021071 0.010139
6 2.079223 2.746068 0.023612 0.009034
4 2.042000 2.050000 0.021000 0.007000
4 2.040000 2.084000 0.020000 0.008000
4 2.042611 2.116060 0.023306 0.008030
4 2.056000 2.154000 0.020798 0.009000
4 2.050000 2.190000 0.023000 0.007000
6 2.064000 2.234000 0.022643 0.011000
4 2.067908 2.273262 0.022046 0.010631
4 2.076000 2.308000 0.021310 0.012000
6 2.094000 2.362000 0.024208 0.009000
4 2.100000 2.396000 0.020000 0.008066
4 2.093676 2.444054 0.019162 0.009973
4 2.106000 2.486000 0.023178 0.011000
4 2.110000 2.532000 0.023880 0.012000
4 2.288000 2.450000 0.022000 0.007000
6 2.290000 2.408000 0.017821 0.008000
4 2.321760 1.972320 0.023120 0.010160
6 2.317365 2.017928 0.019318 0.007036
4 2.326765 2.054059 0.021382 0.009029
6 2.328000 2.110000 0.022726 0.009000
6 2.341155 2.149939 0.019423 0.009030
6 2.340000 2.198000 0.020907 0.011000
5 2.367659 2.242035 0.029829 0.011018
4 2.368000 2.308000 0.020698 0.008000
4 2.380000 2.346000 0.024000 0.007000
4 2.380000 2.384000 0.022000 0.008000
6 2.388669 2.430055 0.024334 0.009028
6 2.386000 2.484000 0.023000 0.008082
6 2.404000 2.524000 0.024000 0.008000
4 2.406000 2.580000 0.021000 0.008079
6 2.524775 2.027957 0.018388 0.007978
4 2.522000 2.062000 0.021000 0.009060
4 2.527846 2.116770 0.020077 0.010385
4 2.542000 2.152000 0.019000 0.008068
4 2.543223 2.202068 0.023612 0.009034
4 2.554000 2.242000 0.019840 0.009000
6 2.562670 2.284063 0.021335 0.008032
4 2.566000 2.322000 0.019000 0.007000
4 2.574000 2.366000 0.023000 0.007000
4 2.582000 2.402000 0.021000 0.009059
4 2.588000 2.434000 0.018114 0.009000
6 2.601260 2.475934 0.019370 0.008033
6 2.614000 2.536000 0.013000 0.006000
6 2.690124 1.758985 0.021062 0.010508
4 2.700000 1.792000 0.024000 0.010280
6 2.712000 1.832000 0.022000 0.010000
6 2.712000 1.872000 0.016000 0.006000
6 2.714000 1.908000 0.021000 0.008000
6 2.730000 1.950000 0.021000 0.007000
4 2.743197 2.005940 0.020401 0.009030
6 2.746000 2.048000 0.021665 0.008000
6 2.750000 2.090000 0.021000 0.007000
4 2.755397 2.121930 0.020302 0.007035
4 2.760000 2.154000 0.018000 0.007000
6 2.764377 2.209321 0.021811 0.012660
4 2.776000 2.258000 0.022643 0.011000
4 2.788704 2.336065 0.020352 0.008032
6 2.796000 2.376000 0.020698 0.008000
6 2.792000 2.416000 0.020000 0.008000
6 2.812000 2.466000 0.018000 0.007000
6 2.808000 2.504000 0.018000 0.008000
4 2.890000 1.808000 0.019735 0.008000
5 2.922000 1.858000 0.027000 0.009053
6 2.922000 1.896000 0.021000 0.008000
4 2.934000 1.932000 0.019000 0.006000
5 2.940000 1.970000 0.020000 0.007000
6 2.942000 2.006000 0.017000 0.007000
4 2.954000 2.044000 0.019000 0.006000
5 2.958000 2.086000 0.019000 0.007000
4 2.962000 2.128000 0.021000 0.008000
4 2.974000 2.174000 0.021000 0.007070
4 2.972000 2.216000 0.018000 0.006000
4 2.974000 2.258000 0.023000 0.007000
6 2.982000 2.298000 0.021000 0.007000
4 2.984000 2.344000 0.020000 0.006000
4 2.986000 2.382000 0.021000 0.007000
4 2.960000 2.456000 0.018000 0.008000
4 2.958000 2.496000 0.023000 0.008000
6 3.022594 1.789941 0.020703 0.009030
5 3.030000 1.824000 0.021000 0.008000
6 3.032000 1.866000 0.020000 0.007000
4 3.038000 1.904000 0.021000 0.008000
4 3.038765 1.938059 0.021382 0.009029
6 3.054000 2.006000 0.021570 0.007000
4 3.048000 2.044000 0.020000 0.006000
4 3.060000 2.084000 0.020698 0.008000
4 3.060000 2.122000 0.020000 0.007000
4 3.066635 2.170072 0.019318 0.007036
4 3.072000 2.212000 0.020698 0.008000
6 3.074000 2.248000 0.021000 0.008079
4 3.084000 2.286000 0.022000 0.007000
6 3.078000 2.350000 0.017000 0.007000
4 3.082000 2.382000 0.019000 0.007000
6 3.070000 2.420000 0.017000 0.006000
6 3.046000 2.454000 0.019000 0.007000
4 3.056000 2.498000 0.022000 0.007000
4 3.202592 1.602256 0.023296 0.011128
6 3.211412 1.635703 0.020294 0.010149
6 3.236240 1.677680 0.016120 0.009160
4 3.244000 1.718000 0.020000 0.007072
4 3.246000 1.748000 0.017000 0.006000
6 3.244000 1.786000 0.019537 0.009000
4 3.243197 1.825940 0.020401 0.009030
4 3.254740 1.868066 0.019370 0.008033
4 3.256000 1.900000 0.018000 0.006000
6 3.251297 1.939935 0.020352 0.008032
4 3.250000 1.976000 0.019000 0.006000
6 3.264216 2.007297 0.018162 0.009649
4 3.263480 2.038055 0.019740 0.009027
4 3.284000 2.080000 0.018775 0.008000
4 3.292000 2.118000 0.018000 0.007000
4 3.286000 2.154000 0.019000 0.007000
4 3.286000 2.196000 0.021665 0.008000
4 3.292000 2.234000 0.020000 0.007000
6 3.288000 2.278000 0.022000 0.007000
4 3.282000 2.316000 0.021000 0.008000
6 3.282000 2.368000 0.019000 0.006000
6 3.280000 2.406000 0.020000 0.007000
4 3.997502 3.353320 0.001249 0.002506
5 3.394000 3.800000 0.027000 0.014077
4 3.402000 3.848000 0.021000 0.012178
