6 0.043500 0.164500 0.019000 0.011000
6 0.069250 0.162750 0.020000 0.013000
6 0.134750 0.191250 0.016000 0.010000
6 0.294000 0.030000 0.008000 0.016000
6 0.292000 0.048500 0.010000 0.019000
6 0.288750 0.068250 0.011000 0.018000
4 0.168250 0.292750 0.025000 0.017000
4 0.172250 0.283250 0.026000 0.017000
4 0.169250 0.303250 0.022000 0.013000
5 0.156750 0.329250 0.028000 0.017000
5 0.153250 0.337750 0.025000 0.016000
5 0.149000 0.347500 0.024000 0.015000
4 0.145000 0.355500 0.026000 0.015000
4 0.143500 0.365000 0.025000 0.016000
6 0.137500 0.372500 0.023000 0.013000
5 0.136000 0.383000 0.026000 0.016000
5 0.112250 0.434250 0.026000 0.017000
6 0.106750 0.443250 0.021000 0.014000
6 0.184250 0.465250 0.019000 0.012000
6 0.847500 0.416000 0.025000 0.016000
6 0.869000 0.480500 0.018000 0.009000
6 0.904250 0.499750 0.014000 0.020000
4 0.902250 0.728750 0.012000 0.020000
10 0.641750 0.774250 0.035000 0.017000
10 0.649250 0.766250 0.026000 0.015000
10 0.677500 0.957750 0.023000 0.039000
4 0.235750 0.975750 0.015000 0.020000
5 0.242500 0.955000 0.011000 0.018000
5 0.202250 0.965750 0.025000 0.014000
5 0.210750 0.947750 0.025000 0.012000
5 0.260500 0.905000 0.015000 0.022000
5 0.270000 0.879750 0.016000 0.024000
5 0.418750 0.722750 0.025000 0.014000
4 0.376500 0.711500 0.027000 0.017000
11 0.325500 0.729000 0.013000 0.020000
4 0.316000 0.756500 0.016000 0.021000
6 0.307500 0.780500 0.013000 0.017000
5 0.297000 0.688250 0.026000 0.013000
6 0.229000 0.741500 0.012000 0.019000
6 0.192500 0.837000 0.011000 0.016000
6 0.184750 0.859750 0.014000 0.023000
5 0.149000 0.839500 0.018000 0.023000
6 0.169000 0.785500 0.012000 0.017000
4 0.177250 0.762750 0.014000 0.018000
6 0.184750 0.740750 0.015000 0.020000
4 0.191500 0.723000 0.013000 0.018000
4 0.197000 0.702500 0.014000 0.023000
5 0.150750 0.691750 0.022000 0.013000
6 0.129250 0.748750 0.017000 0.011000
4 0.126250 0.756250 0.020000 0.012000
4 0.123000 0.765000 0.020000 0.014000
6 0.116500 0.632500 0.019000 0.013000
9 0.249500 0.657000 0.083000 0.068000
