4 0.598754 0.095469 0.009508 0.013062
4 0.592000 0.200500 0.010000 0.015956
5 0.627000 0.232000 0.022000 0.008000
6 0.588000 0.245500 0.008000 0.012262
4 0.138500 0.875500 0.021000 0.007000
4 0.295500 0.463000 0.017000 0.006000
9 0.056500 0.784500 0.077808 0.067000
6 0.933906 0.827170 0.017811 0.022340
4 0.905312 0.972790 0.019376 0.022420
4 0.936500 0.950000 0.017000 0.020539
5 0.951000 0.894500 0.022000 0.027472
4 0.989500 0.870000 0.017094 0.022000
4 0.994738 0.821927 0.014047 0.019778
4 0.191500 0.217000 0.023000 0.008000
4 0.728000 0.022500 0.016622 0.009000
4 0.733000 0.016000 0.022000 0.010000
4 0.700500 0.318000 0.021000 0.018000
6 0.635000 0.286000 0.020000 0.012029
6 0.626500 0.223000 0.019000 0.008000
4 0.669174 0.669987 0.026347 0.010025
4 0.504500 0.648000 0.019735 0.008000
4 0.378484 0.917749 0.009031 0.016502
4 0.062000 0.983500 0.008070 0.017000
6 0.065000 0.942500 0.010000 0.017000
4 0.550500 0.702000 0.009000 0.018886
4 0.555500 0.643000 0.009000 0.018000
5 0.558986 0.597774 0.010027 0.020451
6 0.564000 0.555500 0.010000 0.020666
4 0.436000 0.456000 0.022000 0.012118
6 0.089507 0.644929 0.011013 0.021858
5 0.155500 0.608000 0.025000 0.008000
6 0.159500 0.598000 0.021000 0.010055
4 0.158000 0.587500 0.018000 0.007000
4 0.131000 0.607500 0.020000 0.021076
5 0.027000 0.462000 0.022000 0.008000
4 0.131000 0.124000 0.008000 0.012000
4 0.212500 0.050500 0.021000 0.007000
6 0.225000 0.157000 0.020000 0.006000
6 0.270500 0.038000 0.017000 0.006000
6 0.433797 0.952985 0.027595 0.010030
6 0.398482 0.920443 0.014964 0.019114
6 0.517000 0.517500 0.014000 0.005000
