4 0.445488 0.638236 0.011025 0.019528
4 0.014846 0.080269 0.020615 0.017462
6 0.015000 0.068500 0.020000 0.015051
6 0.015000 0.057000 0.018000 0.014715
4 0.015255 0.033820 0.021490 0.018360
6 0.015000 0.045500 0.018882 0.015000
4 0.055000 0.039000 0.020000 0.020000
4 0.015808 0.021462 0.020385 0.016923
6 0.015353 0.009588 0.018706 0.015176
6 0.031500 0.078500 0.011000 0.019000
6 0.043000 0.077500 0.008000 0.015000
4 0.054455 0.076554 0.010911 0.020891
6 0.066989 0.075230 0.012023 0.024459
6 0.072564 0.037044 0.020873 0.018088
5 0.053500 0.023000 0.025000 0.020000
6 0.055000 0.012000 0.022404 0.018000
6 0.074000 0.024000 0.020000 0.018195
6 0.075000 0.012500 0.022000 0.017297
6 0.081635 0.003301 0.008143 0.009203
4 0.056000 0.107500 0.026461 0.007000
6 0.028000 0.107500 0.016000 0.007000
4 0.069500 0.170000 0.009000 0.016000
4 0.081512 0.172205 0.011024 0.017590
6 0.115500 0.173000 0.013039 0.020000
6 0.138500 0.171500 0.015000 0.020470
6 0.161500 0.247500 0.007000 0.017000
5 0.142851 0.295015 0.011703 0.018030
4 0.129500 0.293000 0.011000 0.018116
6 0.114446 0.292569 0.011108 0.017138
4 0.097492 0.294439 0.010985 0.017123
6 0.083500 0.293500 0.009062 0.017000
6 0.069500 0.294500 0.011047 0.017000
4 0.316000 0.109000 0.022000 0.008000
4 0.342500 0.108500 0.023000 0.007000
6 0.365500 0.107500 0.021000 0.007000
6 0.505715 0.049986 0.021430 0.010027
4 0.658938 0.061878 0.019877 0.011756
6 0.744000 0.013500 0.020000 0.007000
4 0.770000 0.014000 0.022635 0.008000
6 0.743000 0.041500 0.022000 0.007000
6 0.768500 0.106500 0.019000 0.005000
5 0.962500 0.163000 0.025000 0.008000
5 0.963500 0.187000 0.025000 0.010031
5 0.968000 0.196000 0.026538 0.008000
6 0.964000 0.206000 0.020000 0.008000
6 0.701000 0.385000 0.010000 0.014451
6 0.708500 0.401500 0.011033 0.023000
4 0.698000 0.402000 0.010000 0.016131
6 0.652500 0.509500 0.023000 0.007000
6 0.611500 0.510000 0.021000 0.008000
4 0.265500 0.471500 0.009000 0.017000
6 0.313000 0.415500 0.010055 0.019000
6 0.161000 0.449500 0.010000 0.015000
6 0.186000 0.438500 0.012045 0.021000
4 0.160000 0.470000 0.012000 0.020000
6 0.078000 0.462500 0.010054 0.017000
6 0.048500 0.509500 0.025000 0.009000
5 0.003000 0.566500 0.006000 0.021000
4 0.063500 0.564000 0.009000 0.018000
6 0.124500 0.569000 0.021000 0.020379
6 0.130000 0.780500 0.026000 0.009000
6 0.104500 0.782000 0.021000 0.010055
4 0.105799 0.794485 0.020401 0.009030
4 0.111500 0.862000 0.021000 0.008000
6 0.543000 0.591000 0.020000 0.006000
6 0.542621 0.629485 0.025241 0.007030
4 0.541500 0.641500 0.021570 0.007000
6 0.544000 0.654500 0.022544 0.007000
4 0.541500 0.665000 0.021000 0.006000
6 0.540500 0.681000 0.021000 0.008000
4 0.541000 0.704500 0.022000 0.009059
6 0.544000 0.715500 0.022000 0.009063
6 0.585000 0.707500 0.010000 0.017000
16 0.600000 0.643500 0.012000 0.031000
6 0.431500 0.657500 0.009000 0.017000
5 0.473661 0.743514 0.025321 0.009027
6 0.549500 0.752000 0.023000 0.020333
6 0.687863 0.764483 0.022274 0.007033
4 0.680000 0.698000 0.018000 0.006000
4 0.681500 0.677500 0.021570 0.007000
6 0.682500 0.651000 0.023781 0.010000
5 0.685500 0.639000 0.025559 0.008000
4 0.793500 0.648500 0.023000 0.007000
4 0.849000 0.599000 0.022000 0.006000
6 0.868500 0.598000 0.015000 0.006000
6 0.916000 0.743000 0.028363 0.018000
6 0.813152 0.784286 0.016304 0.019429
6 0.821800 0.803100 0.014400 0.018600
6 0.787500 0.821000 0.017780 0.020000
4 0.795500 0.841500 0.015204 0.019000
6 0.804100 0.862200 0.014200 0.017600
6 0.939043 0.826994 0.023915 0.010011
5 0.978335 0.827034 0.030669 0.014068
6 0.881500 0.658000 0.019000 0.006000
6 0.983500 0.673500 0.017984 0.017000
5 0.958500 0.624000 0.023000 0.014343
6 0.997500 0.523083 0.005000 0.010167
4 0.592508 0.259438 0.010985 0.017123
6 0.578000 0.258000 0.008071 0.014000
4 0.408000 0.303000 0.016000 0.022287
4 0.466484 0.839251 0.009031 0.016502
6 0.494000 0.840000 0.010000 0.018000
6 0.493000 0.858500 0.012000 0.017000
4 0.536710 0.840976 0.013421 0.018048
6 0.554000 0.840000 0.010033 0.020000
5 0.536986 0.861774 0.010027 0.020451
6 0.755000 0.962000 0.010053 0.016000
6 0.709000 0.975500 0.010000 0.013000
6 0.266806 0.904483 0.023612 0.009034
5 0.239500 0.259500 0.027000 0.007000
6 0.160000 0.381000 0.010000 0.018000
6 0.632000 0.616500 0.010000 0.019000
9 0.174000 0.527500 0.038000 0.061400
6 0.677000 0.374500 0.024000 0.009000
9 0.165512 0.929362 0.039025 0.059277
9 0.794575 0.914500 0.173150 0.026999
9 0.769096 0.269103 0.140193 0.145793
