9 1.457000 1.795000 0.021000 0.027000
9 1.909000 3.159000 0.035000 0.039000
9 2.122000 3.157000 0.029000 0.035000
9 2.750000 0.530000 0.023000 0.021000
9 2.778000 1.794000 0.023000 0.023000
9 2.791000 3.143000 0.036000 0.022000
9 3.630000 3.148000 0.039000 0.020000
6 3.404000 1.252000 0.008000 0.016000
4 0.046000 2.094000 0.009000 0.017000
4 0.018000 2.240000 0.009000 0.016000
4 0.184000 2.240000 0.010000 0.012000
6 0.364000 2.242000 0.008000 0.017000
6 0.238000 2.342000 0.019000 0.007000
6 0.242000 2.378000 0.021000 0.007000
4 0.239000 2.413000 0.019000 0.009000
4 0.242000 2.450000 0.019000 0.009000
6 0.390000 2.368000 0.021000 0.008000
4 0.392000 2.300000 0.022000 0.006000
6 0.392000 2.406000 0.022000 0.007000
6 0.394000 2.440000 0.015000 0.006000
6 0.418000 2.698000 0.021000 0.007000
4 0.290000 3.072000 0.007000 0.018000
3 0.362000 3.070000 0.009000 0.017000
6 1.038000 3.452000 0.009000 0.018000
6 1.621000 3.557000 0.009000 0.018000
6 0.831000 3.065000 0.008000 0.018000
4 1.772000 3.076000 0.020000 0.012000
4 1.757000 3.051000 0.020000 0.013000
3 1.743000 3.018000 0.020000 0.013000
3 1.724000 2.992000 0.018000 0.012000
4 1.702000 2.936000 0.021000 0.014000
6 1.422000 2.890000 0.007000 0.015000
5 1.467000 2.885000 0.010000 0.019000
3 2.340000 3.132000 0.022000 0.010000
6 1.856000 2.458000 0.016000 0.007000
6 1.415000 2.087000 0.015000 0.018000
4 1.646000 1.328000 0.009000 0.016000
4 1.686000 1.328000 0.009000 0.016000
4 1.766000 1.326000 0.009000 0.019000
4 1.848000 1.324000 0.008000 0.016000
4 2.090000 1.324000 0.011000 0.016000
4 2.130000 1.328000 0.009000 0.016000
4 2.899000 0.675000 0.017000 0.013000
4 0.956000 0.638000 0.022000 0.009000
6 0.958000 0.568000 0.021000 0.008000
6 0.968000 0.472000 0.020000 0.008000
6 0.976000 0.334000 0.022000 0.007000
6 0.986000 0.264000 0.021000 0.008000
6 0.995000 0.131000 0.021000 0.008000
6 0.997000 0.071000 0.023000 0.010000
6 1.012000 0.008000 0.020000 0.004000
4 1.402000 0.458000 0.021000 0.009000
6 1.400000 0.430000 0.022000 0.009000
4 1.398000 0.370000 0.021000 0.007000
6 1.392000 0.308000 0.016000 0.006000
6 1.387000 0.215000 0.016000 0.009000
4 1.560000 0.364000 0.020000 0.008000
4 1.560000 0.298000 0.020000 0.007000
4 1.566000 0.264000 0.019000 0.008000
4 1.552000 0.206000 0.020000 0.007000
4 2.029000 0.029000 0.010000 0.015000
6 2.067000 0.032000 0.010000 0.016000
4 2.106000 0.034000 0.009000 0.017000
4 2.144000 0.032000 0.010000 0.016000
6 2.178000 0.032000 0.009000 0.016000
4 2.213000 0.031000 0.010000 0.016000
4 2.251000 0.034000 0.009000 0.017000
6 2.294000 0.030000 0.007000 0.011000
6 2.960000 3.136000 0.016000 0.004000
4 2.814000 3.972000 0.007000 0.014000
4 3.601000 2.761000 0.019000 0.012000
6 3.232000 2.784000 0.020000 0.006000
4 3.304000 2.722000 0.008000 0.015000
4 3.346000 2.726000 0.007000 0.015000
4 3.388000 2.724000 0.010000 0.018000
6 2.890000 2.596000 0.015000 0.006000
4 2.892000 2.554000 0.018000 0.007000
4 2.916000 2.208000 0.008000 0.016000
4 2.958000 2.212000 0.009000 0.016000
4 3.001000 2.209000 0.009000 0.018000
4 3.048000 2.204000 0.008000 0.018000
6 3.140000 2.208000 0.008000 0.016000
4 3.186000 2.206000 0.009000 0.017000
4 2.874000 2.080000 0.007000 0.016000
4 2.918000 2.080000 0.007000 0.016000
6 2.960000 2.080000 0.008000 0.014000
6 3.000000 2.080000 0.008000 0.012000
4 2.878000 2.010000 0.009000 0.017000
4 2.960000 2.008000 0.010000 0.016000
6 3.000000 2.010000 0.008000 0.015000
6 2.915000 1.877000 0.011000 0.017000
4 2.955000 1.875000 0.012000 0.018000
6 3.305000 1.867000 0.020000 0.007000
6 3.303000 1.839000 0.022000 0.009000
4 3.450000 1.892000 0.021000 0.008000
4 3.448000 1.848000 0.018000 0.010000
6 3.238000 1.248000 0.009000 0.016000
4 3.278000 1.252000 0.007000 0.014000
4 3.320000 1.246000 0.008000 0.015000
4 3.362000 1.254000 0.009000 0.015000
4 3.445000 1.249000 0.009000 0.016000
4 3.530000 1.252000 0.009000 0.018000
4 3.572000 1.246000 0.008000 0.015000
6 3.609000 1.245000 0.009000 0.016000
4 3.649000 1.247000 0.009000 0.017000
4 3.448000 1.402000 0.008000 0.015000
6 3.486000 1.400000 0.009000 0.014000
6 3.530000 1.400000 0.007000 0.012000
4 3.572000 1.396000 0.008000 0.016000
4 3.764000 1.372000 0.020000 0.006000
6 3.760000 1.338000 0.020000 0.007000
6 3.758000 1.304000 0.019000 0.008000
4 3.538000 0.938000 0.017000 0.007000
4 3.658000 0.938000 0.015000 0.007000
4 2.910000 0.608000 0.009000 0.014000
6 3.030000 0.602000 0.017000 0.019000
6 3.071000 0.607000 0.014000 0.015000
4 3.128000 0.596000 0.022000 0.022000
6 3.228000 0.588000 0.018000 0.018000
4 3.277000 0.591000 0.017000 0.017000
4 3.365000 0.595000 0.019000 0.020000
6 3.411000 0.599000 0.017000 0.017000
6 3.566000 0.720000 0.019000 0.008000
4 3.572000 0.684000 0.020000 0.006000
6 3.566000 0.622000 0.019000 0.007000
3 2.910000 0.782000 0.009000 0.023000
4 3.139000 0.063000 0.020000 0.009000
4 3.146000 0.022000 0.021000 0.007000
4 3.144000 0.000000 0.020000 0.000000
9 1.268000 1.800000 0.024000 0.028000
