10 3.132000 3.162000 0.030000 0.029000
5 3.288000 3.016000 0.028000 0.026000
30 3.431000 2.508000 0.041000 0.040000
6 2.559000 1.685000 0.021000 0.019000
5 2.685000 1.785000 0.017000 0.016000
6 0.717000 1.884000 0.018000 0.016000
6 0.857000 1.765000 0.015000 0.014000
4 1.477000 1.223000 0.016000 0.016000
4 1.535000 1.167000 0.014000 0.014000
6 1.596000 1.118000 0.018000 0.017000
6 1.668000 1.058000 0.018000 0.017000
4 1.745000 0.983000 0.019000 0.017000
4 0.177000 0.053000 0.020000 0.020000
4 0.442000 0.030000 0.015000 0.013000
9 1.012000 3.634000 0.040000 0.039000
