4 3.112000 0.150000 0.018000 0.021000
4 3.596000 0.126000 0.022000 0.007000
4 3.653000 0.189000 0.016000 0.019000
4 3.698000 0.194000 0.017000 0.021000
4 3.021000 0.443000 0.020000 0.022000
4 2.244000 1.045000 0.020000 0.020000
4 2.666000 1.400000 0.021000 0.020000
5 2.730000 1.488000 0.025000 0.020000
6 2.062000 1.040000 0.019000 0.020000
4 2.190000 1.149000 0.019000 0.020000
4 2.334000 1.332000 0.021000 0.020000
4 2.072000 1.770000 0.024000 0.017000
4 2.271000 2.013000 0.020000 0.016000
6 1.207000 1.429000 0.019000 0.019000
6 0.193000 1.845000 0.018000 0.019000
4 1.015000 2.089000 0.018000 0.020000
6 1.097000 2.046000 0.018000 0.021000
4 1.148000 2.034000 0.018000 0.021000
6 1.278000 1.978000 0.015000 0.017000
4 1.358000 2.038000 0.017000 0.021000
6 1.618000 2.002000 0.023000 0.017000
4 1.640000 2.043000 0.022000 0.017000
6 1.915000 2.171000 0.019000 0.022000
4 0.516000 1.188000 0.020000 0.022000
4 0.333000 1.423000 0.020000 0.020000
7 0.292000 1.218000 0.028000 0.021000
6 3.316000 1.568000 0.020000 0.018000
6 3.027000 1.651000 0.023000 0.018000
4 1.702000 2.526000 0.027000 0.019000
6 3.945000 1.591000 0.015000 0.013000
4 3.884000 1.646000 0.012000 0.011000
4 3.963000 1.889000 0.016000 0.014000
4 3.899000 1.977000 0.020000 0.016000
6 3.680000 1.930000 0.014000 0.013000
4 3.659000 1.965000 0.013000 0.011000
6 3.625000 2.025000 0.014000 0.011000
6 3.648000 2.324000 0.022000 0.016000
4 3.583000 2.411000 0.022000 0.017000
6 3.241000 2.349000 0.016000 0.019000
11 3.467000 3.359000 0.017000 0.008000
11 3.387000 3.405000 0.020000 0.010000
9 0.404000 3.119000 0.080000 0.076000
14 2.143000 0.531000 0.116000 0.077000
14 2.269000 0.355000 0.117000 0.078000
14 2.399000 0.182000 0.118000 0.079000
