9 0.297750 0.327250 0.049000 0.059000
9 0.952250 0.768250 0.096000 0.025000
9 0.276000 0.825500 0.072000 0.037000
6 0.712000 0.021500 0.020000 0.011000
6 0.707750 0.029250 0.018000 0.012000
6 0.698500 0.046500 0.021000 0.013000
6 0.868250 0.014250 0.015000 0.018000
4 0.842250 0.065750 0.020000 0.018000
4 0.830250 0.064500 0.015000 0.015000
4 0.822000 0.038000 0.016000 0.010000
4 0.981000 0.029000 0.012000 0.014000
4 0.972000 0.026500 0.014000 0.019000
4 0.942500 0.023500 0.017000 0.019000
4 0.925500 0.021000 0.011000 0.014000
4 0.915500 0.020250 0.011000 0.017000
4 0.905000 0.018000 0.014000 0.016000
4 0.895250 0.018250 0.014000 0.015000
4 0.986750 0.044750 0.007000 0.014000
4 0.977000 0.045000 0.008000 0.014000
6 0.968250 0.044750 0.011000 0.018000
4 0.958750 0.043250 0.009000 0.015000
4 0.930750 0.040250 0.009000 0.017000
4 0.913000 0.038500 0.010000 0.017000
4 0.892500 0.035000 0.009000 0.014000
4 0.813000 0.113000 0.008000 0.014000
4 0.821000 0.063000 0.012000 0.012000
4 0.823750 0.112750 0.008000 0.015000
4 0.832250 0.112750 0.008000 0.014000
4 0.842500 0.114250 0.009000 0.018000
6 0.852750 0.115750 0.008000 0.017000
6 0.861750 0.116750 0.008000 0.017000
6 0.870750 0.117750 0.008000 0.015000
6 0.881250 0.119250 0.009000 0.016000
6 0.890500 0.119000 0.009000 0.014000
4 0.878750 0.070250 0.009000 0.015000
4 0.897750 0.073750 0.010000 0.017000
4 0.906750 0.075250 0.009000 0.015000
4 0.926250 0.078750 0.011000 0.017000
4 0.919250 0.121750 0.009000 0.017000
4 0.899750 0.118750 0.008000 0.017000
4 0.928000 0.123500 0.008000 0.015000
4 0.937500 0.123500 0.009000 0.017000
4 0.946500 0.123000 0.011000 0.016000
4 0.956500 0.122750 0.009000 0.015000
4 0.966000 0.124000 0.010000 0.018000
4 0.976000 0.126000 0.008000 0.016000
4 0.994000 0.127750 0.010000 0.018000
4 0.973500 0.084500 0.007000 0.011000
4 0.983500 0.087000 0.007000 0.012000
6 0.669500 0.284500 0.015000 0.017000
6 0.660000 0.280000 0.014000 0.016000
6 0.628000 0.263500 0.016000 0.019000
6 0.618750 0.260250 0.015000 0.018000
6 0.610000 0.256500 0.016000 0.019000
6 0.601000 0.251500 0.014000 0.017000
6 0.547250 0.226250 0.013000 0.017000
6 0.738750 0.318750 0.019000 0.014000
6 0.733500 0.326000 0.019000 0.014000
6 0.727750 0.333250 0.021000 0.015000
6 0.720000 0.309250 0.018000 0.020000
6 0.712250 0.304750 0.016000 0.018000
4 0.775250 0.288250 0.011000 0.008000
6 0.776750 0.297250 0.018000 0.010000
6 0.783500 0.312500 0.021000 0.009000
4 0.819250 0.382750 0.021000 0.017000
6 0.751250 0.476750 0.018000 0.018000
4 0.744000 0.470500 0.020000 0.019000
4 0.909250 0.415750 0.024000 0.016000
6 0.898750 0.428750 0.020000 0.015000
6 0.893500 0.443500 0.019000 0.021000
6 0.883500 0.440000 0.017000 0.018000
4 0.864500 0.465500 0.017000 0.019000
4 0.874000 0.468500 0.014000 0.017000
4 0.861750 0.484750 0.017000 0.018000
4 0.852500 0.480000 0.013000 0.014000
4 0.832500 0.506500 0.017000 0.019000
4 0.839500 0.511000 0.017000 0.020000
4 0.849250 0.514750 0.015000 0.017000
4 0.858500 0.518500 0.017000 0.019000
4 0.845250 0.536000 0.017000 0.020000
6 0.836750 0.532750 0.017000 0.019000
4 0.829750 0.527250 0.016000 0.020000
4 0.820750 0.522750 0.018000 0.020000
3 0.807000 0.538500 0.014000 0.015000
4 0.902000 0.481500 0.012000 0.019000
4 0.887250 0.498500 0.016000 0.019000
4 0.878250 0.492500 0.019000 0.021000
6 0.894500 0.533500 0.007000 0.013000
4 0.881500 0.532000 0.015000 0.016000
6 0.888250 0.557250 0.015000 0.018000
4 0.879000 0.552000 0.014000 0.016000
6 0.872000 0.548500 0.018000 0.021000
6 0.862250 0.544250 0.014000 0.015000
4 0.854250 0.539500 0.014000 0.015000
4 0.788250 0.509250 0.019000 0.014000
6 0.771250 0.497750 0.018000 0.014000
6 0.776500 0.490500 0.019000 0.017000
4 0.787250 0.476750 0.022000 0.016000
6 0.793750 0.469750 0.020000 0.017000
4 0.804750 0.455750 0.021000 0.016000
4 0.821000 0.469000 0.020000 0.016000
4 0.815750 0.475750 0.020000 0.017000
4 0.805500 0.487000 0.019000 0.014000
4 0.831750 0.455250 0.018000 0.016000
4 0.809500 0.447000 0.019000 0.014000
4 0.818500 0.434500 0.023000 0.015000
6 0.848250 0.435750 0.022000 0.017000
4 0.852000 0.428500 0.018000 0.015000
6 0.863500 0.416000 0.019000 0.014000
6 0.868000 0.408500 0.016000 0.013000
6 0.840500 0.409000 0.021000 0.016000
6 0.848500 0.402000 0.017000 0.016000
4 0.876250 0.400750 0.015000 0.012000
4 0.969750 0.588750 0.009000 0.016000
4 0.979750 0.591750 0.009000 0.016000
4 0.383250 0.044250 0.022000 0.011000
4 0.403750 0.104000 0.020000 0.014000
4 0.483500 0.121500 0.011000 0.015000
6 0.346000 0.196500 0.006000 0.009000
6 0.300000 0.181500 0.018000 0.005000
6 0.301500 0.173500 0.017000 0.005000
6 0.301500 0.165500 0.017000 0.005000
6 0.301500 0.157000 0.017000 0.006000
6 0.264000 0.293000 0.020000 0.008000
4 0.265000 0.283500 0.020000 0.009000
6 0.183000 0.288000 0.024000 0.008000
6 0.103500 0.281500 0.021000 0.005000
11 0.108500 0.275500 0.015000 0.007000
6 0.027000 0.376500 0.014000 0.005000
6 0.027500 0.392500 0.015000 0.005000
6 0.027500 0.403500 0.015000 0.007000
4 0.028000 0.412000 0.020000 0.006000
6 0.075500 0.376500 0.021000 0.007000
6 0.074500 0.385500 0.019000 0.007000
4 0.075500 0.393500 0.021000 0.007000
6 0.074000 0.403000 0.020000 0.006000
4 0.074500 0.412500 0.019000 0.007000
6 0.098000 0.376500 0.020000 0.007000
4 0.098000 0.385000 0.020000 0.006000
4 0.097500 0.394000 0.019000 0.006000
4 0.097500 0.404000 0.019000 0.008000
6 0.097500 0.411500 0.019000 0.007000
4 0.048000 0.532500 0.020000 0.007000
6 0.075000 0.532500 0.020000 0.007000
4 0.048500 0.543500 0.017000 0.007000
4 0.049000 0.552500 0.020000 0.007000
4 0.049000 0.562000 0.016000 0.006000
6 0.049000 0.570500 0.020000 0.007000
6 0.072500 0.562000 0.015000 0.006000
6 0.071500 0.570000 0.019000 0.006000
6 0.118500 0.532500 0.019000 0.007000
6 0.117500 0.578500 0.015000 0.005000
4 0.012500 0.863500 0.015000 0.005000
6 0.019000 0.700500 0.018000 0.007000
4 0.014500 0.718500 0.019000 0.007000
6 0.043500 0.702500 0.019000 0.007000
6 0.041000 0.711000 0.018000 0.006000
4 0.084000 0.701500 0.018000 0.007000
4 0.104000 0.714000 0.012000 0.020000
6 0.114750 0.711750 0.010000 0.019000
3 0.115750 0.730750 0.018000 0.009000
4 0.536000 0.788250 0.020000 0.011000
4 0.622000 0.779750 0.022000 0.008000
4 0.622000 0.811500 0.020000 0.007000
4 0.667500 0.799000 0.015000 0.006000
4 0.668000 0.808000 0.018000 0.006000
6 0.667500 0.817000 0.017000 0.006000
6 0.372000 0.600500 0.016000 0.007000
6 0.419500 0.592000 0.015000 0.006000
3 0.419000 0.609000 0.016000 0.006000
4 0.419500 0.617500 0.015000 0.007000
4 0.420500 0.634500 0.013000 0.007000
4 0.446500 0.601500 0.019000 0.007000
4 0.447000 0.610000 0.018000 0.008000
4 0.446000 0.626500 0.016000 0.005000
6 0.447000 0.635000 0.018000 0.006000
6 0.447500 0.643500 0.017000 0.007000
4 0.496000 0.609500 0.020000 0.007000
4 0.496000 0.617500 0.018000 0.007000
6 0.495000 0.626000 0.018000 0.006000
6 0.495500 0.634500 0.019000 0.007000
6 0.524000 0.616000 0.016000 0.006000
6 0.524500 0.624000 0.021000 0.006000
4 0.523000 0.632000 0.018000 0.006000
4 0.523750 0.640500 0.018000 0.007000
3 0.523000 0.648500 0.016000 0.007000
4 0.570000 0.641000 0.020000 0.008000
4 0.570500 0.650500 0.021000 0.007000
3 0.703500 0.700000 0.015000 0.006000
11 0.703750 0.716750 0.020000 0.008000
6 0.703500 0.743500 0.015000 0.007000
6 0.749000 0.725000 0.016000 0.006000
6 0.752500 0.742500 0.015000 0.007000
6 0.734250 0.565000 0.014000 0.014000
6 0.753500 0.572500 0.015000 0.017000
6 0.761500 0.576500 0.015000 0.017000
6 0.770000 0.580000 0.016000 0.018000
6 0.779750 0.584750 0.017000 0.018000
6 0.800250 0.595500 0.013000 0.015000
6 0.743750 0.607250 0.012000 0.014000
6 0.733250 0.604500 0.014000 0.015000
6 0.569500 0.455500 0.019000 0.015000
4 0.597500 0.489500 0.015000 0.013000
4 0.593000 0.498000 0.018000 0.016000
6 0.640750 0.491500 0.019000 0.015000
6 0.635500 0.498250 0.021000 0.015000
6 0.630000 0.505500 0.020000 0.015000
6 0.626250 0.512750 0.018000 0.014000
6 0.669250 0.524750 0.018000 0.014000
6 0.674250 0.518500 0.016000 0.013000
6 0.679750 0.510000 0.021000 0.016000
4 0.369000 0.465000 0.008000 0.016000
6 0.409500 0.463000 0.017000 0.006000
4 0.409000 0.443000 0.016000 0.006000
6 0.409500 0.433500 0.019000 0.007000
3 0.411000 0.424500 0.018000 0.005000
3 0.409500 0.415000 0.017000 0.006000
6 0.455000 0.453500 0.020000 0.005000
4 0.479500 0.443000 0.015000 0.008000
4 0.483500 0.452500 0.019000 0.007000
4 0.482500 0.462500 0.017000 0.007000
4 0.527000 0.446500 0.020000 0.007000
4 0.529000 0.454500 0.018000 0.007000
4 0.527500 0.462500 0.017000 0.005000
6 0.011000 0.983000 0.018000 0.014000
6 0.026500 0.985500 0.017000 0.013000
6 0.072000 0.965000 0.018000 0.014000
6 0.063250 0.938250 0.014000 0.015000
6 0.395250 0.833250 0.016000 0.005000
6 0.296500 0.906000 0.015000 0.006000
6 0.348500 0.913500 0.017000 0.007000
6 0.462500 0.870500 0.013000 0.015000
4 0.472500 0.873500 0.015000 0.019000
6 0.541750 0.925250 0.017000 0.009000
6 0.583750 0.916750 0.011000 0.015000
16 0.516000 0.832000 0.018000 0.036000
16 0.533250 0.836750 0.018000 0.036000
6 0.719250 0.925500 0.019000 0.009000
4 0.833750 0.940250 0.011000 0.013000
6 0.889750 0.991750 0.018000 0.007000
4 0.893500 0.968000 0.013000 0.006000
6 0.895000 0.954000 0.010000 0.016000
6 0.670500 0.929000 0.011000 0.018000
3 0.737000 0.802500 0.022000 0.007000
11 0.736500 0.811000 0.021000 0.008000
4 0.780500 0.804000 0.017000 0.008000
3 0.780250 0.811250 0.020000 0.008000
6 0.934000 0.834000 0.006000 0.014000
6 0.867500 0.802500 0.015000 0.005000
6 0.961000 0.804500 0.018000 0.007000
6 0.961000 0.820500 0.018000 0.007000
