4 3.942000 0.316000 0.021000 0.006000
4 3.720000 0.496000 0.008000 0.014000
6 3.630000 0.216000 0.019000 0.006000
5 3.490000 0.214000 0.027000 0.009000
6 3.360000 0.210000 0.026000 0.009000
6 3.222000 0.210000 0.021000 0.009000
6 3.376000 0.304000 0.018000 0.008000
4 2.898000 0.302000 0.019000 0.007000
4 2.531000 0.301000 0.020000 0.009000
4 2.378000 0.206000 0.021000 0.005000
6 2.236000 0.304000 0.018000 0.008000
4 1.926000 0.198000 0.025000 0.009000
4 1.802000 0.198000 0.021000 0.009000
4 1.580000 0.204000 0.022000 0.006000
6 0.892000 0.288000 0.020000 0.008000
4 0.856000 0.202000 0.026000 0.007000
4 2.966000 1.628000 0.023000 0.008000
4 2.916000 1.728000 0.020000 0.006000
4 2.562000 1.676000 0.021000 0.008000
4 2.310000 1.574000 0.019000 0.007000
4 1.994000 1.720000 0.019000 0.008000
6 1.891000 1.717000 0.021000 0.007000
4 0.806000 1.710000 0.021000 0.007000
6 0.612000 1.704000 0.022000 0.010000
6 0.575000 1.563000 0.024000 0.009000
6 0.422000 1.708000 0.021000 0.008000
4 0.374000 1.564000 0.023000 0.008000
6 0.264000 1.562000 0.020000 0.007000
4 0.550000 1.164000 0.007000 0.014000
4 0.944000 1.034000 0.006000 0.011000
6 1.518000 0.518000 0.009000 0.019000
4 1.652000 0.528000 0.008000 0.018000
6 2.130000 1.192000 0.009000 0.016000
4 2.064000 1.022000 0.010000 0.019000
4 2.123000 0.821000 0.011000 0.019000
4 2.630000 0.874000 0.025000 0.007000
6 2.926000 0.864000 0.009000 0.018000
6 3.028000 0.812000 0.010000 0.018000
4 3.436000 0.724000 0.018000 0.008000
6 2.502000 1.200000 0.023000 0.008000
6 2.804000 1.048000 0.014000 0.020000
6 3.040000 1.478000 0.016000 0.011000
6 3.121000 1.237000 0.012000 0.017000
4 3.216000 1.226000 0.010000 0.017000
4 3.267000 1.009000 0.009000 0.017000
4 3.316000 1.302000 0.008000 0.017000
4 3.414000 1.222000 0.009000 0.019000
4 3.516000 1.306000 0.010000 0.017000
5 3.468000 1.296000 0.010000 0.024000
5 3.420000 1.306000 0.008000 0.019000
5 3.369000 1.297000 0.012000 0.021000
11 0.980000 2.148000 0.014000 0.008000
4 0.555000 2.131000 0.014000 0.013000
4 0.160000 2.592000 0.018000 0.012000
4 0.500000 2.640000 0.018000 0.008000
4 0.608000 2.772000 0.006000 0.012000
4 1.004000 2.832000 0.006000 0.010000
4 1.508000 2.934000 0.010000 0.017000
4 1.691000 3.387000 0.012000 0.020000
5 1.634000 3.936000 0.009000 0.022000
4 0.195000 3.829000 0.011000 0.019000
6 0.101000 3.819000 0.017000 0.019000
6 0.042000 3.816000 0.015000 0.018000
4 2.195000 1.863000 0.011000 0.020000
4 2.036000 1.802000 0.018000 0.007000
4 2.038000 1.848000 0.019000 0.006000
4 2.040000 1.930000 0.020000 0.007000
4 2.432000 1.876000 0.010000 0.020000
4 2.378000 2.240000 0.009000 0.018000
6 3.156000 1.922000 0.022000 0.007000
4 3.142000 1.958000 0.019000 0.009000
6 3.298000 2.096000 0.011000 0.020000
4 3.408000 2.094000 0.014000 0.019000
4 3.490000 2.302000 0.009000 0.015000
6 3.417000 2.439000 0.010000 0.016000
4 3.366000 2.446000 0.009000 0.017000
6 3.317000 2.449000 0.010000 0.017000
11 3.148000 2.624000 0.010000 0.018000
4 2.826000 2.292000 0.009000 0.018000
4 3.244000 2.846000 0.020000 0.009000
6 3.216000 2.892000 0.014000 0.006000
11 2.139000 3.049000 0.028000 0.009000
6 2.274000 3.398000 0.025000 0.007000
6 2.440000 3.304000 0.008000 0.014000
4 2.594000 3.378000 0.011000 0.017000
4 3.723000 3.233000 0.010000 0.018000
6 3.445000 3.857000 0.020000 0.007000
4 3.250000 3.656000 0.009000 0.016000
6 3.085000 3.659000 0.011000 0.017000
4 3.002000 3.654000 0.009000 0.015000
4 2.558000 3.928000 0.009000 0.012000
4 2.500000 3.926000 0.008000 0.013000
6 2.449000 3.937000 0.013000 0.018000
5 2.374000 3.996000 0.003000 0.002000
9 1.573000 1.637000 0.050000 0.050000
9 3.666000 1.658000 0.051000 0.055000
