4 2.340000 0.044000 0.010000 0.018000
5 2.805000 0.087000 0.016000 0.023000
4 2.962000 0.202000 0.023000 0.013000
6 2.399000 0.473000 0.012000 0.020000
4 2.355000 0.567000 0.013000 0.019000
5 3.344000 0.526000 0.024000 0.007000
6 3.654000 0.514000 0.019000 0.007000
6 2.520000 1.124000 0.016000 0.022000
4 2.463000 1.219000 0.012000 0.021000
9 2.483000 0.455000 0.164000 0.109000
4 0.954000 0.194000 0.021000 0.007000
6 0.258000 3.980000 0.025000 0.010000
4 0.235000 3.937000 0.023000 0.011000
6 0.232000 3.894000 0.024000 0.011000
4 0.216000 3.854000 0.022000 0.011000
4 0.203000 3.819000 0.021000 0.013000
4 0.175000 3.743000 0.022000 0.013000
4 0.115000 3.547000 0.023000 0.011000
4 0.144000 3.262000 0.018000 0.019000
6 0.388000 3.348000 0.022000 0.010000
6 0.401000 3.389000 0.023000 0.012000
6 0.424000 3.465000 0.026000 0.011000
6 0.443000 3.503000 0.027000 0.012000
6 0.234000 3.506000 0.021000 0.013000
6 0.292000 3.654000 0.022000 0.013000
6 0.322000 3.772000 0.021000 0.012000
6 0.348000 3.846000 0.020000 0.013000
6 0.356000 3.884000 0.020000 0.012000
6 0.373000 3.920000 0.021000 0.014000
4 0.386000 3.961000 0.019000 0.011000
6 0.582000 3.944000 0.019000 0.010000
6 0.573000 3.905000 0.022000 0.011000
6 0.558000 3.862000 0.021000 0.011000
6 0.550000 3.820000 0.019000 0.012000
4 0.530000 3.778000 0.023000 0.011000
6 0.518000 3.748000 0.021000 0.012000
3 0.512000 3.700000 0.020000 0.010000
6 0.496000 3.667000 0.018000 0.010000
6 0.482000 3.624000 0.017000 0.010000
6 1.810000 3.970000 0.013000 0.016000
4 1.779000 3.903000 0.014000 0.019000
4 1.739000 3.823000 0.013000 0.018000
4 1.724000 3.754000 0.014000 0.019000
4 1.687000 3.682000 0.016000 0.019000
3 1.632000 3.564000 0.022000 0.028000
4 1.552000 3.470000 0.018000 0.021000
6 1.735000 3.377000 0.020000 0.017000
4 1.758000 3.410000 0.019000 0.013000
4 1.797000 3.443000 0.021000 0.013000
6 1.824000 3.474000 0.020000 0.013000
4 1.842000 3.506000 0.021000 0.013000
4 1.867000 3.543000 0.021000 0.014000
6 1.884000 3.580000 0.022000 0.014000
4 1.903000 3.677000 0.021000 0.015000
6 1.923000 3.717000 0.022000 0.016000
6 1.937000 3.759000 0.023000 0.011000
6 1.940000 3.793000 0.020000 0.010000
4 1.966000 3.856000 0.023000 0.012000
4 1.968000 3.896000 0.022000 0.010000
4 1.979000 3.933000 0.020000 0.010000
4 1.999000 3.965000 0.020000 0.012000
4 3.254000 3.628000 0.015000 0.020000
4 3.412000 3.538000 0.016000 0.023000
4 3.194000 2.674000 0.019000 0.025000
4 2.697000 2.005000 0.016000 0.023000
6 3.184000 2.020000 0.022000 0.010000
6 3.232000 2.126000 0.024000 0.011000
6 3.243000 2.165000 0.027000 0.012000
6 3.262000 1.796000 0.021000 0.010000
6 0.658000 2.801000 0.023000 0.010000
6 0.210000 2.474000 0.023000 0.015000
6 0.883000 0.769000 0.015000 0.019000
4 0.039000 3.349000 0.019000 0.018000
9 0.624000 3.224000 0.050000 0.056000
