6 0.760500 0.870000 0.009000 0.014000
6 0.772750 0.865750 0.009000 0.008000
4 0.891250 0.744750 0.013000 0.014000
4 0.866750 0.749250 0.010000 0.010000
4 0.784000 0.863000 0.010000 0.010000
6 0.980000 0.810500 0.008000 0.017000
4 0.966500 0.818500 0.009000 0.017000
6 0.954500 0.821500 0.011000 0.019000
5 0.941000 0.825500 0.008000 0.015000
4 0.928000 0.830000 0.008000 0.018000
6 0.914250 0.833750 0.011000 0.018000
6 0.902250 0.834250 0.010000 0.017000
6 0.888000 0.841500 0.012000 0.019000
5 0.876250 0.841250 0.011000 0.022000
6 0.863750 0.845750 0.008000 0.017000
6 0.849250 0.849250 0.010000 0.017000
4 0.835250 0.853250 0.009000 0.015000
6 0.823750 0.855750 0.009000 0.016000
4 0.812250 0.858250 0.009000 0.016000
4 0.920500 0.771000 0.021000 0.016000
6 0.920500 0.736500 0.009000 0.015000
6 0.911750 0.776750 0.020000 0.017000
6 0.884000 0.782750 0.018000 0.015000
6 0.853750 0.748750 0.010000 0.017000
4 0.839250 0.756750 0.011000 0.016000
4 0.827750 0.756250 0.010000 0.017000
6 0.801500 0.767000 0.009000 0.016000
6 0.790000 0.768500 0.010000 0.015000
6 0.776750 0.769750 0.011000 0.014000
4 0.876250 0.799750 0.022000 0.016000
4 0.865750 0.804250 0.020000 0.016000
6 0.856750 0.788250 0.019000 0.013000
4 0.844750 0.792250 0.023000 0.016000
6 0.853500 0.809000 0.019000 0.014000
4 0.829750 0.795250 0.022000 0.016000
6 0.819750 0.800250 0.019000 0.015000
4 0.843750 0.814750 0.023000 0.019000
6 0.826250 0.814250 0.020000 0.015000
4 0.806000 0.803000 0.020000 0.016000
6 0.794000 0.807500 0.020000 0.017000
4 0.813750 0.819250 0.019000 0.013000
4 0.803750 0.823000 0.020000 0.016000
4 0.782750 0.812750 0.020000 0.015000
4 0.764500 0.772500 0.009000 0.015000
6 0.752750 0.776750 0.013000 0.018000
6 0.738500 0.779750 0.011000 0.017000
4 0.726250 0.783750 0.012000 0.018000
4 0.713250 0.787750 0.015000 0.020000
6 0.799000 0.862500 0.010000 0.017000
4 0.788000 0.826000 0.018000 0.014000
5 0.762000 0.810000 0.028000 0.020000
4 0.773750 0.827250 0.020000 0.016000
4 0.746750 0.813250 0.022000 0.016000
4 0.758000 0.830000 0.022000 0.016000
4 0.737250 0.818250 0.020000 0.015000
4 0.746250 0.834750 0.022000 0.016000
4 0.734500 0.838500 0.021000 0.015000
5 0.747750 0.877250 0.013000 0.023000
4 0.735000 0.879500 0.012000 0.019000
4 0.722000 0.887000 0.008000 0.016000
6 0.709000 0.890000 0.010000 0.016000
5 0.697000 0.894000 0.010000 0.018000
4 0.683250 0.899250 0.009000 0.016000
6 0.671000 0.903500 0.008000 0.015000
4 0.724750 0.843750 0.023000 0.014000
4 0.710750 0.847250 0.022000 0.016000
6 0.675500 0.839500 0.021000 0.017000
4 0.695000 0.849500 0.022000 0.017000
4 0.686750 0.856250 0.022000 0.016000
4 0.670000 0.857000 0.020000 0.016000
4 0.659750 0.862750 0.022000 0.017000
6 0.710000 0.825500 0.024000 0.015000
4 0.699500 0.831500 0.023000 0.015000
4 0.685500 0.833500 0.023000 0.017000
4 0.662000 0.841500 0.024000 0.017000
4 0.700000 0.789500 0.012000 0.019000
4 0.686500 0.794750 0.011000 0.017000
4 0.673000 0.797500 0.008000 0.015000
4 0.649250 0.847250 0.021000 0.016000
4 0.660500 0.802000 0.011000 0.018000
6 0.647500 0.805000 0.011000 0.016000
6 0.634500 0.809000 0.007000 0.016000
6 0.621750 0.810750 0.012000 0.020000
6 0.607000 0.816000 0.010000 0.016000
5 0.492250 0.844250 0.028000 0.010000
6 0.041750 0.955750 0.021000 0.020000
4 0.473250 0.700750 0.025000 0.008000
6 0.592000 0.479000 0.010000 0.022000
6 0.553500 0.475500 0.009000 0.019000
5 0.386500 0.578000 0.009000 0.016000
4 0.360000 0.577500 0.010000 0.017000
6 0.352000 0.510000 0.008000 0.014000
5 0.260250 0.553250 0.012000 0.021000
4 0.237000 0.573500 0.008000 0.017000
4 0.223000 0.574000 0.010000 0.016000
4 0.223000 0.553000 0.008000 0.016000
6 0.258500 0.620500 0.009000 0.019000
5 0.245250 0.618750 0.011000 0.020000
6 0.220000 0.618500 0.008000 0.019000
4 0.208250 0.619750 0.010000 0.016000
4 0.195000 0.619500 0.008000 0.015000
4 0.181500 0.618500 0.007000 0.015000
4 0.168000 0.618000 0.008000 0.016000
4 0.210250 0.554750 0.010000 0.016000
6 0.210000 0.574500 0.008000 0.017000
4 0.199000 0.553000 0.008000 0.016000
4 0.187500 0.551500 0.009000 0.015000
5 0.197500 0.573500 0.009000 0.019000
4 0.184000 0.572000 0.010000 0.016000
4 0.172250 0.574750 0.009000 0.017000
5 0.173000 0.551500 0.012000 0.021000
4 0.160500 0.554000 0.009000 0.016000
4 0.147250 0.551750 0.009000 0.017000
6 0.156250 0.618250 0.011000 0.018000
5 0.146750 0.570750 0.010000 0.020000
4 0.144000 0.618000 0.008000 0.014000
6 0.134000 0.568500 0.010000 0.015000
4 0.122500 0.570000 0.009000 0.016000
6 0.132500 0.618500 0.007000 0.015000
4 0.119500 0.617500 0.007000 0.015000
4 0.105000 0.617500 0.008000 0.015000
4 0.093500 0.617500 0.009000 0.017000
4 0.109500 0.572000 0.007000 0.014000
5 0.081250 0.615750 0.009000 0.015000
6 0.070250 0.616250 0.010000 0.015000
5 0.056500 0.614500 0.011000 0.021000
5 0.032500 0.612000 0.009000 0.020000
4 0.019000 0.614500 0.008000 0.015000
4 0.007000 0.616000 0.008000 0.016000
6 0.060000 0.568000 0.012000 0.018000
4 0.046500 0.566000 0.007000 0.016000
6 0.034000 0.567500 0.008000 0.017000
4 0.021000 0.566000 0.010000 0.018000
4 0.010500 0.566500 0.009000 0.017000
7 0.042500 0.369500 0.033000 0.015000
8 0.085500 0.270000 0.171000 0.216000
