6 3.775000 0.059000 0.018000 0.018000
4 3.837000 0.118000 0.021000 0.023000
6 3.064000 0.024000 0.013000 0.014000
4 3.023000 0.101000 0.014000 0.020000
4 3.181000 0.038000 0.017000 0.020000
4 3.052000 0.286000 0.018000 0.023000
4 2.931000 0.513000 0.014000 0.018000
4 2.893000 0.621000 0.016000 0.021000
5 2.932000 1.016000 0.018000 0.024000
4 2.989000 1.103000 0.018000 0.022000
4 3.046000 1.190000 0.019000 0.021000
4 3.202000 1.330000 0.019000 0.019000
4 3.299000 1.403000 0.021000 0.019000
4 3.472000 1.522000 0.024000 0.019000
4 3.644000 1.658000 0.024000 0.019000
4 3.722000 1.870000 0.019000 0.025000
6 3.737000 2.057000 0.017000 0.022000
4 3.620000 2.038000 0.018000 0.023000
9 3.575000 2.205000 0.056000 0.048000
6 3.813000 1.033000 0.012000 0.017000
4 3.907000 0.855000 0.023000 0.021000
4 0.000000 0.704000 0.000000 0.000000
4 0.046000 0.757000 0.019000 0.020000
4 0.164000 0.802000 0.012000 0.017000
6 0.048000 0.946000 0.016000 0.019000
6 0.089000 0.957000 0.014000 0.018000
4 0.182000 0.980000 0.017000 0.018000
4 0.222000 0.998000 0.013000 0.017000
4 0.255000 1.019000 0.015000 0.018000
4 0.335000 1.057000 0.014000 0.020000
4 0.330000 1.138000 0.015000 0.019000
4 0.250000 0.832000 0.017000 0.020000
4 0.292000 0.844000 0.014000 0.018000
6 0.328000 0.862000 0.014000 0.017000
4 0.371000 0.873000 0.015000 0.018000
6 0.444000 0.904000 0.018000 0.022000
6 0.479000 1.213000 0.016000 0.022000
4 0.431000 1.351000 0.016000 0.021000
4 0.508000 1.378000 0.016000 0.019000
6 0.656000 1.314000 0.020000 0.015000
6 0.705000 1.258000 0.017000 0.015000
4 3.671000 3.815000 0.023000 0.014000
4 3.706000 3.776000 0.019000 0.014000
6 3.755000 3.761000 0.018000 0.012000
4 3.682000 3.734000 0.021000 0.013000
4 3.374000 3.710000 0.015000 0.019000
4 3.294000 3.676000 0.017000 0.020000
4 3.211000 3.653000 0.014000 0.020000
6 3.167000 3.641000 0.015000 0.019000
4 3.049000 3.595000 0.017000 0.021000
4 3.011000 3.579000 0.016000 0.019000
4 3.480000 3.500000 0.018000 0.022000
4 3.438000 3.492000 0.017000 0.022000
4 3.462000 3.378000 0.021000 0.013000
6 3.318000 3.460000 0.015000 0.018000
4 3.276000 3.436000 0.018000 0.022000
4 3.237000 3.422000 0.018000 0.021000
6 3.187000 3.419000 0.013000 0.014000
4 3.143000 3.409000 0.012000 0.014000
4 3.104000 3.396000 0.014000 0.018000
4 3.773000 3.731000 0.018000 0.012000
4 3.964000 3.060000 0.014000 0.018000
6 3.902000 3.080000 0.015000 0.018000
4 3.909000 2.781000 0.020000 0.011000
4 4.000000 2.656000 0.000000 0.000000
4 3.890000 2.404000 0.011000 0.018000
6 3.263000 2.057000 0.020000 0.012000
6 2.558000 1.974000 0.017000 0.021000
5 2.321000 2.191000 0.024000 0.016000
5 2.462000 2.172000 0.023000 0.018000
6 2.320000 2.410000 0.016000 0.019000
5 2.712000 2.096000 0.022000 0.022000
6 2.793000 2.119000 0.018000 0.016000
4 2.866000 2.134000 0.021000 0.015000
4 2.921000 2.153000 0.021000 0.016000
4 2.966000 2.178000 0.019000 0.013000
4 3.030000 2.194000 0.019000 0.013000
4 3.095000 2.209000 0.020000 0.014000
4 3.143000 2.231000 0.020000 0.015000
6 3.190000 2.270000 0.023000 0.015000
4 3.181000 2.371000 0.015000 0.017000
6 3.137000 2.385000 0.016000 0.019000
4 3.065000 2.349000 0.018000 0.021000
4 3.001000 2.345000 0.012000 0.017000
4 2.531000 2.725000 0.015000 0.021000
4 2.404000 2.698000 0.010000 0.017000
6 2.358000 2.700000 0.009000 0.016000
6 2.316000 2.700000 0.010000 0.018000
6 2.230000 2.700000 0.009000 0.016000
6 2.162000 2.694000 0.009000 0.017000
4 2.307000 2.963000 0.016000 0.019000
4 2.270000 2.952000 0.015000 0.018000
6 2.224000 2.936000 0.016000 0.018000
4 2.187000 2.919000 0.017000 0.020000
6 1.684000 3.138000 0.018000 0.023000
4 1.638000 3.224000 0.017000 0.020000
4 1.786000 3.424000 0.015000 0.018000
6 1.866000 3.464000 0.019000 0.022000
6 1.909000 3.471000 0.015000 0.018000
4 1.790000 3.558000 0.023000 0.013000
4 1.497000 3.551000 0.020000 0.024000
3 1.572000 3.548000 0.022000 0.028000
4 1.607000 3.591000 0.016000 0.019000
4 1.694000 3.610000 0.013000 0.017000
4 1.740000 3.624000 0.016000 0.018000
6 1.793000 3.641000 0.015000 0.018000
4 0.718000 3.698000 0.015000 0.019000
4 0.616000 3.685000 0.012000 0.016000
4 0.575000 3.670000 0.014000 0.019000
4 0.454000 3.644000 0.013000 0.018000
4 0.326000 3.608000 0.013000 0.016000
