28 1.186667 0.048667 0.032000 0.009333
28 1.185333 0.077333 0.034667 0.009333
28 1.158667 0.115333 0.051333 0.012000
28 1.140000 0.144000 0.052667 0.009333
28 1.058667 0.184667 0.029333 0.010000
28 1.153333 0.204000 0.023333 0.008667
28 1.020000 1.069333 0.054000 0.010667
2 1.008000 1.110667 0.069333 0.011333
2 1.014667 1.152000 0.054000 0.010000
2 1.006667 1.194667 0.050000 0.010667
2 0.992000 1.238667 0.052667 0.014000
2 1.010667 1.341333 0.058000 0.020000
28 0.973333 1.397333 0.044000 0.015333
28 0.976000 1.433333 0.054000 0.012000
28 1.016000 1.456000 0.034667 0.010667
28 1.024000 1.488000 0.036000 0.015333
28 1.025333 1.521333 0.038667 0.016000
2 1.030667 1.560000 0.053333 0.022667
28 0.301333 1.248667 0.022667 0.045333
28 0.301333 1.374000 0.017333 0.042667
28 0.283333 1.406000 0.011333 0.026000
28 0.264667 1.415333 0.010000 0.021333
28 0.254667 1.496000 0.020667 0.024000
28 0.236667 1.506000 0.016667 0.024000
28 0.214667 1.509333 0.018000 0.026000
28 0.200000 1.521333 0.014000 0.024000
28 0.179333 1.527333 0.016667 0.026000
28 0.165333 1.536000 0.014667 0.022667
28 0.150000 1.544000 0.011333 0.021333
28 0.412000 1.756000 0.032000 0.018000
28 0.434667 1.776000 0.038667 0.020667
28 0.447333 1.805333 0.044667 0.024000
28 0.474667 1.836000 0.036000 0.024000
28 0.504000 1.868667 0.026667 0.022667
28 1.037333 1.592667 0.037333 0.015333
2 1.079333 1.709333 0.044667 0.030000
28 0.504000 2.378667 0.048000 0.040667
28 0.504000 2.427333 0.042667 0.036667
28 0.528000 2.460000 0.048667 0.042000
28 0.542000 2.500000 0.046000 0.040000
28 0.566667 2.529333 0.046667 0.040667
22 0.604667 2.552000 0.046000 0.040667
28 0.568667 2.634667 0.028000 0.027333
28 0.593333 2.660000 0.028667 0.027333
28 0.648667 2.660000 0.037333 0.039333
28 0.666667 2.691333 0.027333 0.028667
28 0.698667 2.696000 0.034667 0.033333
28 0.726667 2.709333 0.038000 0.034000
22 0.751333 2.739333 0.030667 0.026000
18 1.483333 2.006000 0.034667 0.033333
7 1.621333 2.366667 0.014667 0.016667
2 1.860667 3.494000 0.023333 0.056000
2 0.906667 3.686667 0.020000 0.023333
2 0.897333 3.712000 0.020000 0.019333
2 0.728000 3.485333 0.023333 0.012667
2 0.749333 3.515333 0.023333 0.012000
18 2.709333 3.852667 0.062667 0.027333
28 1.185333 0.172000 0.032667 0.010000
7 1.602667 2.376667 0.009333 0.010667
9 2.801333 1.276000 0.023333 0.024667
9 3.590000 1.646000 0.019333 0.019333
9 3.957333 0.791333 0.020000 0.019333
9 2.393333 0.437333 0.012667 0.021333
9 1.665333 0.844000 0.018000 0.016667
9 2.056000 1.654667 0.017333 0.016667
