9 1.970000 0.688000 0.061470 0.028000
9 2.134000 2.506000 0.021876 0.021000
9 0.287692 3.565538 0.033846 0.029231
9 0.988000 3.110000 0.028000 0.027284
9 1.882000 1.956000 0.017000 0.026233
9 3.200000 2.818000 0.042197 0.047000
9 3.782000 3.904000 0.025732 0.026000
4 0.110000 2.470000 0.009000 0.017000
4 0.150000 2.468000 0.009062 0.016000
6 0.220000 2.448000 0.014000 0.006000
6 0.222000 2.482000 0.015000 0.007000
6 0.280000 2.456000 0.015680 0.008000
6 0.080521 2.585945 0.019740 0.009027
4 0.294000 2.686000 0.007000 0.013000
6 0.262000 2.698000 0.007000 0.011000
6 0.035923 2.771615 0.016038 0.008192
4 0.070000 2.860000 0.023000 0.010012
4 0.082000 2.896000 0.019000 0.008073
6 0.087746 2.927724 0.020127 0.010138
6 0.096103 2.959984 0.020257 0.010008
4 0.103008 3.005788 0.020496 0.011106
4 0.113803 3.038052 0.021098 0.012974
4 0.882000 2.402000 0.015353 0.019000
4 0.666000 2.776000 0.011206 0.014000
6 0.701645 2.769148 0.011178 0.014574
6 0.735109 2.756041 0.011555 0.013979
4 0.771586 2.752966 0.010207 0.012483
6 0.690000 2.820000 0.009000 0.012000
6 0.724526 2.817445 0.010263 0.013277
6 0.754800 2.805600 0.010600 0.012800
6 0.788526 2.797445 0.010263 0.013277
6 0.699548 2.861794 0.014226 0.011308
4 1.108000 2.516000 0.016624 0.014000
6 1.260000 2.696000 0.018311 0.014000
6 1.623177 2.635294 0.013588 0.016529
6 1.800000 2.642000 0.016000 0.007087
6 1.600529 2.870882 0.013735 0.011441
4 1.632000 2.898000 0.014000 0.011229
4 1.078000 2.942000 0.015149 0.017000
6 1.145720 3.375959 0.008860 0.014020
4 1.199754 3.353343 0.014123 0.019329
6 1.218000 3.198000 0.009062 0.017000
4 1.266000 3.190000 0.013000 0.019650
4 1.306000 3.188000 0.011181 0.018000
6 1.359016 3.178124 0.009508 0.013062
4 1.320689 3.319574 0.015656 0.019787
4 1.216164 3.522197 0.016082 0.017098
4 1.249024 3.504781 0.013488 0.014390
4 1.296000 3.490000 0.016000 0.017000
4 1.332847 3.468989 0.018424 0.019506
6 1.364497 3.450553 0.014249 0.014724
4 1.402000 3.434000 0.015000 0.017208
4 1.436000 3.412000 0.016000 0.016498
4 1.474000 3.390000 0.017000 0.019000
6 1.488345 3.231862 0.018517 0.014069
6 1.526000 3.304000 0.019000 0.012493
6 1.542000 3.336000 0.017000 0.012310
6 1.720000 3.294000 0.020482 0.015000
6 1.774400 3.346800 0.015600 0.011400
6 1.796000 3.384000 0.020000 0.014136
6 0.494000 3.346000 0.013000 0.015461
4 0.577835 3.281741 0.013082 0.014871
6 0.614000 3.262000 0.013000 0.013497
4 0.648000 3.242000 0.016415 0.017000
6 0.489000 3.501000 0.012500 0.012500
3 0.540000 3.766000 0.019049 0.013000
6 0.854177 3.874294 0.015794 0.013147
6 0.884000 3.908000 0.016000 0.012257
6 0.904400 3.940800 0.015800 0.012400
6 0.934000 3.970000 0.014121 0.011000
4 2.203429 0.023101 0.012394 0.013000
4 2.248028 0.023190 0.012500 0.013190
6 2.296200 0.029600 0.012200 0.015000
4 2.553986 0.064116 0.010993 0.018058
4 2.598216 0.074703 0.011108 0.019351
4 2.310000 0.210000 0.019000 0.009000
6 2.452000 0.228000 0.012000 0.016887
4 2.534000 0.234000 0.011066 0.017000
4 2.618000 0.244000 0.011564 0.018000
4 2.704600 0.246200 0.010300 0.014900
4 2.744000 0.240000 0.008023 0.014000
4 2.788000 0.250000 0.010000 0.013321
6 2.829400 0.255800 0.010700 0.016100
4 2.915849 0.248528 0.010075 0.015736
4 2.960000 0.256000 0.010000 0.018456
6 3.038000 0.260000 0.009000 0.014730
6 3.080600 0.266200 0.010300 0.014900
6 3.199946 0.278324 0.008027 0.013162
4 1.976000 2.988000 0.022626 0.016000
6 1.997200 3.020400 0.018600 0.013800
4 2.017600 3.043200 0.013600 0.010400
4 2.038000 3.064000 0.015000 0.010052
4 2.060000 3.092000 0.014142 0.010000
6 2.141600 3.135201 0.018800 0.013600
4 1.823471 3.139117 0.018265 0.014441
4 1.848000 3.162000 0.016112 0.013000
4 1.912000 3.236000 0.020000 0.016225
4 1.956000 3.290000 0.018000 0.013277
4 1.978800 3.319601 0.019400 0.014200
4 1.998981 3.344566 0.021491 0.016283
4 2.020000 3.376000 0.018000 0.014492
4 2.045354 3.400369 0.017323 0.013815
6 1.988000 3.190000 0.018000 0.015130
6 2.016000 3.220000 0.018311 0.014000
6 2.080000 3.308000 0.014259 0.012000
4 2.248000 3.278000 0.018000 0.015130
4 2.216714 3.090681 0.020357 0.015341
4 2.240883 3.117471 0.018441 0.014735
6 2.262000 3.140000 0.015000 0.012073
4 2.304882 3.189471 0.018441 0.014735
5 2.347287 3.245319 0.020357 0.015341
4 2.369443 2.976248 0.020722 0.014124
4 2.388805 2.999661 0.021598 0.014169
4 2.400000 3.030000 0.022000 0.015038
4 2.449825 3.078103 0.021087 0.016949
4 2.466951 3.106459 0.018525 0.012771
4 2.491820 3.132113 0.020090 0.016281
6 1.786635 1.509928 0.019318 0.007036
4 1.720000 1.532000 0.008000 0.016000
6 1.806000 1.602000 0.017000 0.007000
4 1.806000 1.634000 0.019000 0.007000
4 2.676907 1.486191 0.020454 0.010904
6 2.660151 1.517708 0.019924 0.008854
6 2.842000 1.620000 0.021000 0.014188
4 2.908000 1.232000 0.016000 0.016634
6 3.008000 1.132000 0.014000 0.012086
6 2.166482 2.415812 0.020759 0.014094
6 2.018724 2.607690 0.016638 0.012155
6 2.702000 2.596000 0.017773 0.016000
4 2.810000 2.522000 0.017208 0.015000
4 2.843077 2.662615 0.015538 0.013308
6 2.884882 2.681470 0.018441 0.014735
6 2.930000 2.702000 0.015746 0.013000
4 3.536000 2.010000 0.020600 0.013000
4 3.618000 2.158000 0.020238 0.011000
6 3.754000 1.726000 0.017000 0.017000
4 3.860000 1.608000 0.016000 0.016000
4 3.895000 1.629000 0.017500 0.017500
6 3.942553 1.567503 0.014724 0.014249
4 3.916000 1.542000 0.017000 0.017000
6 3.893400 1.377800 0.011300 0.017100
6 3.852411 1.357301 0.016206 0.020650
4 3.582000 1.146000 0.017000 0.018255
