17 0.903250 0.305500 0.067000 0.067000
17 0.659750 0.380500 0.071000 0.075000
17 0.691000 0.536000 0.064000 0.066000
17 0.969000 0.561500 0.070000 0.065000
17 0.915000 0.716000 0.068000 0.072000
17 0.867250 0.744750 0.068000 0.069000
17 0.817000 0.769000 0.068000 0.070000
17 0.767000 0.794250 0.066000 0.070000
13 0.715000 0.828750 0.078000 0.074000
17 0.733000 0.893250 0.054000 0.049000
17 0.756000 0.969500 0.070000 0.069000
17 0.936750 0.979500 0.070000 0.071000
17 0.984250 0.949750 0.069000 0.069000
