4 1.916421 3.994000 0.008211 0.003845
4 1.542000 3.752000 0.019000 0.006000
4 1.146000 3.522000 0.017000 0.019000
4 1.396052 3.554267 0.024026 0.010866
4 1.926000 3.524000 0.009062 0.018000
6 2.324000 2.794000 0.020598 0.007000
5 2.424000 2.790000 0.024000 0.007000
4 2.458000 2.388000 0.021000 0.008000
4 3.186000 2.178000 0.023000 0.007000
5 3.198000 2.132000 0.025559 0.008000
4 3.317024 1.126781 0.017488 0.019390
6 3.168000 1.134000 0.018000 0.021746
6 3.070000 1.124000 0.017572 0.020000
6 3.012781 1.122975 0.017610 0.019488
6 2.960400 1.120800 0.014200 0.017600
6 2.781573 1.141240 0.017214 0.020620
4 2.709200 1.128400 0.015400 0.020600
4 2.650000 1.130000 0.017443 0.021000
4 2.090000 1.886000 0.011000 0.019000
6 1.964000 1.942000 0.008000 0.017821
6 1.960000 2.120000 0.008000 0.016000
6 1.817062 2.223929 0.015469 0.008035
4 1.190000 1.384000 0.009000 0.016000
4 1.706000 1.278000 0.023000 0.007000
4 1.460000 1.278000 0.020798 0.009000
5 1.598000 1.192000 0.021000 0.008000
5 1.492000 1.194000 0.026000 0.007000
4 1.330000 1.186000 0.021000 0.007000
4 1.772000 0.856000 0.010014 0.018000
4 0.036000 0.032000 0.010053 0.016000
4 0.226059 0.130765 0.009029 0.021382
4 0.228000 0.278000 0.010000 0.019000
4 0.226000 0.380000 0.009000 0.018000
4 0.220000 0.604000 0.008000 0.016000
6 0.024000 0.956000 0.008000 0.018000
6 0.084000 0.872000 0.010000 0.020898
6 0.222000 0.810000 0.009000 0.015000
4 0.214000 0.878000 0.009000 0.017000
4 0.016000 1.474000 0.008000 0.019000
4 0.013962 1.547355 0.007000 0.017355
5 0.149938 1.427108 0.009031 0.018446
4 0.720000 1.370000 0.006000 0.017000
6 0.673919 1.376863 0.007041 0.014431
4 0.010000 2.264000 0.005000 0.020000
4 0.062000 2.524000 0.009061 0.020000
6 0.116069 2.853173 0.008034 0.017414
4 0.184000 2.928000 0.008000 0.018000
4 0.620000 2.118000 0.016000 0.007000
6 0.884000 2.180000 0.018000 0.006000
6 1.188000 2.834000 0.024000 0.009000
6 1.016055 2.362950 0.010028 0.019475
5 1.178000 2.340000 0.025000 0.008000
11 0.972000 2.818000 0.022000 0.007000
4 0.041959 3.283652 0.009020 0.017826
4 0.698000 3.794000 0.019630 0.007000
4 3.404000 3.696000 0.008000 0.014995
4 3.574000 0.088000 0.025163 0.014000
4 3.572482 0.129773 0.020241 0.014887
4 3.578000 0.168000 0.021000 0.016243
4 3.567600 0.263200 0.018200 0.013600
6 3.570000 0.302000 0.017000 0.013123
6 3.573517 0.348188 0.020759 0.014094
5 3.576000 0.420000 0.020000 0.012029
4 3.568200 0.464600 0.020100 0.012300
4 3.572000 0.510000 0.020600 0.013000
4 3.792000 0.242000 0.008000 0.019000
4 3.786000 0.406000 0.007000 0.017000
6 3.579897 0.866029 0.020464 0.013014
4 3.776000 0.948000 0.010000 0.020898
4 3.770000 1.386000 0.007000 0.015797
4 3.628000 2.274000 0.010055 0.019000
4 3.632000 2.378000 0.010000 0.021000
6 3.760000 2.510000 0.010000 0.019000
5 3.626000 2.682000 0.011000 0.021000
4 3.624000 2.858000 0.012000 0.021000
