2 0.836333 0.954667 0.055333 0.038000
2 0.864000 0.986167 0.054000 0.039333
2 0.842500 0.962167 0.050000 0.032000
2 0.852333 0.968167 0.056667 0.036000
2 0.857000 0.977333 0.056000 0.039333
2 0.819000 0.904333 0.054000 0.021333
2 0.822167 0.914000 0.057333 0.020000
2 0.691333 0.852000 0.054667 0.044000
18 0.600000 0.690333 0.018000 0.008000
28 0.850667 0.655000 0.019333 0.026000
28 0.791000 0.646667 0.008000 0.009333
28 0.794000 0.645833 0.009333 0.010667
28 0.795333 0.641333 0.009333 0.010667
28 0.801000 0.639500 0.010000 0.014000
28 0.804500 0.638333 0.008667 0.014000
28 0.808000 0.636667 0.009333 0.013333
28 0.810667 0.635333 0.009333 0.013333
28 0.813500 0.632667 0.010000 0.012667
28 0.818500 0.633833 0.008667 0.010667
28 0.819333 0.628500 0.011333 0.015333
28 0.822500 0.626500 0.014000 0.016667
28 0.826000 0.623333 0.014667 0.020000
28 0.830667 0.622000 0.015333 0.020667
28 0.793667 0.616333 0.010667 0.012667
28 0.805000 0.609833 0.008000 0.014000
28 0.808667 0.609500 0.008000 0.014000
28 0.812500 0.608333 0.010000 0.014667
28 0.815000 0.604667 0.012667 0.018000
28 0.795833 0.592833 0.010000 0.014000
28 0.799333 0.591667 0.010000 0.014667
28 0.809667 0.587667 0.009333 0.012667
28 0.806000 0.589500 0.010667 0.014000
28 0.784333 0.602000 0.010000 0.013333
28 0.790000 0.597000 0.009333 0.013333
28 0.793000 0.595500 0.010667 0.014000
28 0.756833 0.603000 0.014000 0.020000
28 0.760167 0.600333 0.014000 0.019333
28 0.763667 0.597833 0.015333 0.021333
28 0.768333 0.595167 0.016667 0.021333
28 0.771833 0.591500 0.018000 0.022667
28 0.774667 0.587000 0.014667 0.019333
28 0.799000 0.571667 0.016667 0.022000
28 0.795167 0.573667 0.014000 0.020000
28 0.791667 0.575500 0.013333 0.018667
28 0.788500 0.577000 0.012667 0.018000
28 0.781000 0.581500 0.014000 0.018667
28 0.777833 0.584000 0.015333 0.019333
28 0.783667 0.578000 0.014000 0.019333
28 0.551667 0.542000 0.024667 0.012000
28 0.553000 0.546333 0.022000 0.010667
28 0.654167 0.496667 0.042000 0.026667
28 0.647833 0.491500 0.029333 0.016667
28 0.648500 0.484333 0.038000 0.022667
28 0.644000 0.476167 0.042667 0.022667
28 0.641333 0.467333 0.054667 0.026000
28 0.630167 0.431500 0.040667 0.027333
28 0.628000 0.441000 0.030667 0.018667
28 0.636000 0.443667 0.023333 0.015333
28 0.512500 0.448333 0.012667 0.018000
28 0.516000 0.450333 0.012667 0.019333
28 0.508000 0.448167 0.012000 0.018667
28 0.504667 0.446000 0.008000 0.013333
28 0.518833 0.452667 0.010000 0.012000
28 0.615667 0.431500 0.014000 0.009333
2 0.614667 0.399333 0.024667 0.010000
2 0.627667 0.284500 0.068000 0.033333
2 0.632500 0.295000 0.039333 0.020667
2 0.628667 0.306333 0.056667 0.022667
2 0.624000 0.319333 0.058667 0.024000
2 0.624667 0.332167 0.070667 0.022667
2 0.624000 0.343500 0.066667 0.020667
2 0.625667 0.355333 0.069333 0.023333
2 0.624000 0.367333 0.041333 0.018000
2 0.631500 0.377667 0.065333 0.026000
2 0.624667 0.390667 0.065333 0.024000
28 0.420167 0.447667 0.028000 0.010667
28 0.420167 0.453333 0.028000 0.010667
28 0.420667 0.458000 0.020667 0.008000
28 0.421667 0.462667 0.023333 0.010667
28 0.422167 0.470667 0.024000 0.012000
28 0.429000 0.474000 0.023333 0.009333
28 0.447167 0.429333 0.007333 0.013333
28 0.382333 0.382500 0.022000 0.019333
28 0.483667 0.350500 0.024667 0.022667
18 0.640167 0.233833 0.021333 0.007333
2 0.639000 0.226333 0.052667 0.016667
2 0.642000 0.213500 0.046667 0.016667
18 0.629333 0.206333 0.023333 0.007333
18 0.651333 0.203667 0.019333 0.008000
18 0.628333 0.201667 0.016667 0.008000
28 0.645333 0.066333 0.024000 0.006000
28 0.645667 0.076333 0.026667 0.009333
28 0.645333 0.071667 0.026667 0.007333
2 0.679333 0.067167 0.038667 0.013333
2 0.661333 0.057333 0.058667 0.014667
24 0.654333 0.049000 0.022000 0.004667
24 0.676000 0.047167 0.021333 0.008000
24 0.634667 0.050000 0.019333 0.008667
28 0.630333 0.044333 0.018000 0.007333
28 0.637333 0.035333 0.029333 0.010667
18 0.642667 0.026667 0.018667 0.006000
18 0.667833 0.030500 0.032000 0.010667
2 0.663333 0.039667 0.048667 0.014000
18 0.671000 0.022333 0.032000 0.008667
18 0.670000 0.015000 0.030667 0.006000
18 0.642000 0.017667 0.028000 0.013333
