9 3.713000 0.817000 0.032000 0.028000
9 2.242000 3.338000 0.023000 0.025000
9 0.849000 0.403000 0.096000 0.123000
6 0.593000 0.566000 0.016000 0.009000
6 0.606000 0.602000 0.017000 0.011000
4 0.618000 0.634000 0.017000 0.009000
6 0.627000 0.671000 0.015000 0.008000
6 0.673000 0.765000 0.016000 0.009000
6 0.688000 0.796000 0.016000 0.010000
6 0.789000 0.643000 0.016000 0.008000
6 0.776000 0.615000 0.016000 0.008000
6 0.768000 0.581000 0.016000 0.008000
6 0.755000 0.549000 0.015000 0.008000
6 0.745000 0.517000 0.016000 0.009000
6 0.731000 0.489000 0.017000 0.009000
6 0.725000 0.455000 0.015000 0.011000
5 0.864000 0.205000 0.018000 0.012000
6 1.040000 0.072000 0.016000 0.014000
5 1.085000 0.095000 0.021000 0.017000
11 1.549000 0.641000 0.016000 0.011000
6 1.164000 0.816000 0.014000 0.012000
6 1.638000 1.122000 0.017000 0.013000
11 1.696000 1.208000 0.020000 0.014000
11 1.806000 0.126000 0.019000 0.013000
11 1.858000 0.217000 0.019000 0.014000
6 2.034000 0.251000 0.019000 0.014000
6 2.056000 0.284000 0.018000 0.014000
6 2.077000 0.309000 0.017000 0.013000
4 2.119000 0.363000 0.016000 0.013000
4 2.206000 0.336000 0.017000 0.014000
6 2.144000 0.394000 0.018000 0.015000
6 2.170000 0.426000 0.021000 0.015000
11 2.196000 0.452000 0.018000 0.014000
11 2.229000 0.363000 0.019000 0.014000
6 2.250000 0.396000 0.019000 0.014000
6 2.277000 0.427000 0.018000 0.014000
4 2.422000 0.324000 0.017000 0.018000
11 2.498000 0.286000 0.013000 0.015000
6 2.504000 0.132000 0.014000 0.012000
4 2.255000 0.023000 0.010000 0.012000
6 2.809000 0.242000 0.014000 0.015000
6 2.811000 0.417000 0.012000 0.014000
11 3.097000 0.607000 0.015000 0.018000
4 3.227000 0.767000 0.016000 0.017000
6 1.212000 0.866000 0.020000 0.015000
4 3.552000 0.304000 0.008000 0.016000
6 3.786000 0.326000 0.015000 0.005000
4 3.916000 0.312000 0.014000 0.006000
11 1.124000 0.858000 0.016000 0.017000
4 1.028000 1.414000 0.010000 0.015000
4 1.043000 1.476000 0.010000 0.014000
3 1.151000 1.435000 0.012000 0.019000
11 1.058000 1.722000 0.011000 0.019000
3 1.096000 1.712000 0.010000 0.016000
3 1.441000 2.289000 0.016000 0.022000
4 1.091000 2.511000 0.019000 0.012000
11 1.094000 2.540000 0.015000 0.006000
4 1.252000 2.564000 0.010000 0.016000
4 1.291000 2.555000 0.008000 0.013000
4 1.331000 2.545000 0.010000 0.016000
4 1.366000 2.536000 0.011000 0.016000
4 1.402000 2.532000 0.011000 0.014000
4 1.441000 2.522000 0.010000 0.013000
4 1.374000 2.600000 0.011000 0.016000
4 1.416000 2.596000 0.012000 0.020000
4 1.465000 2.589000 0.010000 0.015000
4 1.506000 2.768000 0.017000 0.018000
4 1.521000 2.805000 0.016000 0.018000
4 1.538000 2.836000 0.017000 0.018000
4 1.551000 2.865000 0.016000 0.017000
4 1.560000 2.900000 0.014000 0.016000
4 1.574000 2.936000 0.017000 0.016000
4 1.590000 2.968000 0.013000 0.012000
4 1.593000 3.006000 0.017000 0.017000
4 1.611000 3.033000 0.014000 0.014000
4 1.619000 3.073000 0.015000 0.016000
4 1.634000 3.104000 0.017000 0.016000
4 1.658000 3.216000 0.019000 0.010000
4 1.669000 3.253000 0.019000 0.009000
4 1.691000 3.289000 0.020000 0.010000
4 1.698000 3.326000 0.021000 0.009000
4 1.708000 3.358000 0.018000 0.009000
4 1.720000 3.393000 0.020000 0.009000
4 1.735000 3.427000 0.021000 0.010000
4 1.744000 3.460000 0.020000 0.010000
4 1.777000 3.119000 0.010000 0.014000
4 1.794000 3.601000 0.017000 0.009000
4 1.806000 3.824000 0.011000 0.014000
4 1.930000 3.756000 0.011000 0.016000
4 1.603000 3.961000 0.021000 0.011000
4 1.696000 2.614000 0.008000 0.015000
5 1.872000 2.399000 0.034000 0.010000
11 1.827000 2.113000 0.020000 0.013000
4 1.942000 1.618000 0.015000 0.011000
4 1.958000 1.650000 0.017000 0.013000
4 3.157000 1.829000 0.020000 0.006000
4 2.708000 2.490000 0.008000 0.015000
4 2.753000 2.483000 0.010000 0.016000
4 2.910000 2.392000 0.017000 0.008000
4 2.916000 2.428000 0.018000 0.006000
4 3.168000 2.334000 0.020000 0.013000
6 3.149000 2.287000 0.016000 0.006000
4 3.310000 2.296000 0.015000 0.006000
11 3.298000 2.258000 0.019000 0.009000
4 3.176000 2.230000 0.006000 0.011000
6 3.121000 2.067000 0.017000 0.011000
4 2.530000 2.990000 0.005000 0.011000
4 2.570000 2.992000 0.007000 0.012000
4 2.838000 2.996000 0.007000 0.014000
4 2.911000 2.989000 0.008000 0.014000
4 2.848000 3.092000 0.006000 0.008000
4 3.041000 2.839000 0.015000 0.013000
3 3.102000 2.840000 0.011000 0.010000
11 3.146000 2.834000 0.015000 0.013000
4 3.194000 2.830000 0.015000 0.013000
4 3.259000 2.835000 0.019000 0.018000
4 3.197000 2.951000 0.017000 0.009000
4 3.204000 2.984000 0.016000 0.006000
4 3.192000 3.146000 0.018000 0.019000
4 3.315000 3.117000 0.019000 0.007000
4 3.193000 3.243000 0.019000 0.019000
4 3.320000 3.210000 0.018000 0.007000
4 3.324000 3.266000 0.020000 0.007000
4 3.218000 3.296000 0.009000 0.020000
4 3.326000 3.302000 0.019000 0.007000
4 3.488000 3.194000 0.016000 0.005000
4 3.484000 3.228000 0.016000 0.006000
4 3.486000 3.260000 0.017000 0.006000
11 3.488000 3.164000 0.018000 0.006000
11 3.394000 3.048000 0.019000 0.008000
4 3.490000 2.906000 0.009000 0.013000
4 3.577000 2.908000 0.017000 0.016000
11 2.397000 3.297000 0.019000 0.012000
4 2.498000 3.302000 0.019000 0.011000
4 2.889000 3.313000 0.018000 0.015000
4 2.765000 3.441000 0.009000 0.018000
4 2.807000 3.441000 0.008000 0.016000
4 2.845000 3.441000 0.010000 0.017000
4 2.842000 3.512000 0.007000 0.016000
4 2.976000 3.670000 0.008000 0.013000
4 2.884000 3.708000 0.006000 0.016000
5 3.060000 3.678000 0.008000 0.017000
5 3.096000 3.678000 0.008000 0.015000
5 3.146000 3.680000 0.007000 0.014000
5 3.210000 3.698000 0.025000 0.009000
4 2.966000 3.750000 0.009000 0.015000
4 3.008000 3.754000 0.006000 0.013000
4 3.050000 3.756000 0.007000 0.018000
11 3.094000 3.750000 0.009000 0.017000
4 3.016000 3.890000 0.008000 0.017000
4 3.062000 3.896000 0.007000 0.016000
4 3.102000 3.896000 0.009000 0.016000
11 3.187000 3.898000 0.007000 0.015000
11 3.246000 3.900000 0.009000 0.016000
4 3.406000 3.858000 0.017000 0.007000
4 3.509000 3.839000 0.014000 0.008000
11 3.655000 3.537000 0.019000 0.007000
4 3.499000 1.369000 0.022000 0.018000
4 3.564000 1.424000 0.020000 0.012000
4 3.340000 0.778000 0.014000 0.011000
6 3.361000 0.805000 0.016000 0.013000
4 3.742000 0.754000 0.007000 0.011000
4 3.814000 0.896000 0.007000 0.014000
4 3.771000 1.007000 0.008000 0.017000
4 3.850000 1.072000 0.021000 0.008000
11 3.865000 1.921000 0.017000 0.013000
6 0.049000 3.957000 0.011000 0.015000
