4 3.370000 2.506000 0.017000 0.007000
4 2.800000 2.502000 0.020000 0.007000
4 2.692000 2.504000 0.020000 0.006000
4 2.574000 2.502000 0.019000 0.007000
6 2.492000 2.500000 0.016000 0.006000
6 2.204000 2.502000 0.020000 0.007000
6 2.096000 2.500000 0.020000 0.006000
4 2.548000 2.376000 0.022000 0.008000
4 1.969000 2.385000 0.018000 0.007000
4 1.851000 2.493000 0.022000 0.010000
6 1.978000 2.498000 0.021000 0.009000
3 2.171000 2.383000 0.049000 0.010000
4 2.150000 2.430000 0.019000 0.009000
5 2.440000 2.380000 0.022000 0.008000
4 0.856000 3.840000 0.024000 0.008000
4 0.704000 3.846000 0.020000 0.009000
4 0.241000 3.723000 0.024000 0.010000
4 3.982000 0.288000 0.009000 0.010000
6 3.476000 0.266000 0.020000 0.011000
4 2.990000 1.324000 0.013000 0.022000
6 2.363000 1.871000 0.011000 0.018000
4 2.456000 1.226000 0.024000 0.011000
4 2.716000 0.822000 0.012000 0.021000
4 2.764000 0.274000 0.024000 0.011000
4 2.652000 0.274000 0.022000 0.011000
4 2.482000 0.278000 0.021000 0.007000
4 2.216000 0.272000 0.024000 0.010000
10 2.522000 0.052000 0.047000 0.016000
11 2.751000 0.050000 0.014000 0.019000
4 1.220000 2.928000 0.010000 0.018000
9 1.317000 2.451000 0.070000 0.070000
4 1.518000 1.892000 0.021000 0.010000
6 0.467000 3.025000 0.015000 0.018000
5 1.105000 2.457000 0.026000 0.011000
4 0.674000 2.458000 0.021000 0.011000
4 1.374000 1.638000 0.013000 0.015000
4 1.376000 1.550000 0.012000 0.021000
16 1.266000 1.424000 0.013000 0.036000
4 1.383000 1.411000 0.010000 0.019000
5 1.257000 1.131000 0.011000 0.021000
5 1.267000 1.003000 0.012000 0.023000
4 1.383000 0.860000 0.011000 0.020000
4 1.263000 0.745000 0.008000 0.016000
6 0.382000 1.682000 0.015000 0.025000
6 0.449000 1.381000 0.037000 0.014000
4 0.887000 0.271000 0.024000 0.013000
6 0.706000 0.036000 0.011000 0.016000
4 0.610000 0.040000 0.009000 0.020000
5 0.558000 0.044000 0.011000 0.020000
4 0.510000 0.038000 0.009000 0.017000
4 0.466000 0.042000 0.011000 0.019000
4 3.582000 2.504000 0.017000 0.008000
6 3.099000 2.507000 0.018000 0.009000
4 3.678000 2.508000 0.023000 0.008000
21 2.222000 3.352000 0.249000 0.308000
