4 0.238000 1.812000 0.021000 0.016000
6 0.264000 1.976000 0.022000 0.030000
4 0.104000 0.888000 0.020000 0.018000
6 0.069000 1.161000 0.023000 0.014000
6 3.504000 3.272000 0.012000 0.014000
4 3.234000 3.642000 0.017000 0.017000
4 2.634000 3.526000 0.015000 0.015000
4 2.580000 3.472000 0.020000 0.020000
4 2.542000 3.446000 0.021000 0.021000
4 2.562000 3.694000 0.021000 0.021000
4 2.532000 3.672000 0.018000 0.018000
4 2.491000 3.645000 0.019000 0.019000
4 2.460000 3.624000 0.020000 0.018000
6 2.425000 3.603000 0.022000 0.020000
6 2.384000 3.586000 0.018000 0.019000
6 2.366000 3.552000 0.021000 0.022000
6 2.330000 3.532000 0.021000 0.020000
6 1.211000 3.617000 0.021000 0.018000
4 1.123000 3.543000 0.017000 0.019000
6 1.164000 3.556000 0.018000 0.018000
4 1.318000 3.478000 0.019000 0.019000
4 1.354000 3.502000 0.017000 0.019000
4 1.456000 3.569000 0.018000 0.019000
6 1.495000 3.597000 0.014000 0.014000
4 1.523000 3.619000 0.015000 0.015000
4 1.563000 3.645000 0.016000 0.016000
4 1.590000 3.664000 0.019000 0.018000
4 1.624000 3.682000 0.020000 0.019000
4 1.664000 3.706000 0.020000 0.021000
6 1.701000 3.727000 0.017000 0.019000
4 1.736000 3.748000 0.020000 0.022000
4 1.770000 3.768000 0.015000 0.016000
6 1.796000 3.796000 0.018000 0.018000
4 1.532000 3.816000 0.016000 0.014000
4 1.701000 3.925000 0.022000 0.019000
6 2.046000 3.952000 0.021000 0.020000
4 2.082000 3.967000 0.018000 0.017000
4 2.150000 3.994000 0.005000 0.003000
6 2.114000 3.990000 0.017000 0.017000
6 0.612000 3.954000 0.022000 0.019000
6 0.243000 3.739000 0.021000 0.017000
6 3.428000 4.000000 0.000000 0.000000
4 3.529000 3.881000 0.020000 0.019000
4 3.486000 3.860000 0.019000 0.020000
4 3.741000 3.617000 0.024000 0.021000
4 3.672000 3.642000 0.022000 0.019000
4 1.548000 1.458000 0.022000 0.019000
4 1.700000 1.804000 0.030000 0.018000
4 2.002000 1.928000 0.025000 0.016000
6 2.244000 2.006000 0.022000 0.017000
4 1.580000 1.435000 0.020000 0.018000
6 1.646000 1.384000 0.019000 0.018000
6 1.861000 1.219000 0.022000 0.018000
6 1.831000 1.311000 0.019000 0.018000
4 2.599000 1.805000 0.021000 0.017000
6 2.499000 1.785000 0.026000 0.024000
4 2.578000 1.910000 0.019000 0.019000
4 2.841000 2.051000 0.019000 0.017000
4 2.974000 2.096000 0.023000 0.022000
4 3.381000 2.597000 0.021000 0.020000
5 3.428000 2.578000 0.028000 0.023000
4 3.270000 2.400000 0.021000 0.018000
4 3.226000 2.479000 0.023000 0.021000
4 3.093000 2.381000 0.019000 0.018000
4 2.989000 2.177000 0.022000 0.019000
4 3.059000 2.229000 0.019000 0.017000
11 3.148000 2.306000 0.018000 0.019000
4 3.146000 2.244000 0.023000 0.018000
6 3.235000 2.311000 0.020000 0.018000
4 3.324000 2.374000 0.020000 0.019000
4 3.451000 2.467000 0.021000 0.018000
4 3.553000 2.559000 0.019000 0.017000
5 3.678000 2.836000 0.021000 0.020000
6 3.679000 2.773000 0.019000 0.018000
4 3.703000 2.733000 0.021000 0.017000
4 3.808000 2.752000 0.016000 0.016000
4 3.956000 2.092000 0.020000 0.020000
4 3.920000 2.112000 0.018000 0.020000
4 3.914000 2.025000 0.019000 0.020000
4 3.875000 2.045000 0.017000 0.019000
6 3.787000 2.073000 0.019000 0.021000
4 3.740000 2.090000 0.020000 0.021000
4 3.663000 2.135000 0.016000 0.019000
4 3.783000 2.151000 0.017000 0.018000
4 3.927000 2.279000 0.019000 0.020000
4 3.898000 2.302000 0.019000 0.019000
4 3.771000 2.465000 0.020000 0.018000
4 3.719000 2.451000 0.021000 0.018000
4 3.686000 2.422000 0.023000 0.021000
4 3.639000 2.361000 0.022000 0.018000
4 3.559000 2.313000 0.024000 0.020000
4 3.424000 2.214000 0.022000 0.021000
6 3.490000 2.266000 0.021000 0.019000
4 3.638000 1.940000 0.019000 0.020000
4 3.591000 1.953000 0.016000 0.020000
4 3.555000 1.975000 0.020000 0.023000
4 3.508000 2.000000 0.020000 0.024000
4 3.423000 2.039000 0.018000 0.020000
4 3.467000 2.015000 0.018000 0.021000
4 3.512000 1.822000 0.018000 0.015000
6 3.580000 1.032000 0.018000 0.016000
6 3.753000 0.331000 0.017000 0.019000
4 2.165000 0.729000 0.021000 0.015000
11 2.888000 0.466000 0.018000 0.019000
4 2.955000 0.561000 0.022000 0.022000
4 2.875000 0.588000 0.020000 0.022000
4 2.830000 0.607000 0.019000 0.021000
6 2.781000 0.623000 0.020000 0.022000
6 2.706000 0.664000 0.021000 0.024000
6 2.659000 0.685000 0.018000 0.020000
6 2.454000 0.775000 0.019000 0.021000
6 2.408000 0.782000 0.018000 0.021000
6 1.684000 0.755000 0.022000 0.020000
6 1.717000 0.713000 0.020000 0.015000
4 1.726000 0.624000 0.021000 0.018000
4 1.776000 0.606000 0.024000 0.021000
6 1.796000 0.576000 0.018000 0.014000
4 1.662000 0.346000 0.023000 0.007000
4 1.634000 0.306000 0.023000 0.007000
6 1.616000 0.270000 0.022000 0.007000
6 1.598000 0.234000 0.023000 0.007000
4 1.582000 0.200000 0.023000 0.008000
4 1.529000 0.079000 0.024000 0.008000
6 1.514000 0.046000 0.019000 0.007000
18 1.468000 0.898000 0.020000 0.019000
4 1.554000 1.026000 0.019000 0.017000
4 1.412000 1.140000 0.020000 0.018000
4 1.077000 1.039000 0.024000 0.022000
4 1.175000 0.959000 0.019000 0.018000
4 1.141000 0.987000 0.020000 0.018000
4 1.184000 0.679000 0.022000 0.020000
4 1.003000 0.695000 0.020000 0.019000
4 0.940000 0.542000 0.018000 0.017000
6 0.947000 0.483000 0.020000 0.018000
4 0.645000 0.253000 0.022000 0.019000
9 2.908000 2.109000 0.084000 0.086000
