9 2.595137 0.790081 0.072432 0.039041
4 0.002000 1.032714 0.017532 0.017643
4 1.017890 0.896367 0.025055 0.015817
4 1.877183 0.844037 0.022592 0.014019
4 2.119081 0.832045 0.024459 0.012023
4 2.276000 0.840000 0.022998 0.012000
4 2.620000 0.302000 0.012000 0.019220
5 3.564000 0.542000 0.012000 0.025000
6 2.580000 0.662000 0.010000 0.017000
4 2.560000 1.064000 0.012009 0.022000
4 2.482000 1.664000 0.009000 0.020000
4 2.556000 1.626000 0.010000 0.021000
4 3.814000 1.060000 0.009000 0.024000
6 2.808000 1.714000 0.018665 0.007000
6 3.237279 1.757935 0.022639 0.009033
4 3.812912 2.349950 0.022456 0.011025
4 3.126000 2.036000 0.021855 0.010000
4 2.554000 2.388000 0.011000 0.020000
5 3.720000 2.638000 0.030000 0.011000
6 2.750000 2.944000 0.021000 0.008000
5 2.580000 3.516000 0.026000 0.012032
4 2.684000 3.520000 0.024000 0.012000
4 3.080274 3.271850 0.023863 0.011925
6 2.634000 3.838000 0.023000 0.009000
5 3.090000 3.816000 0.025124 0.024000
14 2.074445 3.932106 0.053386 0.038185
14 1.816145 3.924000 0.051928 0.042817
14 1.566049 3.922000 0.052975 0.044030
14 1.306735 3.916000 0.054633 0.048351
14 1.050390 3.912000 0.052805 0.050090
21 1.066000 2.286000 0.239000 0.391647
6 0.262000 0.980000 0.023528 0.014000
6 2.667671 0.059482 0.014165 0.020259
6 3.840000 3.464000 0.018000 0.008000
