6 0.026500 0.157500 0.013000 0.015000
6 0.154500 0.974500 0.011000 0.019000
4 0.167000 0.975500 0.010000 0.017000
4 0.178500 0.976000 0.009000 0.016000
4 0.190000 0.976500 0.008000 0.017000
6 0.214000 0.926500 0.008000 0.015000
4 0.227000 0.927000 0.010000 0.016000
6 0.203000 0.928000 0.008000 0.012000
4 0.190250 0.927250 0.012000 0.017000
4 0.178000 0.926500 0.008000 0.015000
4 0.119500 0.928500 0.011000 0.017000
6 0.105500 0.928000 0.009000 0.016000
4 0.094500 0.928000 0.009000 0.016000
6 0.084000 0.928000 0.008000 0.014000
6 0.070250 0.926750 0.009000 0.017000
5 0.105250 0.976750 0.010000 0.016000
6 0.095500 0.978000 0.007000 0.010000
6 0.083250 0.975750 0.009000 0.015000
4 0.071500 0.974500 0.011000 0.017000
4 0.123000 0.564500 0.008000 0.015000
6 0.112000 0.563500 0.008000 0.015000
4 0.074500 0.562500 0.007000 0.015000
4 0.062500 0.562500 0.007000 0.015000
4 0.050000 0.563000 0.008000 0.016000
4 0.039000 0.564000 0.008000 0.018000
4 0.163500 0.535000 0.019000 0.006000
4 0.112500 0.535500 0.021000 0.007000
6 0.084000 0.537000 0.018000 0.008000
6 0.307500 0.526500 0.007000 0.013000
6 0.296000 0.526000 0.008000 0.014000
4 0.283500 0.524500 0.009000 0.015000
4 0.269500 0.529500 0.009000 0.017000
4 0.257500 0.525500 0.009000 0.015000
4 0.245000 0.523000 0.008000 0.016000
6 0.233500 0.523000 0.007000 0.014000
5 0.211500 0.524000 0.009000 0.020000
6 0.348750 0.017750 0.013000 0.019000
4 0.379500 0.016500 0.009000 0.017000
6 0.406000 0.016500 0.008000 0.015000
6 0.437500 0.016000 0.009000 0.016000
5 0.459000 0.017000 0.010000 0.020000
6 0.425250 0.059750 0.010000 0.014000
4 0.415500 0.061500 0.009000 0.015000
5 0.403250 0.061750 0.009000 0.015000
4 0.390750 0.061250 0.010000 0.017000
6 0.311500 0.063000 0.009000 0.018000
4 0.266250 0.044750 0.022000 0.008000
6 0.265500 0.027500 0.021000 0.007000
6 0.265500 0.010500 0.021000 0.007000
6 0.012250 0.122750 0.017000 0.019000
4 0.029750 0.123500 0.018000 0.019000
5 0.494500 0.014000 0.009000 0.018000
6 0.516500 0.015000 0.009000 0.018000
6 0.575500 0.027000 0.019000 0.008000
6 0.604750 0.028750 0.010000 0.017000
5 0.836000 0.168000 0.024000 0.022000
4 0.442000 0.134500 0.020000 0.007000
30 0.429500 0.353500 0.085000 0.009000
4 0.966000 0.355000 0.022000 0.008000
6 0.000000 0.575000 0.000000 0.012000
4 0.038000 0.520500 0.008000 0.013000
6 0.050000 0.519500 0.008000 0.015000
6 0.061000 0.520000 0.008000 0.016000
6 0.073500 0.520500 0.007000 0.013000
4 0.084500 0.519500 0.009000 0.017000
6 0.430500 0.508500 0.023000 0.009000
6 0.363000 0.549000 0.014000 0.010000
6 0.362000 0.533500 0.008000 0.005000
6 0.361250 0.516750 0.019000 0.009000
6 0.143500 0.978000 0.007000 0.014000
5 0.138500 0.803000 0.017000 0.006000
6 0.166500 0.804000 0.017000 0.006000
6 0.260500 0.924000 0.019000 0.008000
6 0.261500 0.905500 0.017000 0.009000
4 0.258000 0.896000 0.020000 0.008000
6 0.260000 0.878500 0.016000 0.007000
6 0.257500 0.861000 0.019000 0.006000
4 0.318000 0.852500 0.018000 0.007000
5 0.316500 0.870000 0.017000 0.006000
6 0.321500 0.879000 0.019000 0.008000
4 0.319500 0.887000 0.021000 0.006000
4 0.321500 0.897000 0.021000 0.008000
6 0.323000 0.906500 0.018000 0.005000
4 0.325000 0.935500 0.020000 0.007000
6 0.320000 0.943500 0.022000 0.007000
6 0.353000 0.943000 0.014000 0.022000
4 0.365250 0.941250 0.009000 0.016000
6 0.165000 0.927000 0.010000 0.014000
6 0.130000 0.977500 0.008000 0.013000
6 0.639250 0.938750 0.013000 0.019000
4 0.156500 0.757500 0.019000 0.007000
6 0.244500 0.757500 0.021000 0.007000
6 0.513500 0.060500 0.013000 0.019000
6 0.261500 0.850500 0.021000 0.005000
6 0.259000 0.869500 0.020000 0.007000
6 0.260500 0.887500 0.023000 0.009000
6 0.316000 0.841500 0.020000 0.007000
6 0.319750 0.565250 0.008000 0.016000
4 0.309000 0.566000 0.008000 0.016000
4 0.297000 0.566000 0.008000 0.016000
4 0.285000 0.564500 0.008000 0.017000
6 0.272000 0.567000 0.008000 0.016000
4 0.260000 0.565000 0.008000 0.018000
4 0.249000 0.565000 0.008000 0.016000
4 0.237000 0.563500 0.008000 0.015000
4 0.225500 0.563000 0.009000 0.016000
6 0.070500 0.124000 0.015000 0.016000
6 0.054500 0.123000 0.015000 0.014000
