4 0.727000 0.638500 0.012000 0.017000
4 0.156500 0.708500 0.023000 0.007000
6 0.155750 0.697250 0.023000 0.009000
6 0.153250 0.687250 0.020000 0.007000
6 0.151000 0.677000 0.018000 0.008000
6 0.149750 0.666750 0.023000 0.008000
6 0.151250 0.656250 0.022000 0.011000
6 0.142750 0.616250 0.022000 0.010000
6 0.145250 0.635750 0.025000 0.009000
4 0.142500 0.605500 0.021000 0.009000
6 0.139000 0.595500 0.026000 0.009000
4 0.138250 0.586250 0.022000 0.009000
4 0.128750 0.514250 0.022000 0.010000
4 0.072750 0.537750 0.020000 0.009000
4 0.081250 0.610250 0.021000 0.010000
6 0.083250 0.620250 0.019000 0.010000
4 0.085750 0.629750 0.020000 0.009000
6 0.084000 0.641000 0.018000 0.008000
6 0.086000 0.650000 0.022000 0.008000
6 0.091500 0.671000 0.021000 0.008000
4 0.092750 0.680750 0.021000 0.008000
4 0.095250 0.691750 0.022000 0.008000
4 0.092500 0.701000 0.019000 0.008000
4 0.094500 0.720000 0.021000 0.010000
4 0.095000 0.711000 0.020000 0.010000
4 0.101250 0.761250 0.023000 0.008000
4 0.044250 0.759750 0.021000 0.009000
6 0.044250 0.768250 0.018000 0.007000
4 0.045500 0.778000 0.015000 0.006000
6 0.046750 0.786250 0.019000 0.007000
6 0.048500 0.803000 0.021000 0.006000
6 0.050250 0.813250 0.022000 0.007000
6 0.041000 0.741000 0.020000 0.006000
6 0.040500 0.732000 0.021000 0.006000
5 0.040500 0.724500 0.021000 0.007000
4 0.038500 0.714500 0.021000 0.007000
6 0.039000 0.705500 0.020000 0.007000
4 0.036750 0.696250 0.022000 0.008000
6 0.035000 0.687000 0.020000 0.008000
6 0.032250 0.677250 0.021000 0.007000
4 0.031000 0.667500 0.020000 0.007000
4 0.027250 0.651000 0.020000 0.006000
4 0.030000 0.642000 0.020000 0.006000
4 0.026750 0.631750 0.018000 0.009000
6 0.025750 0.622750 0.019000 0.008000
4 0.029000 0.613000 0.022000 0.006000
4 0.024000 0.603000 0.020000 0.008000
4 0.023500 0.593750 0.019000 0.007000
5 0.024250 0.584750 0.028000 0.008000
6 0.023250 0.574750 0.020000 0.007000
4 0.020750 0.567250 0.021000 0.007000
6 0.015750 0.558250 0.018000 0.008000
4 0.017500 0.548250 0.021000 0.007000
6 0.015000 0.539500 0.020000 0.007000
6 0.015500 0.528500 0.019000 0.007000
4 0.018250 0.520250 0.020000 0.007000
6 0.013000 0.511000 0.022000 0.008000
6 0.338750 0.985250 0.008000 0.015000
6 0.301750 0.984750 0.013000 0.022000
3 0.291000 0.906000 0.024000 0.076000
4 0.275000 0.909500 0.010000 0.017000
6 0.283000 0.831500 0.010000 0.017000
4 0.273000 0.778500 0.010000 0.017000
4 0.266250 0.719250 0.011000 0.018000
6 0.268500 0.747000 0.009000 0.016000
4 0.264750 0.696750 0.011000 0.018000
4 0.311750 0.761250 0.011000 0.017000
4 0.249000 0.595500 0.010000 0.019000
4 0.237000 0.639500 0.010000 0.017000
6 0.508750 0.987250 0.019000 0.012000
6 0.504500 0.980500 0.017000 0.011000
4 0.500000 0.970500 0.020000 0.013000
6 0.521250 0.980250 0.018000 0.021000
4 0.477000 0.898500 0.022000 0.007000
6 0.473750 0.919250 0.020000 0.008000
4 0.531000 0.790500 0.022000 0.019000
6 0.536500 0.781500 0.021000 0.017000
6 0.546250 0.772250 0.017000 0.014000
6 0.554250 0.764250 0.018000 0.015000
6 0.562500 0.757000 0.019000 0.014000
6 0.572500 0.748500 0.021000 0.019000
6 0.608500 0.732500 0.015000 0.017000
4 0.620250 0.729750 0.017000 0.021000
4 0.631250 0.726250 0.016000 0.019000
6 0.642500 0.723000 0.015000 0.018000
4 0.653000 0.719000 0.016000 0.018000
4 0.665000 0.716000 0.016000 0.022000
4 0.675000 0.712000 0.016000 0.020000
4 0.591000 1.000000 0.000000 0.000000
6 0.559000 0.951500 0.022000 0.011000
6 0.549750 0.925750 0.022000 0.013000
6 0.549000 0.881500 0.020000 0.013000
6 0.625750 0.902250 0.018000 0.012000
6 0.637250 0.929250 0.021000 0.015000
4 0.655500 0.962000 0.023000 0.016000
6 0.783750 0.982250 0.022000 0.017000
4 0.790500 0.993500 0.021000 0.011000
6 0.765500 0.996500 0.017000 0.007000
4 0.610000 0.819000 0.020000 0.012000
4 0.687500 0.792500 0.021000 0.015000
6 0.682000 0.783000 0.020000 0.012000
6 0.676250 0.773750 0.023000 0.015000
6 0.651750 0.780750 0.024000 0.016000
6 0.659500 0.791000 0.023000 0.014000
4 0.665500 0.799500 0.021000 0.015000
4 0.669250 0.809250 0.021000 0.012000
6 0.673500 0.818500 0.021000 0.013000
3 0.803000 0.883500 0.022000 0.031000
6 0.901000 0.913000 0.020000 0.012000
4 0.916250 0.936750 0.023000 0.015000
4 0.996000 0.924250 0.009000 0.010000
6 0.993750 0.913500 0.014000 0.010000
5 0.990000 0.904500 0.022000 0.014000
6 0.988750 0.894750 0.020000 0.015000
6 0.982750 0.886250 0.018000 0.012000
4 0.975250 0.876250 0.021000 0.013000
5 0.977500 0.928500 0.023000 0.015000
6 0.968750 0.861750 0.022000 0.013000
6 0.926750 0.824750 0.019000 0.012000
6 0.936250 0.792750 0.021000 0.015000
6 0.757000 0.622000 0.016000 0.012000
4 0.748000 0.679500 0.014000 0.019000
6 0.673500 0.597000 0.019000 0.020000
4 0.594500 0.523500 0.021000 0.007000
4 0.600250 0.544750 0.022000 0.008000
4 0.491500 0.701000 0.011000 0.016000
4 0.479500 0.702000 0.007000 0.016000
6 0.449500 0.702000 0.011000 0.018000
4 0.487750 0.652750 0.010000 0.017000
6 0.476000 0.655500 0.010000 0.017000
4 0.449500 0.657000 0.011000 0.018000
4 0.435000 0.659000 0.010000 0.018000
4 0.612500 0.453500 0.011000 0.017000
6 0.600000 0.454500 0.010000 0.017000
4 0.586750 0.455250 0.011000 0.018000
4 0.572000 0.456500 0.010000 0.015000
4 0.559000 0.455500 0.010000 0.017000
4 0.520250 0.459250 0.010000 0.017000
4 0.507500 0.461000 0.011000 0.018000
6 0.596500 0.432500 0.011000 0.017000
4 0.583000 0.437500 0.010000 0.017000
6 0.571250 0.439750 0.011000 0.017000
4 0.555000 0.434500 0.010000 0.015000
4 0.544000 0.439500 0.010000 0.017000
4 0.530500 0.440000 0.013000 0.018000
4 0.591750 0.388750 0.013000 0.019000
4 0.607000 0.501500 0.012000 0.019000
6 0.647000 0.497500 0.012000 0.019000
6 0.660750 0.497250 0.008000 0.016000
4 0.674000 0.495000 0.010000 0.016000
6 0.663750 0.447250 0.015000 0.019000
4 0.427250 0.466750 0.010000 0.016000
4 0.840250 0.504250 0.014000 0.017000
6 0.861750 0.275750 0.011000 0.017000
4 0.858750 0.258750 0.010000 0.017000
6 0.873000 0.256500 0.010000 0.017000
4 0.899000 0.253750 0.010000 0.019000
4 0.977250 0.248500 0.009000 0.017000
4 0.946250 0.206250 0.010000 0.017000
4 0.878000 0.209500 0.010000 0.017000
4 0.853250 0.213750 0.012000 0.020000
4 0.863250 0.191750 0.012000 0.018000
4 0.850250 0.193250 0.011000 0.018000
4 0.920000 0.121500 0.010000 0.017000
6 0.879750 0.122250 0.010000 0.016000
4 0.022000 0.408750 0.022000 0.011000
4 0.055750 0.421250 0.021000 0.007000
4 0.067500 0.392000 0.023000 0.010000
4 0.105500 0.387500 0.023000 0.009000
4 0.143500 0.382250 0.023000 0.010000
5 0.149750 0.393750 0.028000 0.012000
4 0.222000 0.401000 0.012000 0.018000
4 0.236250 0.503750 0.011000 0.018000
4 0.223500 0.311500 0.011000 0.019000
6 0.204500 0.295500 0.013000 0.019000
4 0.252750 0.228250 0.009000 0.017000
4 0.170500 0.153000 0.011000 0.020000
4 0.186000 0.129500 0.010000 0.017000
4 0.198250 0.126750 0.011000 0.017000
6 0.222750 0.020250 0.009000 0.015000
6 0.170000 0.023750 0.010000 0.018000
4 0.329750 0.346750 0.023000 0.010000
6 0.351000 0.327500 0.020000 0.009000
6 0.383750 0.341250 0.019000 0.007000
6 0.344000 0.282000 0.020000 0.008000
4 0.383000 0.302500 0.010000 0.019000
6 0.410250 0.301750 0.009000 0.017000
3 0.408500 0.030500 0.017000 0.041000
4 0.392500 0.036500 0.019000 0.057000
4 0.422250 0.296750 0.012000 0.022000
4 0.474500 0.294500 0.009000 0.019000
6 0.486750 0.293750 0.008000 0.017000
6 0.617250 0.279750 0.009000 0.017000
6 0.629750 0.278750 0.012000 0.017000
4 0.660500 0.252000 0.021000 0.008000
4 0.656000 0.242000 0.022000 0.008000
6 0.658500 0.233000 0.019000 0.006000
6 0.654500 0.215000 0.021000 0.008000
5 0.602750 0.238250 0.011000 0.019000
4 0.589250 0.240750 0.011000 0.019000
6 0.587000 0.221500 0.010000 0.015000
6 0.534250 0.222750 0.011000 0.017000
6 0.521000 0.223500 0.010000 0.017000
4 0.542000 0.178000 0.010000 0.018000
4 0.557000 0.176500 0.010000 0.017000
6 0.569250 0.175250 0.011000 0.018000
6 0.713500 0.231500 0.009000 0.015000
6 0.779250 0.230250 0.028000 0.009000
4 0.779000 0.220500 0.022000 0.007000
4 0.778500 0.209500 0.019000 0.007000
4 0.775000 0.200000 0.018000 0.006000
6 0.739750 0.028250 0.013000 0.019000
6 0.776000 0.022500 0.008000 0.013000
6 0.749500 0.007500 0.009000 0.015000
6 0.761500 0.008000 0.009000 0.016000
4 0.787500 0.003750 0.009000 0.008000
4 0.815250 0.004000 0.010000 0.009000
6 0.816250 0.019250 0.011000 0.018000
6 0.842000 0.003500 0.010000 0.008000
4 0.742250 0.069750 0.009000 0.019000
4 0.741250 0.089250 0.012000 0.017000
6 0.761500 0.086500 0.011000 0.015000
4 0.760000 0.070000 0.010000 0.018000
4 0.773500 0.087000 0.009000 0.016000
6 0.782500 0.066000 0.013000 0.018000
4 0.796000 0.066500 0.014000 0.021000
6 0.808750 0.065750 0.010000 0.014000
6 0.858000 0.057000 0.010000 0.016000
6 0.823750 0.082750 0.010000 0.017000
6 0.748750 0.134750 0.011000 0.019000
6 0.762000 0.133250 0.010000 0.015000
6 0.765000 0.153000 0.008000 0.014000
6 0.778500 0.152500 0.009000 0.015000
4 0.789250 0.131250 0.011000 0.018000
6 0.801500 0.128000 0.009000 0.014000
6 0.815000 0.129000 0.010000 0.016000
4 0.804000 0.150000 0.012000 0.020000
4 0.830000 0.148500 0.010000 0.017000
6 0.839750 0.126750 0.009000 0.015000
5 0.853750 0.127750 0.013000 0.022000
9 0.257500 0.382250 0.187000 0.208000
6 0.610500 0.995500 0.029000 0.011000
4 0.596000 0.971250 0.022000 0.013000
4 0.310750 0.882250 0.011000 0.019000
11 0.004000 0.413250 0.008000 0.012000
4 0.042500 0.750000 0.021000 0.010000
6 0.746500 0.786500 0.025000 0.015000
9 0.638500 0.618250 0.063000 0.064000
