4 3.945000 2.293000 0.023000 0.016000
4 3.863000 2.317000 0.020000 0.014000
4 3.612000 3.518000 0.010000 0.017000
4 3.561000 3.529000 0.015000 0.019000
4 3.494000 3.540000 0.011000 0.022000
4 3.380000 3.936000 0.024000 0.010000
4 3.368000 3.854000 0.020000 0.009000
6 3.186000 3.962000 0.021000 0.007000
4 3.180000 3.920000 0.022000 0.008000
4 3.180000 3.886000 0.024000 0.007000
4 3.178000 3.838000 0.023000 0.009000
6 2.911000 3.941000 0.022000 0.012000
6 2.889000 3.897000 0.028000 0.013000
4 3.213000 3.653000 0.011000 0.018000
4 3.162000 3.664000 0.013000 0.018000
4 3.034000 3.684000 0.013000 0.022000
6 2.964000 3.690000 0.010000 0.019000
4 2.854000 3.708000 0.013000 0.018000
4 2.676000 3.884000 0.020000 0.008000
4 2.658000 3.830000 0.021000 0.009000
6 2.086000 3.670000 0.011000 0.007000
6 1.838000 3.502000 0.011000 0.019000
4 1.910000 3.784000 0.021000 0.008000
4 1.540000 3.864000 0.022000 0.010000
6 1.728000 3.965000 0.010000 0.018000
6 1.730000 3.812000 0.009000 0.014000
6 1.732000 3.736000 0.010000 0.016000
6 1.488000 3.578000 0.020000 0.009000
4 0.981000 3.379000 0.010000 0.016000
4 0.926000 3.350000 0.011000 0.017000
6 0.599000 3.253000 0.016000 0.020000
4 3.156000 0.122000 0.022000 0.013000
4 3.050000 0.160000 0.021000 0.016000
4 2.710000 0.204000 0.007000 0.016000
6 2.624000 0.244000 0.010000 0.020000
6 3.471000 0.137000 0.019000 0.019000
5 3.253000 0.291000 0.014000 0.013000
4 3.033000 0.355000 0.020000 0.009000
4 2.936000 0.380000 0.024000 0.012000
4 3.935000 1.573000 0.021000 0.013000
4 3.865000 1.613000 0.021000 0.014000
4 3.692000 1.906000 0.026000 0.017000
6 3.565000 1.943000 0.024000 0.014000
5 3.464000 1.916000 0.020000 0.014000
4 3.569000 1.867000 0.025000 0.017000
4 3.439000 1.827000 0.023000 0.014000
4 3.210000 1.838000 0.027000 0.017000
4 3.042000 1.690000 0.023000 0.017000
5 3.902000 1.826000 0.019000 0.023000
6 3.713000 2.339000 0.018000 0.020000
4 3.654000 2.240000 0.017000 0.020000
5 3.322000 2.804000 0.023000 0.022000
4 3.250000 2.860000 0.021000 0.018000
4 2.627000 3.099000 0.020000 0.015000
4 2.356000 3.166000 0.024000 0.011000
6 2.126000 3.196000 0.019000 0.006000
4 1.988000 3.282000 0.022000 0.007000
6 1.989000 3.203000 0.022000 0.008000
4 1.876000 3.200000 0.022000 0.008000
4 1.226000 3.198000 0.023000 0.007000
4 1.442000 3.206000 0.021000 0.007000
4 1.334000 3.198000 0.021000 0.007000
4 1.082000 3.280000 0.023000 0.006000
6 0.122000 3.026000 0.023000 0.017000
6 0.415000 3.143000 0.021000 0.013000
6 0.522000 3.170000 0.023000 0.013000
4 0.858000 3.208000 0.021000 0.010000
6 0.894000 3.172000 0.021000 0.010000
4 0.801000 3.147000 0.022000 0.011000
4 0.700000 3.128000 0.024000 0.012000
5 2.505000 2.637000 0.019000 0.022000
5 2.458000 2.674000 0.019000 0.021000
4 2.023000 3.043000 0.011000 0.016000
6 2.115000 3.027000 0.011000 0.018000
4 0.756000 2.734000 0.012000 0.019000
6 0.805000 2.729000 0.013000 0.020000
4 0.896000 2.716000 0.014000 0.018000
4 0.919000 2.533000 0.013000 0.019000
6 0.869000 2.545000 0.013000 0.018000
6 0.773000 2.557000 0.014000 0.019000
5 0.633000 2.569000 0.014000 0.021000
6 0.591000 2.593000 0.015000 0.019000
6 0.467000 2.773000 0.014000 0.020000
4 0.416000 2.778000 0.010000 0.017000
6 2.907000 0.587000 0.018000 0.018000
4 0.409000 2.479000 0.022000 0.010000
4 0.766000 2.434000 0.023000 0.009000
6 0.472000 2.338000 0.022000 0.011000
6 0.809000 2.287000 0.022000 0.010000
4 2.095000 2.107000 0.022000 0.013000
4 2.308000 1.972000 0.020000 0.020000
4 2.452000 1.832000 0.020000 0.018000
4 2.907000 1.265000 0.013000 0.020000
6 2.928000 1.178000 0.010000 0.019000
4 2.929000 0.987000 0.011000 0.019000
4 2.889000 0.851000 0.018000 0.023000
4 2.754000 0.662000 0.021000 0.021000
6 2.687000 0.609000 0.019000 0.017000
5 2.309000 0.433000 0.028000 0.015000
5 2.472000 0.492000 0.026000 0.022000
4 1.851000 1.405000 0.015000 0.022000
4 1.754000 1.262000 0.017000 0.017000
6 1.740000 1.152000 0.020000 0.008000
4 1.706000 1.104000 0.021000 0.008000
5 0.400000 0.792000 0.014000 0.022000
6 0.118000 0.616000 0.021000 0.010000
5 2.367000 0.577000 0.020000 0.027000
3 2.093000 0.527000 0.017000 0.029000
5 1.914000 0.490000 0.029000 0.013000
4 1.787000 0.526000 0.015000 0.021000
4 1.732000 0.516000 0.012000 0.018000
4 1.704000 0.434000 0.010000 0.017000
6 1.695000 0.503000 0.012000 0.017000
6 1.805000 0.449000 0.012000 0.019000
4 1.750000 0.444000 0.011000 0.018000
4 1.250000 0.460000 0.011000 0.018000
4 1.296000 0.460000 0.010000 0.018000
4 1.344000 0.470000 0.014000 0.019000
4 1.392000 0.472000 0.012000 0.018000
6 1.443000 0.481000 0.012000 0.018000
6 1.493000 0.485000 0.012000 0.017000
5 1.604000 0.508000 0.012000 0.022000
5 1.566000 0.438000 0.011000 0.019000
4 1.513000 0.421000 0.011000 0.016000
6 1.458000 0.406000 0.009000 0.017000
4 1.405000 0.397000 0.013000 0.018000
6 1.361000 0.389000 0.012000 0.019000
4 1.314000 0.390000 0.011000 0.015000
4 1.258000 0.382000 0.011000 0.019000
4 1.210000 0.382000 0.011000 0.017000
4 0.875000 0.537000 0.011000 0.017000
4 0.465000 0.467000 0.015000 0.027000
6 0.384000 0.288000 0.010000 0.018000
4 1.782000 0.300000 0.027000 0.010000
4 0.629000 0.157000 0.024000 0.008000
4 0.580000 0.109000 0.024000 0.009000
4 1.487000 0.221000 0.023000 0.014000
4 1.614000 0.228000 0.023000 0.012000
6 1.746000 0.246000 0.021000 0.011000
4 0.076000 3.805000 0.022000 0.018000
4 0.158000 3.854000 0.021000 0.017000
6 0.234000 3.904000 0.019000 0.016000
4 0.315000 3.943000 0.020000 0.017000
15 2.410000 0.942000 0.109000 0.055000
6 2.577000 1.929000 0.018000 0.019000
4 2.648000 1.862000 0.018000 0.019000
6 3.079000 3.331000 0.023000 0.014000
4 3.272000 3.260000 0.016000 0.020000
