4 0.231250 0.738750 0.025000 0.021000
6 0.638500 0.870000 0.023000 0.008000
6 0.578500 0.869500 0.025000 0.009000
3 0.800000 0.897500 0.046000 0.009000
6 0.993000 0.182750 0.016000 0.018000
5 0.979750 0.116250 0.022000 0.019000
4 0.925750 0.213750 0.022000 0.019000
4 0.763250 0.246750 0.024000 0.019000
4 0.685250 0.314750 0.019000 0.016000
4 0.255000 0.757500 0.020000 0.017000
6 0.223500 0.749500 0.023000 0.019000
4 0.203000 0.642500 0.022000 0.019000
9 0.166500 0.707500 0.079000 0.079000
4 0.126500 0.959000 0.009000 0.018000
6 0.115000 0.958000 0.006000 0.016000
4 0.049000 0.988500 0.016000 0.007000
6 0.050500 0.981000 0.021000 0.008000
5 0.050000 0.972000 0.016000 0.008000
3 0.148500 0.804500 0.031000 0.013000
6 0.124500 0.728500 0.021000 0.017000
4 0.075750 0.801750 0.017000 0.008000
6 0.070500 0.753750 0.019000 0.014000
4 0.007250 0.811500 0.015000 0.011000
4 0.197500 0.976000 0.009000 0.018000
