7 0.657000 0.773500 0.020000 0.031724
7 0.664569 0.771663 0.018862 0.029326
7 0.660500 0.816500 0.013713 0.015000
7 0.667000 0.828000 0.008000 0.014292
7 0.685563 0.843138 0.019126 0.027724
7 0.694600 0.840200 0.020800 0.028400
28 0.711850 0.901050 0.009700 0.013900
7 0.775959 0.993731 0.008012 0.013000
28 0.777000 0.981000 0.020240 0.024000
28 0.783500 0.980000 0.019000 0.022887
5 0.035000 0.340000 0.034000 0.042319
6 0.042000 0.377000 0.014000 0.016000
11 0.090500 0.435000 0.017094 0.022000
4 0.112500 0.496500 0.015353 0.019000
4 0.186500 0.736000 0.009017 0.016000
4 0.197790 0.733530 0.010420 0.019180
4 0.188000 0.706000 0.020205 0.010000
6 0.270000 0.754500 0.018000 0.021000
6 0.290500 0.762500 0.013000 0.015746
11 0.313000 0.820000 0.016000 0.020332
4 0.038000 0.523000 0.018775 0.008000
4 0.038000 0.859000 0.022000 0.010045
6 0.068640 0.978480 0.008720 0.013040
4 0.071959 0.993215 0.008020 0.014000
6 0.365520 0.957284 0.008959 0.014568
6 0.042000 0.539000 0.010000 0.014451
11 0.010000 0.668500 0.008000 0.011000
30 0.241018 0.917749 0.008036 0.014503
30 0.251982 0.916771 0.008035 0.013541
