4 0.410000 0.386500 0.016000 0.007000
4 0.387750 0.375250 0.030000 0.010000
4 0.218000 0.304500 0.020000 0.007000
4 0.512500 0.027000 0.025000 0.022000
4 0.692500 0.737500 0.015000 0.019000
6 0.671750 0.746750 0.016000 0.019000
4 0.661500 0.751500 0.017000 0.019000
4 0.652750 0.756250 0.016000 0.018000
4 0.643000 0.762000 0.016000 0.020000
4 0.632500 0.767000 0.015000 0.018000
6 0.619000 0.772000 0.018000 0.022000
6 0.585750 0.754750 0.016000 0.015000
4 0.469500 0.773500 0.017000 0.019000
4 0.460250 0.777250 0.018000 0.020000
6 0.450000 0.783500 0.018000 0.019000
6 0.441250 0.788250 0.015000 0.017000
5 0.429250 0.791750 0.022000 0.024000
12 0.519250 0.819250 0.018000 0.020000
4 0.529000 0.815500 0.020000 0.021000
5 0.538500 0.811500 0.019000 0.021000
4 0.547000 0.805500 0.018000 0.021000
4 0.537250 0.788750 0.018000 0.020000
4 0.525250 0.793250 0.018000 0.020000
6 0.516500 0.799000 0.017000 0.020000
5 0.496500 0.808000 0.019000 0.022000
6 0.509500 0.823750 0.019000 0.020000
6 0.499500 0.828000 0.019000 0.020000
6 0.488750 0.833250 0.020000 0.022000
4 0.486250 0.812750 0.017000 0.019000
4 0.476000 0.816500 0.016000 0.019000
4 0.465750 0.821250 0.018000 0.020000
4 0.476750 0.837250 0.018000 0.020000
4 0.467500 0.840500 0.017000 0.019000
6 0.448500 0.831500 0.017000 0.019000
4 0.458750 0.847500 0.017000 0.021000
4 0.448500 0.853000 0.017000 0.020000
4 0.428000 0.841000 0.016000 0.020000
4 0.417250 0.846250 0.018000 0.019000
6 0.429750 0.861250 0.017000 0.018000
4 0.561250 0.850250 0.017000 0.020000
4 0.549750 0.854250 0.018000 0.020000
4 0.538750 0.858250 0.017000 0.019000
4 0.529500 0.864500 0.017000 0.019000
6 0.520000 0.869250 0.018000 0.019000
4 0.510000 0.873500 0.018000 0.019000
4 0.499500 0.879000 0.017000 0.020000
6 0.492500 0.885500 0.017000 0.019000
4 0.480500 0.887500 0.017000 0.019000
4 0.469750 0.892250 0.018000 0.020000
4 0.438750 0.906250 0.018000 0.020000
6 0.411500 0.921500 0.015000 0.019000
4 0.400000 0.926000 0.018000 0.020000
5 0.380250 0.934750 0.020000 0.024000
6 0.369500 0.940500 0.017000 0.019000
4 0.359250 0.945250 0.017000 0.020000
4 0.351500 0.949000 0.015000 0.020000
4 0.330500 0.957500 0.015000 0.019000
4 0.319750 0.964250 0.016000 0.020000
6 0.310750 0.969250 0.016000 0.019000
5 0.290000 0.977000 0.018000 0.022000
4 0.281250 0.984250 0.017000 0.019000
4 0.270750 0.987250 0.017000 0.019000
4 0.261250 0.992000 0.017000 0.017000
4 0.249750 0.995500 0.015000 0.011000
4 0.156750 0.989750 0.018000 0.021000
6 0.169000 0.985500 0.018000 0.021000
5 0.179750 0.982250 0.019000 0.021000
4 0.189000 0.977000 0.016000 0.018000
4 0.197000 0.969500 0.016000 0.019000
6 0.207000 0.964500 0.016000 0.017000
4 0.217250 0.961250 0.018000 0.021000
4 0.227250 0.956250 0.018000 0.021000
4 0.237250 0.951750 0.019000 0.021000
4 0.246750 0.946750 0.018000 0.021000
4 0.257000 0.942500 0.018000 0.021000
4 0.266500 0.936500 0.017000 0.019000
4 0.278000 0.934000 0.018000 0.020000
4 0.286750 0.929500 0.017000 0.019000
6 0.298750 0.925750 0.017000 0.020000
4 0.308500 0.921500 0.017000 0.021000
4 0.317000 0.915000 0.018000 0.022000
4 0.327250 0.909250 0.020000 0.022000
6 0.348500 0.898500 0.017000 0.019000
4 0.379250 0.885250 0.018000 0.021000
4 0.369000 0.891500 0.018000 0.021000
4 0.391250 0.881750 0.017000 0.020000
4 0.386500 0.860500 0.019000 0.021000
5 0.357500 0.873500 0.021000 0.025000
6 0.315750 0.892250 0.018000 0.021000
6 0.295500 0.903500 0.017000 0.019000
4 0.285000 0.907500 0.018000 0.021000
4 0.274750 0.911750 0.017000 0.020000
4 0.265000 0.916500 0.016000 0.019000
4 0.254000 0.921500 0.016000 0.019000
6 0.246000 0.926500 0.018000 0.019000
5 0.234750 0.929750 0.020000 0.022000
6 0.227250 0.935750 0.016000 0.018000
4 0.217000 0.941000 0.016000 0.020000
4 0.206750 0.945500 0.017000 0.021000
6 0.195500 0.950500 0.019000 0.019000
4 0.186750 0.954750 0.017000 0.020000
4 0.176250 0.959750 0.019000 0.021000
6 0.167000 0.966500 0.018000 0.021000
4 0.156250 0.969500 0.017000 0.021000
4 0.145250 0.973750 0.018000 0.021000
4 0.136000 0.978500 0.018000 0.021000
6 0.114250 0.865250 0.014000 0.016000
6 0.118500 0.936500 0.017000 0.019000
4 0.128000 0.932500 0.018000 0.021000
6 0.139250 0.928750 0.017000 0.018000
4 0.148000 0.923000 0.016000 0.018000
6 0.156000 0.916500 0.016000 0.017000
4 0.170750 0.914750 0.019000 0.021000
4 0.177250 0.907750 0.016000 0.018000
6 0.188000 0.904000 0.018000 0.020000
6 0.199750 0.901000 0.016000 0.020000
6 0.206750 0.893250 0.017000 0.018000
5 0.237500 0.880000 0.019000 0.022000
4 0.278000 0.862000 0.020000 0.022000
4 0.295750 0.831750 0.018000 0.020000
4 0.246000 0.854500 0.018000 0.021000
6 0.216750 0.869250 0.016000 0.020000
6 0.197250 0.877750 0.017000 0.019000
4 0.177500 0.888500 0.017000 0.019000
6 0.167000 0.893500 0.020000 0.021000
4 0.156000 0.897000 0.018000 0.020000
4 0.146250 0.902000 0.018000 0.020000
6 0.136750 0.907250 0.018000 0.020000
4 0.126000 0.912500 0.018000 0.021000
4 0.116500 0.917000 0.017000 0.020000
4 0.106000 0.920000 0.018000 0.020000
4 0.175750 0.838250 0.018000 0.019000
4 0.146500 0.853000 0.015000 0.018000
6 0.096250 0.874250 0.014000 0.016000
6 0.043250 0.093250 0.023000 0.014000
11 0.045750 0.082750 0.028000 0.013000
4 0.463750 0.439750 0.019000 0.008000
4 0.444500 0.418000 0.011000 0.020000
5 0.976000 0.311500 0.024000 0.021000
4 0.662250 0.805250 0.018000 0.020000
4 0.669750 0.799250 0.017000 0.020000
4 0.679750 0.795250 0.018000 0.022000
4 0.699500 0.785500 0.019000 0.023000
4 0.709750 0.779750 0.018000 0.023000
4 0.720000 0.775500 0.020000 0.023000
4 0.729500 0.771000 0.017000 0.022000
6 0.740250 0.767750 0.018000 0.020000
4 0.479250 0.766750 0.024000 0.026000
4 0.338000 0.883500 0.016000 0.017000
