6 0.226250 0.246500 0.014000 0.011000
6 0.229250 0.240250 0.013000 0.010000
6 0.233000 0.233000 0.012000 0.010000
6 0.238000 0.225500 0.014000 0.011000
6 0.243250 0.217750 0.015000 0.013000
6 0.248750 0.209250 0.015000 0.010000
4 0.216500 0.185000 0.021000 0.014000
6 0.192500 0.174000 0.015000 0.010000
4 0.253000 0.188000 0.018000 0.014000
4 0.256750 0.179750 0.020000 0.015000
16 0.267500 0.164500 0.017000 0.013000
6 0.248250 0.195500 0.017000 0.009000
5 0.180500 0.051500 0.065000 0.037000
6 0.200500 0.289500 0.017000 0.013000
6 0.209250 0.273250 0.012000 0.009000
6 0.214250 0.264750 0.015000 0.012000
6 0.228250 0.372750 0.015000 0.011000
6 0.218000 0.388000 0.016000 0.012000
4 0.209250 0.405000 0.020000 0.014000
5 0.222750 0.379250 0.033000 0.019000
4 0.202000 0.413500 0.020000 0.013000
6 0.198750 0.422750 0.020000 0.015000
6 0.100750 0.443250 0.017000 0.011000
6 0.110500 0.436500 0.013000 0.011000
3 0.108500 0.567000 0.027000 0.018000
3 0.114000 0.533500 0.022000 0.017000
6 0.046750 0.824000 0.020000 0.014000
6 0.034750 0.779250 0.020000 0.014000
30 0.020750 0.955750 0.040000 0.057000
3 0.186500 0.976000 0.038000 0.050000
4 0.118000 0.854500 0.016000 0.011000
6 0.141750 0.875250 0.021000 0.013000
6 0.088750 0.797250 0.032000 0.027000
6 0.053000 0.600000 0.024000 0.030000
3 0.078500 0.585500 0.033000 0.045000
2 0.136000 0.599750 0.106000 0.139000
2 0.222750 0.454250 0.104000 0.137000
2 0.343250 0.257250 0.106000 0.135000
3 0.002000 0.062500 0.004000 0.011000
6 0.924500 0.976000 0.015000 0.012000
3 0.006250 0.788000 0.024000 0.008000
6 0.193000 0.297500 0.014000 0.011000
6 0.041250 0.550750 0.013000 0.015000
3 0.037500 0.691500 0.033000 0.045000
25 0.137000 0.078750 0.016000 0.008000
