3 0.218000 2.818000 0.027000 0.009000
4 0.192000 2.679000 0.032000 0.010000
6 0.883000 2.677000 0.027000 0.011000
4 1.344000 2.548000 0.012000 0.016000
4 1.346000 2.464000 0.009000 0.014000
4 1.242000 2.328000 0.013000 0.018000
5 1.343000 2.103000 0.011000 0.020000
4 1.234000 2.168000 0.009000 0.016000
4 0.990000 2.248000 0.025000 0.010000
4 0.477000 1.839000 0.022000 0.006000
4 0.952000 1.820000 0.022000 0.006000
6 1.084000 1.656000 0.020000 0.008000
6 1.352000 1.528000 0.010000 0.016000
5 1.246000 1.522000 0.011000 0.019000
6 1.248000 1.364000 0.010000 0.018000
4 0.377000 1.449000 0.024000 0.020000
6 0.113000 1.153000 0.022000 0.009000
3 0.182000 0.960000 0.025000 0.008000
4 0.404000 0.762000 0.022000 0.007000
6 1.080000 0.756000 0.020000 0.008000
6 0.997000 0.533000 0.016000 0.007000
6 0.096000 0.550000 0.034000 0.013000
6 0.228000 0.556000 0.028000 0.010000
6 0.591000 0.232000 0.013000 0.022000
11 1.531000 0.915000 0.025000 0.009000
6 1.650000 0.920000 0.025000 0.010000
5 1.638000 1.420000 0.029000 0.008000
6 2.513000 1.419000 0.029000 0.013000
6 2.764000 1.290000 0.010000 0.017000
5 2.765000 1.567000 0.012000 0.020000
4 2.876000 0.906000 0.010000 0.019000
6 2.606000 1.842000 0.019000 0.007000
4 2.758000 2.392000 0.013000 0.020000
4 3.528000 0.148000 0.010000 0.020000
6 3.103000 0.561000 0.026000 0.012000
6 3.057000 0.735000 0.024000 0.012000
6 3.059000 1.321000 0.031000 0.009000
6 3.364000 1.418000 0.024000 0.009000
6 3.982000 1.577000 0.009000 0.008000
6 3.138000 1.420000 0.025000 0.008000
5 3.771000 2.267000 0.013000 0.022000
6 3.639000 2.581000 0.013000 0.021000
6 3.852000 2.692000 0.024000 0.008000
4 3.976000 2.696000 0.012000 0.010000
6 3.491000 2.579000 0.010000 0.017000
6 3.190000 2.406000 0.023000 0.007000
4 3.052000 2.402000 0.024000 0.007000
4 3.041000 2.449000 0.024000 0.009000
6 0.030000 3.706000 0.015000 0.009000
4 0.026000 3.296000 0.013000 0.010000
6 0.202000 3.092000 0.027000 0.012000
4 0.065000 3.043000 0.024000 0.010000
6 0.644000 2.680000 0.018000 0.008000
14 2.355000 3.269000 0.054000 0.082000
14 2.650000 3.274000 0.055000 0.081000
6 0.882000 2.734000 0.013000 0.005000
