7 0.133333 0.968833 0.004000 0.014000
18 0.045833 0.001500 0.021333 0.006667
18 0.073667 0.004000 0.022000 0.009333
18 0.090667 0.080500 0.030667 0.011333
18 0.047167 0.099000 0.033333 0.008000
18 0.078500 0.098333 0.014000 0.006000
18 0.095000 0.102167 0.015333 0.009333
28 0.022000 0.838000 0.012000 0.029333
28 0.021667 0.873000 0.008667 0.023333
28 0.022333 0.906000 0.008667 0.025333
28 0.023667 0.943333 0.010000 0.029333
28 0.010667 0.835667 0.009333 0.023333
28 0.012667 0.873667 0.008000 0.023333
28 0.013333 0.902667 0.008000 0.025333
28 0.013667 0.939667 0.007333 0.028667
28 0.081000 0.864333 0.027333 0.008667
28 0.075667 0.887667 0.030000 0.007333
28 0.065000 0.908333 0.008667 0.026000
28 0.084667 0.911000 0.006667 0.026000
28 0.067167 0.943333 0.010667 0.033333
28 0.090667 0.945333 0.008000 0.026667
28 0.077667 0.875667 0.024667 0.011333
7 0.089667 0.976333 0.007333 0.015333
7 0.084000 0.976000 0.004000 0.026667
7 0.054833 0.980000 0.005333 0.013333
1 0.085000 0.766833 0.107333 0.124000
7 0.159000 0.936667 0.003333 0.013333
7 0.166333 0.937333 0.002000 0.012000
7 0.163000 0.936667 0.002000 0.013333
7 0.129667 0.940833 0.006000 0.020000
7 0.179667 0.968667 0.004667 0.012000
7 0.143167 0.941333 0.007333 0.014667
7 0.134833 0.940333 0.004000 0.018667
7 0.138500 0.940667 0.003333 0.018000
7 0.151667 0.915833 0.015333 0.005333
7 0.151167 0.927333 0.015333 0.005333
7 0.151667 0.919667 0.015333 0.003333
7 0.151833 0.923333 0.014667 0.003333
18 0.343667 0.511667 0.032667 0.039333
18 0.318833 0.469833 0.029333 0.032000
18 0.329500 0.531000 0.022667 0.027333
18 0.455500 0.466333 0.022667 0.027333
18 0.455833 0.400000 0.022000 0.026667
18 0.452167 0.439667 0.016667 0.018667
18 0.473667 0.420000 0.015333 0.018000
18 0.465500 0.425000 0.016000 0.019333
18 0.469667 0.423000 0.011333 0.014667
18 0.449333 0.406167 0.016667 0.020667
7 0.500500 0.365500 0.023333 0.026000
18 0.521667 0.352500 0.020667 0.011333
7 0.527667 0.358500 0.020667 0.016000
7 0.530000 0.363000 0.017333 0.012667
7 0.532833 0.366667 0.019333 0.014667
18 0.537667 0.375000 0.015333 0.012667
18 0.480833 0.232167 0.034000 0.036000
18 0.625000 0.110667 0.018000 0.013333
18 0.617667 0.102500 0.020000 0.011333
18 0.622167 0.107000 0.015333 0.008667
18 0.596333 0.054333 0.012000 0.014000
28 0.594333 0.076500 0.013333 0.019333
18 0.587000 0.059500 0.010667 0.015333
18 0.278667 0.310667 0.026000 0.026667
18 0.272167 0.316333 0.025333 0.026000
18 0.266333 0.266833 0.019333 0.026667
18 0.237500 0.282833 0.018000 0.027333
18 0.243333 0.280833 0.015333 0.027333
18 0.256167 0.274333 0.019333 0.028000
18 0.248667 0.277333 0.016000 0.025333
18 0.260500 0.271167 0.015333 0.025333
18 0.208333 0.314500 0.026000 0.020000
18 0.283333 0.222000 0.018667 0.018667
18 0.377667 0.182500 0.019333 0.016667
18 0.375833 0.201833 0.018000 0.020667
18 0.330000 0.183500 0.018000 0.016000
18 0.369167 0.186833 0.017333 0.018000
18 0.397000 0.163167 0.016000 0.013333
18 0.422500 0.172000 0.016000 0.016000
18 0.374167 0.185167 0.014667 0.012000
18 0.363833 0.161667 0.012667 0.010667
18 0.357333 0.172167 0.014667 0.013333
18 0.344500 0.167167 0.012667 0.010667
18 0.332333 0.179167 0.014000 0.013333
18 0.359000 0.168500 0.015333 0.012667
18 0.362500 0.165667 0.012667 0.008667
18 0.459333 0.122000 0.025333 0.034667
18 0.465167 0.099667 0.018000 0.019333
7 0.394167 0.143500 0.013333 0.013333
18 0.384833 0.130500 0.016667 0.014000
18 0.433833 0.138000 0.024000 0.025333
18 0.432000 0.112333 0.021333 0.021333
18 0.417333 0.114833 0.024000 0.024000
18 0.426167 0.114667 0.023333 0.026667
18 0.425667 0.166500 0.019333 0.020000
28 0.425833 0.153167 0.039333 0.040000
18 0.449667 0.094000 0.019333 0.018667
18 0.440667 0.100000 0.018667 0.018667
18 0.454833 0.091000 0.018000 0.018000
18 0.444000 0.096333 0.017333 0.020667
7 0.459667 0.090000 0.012667 0.011333
7 0.463167 0.085667 0.012667 0.011333
18 0.438167 0.106000 0.016000 0.018667
18 0.443167 0.128833 0.017333 0.010667
9 0.833333 0.307167 0.054667 0.055333
9 0.966833 0.382167 0.053333 0.051333
9 0.880667 0.530167 0.021333 0.022667
9 0.837333 0.608333 0.036000 0.036667
9 0.695333 0.877667 0.036000 0.036667
9 0.326000 0.667000 0.036000 0.036667
