9 2.900000 0.508000 0.024000 0.024000
9 1.195000 1.695000 0.020000 0.018000
9 2.280000 1.928000 0.034000 0.024000
9 3.370000 2.054000 0.035000 0.019000
4 2.476000 0.746000 0.014000 0.017000
6 2.158000 0.573000 0.012000 0.016000
4 0.799000 0.056000 0.016000 0.020000
6 0.640000 0.044000 0.020000 0.012000
4 0.620000 0.076000 0.020000 0.012000
4 0.457000 0.741000 0.021000 0.013000
4 0.429000 0.809000 0.021000 0.012000
4 0.414000 0.844000 0.019000 0.014000
6 0.144000 0.574000 0.020000 0.015000
4 0.885000 0.636000 0.025000 0.014000
6 0.924000 0.858000 0.020000 0.011000
6 0.919000 0.885000 0.020000 0.012000
6 1.093000 1.009000 0.013000 0.016000
6 1.219000 1.053000 0.014000 0.020000
4 1.188000 0.823000 0.011000 0.014000
4 1.230000 0.841000 0.010000 0.014000
6 1.268000 0.849000 0.009000 0.014000
6 1.304000 0.862000 0.012000 0.013000
6 1.345000 0.877000 0.016000 0.020000
6 1.390000 0.884000 0.015000 0.020000
4 1.476000 0.914000 0.014000 0.017000
4 1.311000 0.943000 0.015000 0.017000
4 1.045000 0.997000 0.014000 0.018000
4 1.338000 1.086000 0.015000 0.019000
4 0.999000 1.099000 0.014000 0.019000
6 1.043000 1.119000 0.012000 0.014000
4 1.312000 1.194000 0.015000 0.019000
4 1.358000 1.210000 0.015000 0.019000
6 0.930000 1.241000 0.010000 0.013000
6 0.976000 1.257000 0.012000 0.013000
6 1.053000 1.271000 0.014000 0.018000
6 2.270000 0.027000 0.013000 0.014000
6 2.307000 0.037000 0.012000 0.015000
6 2.354000 0.056000 0.015000 0.018000
6 2.442000 0.070000 0.013000 0.015000
6 2.564000 0.108000 0.012000 0.016000
4 2.412000 0.025000 0.014000 0.013000
11 2.587000 0.211000 0.015000 0.020000
6 2.630000 0.230000 0.012000 0.015000
4 2.677000 0.237000 0.015000 0.020000
3 2.159000 0.377000 0.020000 0.032000
3 2.402000 0.433000 0.021000 0.026000
6 2.444000 0.456000 0.014000 0.018000
6 2.492000 0.469000 0.013000 0.017000
6 2.531000 0.489000 0.014000 0.020000
3 2.578000 0.502000 0.025000 0.033000
4 2.114000 0.564000 0.013000 0.016000
6 2.235000 0.591000 0.011000 0.014000
4 2.264000 0.610000 0.012000 0.015000
6 2.342000 0.642000 0.015000 0.019000
6 2.389000 0.646000 0.012000 0.013000
4 2.432000 0.650000 0.012000 0.015000
6 2.468000 0.662000 0.014000 0.019000
4 2.505000 0.681000 0.014000 0.019000
4 2.617000 0.719000 0.014000 0.018000
11 2.082000 0.632000 0.017000 0.020000
4 2.124000 0.642000 0.015000 0.019000
11 2.159000 0.658000 0.011000 0.015000
6 2.206000 0.668000 0.015000 0.018000
6 2.279000 0.691000 0.011000 0.017000
4 2.433000 0.733000 0.016000 0.019000
4 2.662000 0.809000 0.016000 0.019000
4 2.076000 0.776000 0.014000 0.020000
4 2.116000 0.790000 0.014000 0.019000
4 2.154000 0.800000 0.014000 0.018000
4 2.194000 0.810000 0.013000 0.017000
6 2.235000 0.819000 0.013000 0.016000
6 2.269000 0.830000 0.014000 0.017000
4 2.388000 0.870000 0.013000 0.015000
4 2.543000 0.908000 0.010000 0.014000
6 2.722000 0.545000 0.012000 0.015000
6 2.880000 0.638000 0.012000 0.015000
5 3.649000 0.215000 0.022000 0.014000
6 3.694000 2.008000 0.009000 0.014000
6 3.652000 2.006000 0.008000 0.013000
4 3.733000 0.495000 0.018000 0.010000
4 3.786000 0.566000 0.021000 0.007000
6 3.727000 0.838000 0.011000 0.015000
6 3.771000 1.060000 0.011000 0.014000
4 3.834000 1.077000 0.015000 0.018000
6 3.867000 1.091000 0.014000 0.018000
4 3.905000 1.096000 0.012000 0.016000
6 3.942000 1.108000 0.013000 0.020000
6 3.973000 1.117000 0.012000 0.015000
6 3.743000 1.103000 0.016000 0.011000
6 3.731000 1.133000 0.016000 0.009000
6 3.990000 1.277000 0.009000 0.017000
6 3.946000 1.250000 0.011000 0.017000
6 3.872000 1.243000 0.008000 0.013000
4 3.842000 1.234000 0.011000 0.015000
6 3.769000 1.220000 0.010000 0.014000
6 3.735000 1.217000 0.010000 0.016000
4 3.600000 1.076000 0.022000 0.012000
4 3.242000 1.094000 0.019000 0.011000
4 3.181000 1.286000 0.021000 0.011000
4 2.792000 1.376000 0.018000 0.012000
4 2.304000 1.356000 0.022000 0.014000
6 2.326000 1.448000 0.013000 0.018000
4 2.250000 1.424000 0.014000 0.018000
4 2.144000 1.398000 0.014000 0.019000
4 2.147000 1.533000 0.013000 0.016000
4 2.190000 1.540000 0.011000 0.014000
4 2.102000 0.997000 0.018000 0.009000
6 1.643000 1.673000 0.010000 0.015000
6 1.613000 1.676000 0.014000 0.018000
4 2.855000 1.743000 0.018000 0.009000
6 2.863000 1.711000 0.018000 0.011000
6 2.930000 1.655000 0.012000 0.014000
6 3.002000 1.682000 0.007000 0.013000
6 3.045000 1.699000 0.012000 0.017000
6 3.090000 1.714000 0.009000 0.015000
6 3.161000 1.734000 0.009000 0.015000
6 3.196000 1.737000 0.009000 0.014000
4 3.099000 1.645000 0.021000 0.013000
4 3.124000 1.615000 0.020000 0.011000
4 3.297000 1.651000 0.020000 0.015000
4 3.937000 1.492000 0.011000 0.016000
6 3.630000 1.291000 0.009000 0.016000
6 0.700000 2.512000 0.014000 0.006000
4 0.698000 2.546000 0.021000 0.009000
4 0.698000 2.580000 0.019000 0.006000
4 0.697000 2.611000 0.022000 0.008000
4 0.696000 2.650000 0.020000 0.007000
4 0.690000 2.684000 0.017000 0.006000
4 0.914000 2.564000 0.021000 0.006000
4 0.914000 2.600000 0.017000 0.006000
6 0.914000 2.626000 0.017000 0.009000
4 0.911000 2.665000 0.019000 0.007000
5 0.908000 2.734000 0.024000 0.007000
6 0.797000 2.884000 0.011000 0.014000
6 0.841000 2.889000 0.008000 0.014000
4 0.199000 2.895000 0.008000 0.018000
6 0.446000 3.098000 0.017000 0.007000
4 0.438000 3.232000 0.019000 0.006000
6 0.591000 3.271000 0.008000 0.014000
6 0.758000 3.288000 0.009000 0.016000
4 0.794000 3.282000 0.009000 0.017000
4 0.834000 3.286000 0.009000 0.015000
4 0.873000 3.270000 0.007000 0.015000
6 2.871000 3.089000 0.009000 0.014000
6 2.945000 3.099000 0.010000 0.016000
4 3.065000 3.109000 0.010000 0.015000
4 3.108000 3.110000 0.008000 0.015000
6 3.143000 3.109000 0.009000 0.015000
4 3.185000 3.111000 0.010000 0.016000
4 3.223000 3.110000 0.009000 0.013000
6 3.264000 3.122000 0.008000 0.013000
6 3.302000 3.122000 0.007000 0.015000
4 3.344000 3.126000 0.006000 0.013000
4 3.382000 3.124000 0.007000 0.016000
6 2.926000 3.252000 0.007000 0.014000
4 3.046000 3.263000 0.010000 0.018000
6 3.164000 3.272000 0.010000 0.016000
4 3.200000 3.280000 0.010000 0.018000
4 3.242000 3.280000 0.007000 0.018000
4 3.281000 3.285000 0.008000 0.018000
4 3.400000 3.292000 0.008000 0.016000
4 3.438000 3.292000 0.009000 0.016000
4 2.702000 3.447000 0.021000 0.008000
4 2.832000 3.466000 0.020000 0.009000
6 2.731000 3.713000 0.022000 0.012000
4 2.950000 3.740000 0.023000 0.016000
4 3.268000 3.728000 0.012000 0.020000
4 3.308000 3.742000 0.012000 0.019000
6 3.349000 3.750000 0.012000 0.015000
4 2.415000 3.737000 0.011000 0.015000
4 2.456000 3.740000 0.012000 0.018000
4 2.493000 3.758000 0.013000 0.017000
6 2.539000 3.759000 0.012000 0.019000
4 2.615000 3.767000 0.011000 0.016000
4 2.696000 3.780000 0.012000 0.016000
4 2.765000 3.792000 0.010000 0.016000
6 2.805000 3.803000 0.012000 0.019000
4 2.839000 3.812000 0.010000 0.016000
6 2.962000 3.827000 0.011000 0.015000
4 3.039000 3.841000 0.012000 0.018000
4 3.193000 3.873000 0.012000 0.019000
6 3.232000 3.880000 0.010000 0.014000
6 3.314000 3.886000 0.011000 0.013000
6 2.296000 4.000000 0.000000 0.000000
4 3.623000 3.605000 0.017000 0.020000
4 3.690000 3.620000 0.017000 0.020000
6 3.758000 3.654000 0.015000 0.015000
4 3.925000 3.717000 0.018000 0.019000
4 2.830000 0.021000 0.019000 0.010000
