7 0.967500 0.444167 0.012667 0.016667
7 0.026667 0.569833 0.028000 0.015333
7 0.197333 0.518167 0.026000 0.016667
7 0.223500 0.509500 0.024000 0.014000
7 0.247667 0.504667 0.027333 0.014000
7 0.273333 0.499000 0.026667 0.014000
7 0.214833 0.495833 0.032000 0.016667
7 0.324000 0.488333 0.025333 0.011333
7 0.320333 0.470833 0.023333 0.012000
7 0.512167 0.490000 0.026667 0.010667
1 0.492000 0.467833 0.053333 0.021333
1 0.543500 0.458500 0.050000 0.020000
1 0.742667 0.458000 0.029333 0.010667
1 0.840667 0.466667 0.046667 0.016667
1 0.891333 0.470333 0.045333 0.016667
7 0.833000 0.597667 0.026000 0.009333
7 0.662333 0.429000 0.015333 0.004667
7 0.702333 0.427000 0.015333 0.006000
7 0.736000 0.430833 0.014000 0.007333
7 0.718333 0.429833 0.014000 0.006000
7 0.680333 0.429667 0.015333 0.006000
7 0.856333 0.443000 0.012667 0.004667
7 0.873000 0.443000 0.015333 0.004667
0 0.175000 0.727000 0.226667 0.096667
1 0.420667 0.667167 0.173333 0.044000
18 0.524667 0.832500 0.101333 0.100000
18 0.617000 0.742333 0.099333 0.101333
18 0.102667 0.987333 0.084667 0.026000
7 0.212500 0.948500 0.012667 0.018000
9 0.534667 0.075000 0.029333 0.044667
