4 0.431000 0.634000 0.008000 0.014000
6 0.205250 0.452750 0.024000 0.016000
6 0.153500 0.564000 0.021000 0.008000
4 0.057500 0.370500 0.021000 0.007000
6 0.074000 0.361500 0.020000 0.007000
4 0.453750 0.399750 0.022000 0.019000
4 0.141250 0.194750 0.015000 0.021000
6 0.197500 0.196500 0.017000 0.021000
4 0.653250 0.042000 0.013000 0.020000
4 0.660750 0.060250 0.014000 0.021000
6 0.670500 0.054250 0.013000 0.021000
6 0.509750 0.109250 0.024000 0.012000
4 0.506000 0.100500 0.020000 0.009000
3 0.966750 0.379750 0.038000 0.015000
6 0.650750 0.206250 0.011000 0.019000
4 0.718750 0.264250 0.015000 0.021000
4 0.813500 0.190000 0.023000 0.014000
5 0.941750 0.313750 0.024000 0.018000
5 0.947500 0.162500 0.017000 0.023000
4 0.181750 0.196250 0.016000 0.022000
6 0.274000 0.224500 0.012000 0.017000
6 0.155500 0.195750 0.021000 0.025000
6 0.044500 0.358000 0.019000 0.008000
9 0.422000 0.386500 0.050000 0.057000
6 0.128000 0.194000 0.014000 0.020000
4 0.086500 0.194000 0.011000 0.012000
4 0.853250 0.143250 0.013000 0.017000
10 0.909000 0.526000 0.010000 0.018000
10 0.844000 0.601000 0.032000 0.012000
10 0.518250 0.811750 0.019000 0.039000
10 0.517750 0.869750 0.033000 0.046000
