6 0.068000 0.625000 0.032000 0.011000
4 1.562000 3.296000 0.013000 0.008000
5 2.538000 2.356000 0.023000 0.006000
4 0.964000 1.480000 0.008000 0.018000
6 2.736000 1.620000 0.020000 0.008000
4 1.952000 0.142000 0.006000 0.015000
6 0.560000 0.074000 0.010000 0.017000
4 0.882000 0.392000 0.019000 0.006000
4 1.000000 0.388000 0.018000 0.006000
6 1.266000 0.384000 0.021000 0.006000
4 1.370000 0.384000 0.021000 0.006000
4 1.626000 0.372000 0.015000 0.006000
4 2.524000 1.030000 0.020000 0.007000
6 1.747000 0.681000 0.021000 0.007000
4 1.966000 0.366000 0.023000 0.007000
6 2.330000 0.468000 0.009000 0.016000
6 2.225000 0.355000 0.020000 0.008000
6 2.612000 0.344000 0.020000 0.008000
4 2.996000 0.686000 0.010000 0.019000
4 2.792000 0.344000 0.020000 0.006000
4 2.990000 0.338000 0.021000 0.007000
4 3.086000 0.362000 0.007000 0.015000
5 3.088000 0.432000 0.008000 0.016000
6 3.114000 0.180000 0.009000 0.016000
6 3.112000 0.106000 0.010000 0.017000
6 3.012000 1.684000 0.006000 0.014000
4 2.961000 1.683000 0.009000 0.011000
6 3.164000 2.028000 0.018000 0.006000
4 3.057000 2.023000 0.024000 0.008000
6 3.040000 2.160000 0.018000 0.006000
6 3.230000 2.310000 0.021000 0.007000
6 3.014000 2.278000 0.019000 0.007000
4 3.033000 2.883000 0.010000 0.015000
6 3.144000 3.216000 0.008000 0.016000
4 3.814000 2.732000 0.009000 0.010000
9 3.520000 2.304000 0.058000 0.044000
6 3.357000 2.357000 0.021000 0.010000
6 3.462000 1.866000 0.007000 0.015000
4 3.392000 1.760000 0.022000 0.006000
6 3.470000 1.658000 0.007000 0.015000
6 3.472000 1.570000 0.008000 0.015000
4 3.226000 1.138000 0.019000 0.007000
4 3.110000 1.136000 0.023000 0.010000
4 3.512000 0.672000 0.008000 0.016000
6 3.950000 3.080000 0.019000 0.006000
4 3.612000 3.140000 0.008000 0.016000
6 3.926000 3.592000 0.021000 0.006000
4 3.934000 3.702000 0.019000 0.005000
6 3.811000 3.931000 0.019000 0.007000
4 3.912000 3.932000 0.020000 0.006000
21 1.418000 2.875000 0.503000 0.181000
32 1.562000 3.560000 0.163000 0.132000
