6 2.514000 0.310000 0.009000 0.015000
4 0.114000 2.874000 0.023000 0.007000
4 0.110000 3.058000 0.021000 0.007000
4 0.108000 3.096000 0.020000 0.006000
6 0.220000 3.024000 0.018000 0.006000
6 0.208000 3.056000 0.018000 0.006000
4 0.440000 3.058000 0.020000 0.007000
6 0.448000 2.980000 0.022000 0.008000
6 0.214000 2.984000 0.021000 0.008000
6 0.202000 2.904000 0.019000 0.006000
4 0.884000 2.978000 0.022000 0.007000
6 0.545000 3.013000 0.025000 0.008000
5 0.227000 3.233000 0.011000 0.019000
4 0.280000 3.238000 0.010000 0.017000
4 0.324000 3.236000 0.010000 0.016000
4 0.420000 3.226000 0.010000 0.017000
6 0.942000 3.170000 0.011000 0.015000
6 0.463000 2.867000 0.017000 0.008000
6 0.568000 2.872000 0.020000 0.006000
4 0.557000 2.907000 0.022000 0.008000
6 0.106000 2.944000 0.017000 0.006000
4 0.369000 3.241000 0.013000 0.020000
6 0.461000 3.215000 0.012000 0.016000
6 0.600000 3.204000 0.020000 0.024000
4 0.458000 2.906000 0.021000 0.009000
6 0.560000 2.982000 0.018000 0.007000
6 0.548000 2.948000 0.022000 0.008000
4 0.206000 2.872000 0.017000 0.006000
6 0.104000 2.906000 0.018000 0.007000
6 0.985000 3.167000 0.012000 0.018000
6 1.040000 3.166000 0.014000 0.017000
4 0.680000 3.494000 0.022000 0.007000
6 0.668000 3.528000 0.024000 0.008000
6 0.665000 3.569000 0.019000 0.007000
6 1.118000 3.574000 0.011000 0.015000
6 1.149000 3.571000 0.011000 0.017000
4 1.268000 3.570000 0.010000 0.017000
4 1.308000 3.564000 0.010000 0.018000
6 1.400000 3.568000 0.012000 0.016000
6 2.083000 3.386000 0.014000 0.019000
4 2.421000 3.345000 0.014000 0.018000
6 2.568000 3.330000 0.010000 0.015000
6 2.703000 3.322000 0.011000 0.019000
6 2.654000 3.320000 0.011000 0.016000
6 2.764000 3.324000 0.010000 0.018000
6 2.808000 3.318000 0.010000 0.015000
6 2.849000 3.305000 0.011000 0.018000
6 2.941000 3.299000 0.012000 0.016000
6 3.041000 3.291000 0.011000 0.019000
5 3.092000 3.282000 0.012000 0.019000
6 3.140000 3.282000 0.014000 0.019000
6 3.207000 3.269000 0.012000 0.018000
6 3.306000 3.260000 0.013000 0.018000
6 2.446000 3.560000 0.011000 0.020000
6 2.590000 3.484000 0.025000 0.008000
4 2.550000 3.572000 0.011000 0.014000
6 2.594000 3.560000 0.011000 0.018000
6 2.644000 3.570000 0.012000 0.017000
4 2.928000 3.564000 0.010000 0.016000
5 2.871000 3.559000 0.012000 0.019000
6 3.022000 3.566000 0.009000 0.015000
6 2.785000 3.563000 0.010000 0.016000
6 2.730000 3.562000 0.009000 0.017000
6 3.928000 2.774000 0.022000 0.007000
5 3.934000 2.676000 0.023000 0.008000
6 3.930000 2.288000 0.021000 0.016000
4 3.721000 1.835000 0.019000 0.017000
4 3.953000 1.747000 0.020000 0.018000
21 2.087000 2.153000 0.544000 0.373000
