19 0.994167 0.524500 0.017000 0.017000
27 0.951500 0.558167 0.015000 0.015000
17 0.919917 0.584833 0.019000 0.019667
19 0.834167 0.654917 0.016333 0.016333
17 0.784500 0.699167 0.018333 0.018333
17 0.742250 0.737083 0.019667 0.019667
17 0.892667 0.715667 0.014667 0.014000
35 0.624250 0.759417 0.033000 0.032000
12 0.638500 0.823333 0.021000 0.021333
12 0.742500 0.828833 0.019667 0.020333
12 0.702833 0.856667 0.021000 0.021333
17 0.583667 0.869167 0.020000 0.020333
17 0.565833 0.884000 0.019667 0.019333
12 0.209833 0.982917 0.021667 0.021333
