6 0.902000 3.268000 0.030400 0.016000
4 0.698000 3.772000 0.013000 0.020000
4 0.635955 2.932918 0.012023 0.024459
4 0.418144 2.415510 0.015072 0.022245
5 0.210000 2.450000 0.011020 0.021000
4 0.148000 2.452000 0.012000 0.022000
4 3.193951 2.548911 0.011025 0.022456
4 1.428165 1.935899 0.014083 0.024051
6 3.442000 2.164000 0.029896 0.014000
4 3.196000 1.832000 0.012000 0.020104
6 3.082902 1.555918 0.012549 0.018041
5 3.093959 1.468855 0.013020 0.021572
4 1.554047 0.819229 0.011024 0.026386
4 1.426050 1.218998 0.011025 0.020501
4 0.190000 0.522000 0.019000 0.009000
4 0.406000 0.432000 0.023000 0.010049
9 1.486000 0.490000 0.067983 0.057000
4 1.840000 0.462000 0.022000 0.009059
4 2.484000 0.530000 0.022000 0.009000
4 3.952000 0.532000 0.022000 0.010000
9 3.181971 0.501649 0.069014 0.059210
6 2.716000 0.108000 0.010000 0.016000
4 1.550062 0.068892 0.009031 0.018446
4 1.345118 0.032045 0.025441 0.012022
4 3.526000 0.252000 0.009000 0.018000
4 3.086000 1.056000 0.009000 0.018000
