2 0.620667 0.613333 0.120667 0.058667
2 0.520667 2.820000 0.160000 0.062000
2 1.405333 2.989333 0.171333 0.065333
2 2.474667 3.200667 0.162000 0.062000
0 2.201333 1.801333 0.058000 0.016667
24 1.525333 0.448000 0.019333 0.030667
24 1.464000 0.582667 0.020667 0.032000
24 1.486000 0.792000 0.023333 0.033333
24 1.665333 0.350667 0.023333 0.036667
24 1.490000 0.439333 0.019333 0.028667
24 1.822667 0.082000 0.024000 0.036000
24 1.780667 0.065333 0.022000 0.032667
24 1.722667 0.218667 0.026000 0.035333
24 1.543333 0.648000 0.023333 0.033333
24 1.588667 0.663333 0.023333 0.033333
24 1.601333 0.510667 0.024667 0.035333
24 1.648000 0.528000 0.026667 0.034667
24 1.530667 0.108000 0.031333 0.020667
2 2.709333 3.148667 0.045333 0.019333
2 3.644667 3.391333 0.185333 0.077333
