4 0.020250 0.626750 0.022000 0.018000
4 0.038250 0.677750 0.021000 0.021000
6 0.028250 0.684750 0.021000 0.021000
4 0.018000 0.692500 0.020000 0.021000
4 0.083250 0.633750 0.020000 0.008000
5 0.083750 0.623750 0.021000 0.008000
4 0.080500 0.563500 0.017000 0.005000
4 0.081500 0.555000 0.019000 0.006000
5 0.080500 0.546000 0.017000 0.006000
4 0.081500 0.494500 0.021000 0.007000
5 0.077500 0.481500 0.023000 0.007000
6 0.060500 0.409000 0.009000 0.016000
4 0.820000 0.280000 0.022000 0.018000
6 0.765500 0.293000 0.021000 0.018000
4 0.690250 0.324750 0.022000 0.018000
4 0.762000 0.328000 0.028000 0.022000
4 0.696750 0.368750 0.022000 0.020000
4 0.684000 0.360000 0.022000 0.020000
4 0.618500 0.415000 0.021000 0.018000
4 0.590750 0.433250 0.020000 0.018000
4 0.622750 0.365750 0.025000 0.022000
4 0.540500 0.417500 0.021000 0.019000
4 0.332250 0.542250 0.022000 0.019000
4 0.302750 0.560250 0.020000 0.017000
4 0.282250 0.574000 0.018000 0.016000
30 0.319750 0.596250 0.033000 0.027000
6 0.255500 0.636250 0.019000 0.017000
6 0.093500 0.811500 0.021000 0.021000
6 0.081500 0.818500 0.019000 0.019000
6 0.073500 0.824000 0.021000 0.020000
4 0.062250 0.799250 0.017000 0.016000
6 0.078750 0.788750 0.019000 0.016000
6 0.087000 0.794500 0.018000 0.015000
6 0.355000 0.754500 0.016000 0.019000
4 0.379750 0.748750 0.013000 0.018000
4 0.393000 0.746000 0.014000 0.020000
6 0.404250 0.743750 0.014000 0.018000
4 0.414250 0.738750 0.016000 0.019000
4 0.427250 0.737750 0.016000 0.020000
6 0.439250 0.735250 0.016000 0.019000
4 0.520750 0.521250 0.022000 0.020000
4 0.528500 0.528000 0.019000 0.016000
4 0.536500 0.537500 0.019000 0.017000
4 0.547750 0.544750 0.021000 0.018000
4 0.569000 0.567500 0.020000 0.017000
6 0.629750 0.542250 0.022000 0.020000
6 0.597000 0.514000 0.018000 0.016000
6 0.579250 0.498750 0.020000 0.017000
6 0.570250 0.490750 0.019000 0.017000
4 0.559000 0.661000 0.022000 0.020000
4 0.568000 0.668750 0.022000 0.019000
4 0.556000 0.695500 0.014000 0.019000
4 0.568000 0.693750 0.018000 0.021000
4 0.578250 0.689750 0.017000 0.021000
4 0.590000 0.686000 0.018000 0.020000
4 0.602250 0.683250 0.018000 0.023000
4 0.614000 0.678000 0.016000 0.020000
4 0.624750 0.673250 0.016000 0.019000
5 0.542500 0.753000 0.019000 0.026000
6 0.552500 0.744500 0.013000 0.017000
6 0.562750 0.741750 0.014000 0.019000
4 0.574000 0.739500 0.014000 0.017000
4 0.585000 0.739500 0.016000 0.019000
4 0.596250 0.735250 0.015000 0.022000
4 0.608250 0.732750 0.015000 0.021000
4 0.620750 0.731750 0.014000 0.019000
4 0.630000 0.727500 0.014000 0.019000
4 0.640250 0.722250 0.016000 0.023000
4 0.652750 0.719250 0.017000 0.023000
4 0.674500 0.713000 0.019000 0.024000
5 0.715750 0.630750 0.024000 0.024000
6 0.724250 0.624750 0.018000 0.018000
4 0.767750 0.662750 0.016000 0.021000
5 0.778750 0.659750 0.018000 0.023000
5 0.800250 0.651750 0.019000 0.027000
4 0.812250 0.650250 0.015000 0.022000
4 0.823500 0.649500 0.019000 0.023000
6 0.856750 0.639750 0.018000 0.025000
4 0.869000 0.638500 0.016000 0.023000
6 0.881500 0.635000 0.017000 0.022000
6 0.892250 0.630750 0.018000 0.023000
4 0.924250 0.607250 0.023000 0.008000
6 0.926250 0.599250 0.022000 0.007000
6 0.925500 0.590500 0.021000 0.007000
4 0.925500 0.580500 0.021000 0.007000
4 0.926500 0.573500 0.021000 0.007000
4 0.923500 0.562500 0.021000 0.011000
4 0.927500 0.554500 0.019000 0.007000
6 0.928000 0.545500 0.022000 0.007000
4 0.927750 0.537250 0.019000 0.007000
6 0.929500 0.528500 0.019000 0.007000
6 0.930500 0.520000 0.019000 0.006000
4 0.930000 0.510500 0.020000 0.007000
4 0.929000 0.499750 0.022000 0.008000
4 0.870500 0.563500 0.019000 0.019000
4 0.861500 0.568500 0.019000 0.019000
4 0.853000 0.575000 0.018000 0.018000
4 0.844000 0.581000 0.020000 0.020000
4 0.835500 0.586500 0.019000 0.019000
4 0.826750 0.593250 0.019000 0.019000
6 0.817750 0.598250 0.020000 0.020000
6 0.787000 0.589500 0.024000 0.023000
4 0.801250 0.584750 0.020000 0.018000
4 0.812000 0.580000 0.018000 0.018000
4 0.819000 0.573000 0.018000 0.018000
4 0.829250 0.566750 0.018000 0.018000
4 0.837750 0.559750 0.020000 0.021000
6 0.847250 0.556250 0.018000 0.017000
6 0.854500 0.548500 0.021000 0.021000
6 0.872000 0.539000 0.020000 0.018000
6 0.773250 0.542750 0.022000 0.022000
6 0.782500 0.534500 0.023000 0.021000
4 0.793000 0.530000 0.018000 0.018000
4 0.811250 0.518250 0.022000 0.021000
6 0.839500 0.502000 0.023000 0.020000
6 0.848000 0.495000 0.020000 0.020000
6 0.869250 0.485750 0.019000 0.019000
6 0.878250 0.479750 0.020000 0.018000
6 0.803500 0.493500 0.025000 0.023000
6 0.757750 0.518750 0.020000 0.019000
4 0.748250 0.511250 0.021000 0.018000
6 0.740500 0.505000 0.017000 0.016000
6 0.725750 0.487250 0.021000 0.018000
6 0.717750 0.479750 0.018000 0.017000
6 0.779250 0.468750 0.020000 0.016000
6 0.765500 0.455500 0.021000 0.019000
6 0.747750 0.442250 0.021000 0.017000
6 0.740250 0.435250 0.018000 0.015000
4 0.725250 0.423750 0.018000 0.014000
4 0.749500 0.540000 0.023000 0.022000
4 0.734000 0.550000 0.022000 0.022000
5 0.272500 0.925000 0.021000 0.006000
4 0.273000 0.932500 0.020000 0.007000
4 0.266500 0.949500 0.021000 0.007000
6 0.272000 0.959000 0.022000 0.006000
4 0.272750 0.967250 0.020000 0.008000
4 0.273500 0.976000 0.021000 0.008000
4 0.188500 0.947000 0.009000 0.018000
4 0.175250 0.945250 0.009000 0.018000
4 0.163500 0.946500 0.009000 0.019000
4 0.152000 0.946000 0.010000 0.018000
4 0.140750 0.946750 0.010000 0.017000
4 0.128000 0.947000 0.008000 0.016000
4 0.116000 0.947000 0.010000 0.016000
4 0.104000 0.948000 0.012000 0.018000
4 0.089500 0.950500 0.015000 0.021000
4 0.076250 0.953250 0.015000 0.020000
4 0.921500 0.864000 0.011000 0.016000
6 0.909750 0.865750 0.008000 0.019000
6 0.884250 0.864250 0.009000 0.018000
6 0.873500 0.864500 0.009000 0.017000
6 0.861500 0.865000 0.009000 0.018000
4 0.849500 0.864500 0.011000 0.017000
4 0.837750 0.864750 0.011000 0.016000
4 0.827500 0.863000 0.009000 0.016000
4 0.816250 0.862750 0.009000 0.017000
4 0.803000 0.863000 0.008000 0.016000
4 0.791250 0.862750 0.011000 0.019000
4 0.779500 0.863000 0.009000 0.016000
6 0.767000 0.863500 0.008000 0.017000
4 0.755250 0.863750 0.011000 0.017000
4 0.742750 0.864250 0.011000 0.014000
6 0.731000 0.865000 0.008000 0.012000
5 0.707500 0.862000 0.009000 0.016000
6 0.649000 0.861500 0.010000 0.019000
4 0.390000 0.880000 0.016000 0.018000
4 0.402000 0.877000 0.016000 0.020000
6 0.458000 0.860500 0.014000 0.019000
6 0.508500 0.863000 0.009000 0.016000
6 0.521500 0.863000 0.011000 0.018000
6 0.496000 0.862000 0.010000 0.018000
6 0.612000 0.860500 0.008000 0.017000
6 0.019500 0.562000 0.021000 0.018000
4 0.011000 0.634000 0.023000 0.020000
4 0.005750 0.642250 0.018000 0.016000
