4 3.459000 2.595000 0.022000 0.016000
5 3.855000 2.489000 0.023000 0.023000
4 3.943000 3.645000 0.013000 0.019000
4 3.646000 3.930000 0.017000 0.007000
6 3.651000 3.971000 0.017000 0.006000
6 3.656000 3.892000 0.024000 0.008000
4 3.668000 3.802000 0.022000 0.007000
4 3.671000 3.747000 0.023000 0.008000
4 3.676000 3.666000 0.020000 0.007000
6 3.973000 3.965000 0.011000 0.016000
6 3.964000 3.878000 0.014000 0.019000
6 3.948000 3.470000 0.012000 0.019000
4 3.898000 3.474000 0.013000 0.019000
6 2.806000 3.562000 0.019000 0.017000
4 2.919000 3.747000 0.021000 0.020000
4 2.886000 3.772000 0.019000 0.020000
4 2.855000 3.795000 0.019000 0.020000
6 2.783000 3.833000 0.016000 0.020000
4 2.704000 3.860000 0.014000 0.016000
6 2.661000 3.883000 0.018000 0.020000
4 2.625000 3.895000 0.016000 0.018000
4 2.587000 3.911000 0.019000 0.020000
4 2.548000 3.928000 0.018000 0.020000
4 2.504000 3.942000 0.016000 0.017000
4 2.463000 3.959000 0.016000 0.019000
4 2.428000 3.970000 0.015000 0.016000
6 2.561000 3.657000 0.015000 0.018000
6 2.527000 3.681000 0.016000 0.019000
4 2.485000 3.691000 0.018000 0.020000
4 2.677000 3.699000 0.016000 0.020000
4 2.639000 3.711000 0.017000 0.020000
4 2.604000 3.732000 0.016000 0.018000
4 2.568000 3.742000 0.016000 0.019000
6 2.522000 3.754000 0.015000 0.019000
6 2.490000 3.774000 0.017000 0.019000
6 2.443000 3.708000 0.016000 0.018000
6 2.368000 3.744000 0.016000 0.018000
5 2.329000 3.759000 0.019000 0.021000
6 2.408000 3.806000 0.018000 0.019000
4 2.371000 3.825000 0.017000 0.018000
6 2.282000 3.776000 0.017000 0.020000
4 2.246000 3.798000 0.017000 0.019000
6 2.208000 3.810000 0.018000 0.019000
12 2.094000 3.858000 0.017000 0.021000
6 2.059000 3.883000 0.016000 0.018000
6 2.292000 3.860000 0.016000 0.018000
6 2.212000 3.890000 0.016000 0.017000
6 2.133000 3.919000 0.016000 0.019000
4 2.098000 3.940000 0.015000 0.018000
6 2.051000 3.949000 0.016000 0.019000
6 1.960000 3.978000 0.016000 0.013000
6 1.892000 3.944000 0.016000 0.020000
4 1.656000 3.558000 0.016000 0.019000
6 0.688000 2.454000 0.050000 0.017000
4 0.908000 2.348000 0.016000 0.014000
6 0.995000 2.138000 0.016000 0.015000
5 0.908000 2.154000 0.016000 0.023000
6 0.861000 2.151000 0.013000 0.019000
4 0.814000 2.126000 0.015000 0.019000
4 0.775000 2.117000 0.012000 0.018000
4 0.731000 2.113000 0.014000 0.017000
4 0.684000 2.110000 0.014000 0.019000
11 0.636000 2.104000 0.014000 0.016000
6 0.602000 2.074000 0.015000 0.019000
4 0.510000 2.056000 0.015000 0.018000
4 0.462000 2.046000 0.015000 0.021000
4 0.489000 2.251000 0.014000 0.018000
4 0.533000 2.261000 0.013000 0.017000
4 0.587000 2.267000 0.015000 0.017000
6 0.630000 2.284000 0.013000 0.018000
4 0.672000 2.292000 0.014000 0.018000
4 0.710000 2.302000 0.015000 0.021000
6 0.756000 2.310000 0.014000 0.019000
4 0.648000 2.364000 0.014000 0.020000
4 0.600000 2.344000 0.014000 0.016000
6 0.553000 2.339000 0.014000 0.019000
6 0.508000 2.332000 0.014000 0.018000
6 0.463000 2.319000 0.015000 0.020000
6 0.424000 2.308000 0.014000 0.020000
6 0.501000 2.525000 0.012000 0.017000
4 0.460000 2.506000 0.016000 0.023000
6 0.412000 2.496000 0.014000 0.018000
6 0.326000 2.470000 0.015000 0.021000
6 0.282000 2.456000 0.013000 0.018000
4 0.239000 2.445000 0.015000 0.019000
4 0.184000 2.356000 0.022000 0.014000
4 0.206000 2.316000 0.019000 0.012000
4 0.218000 2.284000 0.021000 0.012000
6 0.235000 2.251000 0.021000 0.010000
6 0.254000 2.214000 0.021000 0.013000
6 0.260000 2.178000 0.020000 0.011000
6 0.266000 2.136000 0.021000 0.012000
6 0.306000 2.073000 0.029000 0.015000
5 1.003000 1.756000 0.020000 0.018000
4 0.676000 1.756000 0.024000 0.014000
4 0.562000 1.782000 0.023000 0.013000
4 0.463000 1.803000 0.023000 0.014000
3 1.847000 1.735000 0.013000 0.022000
6 1.680000 1.908000 0.022000 0.008000
4 1.680000 1.872000 0.022000 0.008000
6 1.686000 1.822000 0.023000 0.007000
4 1.690000 1.784000 0.019000 0.006000
4 1.682000 1.746000 0.025000 0.011000
6 1.692000 1.712000 0.018000 0.008000
6 1.432000 1.882000 0.020000 0.015000
4 1.401000 1.845000 0.020000 0.017000
4 1.384000 1.814000 0.020000 0.015000
4 1.357000 1.779000 0.023000 0.018000
6 1.324000 1.744000 0.022000 0.018000
4 1.286000 1.720000 0.021000 0.018000
4 1.650000 1.302000 0.013000 0.017000
4 1.697000 1.299000 0.014000 0.018000
4 1.743000 1.293000 0.012000 0.016000
4 1.787000 1.293000 0.012000 0.019000
6 1.836000 1.288000 0.014000 0.018000
6 1.881000 1.281000 0.011000 0.018000
6 1.925000 1.271000 0.014000 0.018000
4 1.969000 1.267000 0.014000 0.018000
6 2.016000 1.268000 0.010000 0.016000
4 2.062000 1.268000 0.011000 0.018000
6 2.112000 1.262000 0.012000 0.019000
6 2.153000 1.257000 0.013000 0.017000
4 2.204000 1.256000 0.012000 0.018000
6 2.190000 1.186000 0.011000 0.017000
4 2.143000 1.183000 0.011000 0.019000
4 2.103000 1.191000 0.012000 0.020000
4 2.056000 1.190000 0.012000 0.021000
4 2.013000 1.195000 0.014000 0.018000
4 1.961000 1.193000 0.011000 0.018000
4 1.919000 1.207000 0.010000 0.017000
6 1.875000 1.215000 0.010000 0.017000
4 1.820000 1.215000 0.012000 0.019000
6 1.782000 1.218000 0.015000 0.021000
6 1.735000 1.223000 0.012000 0.019000
6 1.691000 1.235000 0.014000 0.017000
6 1.643000 1.233000 0.013000 0.017000
4 1.598000 1.240000 0.013000 0.020000
12 2.023000 1.025000 0.015000 0.019000
4 2.070000 1.020000 0.013000 0.018000
4 2.116000 1.012000 0.012000 0.018000
4 2.162000 1.010000 0.011000 0.019000
6 2.211000 1.009000 0.013000 0.017000
4 2.261000 0.999000 0.010000 0.018000
4 2.317000 1.009000 0.011000 0.018000
6 2.371000 1.017000 0.015000 0.017000
6 2.425000 1.041000 0.016000 0.019000
6 2.449000 1.137000 0.018000 0.023000
6 2.458000 1.234000 0.015000 0.021000
6 2.522000 1.300000 0.021000 0.014000
6 2.410000 1.312000 0.021000 0.022000
4 2.264000 1.434000 0.014000 0.019000
6 2.213000 1.443000 0.013000 0.018000
6 2.117000 1.443000 0.013000 0.019000
6 2.068000 1.440000 0.012000 0.018000
4 2.026000 1.456000 0.013000 0.020000
4 1.982000 1.460000 0.013000 0.020000
4 1.935000 1.467000 0.013000 0.018000
4 1.888000 1.468000 0.012000 0.020000
4 1.847000 1.471000 0.011000 0.018000
4 1.798000 1.480000 0.013000 0.018000
6 1.753000 1.473000 0.011000 0.018000
4 1.701000 1.473000 0.013000 0.020000
4 1.662000 1.488000 0.013000 0.020000
4 1.620000 1.494000 0.010000 0.017000
4 1.570000 1.500000 0.015000 0.020000
4 1.524000 1.504000 0.012000 0.020000
4 1.308000 1.330000 0.020000 0.013000
4 1.289000 1.291000 0.022000 0.010000
5 1.283000 1.255000 0.026000 0.009000
4 1.272000 1.212000 0.022000 0.010000
4 1.272000 1.178000 0.018000 0.007000
4 1.272000 1.146000 0.018000 0.007000
6 1.937000 1.042000 0.013000 0.021000
4 1.884000 1.030000 0.012000 0.019000
4 1.841000 1.035000 0.011000 0.017000
4 1.795000 1.047000 0.012000 0.019000
4 1.748000 1.050000 0.012000 0.017000
5 1.697000 1.051000 0.010000 0.019000
6 1.660000 1.052000 0.012000 0.020000
6 1.615000 1.067000 0.013000 0.018000
4 1.562000 1.060000 0.013000 0.020000
6 1.514000 1.068000 0.011000 0.016000
6 1.392000 1.078000 0.012000 0.019000
6 1.339000 1.082000 0.012000 0.021000
6 1.199000 0.948000 0.019000 0.022000
5 0.530000 1.214000 0.023000 0.023000
6 0.375000 0.901000 0.024000 0.016000
4 1.396000 0.548000 0.008000 0.016000
4 0.706000 0.250000 0.015000 0.017000
4 0.486000 0.336000 0.021000 0.016000
4 0.411000 0.295000 0.022000 0.017000
6 1.270000 0.108000 0.011000 0.020000
5 1.394000 0.092000 0.017000 0.022000
6 1.538000 0.412000 0.023000 0.010000
6 1.143000 0.419000 0.013000 0.006000
6 0.996000 0.688000 0.020000 0.020000
6 1.393000 2.239000 0.020000 0.018000
6 1.711000 2.373000 0.023000 0.013000
12 1.077000 3.357000 0.019000 0.022000
4 1.177000 3.151000 0.024000 0.018000
4 1.118000 3.098000 0.009000 0.017000
4 1.196000 3.016000 0.022000 0.016000
4 1.316000 3.186000 0.016000 0.019000
4 1.370000 3.254000 0.019000 0.019000
4 0.142000 3.931000 0.015000 0.020000
6 1.192000 3.970000 0.017000 0.016000
6 1.360000 3.979000 0.016000 0.013000
4 1.402000 3.963000 0.017000 0.018000
6 1.437000 3.943000 0.015000 0.018000
6 1.480000 3.934000 0.018000 0.019000
4 1.522000 3.920000 0.017000 0.020000
4 1.562000 3.894000 0.019000 0.023000
4 1.593000 3.871000 0.016000 0.019000
4 1.634000 3.858000 0.017000 0.019000
4 1.711000 3.825000 0.017000 0.019000
6 1.753000 3.809000 0.016000 0.018000
4 1.797000 3.795000 0.018000 0.020000
6 1.834000 3.776000 0.019000 0.020000
4 1.874000 3.762000 0.019000 0.021000
4 1.911000 3.745000 0.018000 0.020000
4 1.237000 3.955000 0.018000 0.020000
4 1.275000 3.937000 0.016000 0.019000
6 1.325000 3.929000 0.016000 0.017000
4 1.363000 3.907000 0.016000 0.019000
4 1.395000 3.883000 0.016000 0.019000
6 1.434000 3.866000 0.017000 0.019000
4 1.514000 3.832000 0.017000 0.020000
4 1.552000 3.812000 0.018000 0.020000
4 1.591000 3.795000 0.016000 0.019000
4 1.631000 3.779000 0.018000 0.020000
4 1.670000 3.766000 0.017000 0.021000
4 1.714000 3.752000 0.015000 0.018000
6 1.751000 3.733000 0.016000 0.018000
4 1.788000 3.714000 0.016000 0.019000
4 1.826000 3.698000 0.017000 0.019000
4 1.871000 3.687000 0.017000 0.018000
4 1.912000 3.670000 0.016000 0.019000
4 1.982000 3.631000 0.019000 0.020000
6 2.028000 3.617000 0.016000 0.018000
6 2.074000 3.606000 0.017000 0.021000
6 2.111000 3.587000 0.016000 0.019000
4 2.146000 3.567000 0.017000 0.020000
4 2.192000 3.554000 0.018000 0.021000
4 2.026000 3.697000 0.019000 0.020000
6 2.067000 3.679000 0.017000 0.018000
4 2.117000 3.671000 0.019000 0.021000
4 2.236000 3.624000 0.016000 0.020000
4 2.279000 3.597000 0.017000 0.019000
4 2.240000 3.532000 0.016000 0.020000
6 0.993000 3.805000 0.016000 0.019000
6 1.034000 3.786000 0.019000 0.021000
4 1.072000 3.766000 0.018000 0.021000
4 1.113000 3.745000 0.017000 0.020000
6 1.158000 3.736000 0.017000 0.020000
4 1.206000 3.726000 0.017000 0.019000
4 1.322000 3.688000 0.015000 0.020000
6 1.374000 3.730000 0.021000 0.017000
6 1.358000 3.672000 0.015000 0.018000
4 1.408000 3.656000 0.018000 0.022000
4 1.444000 3.634000 0.016000 0.019000
4 1.477000 3.614000 0.018000 0.021000
4 1.566000 3.592000 0.019000 0.022000
4 1.732000 3.518000 0.016000 0.019000
4 1.868000 3.478000 0.016000 0.019000
4 1.909000 3.465000 0.016000 0.019000
4 1.941000 3.443000 0.014000 0.017000
4 1.987000 3.421000 0.016000 0.018000
4 2.036000 3.414000 0.018000 0.021000
4 2.073000 3.389000 0.016000 0.018000
4 2.117000 3.381000 0.017000 0.020000
4 2.153000 3.359000 0.015000 0.018000
6 0.964000 3.146000 0.012000 0.015000
6 1.055000 2.092000 0.022000 0.020000
4 0.019000 3.862000 0.014000 0.019000
