4 0.961000 0.870500 0.018000 0.021000
6 0.920500 0.768500 0.019000 0.011000
6 0.922250 0.781250 0.016000 0.019000
6 0.674000 0.784000 0.016000 0.020000
4 0.637000 0.797500 0.016000 0.019000
4 0.626000 0.799500 0.014000 0.019000
4 0.616500 0.803500 0.015000 0.019000
4 0.459750 0.866250 0.022000 0.018000
4 0.242000 0.913500 0.022000 0.015000
6 0.195500 0.947250 0.019000 0.016000
6 0.192000 0.936000 0.022000 0.020000
4 0.566750 0.939250 0.022000 0.014000
4 0.794250 0.985250 0.026000 0.017000
4 0.873500 0.027000 0.011000 0.018000
4 0.877750 0.128750 0.013000 0.019000
4 0.859000 0.196000 0.010000 0.018000
4 0.879000 0.192500 0.010000 0.021000
6 0.919000 0.258250 0.022000 0.011000
4 0.888750 0.300250 0.013000 0.019000
4 0.869000 0.309000 0.014000 0.018000
6 0.901000 0.352500 0.016000 0.019000
4 0.908500 0.369250 0.017000 0.020000
6 0.879500 0.384000 0.015000 0.020000
4 0.912250 0.408750 0.018000 0.020000
4 0.969500 0.442000 0.023000 0.012000
6 0.946250 0.470250 0.017000 0.021000
4 0.976500 0.519500 0.017000 0.021000
4 0.946250 0.565250 0.023000 0.014000
4 0.925000 0.581000 0.022000 0.014000
4 0.903000 0.577000 0.016000 0.012000
6 0.897250 0.588750 0.020000 0.013000
6 0.817250 0.611250 0.019000 0.012000
4 0.735750 0.632750 0.024000 0.016000
4 0.590750 0.672750 0.022000 0.014000
4 0.638250 0.588250 0.016000 0.020000
4 0.623000 0.591000 0.016000 0.022000
6 0.608000 0.597000 0.016000 0.020000
6 0.812250 0.477250 0.022000 0.016000
4 0.787500 0.484500 0.023000 0.013000
4 0.700000 0.510000 0.028000 0.018000
4 0.668250 0.516750 0.023000 0.016000
6 0.641000 0.525000 0.022000 0.014000
6 0.526750 0.557250 0.023000 0.013000
6 0.471750 0.570750 0.023000 0.014000
6 0.442750 0.579250 0.023000 0.013000
6 0.395000 0.609000 0.026000 0.018000
4 0.352000 0.620500 0.024000 0.015000
4 0.359500 0.632500 0.021000 0.013000
4 0.389250 0.625250 0.023000 0.016000
4 0.425750 0.613250 0.025000 0.016000
4 0.361500 0.643750 0.025000 0.014000
3 0.302000 0.650500 0.034000 0.043000
4 0.229000 0.760500 0.026000 0.017000
4 0.191000 0.769500 0.022000 0.015000
4 0.089250 0.735250 0.020000 0.023000
4 0.073250 0.737250 0.016000 0.024000
6 0.057750 0.744750 0.015000 0.021000
4 0.043750 0.749250 0.015000 0.020000
4 0.027750 0.752750 0.018000 0.021000
4 0.011750 0.757750 0.018000 0.020000
6 0.556750 0.422250 0.021000 0.015000
4 0.614000 0.406500 0.020000 0.013000
6 0.614250 0.416250 0.021000 0.014000
4 0.625250 0.430750 0.020000 0.013000
4 0.632250 0.448250 0.020000 0.014000
4 0.644250 0.471750 0.020000 0.011000
4 0.651250 0.490000 0.022000 0.014000
4 0.371500 0.414250 0.023000 0.013000
4 0.327500 0.427000 0.023000 0.016000
6 0.294000 0.432500 0.020000 0.013000
6 0.318750 0.408750 0.019000 0.013000
4 0.314500 0.399500 0.021000 0.013000
4 0.270000 0.390000 0.022000 0.012000
4 0.041250 0.530250 0.020000 0.021000
4 0.060250 0.526250 0.017000 0.019000
4 0.088750 0.559250 0.015000 0.019000
4 0.109250 0.512750 0.018000 0.020000
4 0.193250 0.490250 0.013000 0.018000
6 0.037250 0.011250 0.026000 0.015000
4 0.591250 0.597750 0.014000 0.016000
