6 0.332000 0.972000 0.010000 0.016000
6 0.334000 0.546000 0.011000 0.017000
6 0.325000 0.379000 0.012000 0.016000
4 0.328000 0.194000 0.008000 0.013000
6 0.326000 0.124000 0.009000 0.016000
6 0.323000 0.036000 0.012000 0.018000
6 1.340000 1.168000 0.012000 0.016000
4 1.516000 1.166000 0.010000 0.017000
4 1.571000 1.161000 0.010000 0.018000
5 1.624000 1.176000 0.010000 0.020000
4 1.666000 1.152000 0.011000 0.020000
6 1.562000 1.448000 0.009000 0.014000
6 2.759000 2.165000 0.013000 0.021000
6 2.584000 3.362000 0.028000 0.011000
4 1.662000 3.348000 0.009000 0.010000
4 1.254000 2.702000 0.023000 0.009000
6 1.370000 2.708000 0.021000 0.008000
4 1.475000 2.701000 0.024000 0.010000
4 1.589000 2.701000 0.024000 0.009000
6 1.708000 2.708000 0.020000 0.006000
6 1.834000 2.706000 0.021000 0.009000
