6 0.334000 0.802000 0.019000 0.017278
6 0.092000 0.898000 0.018665 0.007000
6 0.309969 3.098247 0.010985 0.017123
4 0.492000 3.098000 0.008000 0.017000
6 0.632000 3.106000 0.008000 0.015000
6 0.688000 3.112000 0.008000 0.016000
6 0.736000 3.114000 0.008000 0.017000
6 0.788000 3.338000 0.008000 0.015000
6 0.894000 3.340000 0.009000 0.018000
6 0.962000 3.344000 0.009000 0.014000
6 1.019945 3.345003 0.010028 0.018502
4 0.922201 3.528860 0.011101 0.018430
4 0.876000 3.536000 0.012094 0.020000
6 0.818000 3.526000 0.011020 0.021000
6 0.766000 3.530000 0.009049 0.019000
6 0.722000 3.530000 0.009000 0.015000
6 0.658000 3.484000 0.009059 0.014000
6 0.614878 3.486097 0.010561 0.015049
6 0.566000 3.476000 0.009000 0.016000
6 0.513929 3.479062 0.008965 0.015531
6 0.460062 3.507055 0.009969 0.017528
6 0.412000 3.500000 0.008000 0.018000
32 2.876000 2.898000 0.118052 0.091000
