6 0.191000 0.036000 0.010000 0.022000
4 0.844500 0.108500 0.021000 0.007000
4 0.248500 0.907500 0.021000 0.009000
4 0.128250 0.983250 0.017000 0.020000
4 0.114500 0.961000 0.019000 0.022000
4 0.102500 0.943000 0.019000 0.022000
4 0.059000 0.918500 0.020000 0.009000
4 0.214500 0.579000 0.021000 0.010000
4 0.014500 0.549000 0.019000 0.010000
4 0.115500 0.548000 0.019000 0.008000
5 0.145250 0.547250 0.022000 0.010000
6 0.175000 0.506500 0.012000 0.021000
4 0.036000 0.419500 0.010000 0.015000
4 0.026500 0.422500 0.009000 0.015000
4 0.111500 0.230500 0.021000 0.009000
4 0.131000 0.246500 0.018000 0.007000
4 0.031750 0.245250 0.024000 0.012000
4 0.119500 0.172500 0.013000 0.021000
4 0.306000 0.119500 0.010000 0.021000
4 0.347500 0.320750 0.013000 0.019000
4 0.307000 0.359500 0.010000 0.019000
4 0.335500 0.409500 0.017000 0.021000
6 0.356250 0.393250 0.012000 0.016000
4 0.363750 0.416750 0.015000 0.020000
6 0.373000 0.438500 0.014000 0.019000
6 0.381250 0.458750 0.017000 0.020000
4 0.395250 0.480750 0.018000 0.021000
4 0.549250 0.756250 0.022000 0.015000
4 0.442000 0.767000 0.012000 0.016000
3 0.575000 0.896000 0.048000 0.012000
4 0.672500 0.773500 0.013000 0.019000
4 0.573000 0.247500 0.022000 0.011000
4 0.572000 0.236500 0.020000 0.009000
4 0.572000 0.226500 0.018000 0.009000
4 0.571000 0.215000 0.018000 0.008000
4 0.571500 0.188000 0.019000 0.010000
6 0.571750 0.148250 0.020000 0.012000
9 0.470250 0.906750 0.081000 0.063000
4 0.925750 0.920250 0.020000 0.010000
4 0.909000 0.909500 0.020000 0.009000
6 0.964000 0.754000 0.010000 0.016000
4 0.977500 0.755500 0.011000 0.017000
4 0.850750 0.745250 0.024000 0.014000
4 0.964000 0.108500 0.022000 0.009000
4 0.935500 0.109500 0.025000 0.009000
4 0.899500 0.108000 0.023000 0.008000
4 0.989250 0.159250 0.019000 0.022000
4 0.986000 0.206000 0.018000 0.022000
6 0.971500 0.206000 0.017000 0.020000
4 0.954500 0.202500 0.021000 0.023000
4 0.940750 0.201250 0.021000 0.022000
4 0.928500 0.204000 0.019000 0.020000
4 0.915500 0.203500 0.019000 0.023000
6 0.977500 0.158750 0.019000 0.020000
6 0.964250 0.158750 0.021000 0.024000
4 0.961250 0.142750 0.018000 0.021000
4 0.949750 0.159250 0.020000 0.022000
6 0.948750 0.141750 0.018000 0.021000
4 0.934250 0.140250 0.020000 0.021000
4 0.922000 0.158000 0.020000 0.022000
4 0.935750 0.156750 0.017000 0.018000
4 0.918500 0.141000 0.019000 0.022000
6 0.908000 0.139500 0.020000 0.023000
4 0.892500 0.158000 0.019000 0.020000
4 0.893750 0.141750 0.019000 0.020000
4 0.879750 0.157750 0.018000 0.021000
4 0.879000 0.142000 0.018000 0.020000
4 0.866750 0.157750 0.018000 0.020000
4 0.866000 0.141500 0.018000 0.021000
4 0.850500 0.157500 0.019000 0.021000
