6 0.342750 0.470250 0.028000 0.015000
6 0.414000 0.484000 0.026000 0.014000
6 0.415750 0.491750 0.024000 0.011000
6 0.359500 0.506500 0.025000 0.013000
6 0.363000 0.516000 0.026000 0.016000
6 0.371250 0.530750 0.026000 0.014000
6 0.374000 0.541500 0.026000 0.013000
6 0.378750 0.560250 0.026000 0.014000
6 0.384500 0.569000 0.027000 0.014000
6 0.446500 0.562000 0.035000 0.016000
5 0.470000 0.519000 0.030000 0.016000
6 0.478750 0.555250 0.021000 0.013000
6 0.512000 0.461500 0.018000 0.011000
6 0.412000 0.682000 0.020000 0.008000
4 0.411000 0.693500 0.022000 0.007000
6 0.410000 0.713000 0.020000 0.008000
6 0.409500 0.722500 0.021000 0.007000
6 0.384000 0.768500 0.010000 0.017000
5 0.402250 0.807250 0.019000 0.010000
5 0.403000 0.815500 0.020000 0.009000
5 0.403250 0.822250 0.019000 0.009000
6 0.405750 0.830750 0.015000 0.007000
4 0.413750 0.852750 0.014000 0.011000
3 0.567750 0.858750 0.015000 0.026000
6 0.604250 0.870750 0.022000 0.008000
6 0.604750 0.884250 0.028000 0.011000
6 0.608250 0.895250 0.025000 0.010000
6 0.610500 0.906000 0.025000 0.008000
6 0.610000 0.927000 0.022000 0.010000
6 0.604500 0.948500 0.021000 0.007000
6 0.599500 0.964500 0.023000 0.009000
5 0.592750 0.986250 0.027000 0.009000
6 0.743500 0.386500 0.017000 0.025000
6 0.823750 0.374250 0.014000 0.024000
6 0.834500 0.370000 0.013000 0.020000
6 0.847250 0.370250 0.013000 0.020000
5 0.867750 0.366750 0.014000 0.023000
6 0.749500 0.339500 0.013000 0.017000
6 0.740000 0.316500 0.010000 0.011000
5 0.759250 0.162750 0.013000 0.023000
6 0.773500 0.159500 0.011000 0.019000
4 0.874000 0.252500 0.022000 0.025000
3 0.888750 0.273250 0.020000 0.023000
30 0.820250 0.234250 0.028000 0.035000
3 0.923500 0.366500 0.021000 0.039000
21 0.908500 0.759250 0.200000 0.395000
6 0.554000 0.932500 0.010000 0.025000
