9 0.788000 0.002000 0.002000 0.001000
8 2.927000 3.878000 0.147000 0.157000
3 2.355000 2.889000 0.031000 0.043000
3 2.145000 2.637000 0.022000 0.029000
3 2.867000 3.557000 0.026000 0.036000
3 2.244000 2.360000 0.026000 0.034000
3 1.987000 2.287000 0.015000 0.018000
3 1.417000 1.091000 0.023000 0.031000
3 1.581000 1.085000 0.013000 0.015000
3 1.209000 0.693000 0.021000 0.028000
3 1.126000 0.536000 0.025000 0.034000
4 1.070000 0.412000 0.015000 0.018000
4 0.902000 0.054000 0.015000 0.019000
3 0.954000 0.162000 0.023000 0.031000
5 1.018000 0.301000 0.023000 0.029000
4 3.900000 1.432000 0.022000 0.014000
4 3.884000 1.402000 0.018000 0.013000
6 3.877000 1.371000 0.020000 0.012000
5 3.736000 1.140000 0.020000 0.012000
11 3.973000 0.737000 0.011000 0.008000
6 3.897000 0.761000 0.015000 0.011000
6 3.801000 0.797000 0.021000 0.014000
6 3.642000 0.852000 0.017000 0.012000
6 3.355000 0.949000 0.016000 0.011000
6 3.275000 0.975000 0.019000 0.012000
3 2.891000 1.123000 0.047000 0.025000
3 2.646000 1.206000 0.039000 0.023000
5 2.394000 1.278000 0.035000 0.031000
6 2.289000 1.273000 0.021000 0.014000
6 2.271000 1.235000 0.017000 0.012000
6 2.241000 1.213000 0.020000 0.012000
6 2.255000 1.341000 0.017000 0.012000
6 2.041000 1.263000 0.019000 0.019000
6 1.989000 1.603000 0.016000 0.016000
3 3.245000 0.737000 0.032000 0.020000
3 3.225000 0.699000 0.030000 0.018000
6 3.187000 0.641000 0.018000 0.012000
3 3.522000 0.070000 0.049000 0.027000
5 2.371000 0.103000 0.031000 0.019000
11 2.323000 0.083000 0.017000 0.011000
6 2.311000 0.053000 0.018000 0.012000
5 2.553000 0.432000 0.036000 0.020000
3 2.232000 0.430000 0.048000 0.025000
6 1.658000 0.512000 0.013000 0.016000
11 1.399000 0.261000 0.017000 0.011000
3 2.813000 1.053000 0.032000 0.019000
6 3.888000 0.494000 0.012000 0.015000
3 3.729000 0.349000 0.015000 0.021000
3 3.673000 0.671000 0.015000 0.021000
3 3.600000 0.702000 0.016000 0.021000
3 3.558000 0.710000 0.015000 0.021000
3 3.425000 0.459000 0.018000 0.022000
3 3.474000 0.736000 0.017000 0.022000
3 3.387000 0.477000 0.017000 0.020000
6 3.925000 0.299000 0.010000 0.013000
6 3.888000 0.224000 0.012000 0.016000
6 3.866000 0.244000 0.013000 0.018000
4 3.198000 0.586000 0.013000 0.017000
6 3.064000 0.334000 0.014000 0.017000
6 3.025000 0.341000 0.011000 0.014000
6 2.990000 0.354000 0.011000 0.013000
6 2.957000 0.367000 0.013000 0.017000
6 2.924000 0.380000 0.010000 0.014000
6 2.888000 0.390000 0.012000 0.015000
6 2.887000 0.471000 0.013000 0.016000
6 2.990000 0.430000 0.013000 0.017000
6 3.020000 0.414000 0.012000 0.017000
6 3.095000 0.399000 0.014000 0.019000
6 2.677000 0.533000 0.013000 0.015000
6 2.643000 0.472000 0.010000 0.014000
6 2.709000 0.451000 0.012000 0.015000
6 2.783000 0.429000 0.012000 0.015000
11 2.579000 0.509000 0.018000 0.024000
3 3.699000 0.553000 0.016000 0.023000
3 3.658000 0.570000 0.017000 0.023000
3 3.549000 0.612000 0.018000 0.024000
3 3.510000 0.622000 0.015000 0.021000
3 3.434000 0.652000 0.017000 0.022000
4 3.124000 0.612000 0.014000 0.018000
6 3.088000 0.626000 0.014000 0.019000
4 3.045000 0.643000 0.014000 0.019000
6 3.055000 0.563000 0.013000 0.016000
6 2.854000 0.702000 0.011000 0.013000
6 2.819000 0.633000 0.010000 0.013000
6 2.779000 0.639000 0.014000 0.019000
6 2.813000 0.711000 0.012000 0.015000
6 2.775000 0.728000 0.010000 0.014000
6 2.744000 0.742000 0.012000 0.015000
6 2.660000 0.688000 0.010000 0.012000
6 1.444000 0.322000 0.014000 0.019000
11 1.401000 0.323000 0.011000 0.016000
11 1.433000 0.391000 0.011000 0.015000
5 1.379000 0.375000 0.020000 0.026000
11 1.342000 0.296000 0.011000 0.014000
11 1.472000 0.386000 0.010000 0.011000
5 1.218000 0.178000 0.013000 0.017000
4 1.630000 0.674000 0.019000 0.007000
6 1.626000 0.704000 0.017000 0.006000
6 1.619000 0.731000 0.021000 0.008000
6 1.613000 0.765000 0.016000 0.007000
4 1.615000 0.799000 0.019000 0.008000
6 1.810000 0.768000 0.021000 0.006000
6 1.823000 0.859000 0.018000 0.008000
6 1.815000 0.831000 0.018000 0.009000
6 1.777000 0.913000 0.017000 0.008000
6 1.787000 0.973000 0.020000 0.010000
6 1.799000 1.079000 0.019000 0.010000
6 1.886000 1.062000 0.019000 0.009000
6 1.779000 1.039000 0.020000 0.009000
6 1.871000 0.925000 0.020000 0.010000
6 1.891000 0.993000 0.020000 0.008000
6 1.882000 1.026000 0.019000 0.009000
6 1.795000 1.012000 0.021000 0.010000
6 1.896000 0.963000 0.020000 0.006000
6 1.789000 0.947000 0.020000 0.008000
4 2.682000 2.250000 0.019000 0.011000
11 2.674000 2.212000 0.015000 0.010000
6 2.650000 2.188000 0.017000 0.010000
6 2.622000 2.123000 0.017000 0.011000
6 2.605000 2.093000 0.019000 0.011000
6 2.594000 2.060000 0.017000 0.012000
6 2.576000 2.030000 0.014000 0.009000
4 2.552000 2.008000 0.016000 0.010000
4 2.531000 1.971000 0.018000 0.014000
4 2.516000 1.940000 0.020000 0.012000
6 2.506000 1.902000 0.021000 0.013000
6 2.492000 1.872000 0.016000 0.010000
6 2.475000 1.845000 0.018000 0.012000
6 1.285000 3.435000 0.016000 0.011000
6 1.257000 3.371000 0.016000 0.010000
6 1.220000 3.310000 0.016000 0.009000
6 1.207000 3.277000 0.015000 0.008000
6 1.151000 3.175000 0.014000 0.009000
6 1.137000 3.143000 0.015000 0.009000
6 1.103000 3.077000 0.014000 0.010000
6 1.068000 3.018000 0.014000 0.009000
6 1.049000 2.987000 0.015000 0.011000
6 1.018000 2.928000 0.017000 0.010000
6 1.006000 2.898000 0.015000 0.009000
6 0.972000 2.838000 0.014000 0.009000
6 0.837000 2.571000 0.015000 0.009000
6 0.811000 2.511000 0.014000 0.009000
4 0.773000 2.449000 0.016000 0.009000
6 0.541000 2.001000 0.019000 0.011000
6 0.526000 1.970000 0.019000 0.011000
6 0.508000 1.939000 0.018000 0.012000
6 0.498000 1.908000 0.017000 0.010000
6 0.107000 2.824000 0.019000 0.012000
6 0.096000 2.742000 0.016000 0.011000
6 0.078000 2.712000 0.013000 0.008000
11 0.337000 3.345000 0.027000 0.015000
3 0.172000 3.400000 0.034000 0.016000
3 0.315000 3.263000 0.025000 0.014000
3 0.266000 3.187000 0.025000 0.014000
3 0.229000 3.103000 0.027000 0.015000
6 0.565000 0.281000 0.019000 0.012000
6 0.475000 0.304000 0.020000 0.010000
6 0.657000 0.253000 0.020000 0.011000
4 0.740000 0.228000 0.018000 0.010000
4 0.095000 0.411000 0.020000 0.012000
6 0.083000 0.381000 0.018000 0.012000
6 1.869000 3.563000 0.013000 0.017000
6 1.724000 3.616000 0.014000 0.016000
6 2.383000 3.633000 0.014000 0.017000
6 1.378000 3.204000 0.015000 0.010000
6 1.392000 3.236000 0.014000 0.010000
6 1.360000 3.178000 0.014000 0.009000
6 1.340000 3.148000 0.016000 0.010000
6 1.323000 3.111000 0.015000 0.011000
6 1.295000 3.053000 0.015000 0.009000
6 1.132000 2.740000 0.016000 0.010000
6 1.113000 2.709000 0.015000 0.010000
6 0.968000 2.416000 0.016000 0.010000
6 0.918000 2.326000 0.015000 0.011000
6 0.705000 1.907000 0.018000 0.012000
6 0.617000 3.797000 0.019000 0.014000
6 0.114000 0.440000 0.017000 0.010000
6 0.633000 0.295000 0.026000 0.015000
11 0.737000 0.267000 0.019000 0.012000
4 0.030000 1.704000 0.013000 0.016000
6 0.063000 1.691000 0.011000 0.015000
6 0.104000 1.678000 0.012000 0.015000
4 0.141000 1.664000 0.012000 0.014000
6 0.181000 1.651000 0.013000 0.016000
6 0.090000 1.450000 0.013000 0.017000
4 0.236000 1.632000 0.012000 0.016000
6 0.274000 1.618000 0.013000 0.017000
4 0.309000 1.607000 0.013000 0.017000
6 0.347000 1.594000 0.011000 0.015000
6 0.386000 1.578000 0.015000 0.017000
6 0.426000 1.566000 0.013000 0.017000
6 0.459000 1.551000 0.011000 0.014000
6 0.502000 1.542000 0.013000 0.017000
6 0.360000 1.354000 0.012000 0.015000
6 0.433000 1.330000 0.015000 0.017000
6 0.589000 1.503000 0.010000 0.013000
6 0.630000 1.488000 0.011000 0.014000
6 0.705000 1.465000 0.012000 0.015000
6 0.748000 1.454000 0.012000 0.015000
6 0.583000 1.275000 0.012000 0.015000
6 0.622000 1.264000 0.013000 0.018000
6 0.856000 1.412000 0.012000 0.014000
6 0.715000 1.233000 0.014000 0.018000
6 0.755000 1.215000 0.013000 0.016000
6 0.410000 1.728000 0.011000 0.014000
6 0.372000 1.746000 0.012000 0.013000
6 0.299000 1.770000 0.012000 0.015000
6 0.212000 1.798000 0.012000 0.013000
6 0.388000 1.500000 0.012000 0.016000
6 0.277000 1.542000 0.012000 0.015000
6 0.240000 1.558000 0.012000 0.015000
4 0.202000 1.572000 0.013000 0.018000
6 0.150000 1.587000 0.015000 0.019000
6 0.112000 1.602000 0.012000 0.017000
6 0.071000 1.615000 0.012000 0.016000
4 0.035000 1.631000 0.012000 0.015000
6 0.510000 1.462000 0.013000 0.017000
4 0.788000 1.364000 0.012000 0.016000
6 0.910000 1.552000 0.011000 0.014000
6 0.904000 1.150000 0.016000 0.009000
6 1.008000 1.354000 0.020000 0.013000
6 1.025000 1.381000 0.016000 0.011000
6 1.080000 1.492000 0.018000 0.012000
6 1.113000 1.555000 0.015000 0.011000
11 2.808000 2.868000 0.012000 0.010000
11 2.954000 2.892000 0.015000 0.012000
6 3.732000 2.274000 0.016000 0.011000
7 3.546000 3.588000 0.027000 0.036000
7 3.471000 3.743000 0.046000 0.029000
7 3.326000 3.794000 0.031000 0.017000
6 0.033000 0.470000 0.017000 0.011000
7 3.627000 3.582000 0.020000 0.037000
