32 2.669000 1.735000 0.153000 0.122000
5 2.218000 1.522000 0.019000 0.007000
4 1.968000 1.572000 0.016000 0.008000
32 2.536000 2.478000 0.148000 0.119000
32 2.095000 1.065000 0.147000 0.105000
32 3.003000 0.383000 0.130000 0.103000
32 1.446000 0.169000 0.129000 0.085000
21 3.739000 0.883000 0.131000 0.188000
21 3.735000 0.218000 0.132000 0.109000
6 3.041000 3.393000 0.019000 0.020000
4 3.707000 3.147000 0.023000 0.024000
4 3.075000 3.845000 0.023000 0.019000
4 2.001000 2.793000 0.025000 0.019000
4 1.958000 2.870000 0.023000 0.017000
4 2.288000 1.724000 0.008000 0.010000
6 1.968000 1.686000 0.020000 0.007000
6 1.952000 1.872000 0.022000 0.008000
4 0.842000 2.944000 0.017000 0.012000
4 1.264000 2.128000 0.012000 0.006000
4 1.274000 2.042000 0.013000 0.007000
6 1.494000 1.956000 0.023000 0.010000
6 1.485000 1.991000 0.023000 0.011000
6 1.788000 2.194000 0.020000 0.009000
5 1.648000 2.846000 0.024000 0.015000
4 1.564000 2.977000 0.022000 0.013000
4 1.517000 2.877000 0.021000 0.014000
4 1.409000 3.049000 0.023000 0.016000
6 1.304000 3.078000 0.012000 0.019000
4 1.213000 2.939000 0.022000 0.015000
4 1.191000 2.977000 0.022000 0.016000
4 1.155000 3.055000 0.023000 0.014000
6 1.149000 2.889000 0.020000 0.013000
4 1.112000 2.914000 0.022000 0.017000
4 1.094000 2.986000 0.019000 0.015000
4 1.067000 3.019000 0.023000 0.016000
4 0.100000 0.386000 0.018000 0.029000
4 0.142000 3.106000 0.017000 0.023000
4 0.083000 3.059000 0.016000 0.020000
4 0.327000 2.715000 0.019000 0.022000
4 0.371000 2.585000 0.015000 0.019000
4 0.312000 2.534000 0.016000 0.021000
4 0.487000 2.241000 0.016000 0.024000
4 0.412000 2.218000 0.018000 0.029000
4 0.554000 1.842000 0.013000 0.023000
4 0.479000 1.853000 0.014000 0.024000
4 0.496000 1.630000 0.010000 0.019000
4 0.575000 1.381000 0.011000 0.019000
4 0.476000 1.104000 0.010000 0.020000
5 0.503000 0.845000 0.015000 0.023000
4 0.413000 0.791000 0.014000 0.021000
4 0.371000 0.373000 0.014000 0.020000
4 0.279000 0.305000 0.016000 0.023000
6 1.439000 2.981000 0.027000 0.015000
4 1.268000 2.874000 0.022000 0.015000
4 1.178000 3.014000 0.021000 0.015000
6 1.807000 2.081000 0.021000 0.009000
