18 1.318000 1.832667 0.062667 0.038000
2 0.769333 1.324667 0.036000 0.059333
2 0.572000 0.880667 0.029333 0.050000
2 3.676667 0.123333 0.151333 0.086000
2 0.422667 1.112000 0.036000 0.059333
2 0.472000 1.126667 0.030000 0.048667
2 0.529333 0.862667 0.030000 0.050000
2 0.620000 0.897333 0.030667 0.052000
2 0.712000 1.305333 0.036000 0.059333
2 0.824000 1.108667 0.025333 0.044000
2 0.866667 1.114667 0.028667 0.048667
28 0.989333 1.701333 0.046000 0.026667
28 1.016667 1.676000 0.047333 0.025333
28 1.033333 1.646000 0.045333 0.026000
28 0.950000 1.524667 0.026667 0.045333
28 0.915333 1.512000 0.024000 0.043333
28 0.884667 1.500000 0.025333 0.044000
28 1.026000 1.305333 0.040000 0.068667
28 0.980667 1.286667 0.032000 0.052667
18 1.342667 1.258667 0.056667 0.033333
28 1.137333 1.155333 0.043333 0.024667
18 1.356667 1.077333 0.058667 0.036000
28 1.637333 1.922000 0.045333 0.027333
28 1.625333 1.952000 0.044000 0.027333
28 1.618667 1.984000 0.036000 0.022667
28 1.772667 1.987333 0.018000 0.033333
28 1.794667 1.997333 0.015333 0.028667
28 1.906667 1.667333 0.020000 0.038000
28 1.928000 1.691333 0.019333 0.033333
23 2.282000 1.396000 0.037333 0.044000
23 2.312667 1.423333 0.047333 0.054667
23 2.184667 1.597333 0.030667 0.034000
23 2.174000 1.556000 0.019333 0.020667
23 2.390000 1.536667 0.050000 0.056000
23 2.346000 1.515333 0.048667 0.054667
28 2.546000 1.759333 0.044667 0.026000
0 3.429333 1.972000 0.092000 0.053333
28 3.616667 2.186667 0.037333 0.042667
28 3.894000 2.382667 0.016667 0.034667
28 3.936000 2.309333 0.006000 0.016667
9 0.044000 1.848000 0.022000 0.022667
9 0.556667 2.080000 0.022000 0.022667
